,Key_issue,Pillar,Doc_word,Count,Similarity,Embedding
0,Carbon Emissions,Environment,emissions,2,0.867,"[ 1.68955065e-02  9.36585739e-02  7.92850479e-02  5.87679483e-02
  9.59585458e-02 -2.11120453e-02  1.03124231e-01 -9.04076546e-03
  8.36734101e-03  1.42491963e-02  3.71764321e-03 -6.95867911e-02
 -3.58618982e-02  2.06573494e-02  5.56268933e-05  4.00823615e-02
 -1.85057744e-02  2.34444160e-02 -7.75493085e-02 -5.21299280e-02
 -9.46655218e-03  4.97749262e-02 -9.04355384e-03  7.09303655e-03
 -1.86955724e-02  2.26828679e-02 -6.84679300e-02  3.14821042e-02
  4.08764780e-02 -4.44138832e-02  1.97886545e-02  2.14567240e-02
 -6.44464120e-02 -1.03730345e-04 -2.22288445e-03 -5.79683557e-02
  3.16489041e-02  3.43721770e-02 -2.84770736e-03 -9.81333572e-03
 -7.09313899e-02 -1.39297441e-01  2.83838157e-03 -7.16264248e-02
 -7.14841336e-02 -4.24277969e-03  5.04886881e-02 -5.25026508e-02
  1.42580131e-02 -7.90788531e-02  9.19329971e-02 -3.21160369e-02
 -7.57488385e-02 -1.13881761e-02  5.01472801e-02 -1.04409747e-01
  1.28818927e-02 -1.44954147e-02 -1.64189041e-02 -4.13138606e-02
  3.77394035e-02 -1.07944809e-01 -6.36491179e-02  8.87315813e-03
  8.60026479e-02  3.08571514e-02 -2.21264223e-03  1.18236654e-02
 -2.66484842e-02  4.52702589e-05 -4.68132261e-04 -5.38278930e-02
 -6.41406104e-02 -1.12312563e-01  9.17597394e-03 -4.02649418e-02
  8.24032817e-03  4.55933176e-02  1.24848716e-01 -5.01362346e-02
  5.13853617e-02  5.30596031e-03 -9.72677097e-02  1.25556430e-02
  8.75397325e-02  3.46321985e-03  7.73293315e-04 -4.42692786e-02
 -7.02242479e-02  3.89840938e-02 -5.56134991e-02 -2.84873080e-02
  1.61209628e-01  2.33280081e-02 -5.10408394e-02  5.07287495e-02
  8.83493721e-02  5.06951986e-03  7.52978027e-02  9.80228260e-02
 -5.11002773e-03  8.50361064e-02 -1.13648191e-01 -1.31362006e-02
 -1.06480390e-01 -2.03642529e-03 -1.39648682e-02  5.01670018e-02
  1.57648139e-02 -2.83980276e-02 -2.52152942e-02 -2.27715541e-02
 -4.13170345e-02 -2.99845599e-02  1.86950788e-02 -1.59726609e-02
  7.98784047e-02  1.46587018e-03 -4.97281663e-02 -7.54753640e-03
 -5.78167848e-02 -6.22134143e-03 -7.48370681e-03  4.51362096e-02
  4.25361842e-02 -1.05911195e-01  4.11083624e-02 -4.03622920e-33
 -8.01580176e-02 -8.82249605e-03  2.58626807e-02  3.99079500e-03
 -1.07474374e-02  1.74471121e-02 -8.24942589e-02  8.91010929e-03
  3.96371596e-02  4.33711037e-02  1.71084190e-03  4.10438180e-02
 -3.86927165e-02  1.53444577e-02  1.56267762e-01 -3.87740359e-02
 -7.03632832e-02 -1.49505530e-02 -3.49691957e-02 -2.89384406e-02
 -6.37384281e-02 -4.11337987e-02  1.19915530e-02  7.45342672e-02
  5.27810305e-02 -2.46155914e-02  4.26798873e-02 -1.63724890e-03
 -9.50283110e-02  1.19947707e-02  3.26365680e-02  8.74502510e-02
 -3.68860252e-02  2.58748699e-02 -3.76419388e-02 -1.92216877e-03
 -1.61358844e-02  3.07056941e-02 -3.70856412e-02  1.52472295e-02
  3.08919866e-02  1.48484502e-02 -2.02393681e-02 -3.86365992e-03
 -4.58324840e-03  8.97688419e-03  2.78690252e-02 -9.43525694e-03
  8.27844813e-02  1.45452488e-02 -8.76179636e-02  3.98810282e-02
 -6.05558194e-02 -1.77423973e-02  7.66019300e-02  5.36756329e-02
  5.71571514e-02 -4.85578589e-02 -2.40640398e-02 -1.87923573e-02
 -6.96137920e-02  7.14154989e-02  3.29254605e-02  4.22367677e-02
  2.85024215e-02  3.58256176e-02  7.40610342e-03 -1.51260542e-02
 -1.20405992e-02 -6.62453333e-03 -1.62074976e-02 -5.69734462e-02
  7.24248588e-02 -3.06412075e-02 -2.68080109e-03 -1.58471707e-03
 -6.80811778e-02  4.91506644e-02 -3.54331657e-02  3.78065854e-02
 -1.07762575e-01 -5.48428893e-02 -4.17008922e-02 -1.44113496e-01
 -2.60670241e-02 -4.27696630e-02 -3.38119082e-02 -1.20443571e-02
  4.54759076e-02  5.96925840e-02 -1.02688195e-02 -2.94105131e-02
  2.85600051e-02  1.06803337e-02 -4.75681238e-02  2.90520839e-33
  5.86491600e-02  7.17906058e-02 -3.64436652e-03  1.61312278e-02
  2.97669210e-02 -1.02900928e-02  2.58243568e-02 -1.25413472e-02
  2.84145717e-02  1.37754083e-01 -5.78869134e-03  7.16562420e-02
  9.23580397e-03  1.13509288e-02  1.37332771e-02 -3.16810720e-02
  4.06306200e-02 -1.00538461e-03  2.61178203e-02 -3.93486880e-02
 -3.19261998e-02 -4.79927436e-02  5.63296713e-02 -4.08565030e-02
 -9.09841880e-02  6.96890578e-02 -2.51269080e-02 -2.95662247e-02
  5.80557473e-02 -2.11701375e-02 -7.31572136e-02  1.08832136e-01
 -6.14476530e-03  4.86670509e-02 -2.07826737e-02 -2.65334118e-02
  7.49226063e-02  5.84191568e-02 -5.79240806e-02 -6.70488551e-02
  3.80960037e-03 -2.35985611e-02  4.93575707e-02  7.62301460e-02
 -3.86725776e-02 -1.22202942e-02 -2.99899057e-02  1.34216473e-02
  3.59554701e-02 -3.87959229e-03  1.57813936e-01  6.36052042e-02
 -6.46427944e-02  6.19406775e-02  3.03695742e-02  4.18223478e-02
  8.85644928e-02  4.08191532e-02  4.59139841e-03  1.43290032e-03
  3.84615175e-02  3.55848297e-02  7.39319064e-03  3.98963280e-02
 -5.88195063e-02 -5.69095723e-02 -4.30582054e-02 -7.83709227e-04
  1.00804381e-01 -2.30397992e-02 -6.40608370e-03 -9.75250266e-03
 -2.60512196e-02 -4.07902747e-02 -1.34591654e-01 -6.58121854e-02
 -1.32829072e-02 -5.53626455e-02  2.30558813e-02  2.18175162e-04
 -1.06555857e-01  2.64644157e-02 -5.58971707e-03  1.10736974e-02
  7.06984252e-02 -7.03143924e-02 -4.63924147e-02 -6.26177713e-02
  4.46129628e-02  4.72617261e-02 -5.18556722e-02  4.77744490e-02
 -4.46793474e-02  1.73444618e-02 -1.22672832e-02 -1.11590062e-08
 -3.30962501e-02 -9.18546878e-03  6.34665042e-02  1.87463034e-02
  2.08474398e-02 -1.20937144e-02  5.54541759e-02  6.37765527e-02
  5.44890203e-03  4.72123884e-02  5.30556813e-02  4.42856662e-02
  9.96803716e-02  8.04387778e-02  2.63877343e-02 -2.99395565e-02
 -2.50805877e-02 -4.82458845e-02 -2.66651046e-02 -1.28486920e-02
  1.81860209e-03  2.14413367e-02 -4.90340497e-03  2.09767073e-02
  5.87991029e-02  2.02212017e-02  4.88148779e-02  6.82656765e-02
  4.54451516e-02  3.16386335e-02 -1.39792105e-02  6.24164939e-02
  4.45418619e-03 -4.05980609e-02 -5.58887534e-02 -8.99389163e-02
  2.12466251e-03 -2.47388370e-02 -5.47521785e-02 -4.02570292e-02
 -6.00877311e-03 -1.54554844e-02 -5.19999443e-03  1.07448427e-02
 -2.60415860e-02 -3.24739739e-02 -1.03892863e-01  2.52809115e-02
 -2.69586630e-02  4.87369001e-02  1.98921748e-02 -1.18908435e-01
  3.79012488e-02 -4.37777583e-03 -1.90814063e-02 -1.77523065e-02
 -2.18102541e-02  3.23890969e-02 -9.58723761e-03  1.68321021e-02
  1.42426208e-01  3.90783288e-02  5.18226102e-02 -1.24866031e-02]"
1,Carbon Emissions,Environment,carbon,1,0.6776,"[-3.74245122e-02  5.40661737e-02 -1.23893116e-02  9.62452888e-02
  7.22858906e-02  1.26985181e-02  1.15201518e-01  3.25628668e-02
  2.47518457e-02  5.20877764e-02 -1.13299780e-03 -1.24954551e-01
 -5.06212004e-02  1.04369433e-03  5.91207179e-04 -1.35684134e-02
 -1.76736452e-02 -1.89045202e-02 -1.91667564e-02  1.34915335e-03
 -5.55833355e-02  2.87127737e-02 -2.08838899e-02  4.26946580e-02
  1.21640228e-03  9.38336030e-02 -7.56536275e-02  3.01924106e-02
  2.53579319e-02 -1.01643763e-01  1.55895613e-02  2.56380960e-02
 -5.83800487e-03  1.79300662e-02  2.88987383e-02  9.21113497e-06
  4.42577119e-04 -4.13045920e-02  2.34271120e-03  3.70965223e-03
 -9.28476378e-02 -7.49723166e-02  7.00772032e-02 -2.25279573e-02
  3.44248042e-02  1.11338142e-02  2.43753009e-02  1.44465705e-02
  5.55379540e-02 -4.91163731e-02  1.95483980e-03 -8.15733299e-02
 -9.15931463e-02  1.13904011e-02  2.45110784e-02  8.45848210e-03
  1.10225007e-02  1.42127052e-02  5.37506305e-02 -1.67837813e-02
  3.52246612e-02 -9.83718336e-02 -4.86850217e-02  2.93608643e-02
  1.13570608e-01 -1.79565232e-02 -6.01375848e-03 -2.96352059e-02
 -2.17029788e-02  3.60156894e-02 -8.77281837e-03  1.36391483e-02
 -3.45478915e-02 -2.98593426e-04  4.03564163e-02  3.93818207e-02
  2.85177622e-02 -4.54726964e-02  9.89833474e-02  1.79063901e-02
  5.71672013e-03  5.24444655e-02 -6.96233362e-02  2.97027621e-02
  6.22905232e-03  6.02366515e-02  2.22918484e-03 -5.04483022e-02
 -9.60282683e-02  1.46758221e-02 -7.04877526e-02  3.80144976e-02
  8.67003873e-02  3.45338471e-02 -1.32124752e-01  5.67200892e-02
  1.10290088e-01  2.90165991e-02  3.14008892e-02  1.46898881e-01
  4.99002002e-02  5.78106903e-02 -9.94988754e-02 -6.04334995e-02
 -7.12837577e-02 -1.44550437e-02  1.78082623e-02  7.93527290e-02
  8.63246024e-02  3.08876671e-02 -7.31675029e-02  4.05858383e-02
 -1.04820028e-01 -4.33525164e-03 -6.21307036e-03  9.78246145e-03
  1.28695011e-01 -1.68879032e-02 -2.05249945e-03  1.01534454e-02
 -5.74701726e-02 -6.43329788e-03 -2.76980130e-03  3.28898206e-02
 -4.75641526e-02 -9.74506959e-02  1.43553950e-02 -4.09784163e-33
  2.39067506e-02 -3.90354656e-02  7.90372118e-02  3.90978046e-02
  2.78984625e-02  2.07342841e-02 -1.23362385e-01 -4.24009301e-02
 -6.12820238e-02  2.13198718e-02 -6.16693348e-02 -1.07823427e-04
 -1.11118751e-02  5.24196438e-02  1.06157161e-01 -1.36407772e-02
 -7.40770772e-02 -5.95092028e-02  1.46618122e-02 -9.37200263e-02
 -1.28874168e-01  4.91548479e-02  2.53695827e-02  8.42922330e-02
  3.10321487e-02 -2.79926080e-02  2.66248472e-02 -6.12097569e-02
 -6.40916005e-02 -2.56804116e-02  5.65163940e-02  1.08044811e-01
 -4.03017215e-02  4.90634367e-02 -1.54257389e-02 -2.88475733e-02
 -3.14017609e-02  4.17962234e-04 -1.09207043e-02 -3.52357030e-02
  6.07476421e-02  4.17315885e-02 -1.47314798e-02 -4.33002710e-02
  1.26130842e-02 -1.95471365e-02  7.03631062e-03  3.19094397e-02
 -4.72817896e-03  1.53708095e-02 -2.90867276e-02  5.69007210e-02
 -3.10350768e-02  4.37802263e-02 -2.84644887e-02 -5.81771741e-03
  6.69989064e-02 -3.58993001e-02 -6.86238930e-02 -1.63454339e-02
  2.44078506e-02  1.11266479e-01  2.94901878e-02  6.30252138e-02
 -3.40470411e-02  7.22385719e-02 -2.60045025e-02  2.08110139e-02
  7.05472231e-02 -7.26703554e-02 -7.73298293e-02 -2.61428319e-02
  1.06301315e-01 -1.20586809e-02 -2.62078848e-02  1.01404730e-02
 -9.56747755e-02 -1.47323462e-03 -1.75699107e-02  4.19871546e-02
 -7.65043050e-02 -4.67742383e-02 -1.97945423e-02 -9.97293144e-02
 -7.52548203e-02  3.81930321e-02 -1.05684558e-02 -7.89514557e-02
  8.19358975e-02  3.61043364e-02 -5.43615669e-02 -8.29121917e-02
  5.60458973e-02 -5.37531674e-02 -8.03886354e-02  2.35528293e-33
  1.57929014e-03 -5.55360168e-02 -1.78635623e-02  6.67820275e-02
  3.98949124e-02 -9.29399058e-02 -4.75919731e-02 -1.12508327e-01
  2.31402926e-02  5.67486323e-03  4.22238074e-02 -2.17322912e-02
  9.62789431e-02  1.11015420e-02  3.62943374e-02  1.98289119e-02
 -7.49055892e-02 -1.42675908e-02  4.54325750e-02  2.63788807e-03
 -8.02755449e-03 -8.37991983e-02 -6.87964037e-02 -1.96191948e-02
 -1.83029938e-02  5.95010184e-02 -6.69514984e-02 -6.74857572e-02
  1.21453337e-01 -2.95150485e-02 -4.44745421e-02  1.47820227e-02
 -8.09638412e-04 -1.99837887e-04 -4.04670276e-02 -1.45062422e-02
  3.76605168e-02  2.93083582e-02 -3.33000012e-02 -4.34776535e-03
  9.74802952e-03  6.67543057e-03 -1.55901378e-02  5.25473654e-02
  2.35622749e-03  2.98353005e-02  1.84365995e-02 -4.07900065e-02
 -5.18356599e-02  8.52475017e-02  7.41176903e-02  5.50334388e-03
 -2.64879465e-02 -4.34229802e-03  3.91414389e-02  2.47721877e-02
 -1.08014699e-02  7.77843520e-02  2.66868174e-02  1.55313807e-02
  4.16243896e-02  2.67598312e-02 -2.73925047e-02 -4.64178249e-03
  8.51260591e-03  1.21474555e-02 -7.06592649e-02  2.36411151e-02
  7.06229825e-03 -2.87311133e-02  1.07526757e-01  7.60399029e-02
 -2.62235440e-02 -2.47991476e-02 -7.48633966e-02 -8.05876032e-02
 -3.00275106e-02 -1.75000560e-02 -3.61275449e-02  7.59301381e-03
 -6.52777851e-02  3.52518521e-02 -2.51090061e-03  2.86405701e-02
  2.28800420e-02 -5.04987314e-03 -5.66622335e-03  8.61573406e-03
 -3.26541327e-02  3.42881642e-02 -3.02985404e-02  3.71222682e-02
 -3.40838265e-03  5.55337928e-02  3.38458130e-03 -1.08493525e-08
 -1.95608642e-02  3.51362713e-02  7.16795260e-03 -2.61029378e-02
  7.75251240e-02  2.74396017e-02  1.46095231e-01  4.75783460e-02
  9.43047553e-03  9.68306419e-03  1.37540568e-02  4.14395519e-02
  1.04560472e-01  3.26085091e-02  1.85267236e-02 -2.60436237e-02
 -1.25741199e-01 -7.99722970e-02  1.73861440e-02  4.34051678e-02
 -1.38428034e-02 -2.91905156e-03  2.96801748e-03  3.92604955e-02
 -1.11030694e-02 -5.83529137e-02  3.18237245e-02  1.04308426e-01
  2.09736247e-02  7.27987140e-02 -4.79614772e-02  7.01150075e-02
  3.19582261e-02 -6.34627938e-02  1.81136411e-02 -3.36810015e-02
  1.27963508e-02 -4.78610508e-02 -1.75883044e-02  1.05948159e-02
 -2.13836189e-02  3.94015461e-02 -3.97449434e-02 -2.98158992e-02
 -2.82044150e-02 -5.90588264e-02 -2.87167355e-02  9.61642060e-03
  2.94417585e-03 -2.36432068e-02  1.58734787e-02  1.82427466e-02
 -1.82725135e-02  2.91120782e-02  2.82074865e-02  4.08564508e-02
 -8.51290952e-03  4.19829786e-03 -1.58656351e-02  1.91947985e-02
  8.65474790e-02 -7.93198273e-02  8.10110942e-02 -4.92455624e-02]"
2,Carbon Emissions,Environment,pollution,1,0.6378,"[-7.90520478e-03  5.44987097e-02  8.17528814e-02  1.91137437e-02
  1.00608595e-01  2.74925716e-02  1.43466786e-01 -2.74727121e-02
 -4.51329909e-02  4.21834812e-02  2.08130963e-02 -6.38899207e-02
 -2.43091397e-02  1.55049155e-03 -6.62720874e-02  8.76421016e-03
 -9.64731723e-03 -1.94084942e-02 -1.14794031e-01 -2.51973756e-02
 -1.29508702e-02  7.27783889e-02 -2.92377602e-02  4.10004548e-04
 -7.27999732e-02  7.35225305e-02 -3.55388187e-02 -2.51354817e-02
  3.98595631e-02 -7.19994232e-02  2.10516993e-02  1.04605816e-01
 -2.94946171e-02 -8.10663402e-02 -5.11522219e-02 -3.88816325e-03
  2.15115454e-02 -1.99262258e-02  1.28573654e-02 -6.91313669e-03
 -4.94945645e-02 -6.41008019e-02 -1.41691035e-02 -4.12137620e-02
 -6.75623417e-02 -1.89119279e-02  2.49290541e-02 -2.96633970e-02
  5.81166781e-02 -5.70107438e-02  3.54425646e-02  4.52658683e-02
 -7.68482462e-02 -3.46176103e-02  5.20046540e-02 -1.45308942e-01
 -7.31486082e-03 -3.18758413e-02 -1.48805240e-02 -4.09104861e-02
  2.59431247e-02 -6.41232356e-02 -4.46734317e-02  3.34370509e-02
  1.56137630e-01 -2.63866666e-03 -5.83651736e-02  1.07617222e-01
 -2.22573895e-02  1.70570128e-02  1.50221456e-02 -1.57974027e-02
 -4.11944278e-02 -8.84392038e-02  1.77244674e-02  1.17093325e-02
  1.22193042e-02 -7.06873136e-03  9.29541364e-02 -5.21070994e-02
  6.55326098e-02 -6.32334426e-02 -3.23255882e-02  1.79647673e-02
  7.15413764e-02  4.24959790e-03 -1.42274220e-02 -2.78596543e-02
 -3.75967771e-02  2.33813701e-03 -1.24364882e-03 -3.91537473e-02
  5.83998263e-02  2.82205883e-02 -7.66967908e-02  8.94793198e-02
  3.85941379e-02 -2.52992325e-02  4.70869280e-02  1.91226050e-01
 -2.07717381e-02  5.25664911e-02 -1.13676034e-01 -1.84558779e-02
 -6.80296635e-03 -3.46649401e-02 -3.63231041e-02 -5.23698097e-03
  2.21606903e-02  5.44490867e-05 -7.82308728e-02 -2.26146076e-02
  5.27908979e-03  1.62495840e-02  1.09869260e-02  1.48561383e-02
  1.39500573e-01 -8.15436170e-02 -7.38389567e-02 -4.67392132e-02
 -4.70905453e-02 -4.18295115e-02 -9.81084630e-02  7.31741562e-02
  2.53133681e-02 -6.59879074e-02 -5.70368208e-03 -5.57211579e-33
 -3.60236689e-02 -6.71105757e-02  9.03287828e-02  5.66231161e-02
 -5.28004356e-02  2.11957246e-02 -2.58772988e-02 -4.26854156e-02
  3.96507941e-02  7.59685552e-03 -1.54841994e-03 -1.45151373e-02
 -7.28385746e-02  3.75293009e-02  1.26638800e-01 -3.17501239e-02
 -3.39503102e-02 -3.49705890e-02  9.78368986e-03 -4.00683284e-02
 -3.40170600e-02 -2.81585641e-02 -5.22384532e-02  5.43373339e-02
  1.08368751e-02 -3.01967841e-02  5.09902872e-02 -1.04514612e-02
 -2.45615784e-02  2.52273250e-02  8.61447304e-02  8.48177895e-02
 -7.37610459e-02  1.29686603e-02 -1.92455314e-02 -3.63864824e-02
 -6.10596016e-02  4.24708948e-02 -2.62787882e-02 -1.73041392e-02
 -5.39123714e-02  1.91688421e-03 -5.79800382e-02  7.73337530e-03
  3.71160693e-02 -7.99147761e-04  1.79838482e-02 -1.22398604e-02
  1.06034549e-02 -4.22015451e-02 -4.70663607e-02  5.56428991e-02
 -4.98145185e-02 -2.68402640e-02  2.54878458e-02  4.94229607e-03
  6.56441301e-02 -8.80440027e-02 -9.32242349e-03  1.58920009e-02
 -1.41578633e-03  1.31097779e-01 -4.87660691e-02  4.58903201e-02
  1.04400262e-01  2.66095363e-02  6.36588410e-02  1.49942534e-02
  3.14726867e-02 -2.99647301e-02  2.02217028e-02 -4.14808057e-02
  1.45270927e-02  3.96846645e-02 -2.30471361e-02  1.57809164e-02
 -6.88521471e-03  1.40332791e-03 -3.62952128e-02  5.49958795e-02
 -4.21332978e-02 -1.17086880e-02 -2.19793674e-02 -6.20414354e-02
  2.21736962e-03 -3.71964229e-03 -2.47612670e-02 -9.67628509e-03
  7.42080202e-03  4.34576981e-02 -5.77940606e-03  6.66313525e-03
  2.72328872e-02 -3.49727124e-02 -6.56142682e-02  3.14645895e-33
  1.09393178e-02  3.25170048e-02 -1.97192188e-02  2.19352599e-02
 -3.76558106e-04 -4.86286953e-02 -7.35993497e-03  1.07036931e-02
  9.57945809e-02  1.29217371e-01 -6.19237497e-02  7.31460750e-02
  9.45756063e-02 -1.32908886e-02  3.67135368e-02 -3.41237038e-02
  9.18354932e-03  5.75912558e-02 -3.96092981e-02 -3.92990373e-02
 -5.12662940e-02 -4.70869280e-02  3.72802466e-02  1.69790499e-02
 -8.49820152e-02  5.46466783e-02 -9.21960995e-02 -2.96493713e-02
  7.06898421e-02 -3.55169736e-02 -1.65183265e-02  1.05418883e-01
 -4.22301404e-02  3.52311209e-02 -2.26922184e-02  3.76085006e-02
  3.27187628e-02  2.99328961e-03 -2.48505846e-02 -1.59115940e-02
 -9.29333456e-03 -4.73296419e-02  7.33585954e-02  6.56151846e-02
  1.63130481e-02 -6.94937306e-03 -4.85979691e-02  2.25522351e-02
  3.36373597e-02 -4.54320423e-02  1.08033799e-01  8.56010169e-02
 -4.45125811e-02  3.59510258e-02  6.98662400e-02  6.30282834e-02
  5.38665652e-02 -1.07228905e-02  1.67914275e-02  8.95270612e-03
  6.50654137e-02  6.89960793e-02 -8.05894509e-02  5.44816591e-02
 -1.05012089e-01  2.05840543e-02  2.62759044e-03  1.74792446e-02
  6.63980544e-02 -3.94092947e-02 -1.07516637e-02 -7.82206189e-03
 -6.57114238e-02 -3.52348685e-02 -1.08443439e-01 -2.21536998e-02
 -3.32501978e-02  8.97195712e-02  3.07587162e-02 -1.86818885e-03
 -2.12043449e-02  3.45546715e-02  7.55087938e-03  1.87940337e-02
  4.45252545e-02 -1.17251545e-01 -1.68662723e-02 -9.46245492e-02
  1.99276973e-02 -4.72733900e-02 -5.78265786e-02 -3.20362207e-03
 -1.27147853e-01  1.31719457e-02 -3.04598324e-02 -1.19493517e-08
  4.67641931e-03 -4.47406210e-02  5.23157939e-02 -2.85782269e-03
 -2.91659180e-02 -2.37885844e-02  6.64871931e-02  1.30100593e-01
  1.68028828e-02  7.11469427e-02  3.99089325e-03  4.46091481e-02
  5.95045313e-02  3.20710614e-02  1.75685100e-02 -2.72005349e-02
 -1.05131306e-02 -4.74207513e-02 -3.78597826e-02 -8.81875120e-03
  5.54702692e-02  1.71813574e-02 -4.27608239e-03  2.17462163e-02
 -1.11070145e-02 -1.53221618e-02  7.15392083e-02  1.32696573e-02
  3.84311415e-02  1.39276125e-02  2.27134153e-02  4.70850877e-02
 -7.09303319e-02 -2.36489903e-02 -6.00164123e-02 -7.24491924e-02
  3.65170352e-02 -6.15592673e-02 -2.59951837e-02 -4.16978374e-02
 -1.21531989e-02  5.99943362e-02 -2.31904238e-02  9.03758593e-03
  6.91594258e-02 -5.60587309e-02  7.75049161e-03  3.56948599e-02
 -5.59185259e-03  5.07639954e-03 -7.35345390e-03 -3.69453691e-02
  5.47187850e-02  1.83569323e-02  3.64365499e-03 -1.15846535e-02
 -1.05402190e-02  4.03815433e-02 -2.62166467e-02 -1.39888376e-02
  1.28721461e-01  5.93896247e-02  3.06126941e-02  5.73256984e-02]"
3,Carbon Emissions,Environment,emission,7,0.6154,"[ 2.94998772e-02  5.91365136e-02  1.81502961e-02  7.61245787e-02
  4.98048440e-02 -1.92731023e-02  1.59151182e-01  5.15860319e-03
  4.01223041e-02  3.77989598e-02  3.29430960e-02 -6.94696158e-02
 -3.46955806e-02  3.39245610e-02 -8.75358004e-04  3.38395350e-02
 -2.16641854e-02 -2.33729221e-02 -5.38264960e-02 -3.06984093e-02
 -6.69539673e-03  1.71559043e-02 -3.70280109e-02  1.39713017e-02
 -3.34659987e-03 -1.14792371e-02 -3.16729695e-02  2.09957436e-02
  5.52659370e-02 -6.95916042e-02  6.22877218e-02  5.99024398e-03
 -7.12826997e-02  2.19199378e-02  1.96487270e-03 -4.97658662e-02
  1.55386776e-02  1.74694899e-02 -1.67618003e-02  2.13316958e-02
 -3.59532908e-02 -1.27882212e-01  3.04801799e-02 -5.91664650e-02
 -4.89377119e-02 -3.65509465e-02  9.73690674e-03 -7.40567148e-02
  1.11212605e-03 -3.26300412e-02  8.53487998e-02 -5.02162203e-02
 -6.76288530e-02  4.47652675e-02  7.81870484e-02 -1.38545744e-02
 -1.29188662e-02 -2.37233154e-02 -1.63467962e-03 -9.20784026e-02
  6.61998615e-03 -7.18403831e-02 -5.75074516e-02 -1.14617432e-02
  6.52472675e-02  2.31378619e-02 -2.47930605e-02 -1.11448523e-02
  2.50071585e-02  3.38053284e-03  3.14262025e-02 -4.83856462e-02
 -1.98401716e-02 -9.33480263e-02 -1.46297934e-02 -4.18521017e-02
  3.43249217e-02  3.35101523e-02  9.09444988e-02 -5.22675924e-02
  6.31369725e-02 -1.97683740e-02 -1.04017049e-01  4.15060259e-02
  8.62075612e-02  4.04063612e-02  3.56552191e-02 -2.48433948e-02
 -7.22890273e-02  7.08423480e-02 -5.67919910e-02  2.51809582e-02
  9.74751934e-02  1.54628530e-02 -1.10256873e-01  3.71862319e-03
  9.06643048e-02 -5.68278059e-02  6.64695948e-02  1.36952087e-01
 -3.34272336e-04  3.83260995e-02 -1.07484154e-01  1.80774070e-02
 -1.12952195e-01 -3.87611389e-02  1.83830503e-02  7.67817274e-02
 -2.58866083e-02 -5.18658053e-05  2.39982475e-02 -4.88990173e-02
 -5.62314428e-02 -3.32452692e-02  2.54045669e-02  1.40461419e-02
  1.41472919e-02  2.72905938e-02 -5.24606369e-02  3.99671607e-02
 -1.79643147e-02  3.42906453e-02 -4.84320335e-02  5.11751398e-02
  1.46535682e-02 -9.21484679e-02  7.56740272e-02 -3.91525283e-33
 -5.78557141e-02 -3.61163393e-02 -2.25427188e-02  1.07195284e-02
 -1.31985941e-03  3.30117047e-02 -3.57249826e-02  1.11200558e-02
 -2.70795673e-02  1.57386065e-02  2.42060944e-02  7.43779391e-02
 -1.03191314e-02 -4.75482875e-03  1.49138078e-01 -3.72907743e-02
 -1.18407104e-02  6.65758224e-03 -4.72954176e-02 -4.16495986e-02
 -5.67444637e-02 -1.34104965e-02 -1.83899365e-02  7.04442561e-02
  2.00356301e-02  6.93879696e-03 -6.68147625e-03 -4.04940732e-02
 -8.97880644e-02  2.82012187e-02  4.89714853e-02  9.40565318e-02
 -1.49762761e-02  5.45208640e-02 -3.73191088e-02 -1.85701307e-02
 -2.09501735e-03 -3.36843805e-04  9.93746240e-03 -2.73756180e-02
 -1.04740616e-02  2.10034139e-02 -6.77312119e-03  2.98579447e-02
 -1.14079854e-02  1.17223449e-02  6.80380035e-03  1.75784919e-02
  9.84770730e-02  2.60179024e-02 -2.69158166e-02 -4.78343256e-02
 -3.83184515e-02  2.90249977e-02  8.52720067e-02  9.03379172e-02
 -5.41916396e-03  3.11017456e-03  5.09665022e-03 -3.50881852e-02
  8.34487379e-03  7.57246614e-02  3.00919153e-02  4.71319407e-02
  2.92892214e-02 -3.51276761e-03  2.54786815e-02 -2.09054891e-02
  1.74767431e-02 -2.10361965e-02 -8.86571035e-02 -4.72037718e-02
  1.11745365e-01 -3.28420438e-02  8.98257550e-03 -3.82187106e-02
 -1.82464961e-02  4.16496657e-02  1.33055672e-02  2.79440936e-02
 -1.04421876e-01 -1.16967887e-01 -1.66836195e-02 -1.38646215e-01
 -4.17758226e-02 -2.36238241e-02 -4.46858332e-02 -1.67707670e-02
 -9.17885825e-03  5.09705208e-02  3.81985120e-02 -2.53726356e-02
  6.24740757e-02  9.59649216e-03 -9.76565704e-02  3.39478948e-33
  4.38820459e-02  3.60781625e-02 -2.12793238e-02  4.46914844e-02
  4.27783504e-02  4.28020656e-02 -6.62395731e-03 -3.77972238e-02
  1.05246529e-02  1.32331118e-01  4.69699083e-03  7.34836683e-02
 -5.11140227e-02 -2.22114678e-02 -1.88522767e-02 -4.56211008e-02
  4.24680933e-02 -6.75379066e-04  5.84689789e-02 -1.45952904e-03
 -5.44864349e-02 -2.72568427e-02  1.48455026e-02 -9.48848948e-02
 -3.96682173e-02  7.92038664e-02  1.57540645e-02  1.02629531e-02
 -2.54572965e-02  1.85792241e-03 -7.23368004e-02  7.40924552e-02
 -8.31710175e-03  5.14714271e-02 -3.89645211e-02 -1.73977595e-02
  1.61421597e-01  5.01765776e-03 -7.54401162e-02 -4.77771014e-02
  1.93101112e-02  4.65675704e-02  6.67214245e-02  9.86648574e-02
 -6.15827218e-02  3.24829444e-02 -5.99363185e-02  7.24005103e-02
  3.53547670e-02  3.89692024e-03  3.51161659e-02  1.88580621e-02
 -4.25923876e-02  7.36259744e-02 -1.80200692e-02  1.95391029e-02
  8.94565433e-02  9.79664735e-03 -1.87849496e-02  3.64395827e-02
  2.32690368e-02 -3.63379605e-02  2.63036489e-02  3.28348093e-02
 -3.83388177e-02 -5.86498082e-02 -9.19558760e-03  4.20453325e-02
  9.76956263e-02 -3.78736854e-02  5.89583665e-02  2.23785490e-02
 -2.47758739e-02 -4.81468514e-02 -1.13278359e-01 -4.79161367e-02
  1.44758588e-02 -1.23695470e-01  1.48917288e-02 -6.40680045e-02
 -1.10981412e-01  5.16598597e-02 -3.37041765e-02 -3.04149631e-02
  5.63090332e-02 -7.50354975e-02 -3.85365747e-02  3.30723269e-04
  2.28738971e-02  3.85611813e-04 -1.30471345e-02  6.66866079e-02
  1.44832078e-02 -6.80489987e-02  6.76845238e-02 -1.05363522e-08
 -2.63355561e-02  9.85463150e-03  4.49034609e-02 -5.61161945e-03
  1.13163345e-01 -2.94773914e-02  6.03113919e-02  4.26269434e-02
  1.66256186e-02  2.02995283e-03  4.69413027e-02  1.30681917e-02
  6.00477271e-02  7.40110427e-02  6.88426793e-02 -2.20448226e-02
 -2.40873490e-02 -5.10212556e-02 -5.27568609e-02  1.14922710e-02
 -4.03797068e-02  3.91585520e-04  2.37982105e-02 -8.18367209e-03
  2.75958497e-02  4.02254164e-02  5.28681204e-02  8.19989815e-02
  3.29895653e-02 -1.91223028e-03 -5.37768705e-03  7.09645748e-02
  2.73031499e-02 -3.61839421e-02 -9.21562016e-02 -4.41680849e-02
 -1.58434119e-02 -5.10935523e-02 -7.65734836e-02 -2.48570535e-02
  6.21086918e-03 -4.40313220e-02  3.14955041e-02  3.60307703e-03
 -6.66754544e-02  3.19357961e-02 -7.09089786e-02 -1.70717239e-02
 -1.87540594e-02  2.66275797e-02  1.34096574e-02 -9.23789367e-02
  2.57123969e-02 -3.89463231e-02 -6.33372441e-02 -2.42110007e-02
 -1.03333779e-03  4.22258079e-02  3.70067358e-03  1.82895381e-02
  1.78793788e-01  2.11779997e-02  1.46355713e-02 -1.39711192e-02]"
4,Carbon Emissions,Environment,environmentally,1,0.5477,"[ 8.41795560e-03  1.24931827e-01  8.03253800e-02  2.45253276e-02
  7.93462992e-02 -4.17729281e-02  6.46296144e-02 -1.54521549e-02
  1.11508146e-02  3.99401635e-02  1.51944198e-02 -9.23864841e-02
 -1.52761154e-02  3.75933051e-02 -1.78697202e-02  2.73128180e-03
 -6.80848435e-02 -1.23030525e-02 -1.35031894e-01  1.16881318e-02
 -9.42542404e-02  2.83009876e-02  2.89525837e-02  1.23692630e-03
 -7.32308701e-02  8.87071714e-02  9.96910594e-03  4.91764396e-02
  2.58818921e-02 -5.29144071e-02  2.81450301e-02  9.54565406e-02
  1.68870147e-02 -3.89022045e-02 -8.39521922e-03  6.40441924e-02
  5.76490909e-02 -4.75808494e-02  1.53394612e-02 -8.94675497e-03
 -7.07191080e-02 -8.08555782e-02 -3.62953506e-02 -4.86333035e-02
 -2.02300176e-02 -4.46801037e-02  1.70848668e-02 -5.79954162e-02
 -2.02409867e-02 -6.05678745e-02  6.37867376e-02  1.05568282e-02
 -4.61683050e-02 -9.33001935e-03 -2.69282274e-02 -6.97162673e-02
  4.12109718e-02 -5.60729019e-02  1.68788526e-03 -2.53934432e-02
  9.71883088e-02 -6.91710711e-02 -1.03627771e-01  2.94331331e-02
  8.39593858e-02  4.74121571e-02 -3.88035253e-02  1.00951426e-01
  2.67835683e-03 -6.60227984e-02  2.52205022e-02  4.58763586e-03
  1.05129527e-02 -5.14106415e-02  1.65117905e-02  2.74140928e-02
  4.16390523e-02  2.40963437e-02  5.16133495e-02 -3.27018462e-02
  7.63939247e-02 -3.82773727e-02 -2.49186959e-02 -1.57122966e-02
  5.85455783e-02  1.66997090e-02 -2.73325434e-03 -3.24183218e-02
 -8.96017998e-03  4.10278253e-02 -3.39407809e-02 -5.21334633e-03
  1.15246862e-01 -7.22489646e-03 -1.21311970e-01  4.39314097e-02
 -2.64507812e-02 -4.37832586e-02  1.86634567e-02  1.97473064e-01
 -3.85049582e-02  5.96512370e-02 -1.00554243e-01 -1.98782533e-02
 -2.00453326e-02 -3.17307897e-02 -3.46327312e-02  6.50811940e-02
  2.59036329e-02 -3.18647735e-02 -9.37932879e-02 -6.96717016e-03
 -4.14293557e-02  9.98071656e-02 -7.26916594e-03  2.32054330e-02
  8.29538181e-02 -3.37798037e-02  5.70683107e-02 -1.62292048e-02
  2.57706363e-02 -2.25382205e-02  1.15194097e-02  4.11961451e-02
  5.43339970e-03 -1.22215502e-01  4.22485322e-02 -6.32743483e-33
 -1.24236690e-02 -3.43979001e-02  9.82970670e-02 -7.82631114e-02
  6.65832078e-03  6.92618191e-02 -4.27295752e-02 -5.55733172e-03
 -1.93051100e-02  1.33670345e-02  5.19310907e-02  7.58323148e-02
 -3.49604823e-02  3.72340456e-02  1.25400066e-01 -4.55183350e-02
 -1.03530437e-01 -2.01367354e-03 -1.20276865e-02 -1.60023719e-02
 -1.36747593e-02  4.39650752e-02 -1.31169073e-02  6.62781075e-02
  3.99427488e-02 -8.80176201e-02  7.71675780e-02  2.21562851e-02
  3.33470516e-02  2.22038419e-04  5.97628132e-02  4.99781705e-02
 -3.25430408e-02 -3.18328515e-02  3.30632925e-02  3.47457193e-02
 -7.91298747e-02  4.64484431e-02 -1.74496640e-02  2.62050936e-03
 -1.95549447e-02 -1.93485878e-02 -4.10454988e-04 -1.09937065e-03
  5.64147271e-02 -1.49604175e-02  6.66694641e-02  2.12246906e-02
 -4.77088653e-02 -1.20670479e-02 -4.03557755e-02  6.30877614e-02
 -7.62714148e-02 -5.24078347e-02 -6.08732738e-03 -2.99450606e-02
  7.57885948e-02 -3.12770717e-02 -4.11605798e-02 -5.60339168e-02
 -3.19557898e-02  1.58047453e-01 -4.25735787e-02 -2.55826544e-02
  7.40225539e-02 -2.16442738e-02  1.40673630e-02  5.60982898e-02
 -3.50379422e-02 -1.30118579e-02 -2.03309022e-03 -5.38170934e-02
  3.03965751e-02  2.11555492e-02 -4.65331599e-02 -3.98085006e-02
  8.93663429e-03 -1.81602896e-03 -6.24714512e-03  6.39621466e-02
 -7.04901814e-02  4.03555334e-02 -1.12110106e-02 -4.84533533e-02
  1.45275798e-02 -3.07466816e-02  1.78928096e-02 -1.84036065e-02
  6.50404096e-02  5.08161448e-02  4.40139696e-03  3.15287113e-02
  5.58487438e-02 -3.50195169e-02 -9.57863629e-02  3.10305089e-33
  1.73052289e-02 -7.27206143e-03 -5.12308739e-02  6.27800152e-02
 -2.55618431e-02 -6.23423271e-02 -6.49525821e-02  3.95487025e-02
  2.06807703e-02  3.49196233e-02 -6.76320717e-02  1.17034450e-01
  7.48484284e-02  3.18603553e-02  4.56847511e-02 -2.94998102e-03
 -1.40905343e-02  4.28062975e-02 -2.98109073e-02 -3.65253426e-02
 -8.20733979e-03 -2.17134040e-02  5.12563661e-02  8.34508613e-02
 -7.90779069e-02  4.86647226e-02 -2.30536312e-02 -2.06884518e-02
  2.39535253e-02  1.39190617e-03 -4.44948040e-02  1.68381128e-02
 -4.82213423e-02  2.75233518e-02 -1.61756370e-02  4.26372280e-03
 -3.39422971e-02 -4.59293202e-02 -3.57614201e-03  4.41634394e-02
 -6.32687146e-03 -1.83621589e-02 -1.65332016e-02  2.60096937e-02
 -4.35513295e-02  4.11483161e-02 -7.78587759e-02  4.41770107e-02
  3.49924713e-02  1.02673611e-02  4.17899564e-02  5.18142954e-02
 -6.10631555e-02 -4.11970131e-02  2.77655665e-02 -1.66404005e-02
  5.18687768e-03  4.49243002e-02 -3.48460078e-02  1.01265861e-02
  1.07797869e-01  9.83127430e-02 -3.75204167e-04  8.08056965e-02
 -9.53243673e-02 -1.47328824e-02  1.43780466e-02 -1.19348280e-02
 -2.98011191e-02 -6.49639815e-02  1.94449425e-02  1.02034975e-02
 -1.09379098e-01 -5.24507575e-02 -1.04552463e-01 -3.28081404e-03
 -1.87670011e-02 -1.67606231e-02 -8.29121843e-02 -1.05998409e-03
 -5.60257249e-02  6.44858042e-03 -2.21749097e-02  3.18032280e-02
 -4.50259307e-03 -7.61502609e-02 -5.18955700e-02 -9.86995548e-02
 -2.83977948e-02  4.46897261e-02 -2.39000302e-02 -2.54403427e-02
 -7.19771236e-02  1.30759910e-01 -1.11361220e-02 -1.37753400e-08
  1.41333202e-02 -3.55283245e-02  7.74168596e-02  2.52260547e-02
 -3.08769848e-02 -3.34784226e-03  9.63913426e-02  3.28310803e-02
  2.91971788e-02  5.49014919e-02  1.10261003e-03  4.46566567e-03
  3.67313586e-02  1.07249022e-01  1.90721161e-03 -3.98320556e-02
  3.41808833e-02 -6.56529292e-02 -4.81333546e-02  3.85969356e-02
 -3.80542837e-02 -3.52188349e-02  1.42804533e-02  8.45834464e-02
 -5.69670647e-03 -6.72160089e-03  8.13937858e-02  3.27026262e-03
  2.94867828e-02  5.43959700e-02  2.58495957e-02  6.71447515e-02
 -2.45625321e-02 -1.64845295e-03 -8.29644948e-02 -7.90010616e-02
 -1.33639127e-02  2.04432029e-02 -6.62108958e-02 -1.78385135e-02
 -3.22915986e-02  4.38490175e-02 -5.29868864e-02  1.24783963e-02
  4.08829376e-02 -1.12866662e-01 -4.53029014e-03  7.70842209e-02
 -1.41113466e-02  1.11722462e-02  1.71338227e-02 -9.25147608e-02
  9.77493078e-03  6.10512728e-03  2.88824029e-02  1.23684602e-02
  1.55405595e-03  2.91493516e-02 -2.06545778e-02  2.62596961e-02
  8.86137933e-02 -4.09259349e-02  6.79454878e-02 -7.41952145e-03]"
5,Carbon Emissions,Environment,environmental,7,0.5245,"[ 2.94234902e-02  5.93595803e-02  4.65510637e-02  4.03250083e-02
  9.25535038e-02 -4.37608361e-02  9.30055305e-02 -2.79142596e-02
 -1.56695694e-02  4.91698682e-02  1.46241812e-02 -1.21006437e-01
 -3.04237474e-02  2.63481140e-02 -5.10410545e-03  5.66044182e-04
 -7.13069737e-02 -1.85578596e-02 -6.89479485e-02  1.00896778e-02
 -7.30881914e-02  9.15194973e-02  1.85075719e-02 -1.07861124e-02
 -1.04230046e-01  7.77317882e-02 -1.16722183e-02  6.19202703e-02
  4.40182984e-02 -6.36527315e-02  4.63096276e-02  1.35795444e-01
  7.58200958e-02 -6.41590282e-02  5.18101733e-03  8.27746168e-02
  4.76177000e-02 -3.58480364e-02  3.94728780e-02  4.79152752e-03
 -6.42248020e-02 -5.28732948e-02  5.73270023e-03 -6.61196038e-02
 -5.77181280e-02 -3.58366966e-02  2.54371241e-02 -1.10082909e-01
 -1.62164196e-02 -5.05823903e-02  2.88065579e-02  1.76714119e-02
 -9.06714574e-02  5.17519133e-04  7.01938290e-04 -9.29394811e-02
  1.48020955e-02 -1.67082194e-02 -7.69444276e-03 -2.37072427e-02
  1.29866913e-01 -4.48093787e-02 -1.06099740e-01  5.26965670e-02
  1.06077030e-01  3.21223363e-02 -4.66013290e-02  1.00679733e-01
  4.32769656e-02 -8.55781808e-02  5.51436283e-02 -3.06917331e-03
 -5.08446479e-04 -6.10806197e-02  1.47830890e-02  1.89991184e-02
 -1.33283818e-02  1.00695121e-03  5.42332865e-02 -4.69316542e-02
  9.74845588e-02 -4.55856994e-02 -7.38610104e-02 -1.03121130e-02
  8.22287276e-02 -1.22798595e-03  2.66994629e-02 -1.85170900e-02
 -2.11907700e-02  4.93032858e-02 -4.16678488e-02 -4.92380261e-02
  9.53871235e-02  1.01665733e-02 -9.53693241e-02  7.97835737e-02
  1.98846236e-02 -7.00567737e-02  2.11661849e-02  1.90571442e-01
 -4.41129096e-02  1.80129707e-02 -9.12160203e-02  2.78086774e-02
 -2.22663675e-03 -6.64783344e-02 -1.42638823e-02  3.96965295e-02
  2.63188872e-02  1.02832941e-02 -7.21670091e-02 -3.38842161e-02
 -3.14766541e-02  4.17146832e-02  3.38467099e-02  1.50637059e-02
  7.41173998e-02 -6.19875714e-02  4.97951359e-02 -1.73714161e-02
 -4.86150756e-03 -9.07943211e-03 -3.00881285e-02  3.37274820e-02
  4.05693194e-03 -8.36046636e-02  6.07936783e-03 -5.46133059e-33
  3.68937552e-02 -6.70837611e-02  8.19897130e-02 -6.14337921e-02
  2.70767137e-02  6.24167882e-02 -3.54157872e-02 -2.46629119e-02
 -6.25555031e-03  3.03228237e-02  2.62551736e-02  5.26719168e-02
 -6.63965270e-02  5.44198900e-02  1.51424214e-01 -1.69193372e-02
 -1.07613273e-01  3.02188937e-02 -2.79522454e-03  2.57840939e-03
 -2.31366828e-02  3.09065972e-02 -3.88305336e-02  5.96017949e-02
  5.74983917e-02 -6.55676201e-02  6.48263842e-02 -4.32679802e-02
 -2.42338162e-02  9.78320092e-03  7.95183107e-02  3.53806205e-02
 -4.30563688e-02 -9.09336656e-03  4.24328409e-02 -1.84061099e-02
 -4.89720814e-02  5.78875653e-02 -3.62631120e-02 -4.35453393e-02
 -2.11544838e-02  1.16679142e-03  2.90663149e-02  2.98514627e-02
  4.84351553e-02 -1.15346564e-02  4.62590046e-02  1.45283109e-02
 -3.13730463e-02  2.48040687e-02 -3.81848253e-02  4.39743400e-02
 -3.34139131e-02 -2.91978735e-02  7.10950699e-03 -6.28487673e-03
  7.14248046e-02 -2.07667667e-02 -3.75941768e-02 -1.34372786e-02
  2.66693849e-02  1.77349672e-01 -4.04703915e-02 -1.09065333e-02
  9.64723155e-02 -2.10637096e-02  3.57884094e-02  2.08221413e-02
  1.89184286e-02 -1.02257086e-02 -4.16537523e-02 -2.44810022e-02
  1.49678420e-02  2.68920287e-02 -5.72762378e-02 -2.22617146e-02
 -4.49381471e-02 -6.30477024e-03 -5.67882247e-02  5.21987006e-02
 -5.18746749e-02  2.06683632e-02 -6.46070391e-02 -2.15132236e-02
 -2.18314901e-02  8.30346067e-03 -2.32080044e-03 -5.64337857e-02
  7.04839602e-02  8.00417513e-02 -1.94831546e-02  1.05452454e-02
  1.23503404e-02  8.06189026e-04 -8.49922374e-02  3.32247344e-33
 -1.85735766e-02 -2.25647986e-02 -4.15043049e-02  2.13459246e-02
 -2.93566715e-02 -5.32729775e-02 -6.15489706e-02  2.52235439e-02
  5.56211583e-02  5.93355298e-02 -9.94036123e-02  1.09323934e-01
  9.50791091e-02  4.64330539e-02  2.44705863e-02 -5.82904853e-02
 -5.44509403e-02  5.39419614e-02  4.67187812e-04 -2.82340664e-02
 -3.01829111e-02  3.58304172e-03 -2.40244046e-02  2.49637384e-02
 -6.24447279e-02  6.91333562e-02 -3.58158462e-02 -1.99585035e-02
  2.31184792e-02  2.03754120e-02 -3.67810205e-02  3.91935818e-02
 -3.18603255e-02  6.22534230e-02 -3.80355641e-02  1.37951430e-02
  1.48286228e-03 -5.35822138e-02 -2.48922370e-02  1.18764089e-02
  2.41450090e-02  3.80402547e-03  4.24854569e-02  4.07686904e-02
 -2.21768748e-02  3.47569399e-02 -6.22857995e-02  2.74870656e-02
  2.75618676e-02 -2.35495456e-02  5.66889420e-02  5.10428436e-02
 -4.61455546e-02 -3.86656709e-02  8.24475214e-02 -1.13750910e-02
  1.25306370e-02  2.43886728e-02  3.13695753e-03  1.14133731e-02
  1.18067406e-01  9.68590677e-02 -2.37297397e-02  8.32712799e-02
 -8.81650075e-02  1.56793278e-02 -1.53318569e-02  2.54108254e-02
 -7.41499737e-02 -4.78495434e-02  6.14365505e-04  1.58856902e-02
 -9.72765237e-02 -6.27395213e-02 -7.27646202e-02 -5.65639092e-03
 -4.07611169e-02  2.63616946e-02 -3.50487866e-02  1.26121175e-02
 -4.38694954e-02  1.26560610e-02 -2.79752761e-02  2.06409711e-02
 -8.20602477e-03 -5.72121702e-02 -4.79213670e-02 -6.67885095e-02
 -6.51913229e-03 -1.23094385e-02 -1.61633715e-02  1.16000120e-02
 -1.15032032e-01  6.93974122e-02 -2.27947086e-02 -1.28662272e-08
  3.06701579e-04 -3.14678922e-02  5.92299774e-02  1.93422288e-02
 -5.51463105e-03  3.05357785e-03  1.06795311e-01  3.02069914e-02
  2.86450852e-02  6.34947568e-02 -1.41160553e-02  1.62381586e-02
  4.34507988e-02  1.06191196e-01 -1.95824225e-02 -5.16445152e-02
  5.22762677e-03 -8.68638307e-02 -4.94096614e-02  3.82326473e-03
  1.86009724e-02 -2.43300740e-02 -1.30977361e-02  4.12851274e-02
 -4.11151126e-02 -5.73971123e-02  4.89011891e-02  2.53267400e-03
  5.12218811e-02  4.92720641e-02  5.69865890e-02  9.14535522e-02
 -4.55191880e-02 -2.23763175e-02 -7.83428103e-02 -8.71393904e-02
  1.15007497e-02 -2.33703554e-02 -6.29855245e-02 -4.31614779e-02
 -5.10893613e-02  5.08135511e-03 -9.50673874e-03 -1.15847383e-02
  5.10271825e-02 -6.70967847e-02  1.27111189e-02  2.78030541e-02
  2.24319287e-03  1.70373041e-02 -3.66397686e-02 -9.30932015e-02
  3.07124555e-02  3.35388035e-02  3.71334627e-02 -1.68844108e-02
 -1.33052943e-02  1.24371490e-02 -1.88337881e-02  1.88166779e-02
  8.02235529e-02  1.68495364e-02  4.61320505e-02  4.82950173e-02]"
6,Carbon Emissions,Environment,sustainability,6,0.4595,"[ 4.10689507e-03  1.18057869e-01  6.51803939e-03  2.01633498e-02
  6.49562180e-02  1.96664799e-02 -1.85424853e-02 -4.37019281e-02
 -1.89063288e-02 -1.94131453e-02  1.53809488e-02 -6.06852099e-02
 -1.38276825e-02  3.28618800e-04 -6.36824667e-02  2.99334037e-03
 -1.04614154e-01  2.85492968e-02 -3.15095522e-02 -4.46097665e-02
 -4.81216013e-02 -6.52997335e-03  1.40605820e-02  2.21560858e-02
 -8.52372646e-02  1.11566447e-01 -4.57940809e-02 -2.10122038e-02
  4.49358523e-02 -1.23077948e-02  5.49973845e-02  3.48152332e-02
  3.21664698e-02 -2.58470494e-02  2.86358260e-02  1.19534075e-01
  5.20595536e-02 -2.03274265e-02  2.81015281e-02 -2.32810434e-02
 -6.83358535e-02 -7.98003227e-02 -4.64179367e-02 -1.00554347e-01
 -7.92264845e-03 -1.70614310e-02  2.38624699e-02 -6.67935014e-02
 -1.94664653e-02 -6.41482174e-02  5.69883808e-02  4.96568438e-03
 -4.35719267e-02 -3.31956074e-02  2.76494138e-02 -5.71230128e-02
  3.60825062e-02 -4.36470918e-02 -2.71218270e-02 -1.86118484e-02
  9.56522152e-02 -5.97844645e-02 -8.24462697e-02  5.98447919e-02
  1.10988669e-01  7.28443936e-02 -4.51058634e-02  8.06766748e-02
 -4.17143255e-02  7.66098092e-04  2.54031504e-04 -4.89965454e-02
 -1.68374404e-02 -5.68989106e-02  4.61863130e-02 -2.02786867e-02
  8.67558178e-04  2.07630154e-02  7.54866377e-02  5.18056750e-02
  1.27711102e-01  8.13136250e-03 -5.79651557e-02  7.83111807e-03
  3.19172740e-02  6.83634123e-03  2.01919791e-03 -2.10548956e-02
  6.34308755e-02  1.18735246e-03 -7.18195587e-02 -8.37190729e-03
  1.05033174e-01  2.79798973e-02 -9.91501734e-02  2.13863533e-02
 -6.40910119e-02 -5.91606274e-02  2.31871270e-02  1.83625534e-01
  2.49900687e-02  4.18050513e-02 -3.45870480e-02 -3.95139167e-03
 -2.92633194e-02 -4.18800972e-02 -1.71870794e-02  3.42051722e-02
 -1.35479672e-02  2.66578258e-03 -3.91931571e-02 -2.45667831e-03
 -7.11034834e-02  7.49404877e-02  9.91136394e-03 -3.60299572e-02
  6.80260435e-02 -3.77253108e-02  9.10507813e-02 -3.24005559e-02
  3.60881872e-02  7.83036370e-03  3.09122149e-02 -3.12274341e-02
  1.36454022e-02 -4.14511263e-02  3.10804024e-02 -5.98822610e-33
 -4.20500524e-02 -1.78565402e-02  8.01837370e-02 -8.57156664e-02
 -1.33083006e-02  5.31694852e-02 -7.89119601e-02  3.44478600e-02
 -8.46165046e-03  2.05724277e-02  8.70055184e-02  2.44436786e-02
 -7.10748648e-03 -1.89742970e-03  1.38179630e-01 -9.92585793e-02
 -5.09803519e-02  4.41081151e-02  4.71809506e-02 -3.58645283e-02
 -1.36118464e-03  2.77733579e-02  3.82069685e-02  3.04933991e-02
  8.42381641e-02 -4.07830551e-02  3.70854661e-02  8.79490562e-03
 -2.12327819e-02  1.41759776e-02  3.11466996e-02  7.02301115e-02
 -7.29705319e-02 -6.94170818e-02  2.55425628e-02 -1.99947655e-02
 -9.79593322e-02  4.79331054e-02 -1.63562633e-02 -1.23301568e-02
 -5.16318791e-02 -5.06974123e-02  4.21300977e-02  5.05314767e-03
  4.15054448e-02  6.74985647e-02  9.22009274e-02  5.00938557e-02
 -2.88826711e-02  2.07776297e-02 -4.79130074e-02  4.39208932e-02
 -8.31002668e-02 -6.24812357e-02  1.73073858e-02 -1.01528555e-01
  1.83164570e-02 -3.51613900e-03 -6.25279173e-02 -1.44605532e-01
 -1.36677362e-02  2.85939407e-02 -8.93416107e-02 -1.55326920e-02
  1.05306983e-01  2.87281573e-02 -1.57866739e-02  6.30112216e-02
 -2.49732174e-02 -8.28966498e-03 -2.13319547e-02 -6.17742389e-02
  1.65235307e-02  6.55286899e-03 -2.29617842e-02  2.05614772e-02
 -4.35336754e-02  4.40217033e-02 -8.03454667e-02  7.44381398e-02
 -1.41673014e-01  7.06722066e-02 -4.18889932e-02 -7.51749799e-02
  1.03186227e-01  1.93275735e-02  4.31355387e-02  1.08621372e-02
  9.54525545e-02  3.83123048e-02 -3.55879515e-02  1.21105807e-02
  2.25081947e-02  3.22218500e-02 -7.48636425e-02  2.79944384e-33
  3.25182788e-02  2.34985016e-02 -4.78637964e-02  3.06359679e-02
 -6.10395242e-03 -8.10623467e-02 -9.82098579e-02 -2.94141676e-02
 -2.68473173e-03  2.71393508e-02 -6.33887947e-02  5.89787625e-02
  3.10018323e-02  6.72343895e-02 -3.28807160e-02  1.36332577e-02
 -3.73079367e-02 -2.97917593e-02 -8.66425633e-02  5.85598731e-03
 -2.99682515e-03  3.79549339e-02 -4.76750098e-02  5.01095653e-02
 -7.48546496e-02  6.92744404e-02  5.10856928e-03 -5.68971317e-03
  7.57188275e-02 -2.12913658e-02  4.27858764e-03 -2.84907781e-02
 -1.84576549e-02  1.42566133e-02 -3.53323705e-02  2.09281370e-02
 -3.94660793e-02 -3.51648666e-02  4.30891030e-02  6.67249784e-02
  4.99502644e-02 -2.14167349e-02 -6.37839139e-02  4.89172563e-02
  4.69128927e-03 -4.99444548e-03 -5.04739396e-02  8.53523891e-03
  3.34124304e-02 -4.96575749e-03  6.77503645e-02  5.44972010e-02
 -3.90525758e-02 -8.24177787e-02  3.97184007e-02  1.32149225e-02
  1.86213050e-02  2.54194140e-02 -6.60167411e-02 -9.51215625e-03
  1.43197849e-02  8.64928067e-02  2.12305300e-02  8.93448740e-02
 -2.26828121e-02  2.66648084e-02  2.99995728e-02 -1.08755883e-02
 -3.19220945e-02 -6.02898747e-02  1.65625028e-02  1.80757716e-02
 -1.45757645e-01 -4.21574414e-02 -4.54589203e-02  4.21647578e-02
 -3.56710106e-02  6.78186130e-04 -4.44627292e-02 -1.77351385e-02
 -5.96962683e-02 -2.24278811e-02 -3.22564912e-04  7.75204645e-03
 -1.73715688e-02 -2.26540715e-02 -3.13948318e-02 -7.20482990e-02
  1.71975996e-02  8.21701735e-02 -8.66613258e-03  1.56573858e-02
 -1.15967043e-01  9.11872014e-02  3.16167958e-02 -1.32017126e-08
  2.07300205e-02  1.22500118e-02 -3.06454371e-03  3.00273811e-03
 -3.45179737e-02  3.64696980e-03  7.94852003e-02 -4.69883867e-02
  5.96033363e-03  9.00167450e-02 -1.75083764e-02  3.34479809e-02
  2.58500688e-02  1.12780787e-01 -4.40019518e-02  1.01531390e-02
 -3.32500935e-02 -1.32103032e-02 -5.13426773e-02 -2.24831383e-04
  1.91717164e-03 -4.27011028e-02 -1.05918478e-02  3.16308923e-02
 -2.03408804e-02 -3.21624614e-02  2.82074530e-02  3.31844166e-02
  3.55366841e-02  4.60452512e-02  6.49938807e-02  5.83545789e-02
 -2.71341410e-02 -4.11916077e-02 -6.86965138e-02 -8.03319514e-02
  1.82563607e-02 -4.64409031e-03  3.45770679e-02 -3.82146686e-02
 -1.18916817e-02  5.36681898e-02 -5.57984747e-02  6.41106293e-02
 -3.50771062e-02 -3.54594998e-02 -1.59875322e-02  7.17699677e-02
 -3.90187204e-02  3.44157666e-02 -1.69636570e-02 -5.74314147e-02
 -4.18853760e-03  6.09898493e-02  1.32456943e-02 -5.35725728e-02
  4.08484973e-02  1.07771652e-02 -3.16101499e-02  2.92236749e-02
  1.02763079e-01 -6.16308041e-02  9.00010392e-02  2.76221950e-02]"
7,Carbon Emissions,Environment,climate,3,0.4244,"[-1.00735202e-02  8.01628828e-02  7.61619210e-02  9.00282189e-02
  3.14590102e-03  5.16346889e-03  2.63471678e-02 -7.41889253e-02
 -3.05862594e-02  1.10413134e-02 -8.47130734e-03 -1.67675972e-01
  1.16742719e-02  2.73796655e-02  4.27310392e-02 -3.86064202e-02
 -8.32662284e-02 -4.62331437e-02 -3.84987034e-02 -7.63885751e-02
 -6.74610659e-02  7.33133256e-02 -6.15982451e-02  4.38537151e-02
 -2.43654232e-02  2.25088000e-02 -2.14865338e-02  7.59544298e-02
 -5.49634807e-02  3.04567702e-02 -1.30236484e-02  1.28096521e-01
 -6.69074338e-03 -1.63438115e-02 -2.83007734e-02  3.14374268e-02
  1.19870845e-02 -1.67693589e-02 -4.10083309e-02  4.76454608e-02
 -2.68335771e-02 -5.01708277e-02  5.24844080e-02 -1.23227462e-02
 -2.92352308e-02  1.29571240e-02  1.04278056e-02  2.92868521e-02
 -1.82268745e-03 -1.21480376e-02  7.04775844e-03 -3.60883679e-03
 -4.19395901e-02 -1.60582308e-02 -3.73083539e-02 -1.50754536e-02
  1.12009663e-02 -1.22466646e-02 -1.19018899e-02 -3.22542316e-03
  5.65412417e-02 -1.84773691e-02 -1.35529786e-01  4.86044660e-02
  1.71857089e-01  1.51545824e-02 -1.10318819e-02  9.53152329e-02
  7.63152679e-03 -8.23638290e-02 -2.55587939e-02  4.46644500e-02
 -6.57173395e-02 -3.84187489e-03  5.38433157e-02 -2.73524243e-02
 -7.26096481e-02  2.97616180e-02  9.41255689e-02 -6.47051213e-03
  1.46966934e-01 -3.17380391e-02  9.56641044e-03  2.53987517e-02
  2.39543598e-02 -3.26916426e-02  6.73371926e-02  2.52375584e-02
  2.13109758e-02  1.07224574e-02 -3.08368430e-02 -7.57740736e-02
  8.88218060e-02  3.69200520e-02 -1.64488062e-01  1.08745523e-01
  5.42036258e-02 -5.16778715e-02 -1.61487889e-02  1.33941814e-01
  2.91425847e-02 -8.37187320e-02 -5.04487976e-02  5.11723794e-02
  2.68336646e-02 -3.99190299e-02 -3.30342092e-02 -4.25156765e-02
 -6.84771091e-02 -1.79343801e-02 -1.00360423e-01 -4.90208622e-03
 -4.03036661e-02 -9.01854225e-03  6.67714328e-02 -5.39897867e-02
 -1.86813660e-02  3.51647474e-02  1.04090935e-02 -2.89114751e-02
 -8.69517624e-02  1.66472699e-02  3.21630528e-03  1.02543399e-01
  2.22695619e-02 -5.58538288e-02  3.92387882e-02 -5.95323163e-33
  9.16888714e-02 -7.18442723e-02  2.97532827e-02  5.57787381e-02
  3.43118384e-02  6.98830336e-02 -6.22250624e-02 -7.15281591e-02
 -3.15425508e-02 -5.42548820e-02  2.91527808e-02  4.29827273e-02
 -6.63885698e-02  5.69718331e-02  1.18745841e-01  1.60009507e-02
 -1.24640847e-02  6.24913722e-02 -2.25803498e-02  5.67048863e-02
 -9.95102674e-02  7.14827999e-02  3.37071046e-02  4.57377620e-02
  9.59318038e-03 -4.75787222e-02  4.36368622e-02 -2.69519016e-02
 -5.67994975e-02  3.63498623e-03  5.53054661e-02 -3.04791089e-02
 -3.10277771e-02 -2.53382120e-02  7.26115182e-02 -2.46112235e-02
  2.02105884e-02  1.83962602e-02 -1.22778881e-02  2.58903727e-02
  1.93132162e-02  1.01797096e-02  1.50033357e-02 -1.50676090e-02
  7.13800117e-02 -1.42328441e-02  4.45256457e-02  3.69249173e-02
 -7.86821544e-02  3.94281037e-02 -8.46382082e-02  5.13642877e-02
 -2.49768458e-02 -6.78081661e-02  6.68366440e-03 -1.26776174e-02
  5.17337248e-02 -1.05001428e-03 -3.53380814e-02 -7.47469142e-02
 -7.07673002e-03  2.75499560e-02  7.39909708e-03 -6.17572181e-02
  9.73554626e-02  2.33137105e-02  1.98944509e-02  2.93446798e-02
 -6.46880940e-02  5.60223265e-03  2.17731390e-03 -3.19536813e-02
  6.15161806e-02  2.03437712e-02 -2.11052038e-02  1.64558981e-02
  6.34440705e-02  9.91234928e-03 -6.78253397e-02  2.25668270e-02
 -1.13383636e-01  5.24378195e-02 -6.74639195e-02 -2.38137357e-02
 -7.07303211e-02 -3.09580248e-02  1.99849121e-02 -4.17470495e-04
  7.60086179e-02  5.88629022e-02 -5.64389192e-02 -6.06922321e-02
  7.92319626e-02  3.60171981e-02  1.97497848e-02  2.74513526e-33
  3.37528288e-02 -2.83171162e-02 -7.64087820e-03  3.66573706e-02
 -2.39754841e-02 -3.97095978e-02  8.67570657e-03  2.77519394e-02
 -3.81836039e-03  3.42745818e-02 -2.32909583e-02  3.68264392e-02
  4.10791934e-02 -4.12497036e-02  3.87282595e-02 -3.90107706e-02
  2.27984991e-02  6.81212991e-02 -2.66078208e-02  2.07269285e-02
 -2.15827916e-02 -1.37475654e-01 -5.59583865e-02 -8.13256484e-03
 -1.28289178e-01  3.46413441e-03  9.57913417e-03 -2.72783618e-02
 -6.68545514e-02  2.31604539e-02 -2.35069022e-02  1.96292493e-02
 -6.28675744e-02  7.77619034e-02 -6.31812736e-02  6.30997568e-02
  1.50342360e-02 -1.10547677e-01 -6.29654294e-03  7.28623103e-03
  3.79291959e-02 -8.13052058e-02  6.24327697e-02 -3.95172536e-02
  5.25208004e-02 -3.55008268e-03  3.45353154e-03  2.68118195e-02
  5.00444807e-02 -5.22179268e-02  5.15014045e-02 -5.12494845e-03
 -6.05820678e-02  3.27748316e-03 -2.92170851e-04 -4.20511179e-02
 -4.10108417e-02  5.35930619e-02 -2.37730462e-02 -6.12052949e-03
 -2.22497862e-02  6.10207033e-04  1.00128194e-02  4.28485051e-02
 -4.96630222e-02 -2.91467067e-02 -6.24134950e-02  2.21458115e-02
  4.46426123e-02  3.01297214e-02  2.89700069e-02  8.97837337e-04
 -5.18241934e-02 -2.91491728e-02  1.05407285e-02 -6.64941920e-03
 -3.50648127e-02  3.08765620e-02 -1.41399736e-02  2.17261221e-02
 -1.17567532e-01  1.87184233e-02 -1.69367827e-02  7.04523996e-02
  4.46131863e-02 -1.54463463e-02  7.20620062e-03 -8.94487798e-02
  4.06387262e-02  1.72586348e-02 -9.13972408e-03  2.16100588e-02
 -8.29636753e-02  6.08674064e-02 -2.67469976e-02 -1.32276474e-08
  2.50753146e-02 -2.71488298e-02  7.07827732e-02  5.58741018e-02
  2.64598639e-03  1.89432278e-02  3.70021909e-02 -2.58760247e-02
  7.61699602e-02  9.75599810e-02  1.96192544e-02  5.06241210e-02
  5.24575971e-02  1.00551866e-01 -1.34174814e-02 -6.46728575e-02
 -2.61070170e-02 -2.74055321e-02 -1.58681516e-02  4.95248847e-03
  4.76593152e-03 -1.91211067e-02 -4.83198930e-03  1.76060069e-02
  5.87761961e-02  9.33762174e-03 -2.26534232e-02  8.54290277e-02
  1.62477363e-02  4.88346368e-02  4.61059902e-03 -4.95913103e-02
  3.19483280e-02 -9.84394997e-02 -4.57011312e-02 -9.12414044e-02
  4.28083874e-02  8.65210220e-02 -4.01252545e-02 -7.46155977e-02
  2.18118168e-02  5.94734214e-02 -3.59051898e-02  1.49991494e-02
  3.49400565e-02 -7.36500099e-02  1.30179757e-03  7.61051998e-02
 -6.93445131e-02  5.52491359e-02 -5.70829064e-02 -3.92405540e-02
  1.82937589e-02  7.86777809e-02  1.07157510e-03 -2.57797074e-02
 -1.40133791e-03  7.40675954e-03 -4.68317932e-03  4.84706797e-02
  1.56157892e-02 -2.01183651e-02 -8.26295838e-02  2.87165195e-02]"
8,Carbon Emissions,Environment,sustainable,11,0.415,"[ 9.22848657e-03  1.04225494e-01 -5.20337233e-03  5.47348708e-02
  6.56212270e-02  3.49341072e-02 -3.36268134e-02 -3.76468860e-02
 -3.96983027e-02  2.51432937e-02  1.69527251e-02 -6.44890815e-02
  3.16630933e-03 -1.16359778e-02 -6.44629896e-02  2.11503748e-02
 -7.73705691e-02 -1.85290948e-02 -5.18384688e-02 -3.76979560e-02
 -3.17952447e-02  2.19671428e-02  3.85503657e-02  2.70640347e-02
 -7.63282478e-02  1.03875540e-01 -2.92969681e-02 -1.91211142e-02
  4.23213653e-02  4.95439582e-03  4.85607237e-02  5.02502844e-02
  1.30012818e-02 -2.60172114e-02  2.93463916e-02  9.57414955e-02
  3.52528132e-02 -4.42201793e-02  1.43693034e-02 -2.51109973e-02
 -7.70237297e-02 -9.52913687e-02 -4.47366871e-02 -9.41595659e-02
 -2.59539764e-03 -1.26119899e-02  8.20878614e-03 -6.19556792e-02
 -2.95565594e-02 -4.27200533e-02  3.41579765e-02 -5.02084091e-04
 -3.00382003e-02 -1.89252812e-02  4.37179767e-02 -6.11736402e-02
  2.79853903e-02 -6.42527863e-02 -2.07235217e-02 -2.18733978e-02
  8.45526680e-02 -2.10564993e-02 -9.17030424e-02  2.87472475e-02
  1.00640893e-01  7.32735246e-02 -4.29532006e-02  9.35131684e-02
 -1.01452162e-02  1.78359766e-02 -2.33976170e-03 -1.58628561e-02
 -5.75798517e-03 -5.97963035e-02  4.22031507e-02 -1.17575238e-02
  3.97013128e-03  3.91095085e-03  7.51854256e-02  6.64167330e-02
  1.13268524e-01 -1.07284132e-02 -3.77447084e-02 -2.31292900e-02
  3.36776040e-02 -1.38704013e-03  1.88854020e-02 -2.25956254e-02
  6.18289635e-02  5.19074406e-03 -9.07039046e-02  4.43285704e-02
  6.67704120e-02  1.78690795e-02 -1.05950765e-01  3.86274932e-03
 -4.39076610e-02 -3.57128233e-02 -1.21811302e-02  1.94087461e-01
 -1.41280005e-03  5.02700917e-02 -2.97651440e-02 -2.10272409e-02
 -4.83780243e-02 -3.86787355e-02 -9.07786936e-03  6.36170655e-02
 -1.49172023e-02 -4.08357009e-03 -4.60484587e-02 -9.78361070e-03
 -5.33926673e-02  1.02120578e-01  3.39171961e-02 -1.53101832e-02
  7.39554167e-02 -5.02446443e-02  6.67683780e-02 -1.66818388e-02
  4.17237878e-02  1.31767010e-02  3.22599858e-02  9.48042329e-03
  6.20074454e-04 -2.80210432e-02  3.61135341e-02 -5.52840393e-33
 -1.48394601e-02 -3.34775522e-02  9.89520699e-02 -6.85551912e-02
 -2.94705592e-02  4.71741818e-02 -9.15629566e-02  1.37880892e-02
 -1.79847945e-02  5.16757928e-03  7.73872808e-02  2.91417111e-02
 -2.75963433e-02  1.77336913e-02  1.29787073e-01 -1.06546946e-01
 -4.13528904e-02  4.55355272e-02  2.12636534e-02 -2.50718109e-02
 -4.47093602e-03  6.01316430e-02  8.44855886e-03  3.08014601e-02
  9.07533020e-02 -3.71237732e-02  4.63145263e-02  9.65213217e-03
 -3.71443592e-02  1.91891808e-02  5.05467225e-03  5.53693138e-02
 -1.00778893e-01 -6.49165809e-02  1.78201981e-02 -2.91374754e-02
 -1.17507905e-01  7.11434931e-02 -3.52123342e-02  1.40156411e-03
 -4.16946560e-02 -2.99997497e-02  6.44450560e-02 -7.87003338e-03
  4.77563292e-02  4.65479232e-02  4.81169149e-02  5.75945191e-02
 -9.17959288e-02  1.41532915e-02 -3.60856541e-02  3.18858027e-02
 -1.17478035e-01 -5.55104725e-02 -1.34805748e-02 -9.49740931e-02
  1.08085293e-02  1.17899748e-02 -6.47198111e-02 -1.11516349e-01
 -4.49610082e-03  4.77622002e-02 -1.05567649e-01 -2.63494789e-03
  6.43549860e-02  1.48124760e-02 -8.25338997e-03  5.63167743e-02
 -1.48336114e-02 -1.08926147e-02  1.56978834e-02 -4.64977697e-02
  5.14241047e-02 -1.26619134e-02 -2.74164844e-02 -3.29976268e-02
 -2.37195287e-02  3.76674533e-02 -6.72404841e-02  8.07582885e-02
 -8.06140229e-02  8.10746402e-02 -3.86328474e-02 -7.41092637e-02
  1.20861135e-01  2.08178000e-03  2.19565239e-02 -6.61599543e-03
  8.28580037e-02  3.42445485e-02 -3.27432901e-02  2.21828036e-02
  4.93733808e-02 -1.77856088e-02 -7.77353570e-02  2.92105038e-33
  6.09750375e-02  3.88426259e-02 -6.63989782e-02  2.79159583e-02
 -5.53466603e-02 -6.01773188e-02 -1.09983422e-01  3.36026750e-03
 -9.33929550e-05  3.32125067e-03 -8.83268472e-03  5.21280505e-02
  5.92173524e-02  4.77920659e-02  1.07878400e-03 -9.70176980e-03
 -3.10023893e-02 -1.45024024e-02 -6.69280440e-02 -1.78756732e-02
 -3.16871330e-02  1.60111077e-02 -3.63075957e-02  4.25581224e-02
 -5.90747818e-02  5.28500564e-02 -5.77046629e-03  4.52349521e-02
  6.16407804e-02 -2.10503265e-02  1.42845968e-02 -3.18131484e-02
 -5.13933450e-02  7.18569942e-03 -2.67034210e-02  1.98693238e-02
 -2.73500197e-02 -4.33276743e-02  6.31152540e-02  5.41477688e-02
  5.77913448e-02 -6.60759211e-03 -1.04236215e-01  4.86186258e-02
  3.26525830e-02 -4.29465016e-03 -6.47674352e-02 -4.81524214e-04
  4.36642915e-02  2.74656573e-04  8.64008963e-02  4.58669178e-02
 -7.32465982e-02 -9.47188735e-02  1.20803146e-02 -5.71760722e-03
  1.09920511e-02  4.61515002e-02 -5.11154272e-02 -6.00319952e-02
  3.62726972e-02  5.81586920e-02  3.99780460e-02  1.01935655e-01
 -1.90357901e-02  1.56874415e-02  5.85634150e-02 -5.15712984e-03
  2.64164736e-03 -5.89668043e-02  2.02981811e-02  1.42573789e-02
 -1.51132405e-01 -2.72336490e-02 -3.34407575e-02  2.20838301e-02
 -2.90264077e-02 -3.90031259e-03 -3.15845162e-02 -1.64761264e-02
 -6.92284405e-02 -3.84390578e-02  1.87562115e-03 -2.44203433e-02
  6.09043380e-03 -6.55906275e-02 -5.36674410e-02 -7.88323507e-02
  4.57958458e-03  7.60348365e-02  9.78236739e-03 -1.57828536e-02
 -1.55801430e-01  9.45107788e-02  3.00860088e-02 -1.25546196e-08
  6.05057143e-02  2.95662526e-02 -1.74850374e-02  2.85795908e-02
 -1.44425500e-02 -2.65439674e-02  8.05598199e-02 -3.44175622e-02
  5.89632951e-02  1.07937708e-01  8.94644111e-03  1.78459845e-02
  2.18603462e-02  8.73749629e-02 -3.82472500e-02 -2.86708283e-03
 -6.67365361e-03 -1.20435245e-02 -6.73184097e-02 -2.14520749e-03
  1.76874567e-02 -3.53974216e-02 -3.22567560e-02  6.17222786e-02
 -3.87332439e-02 -3.67024839e-02  5.47896028e-02 -1.33393304e-02
  1.81088559e-02  3.96246165e-02  7.25238547e-02  5.66703342e-02
 -4.37665507e-02 -3.11234202e-02 -6.73405379e-02 -8.23970884e-02
  4.70331125e-02  3.90243419e-02  8.42126831e-03 -3.68036330e-03
 -2.35822760e-02  4.37031053e-02 -6.66967556e-02  5.79174720e-02
  1.87370982e-02 -4.97251078e-02  1.47886956e-02  5.74118495e-02
 -3.46751027e-02  4.61712368e-02 -5.07141091e-03 -1.56043917e-02
  2.25546844e-02  3.85336988e-02 -1.84016619e-02 -2.51526870e-02
  3.09344139e-02  4.52180319e-02 -6.07753582e-02  1.50869302e-02
  1.12989694e-01 -5.29464781e-02  4.81697209e-02  5.69882914e-02]"
9,Carbon Emissions,Environment,diesel,2,0.4114,"[-6.50496632e-02 -5.60521660e-03 -1.46752074e-02  8.03681463e-02
  4.37995493e-02  2.53344681e-02  5.97642139e-02  7.41386637e-02
 -5.97524829e-02 -7.47452453e-02  1.63771622e-02 -5.51579781e-02
 -4.85414155e-02  2.25657690e-02 -2.38357000e-02 -2.27272650e-03
 -3.60809150e-03 -6.86855093e-02 -3.79498191e-02 -6.56505004e-02
  8.94646719e-03  1.10867023e-02  2.12986451e-02  5.66414744e-02
  1.50103448e-03  6.84707910e-02 -4.06156965e-02  3.23405899e-02
  2.07792055e-02 -1.23516887e-01  2.92289536e-02  3.34414765e-02
 -5.56647927e-02 -1.84792746e-02 -1.94062088e-02 -2.65673008e-02
  8.79505090e-03 -7.04610627e-03  5.33229336e-02 -3.29016149e-02
 -7.55908787e-02 -1.53259739e-01  1.55495601e-02 -7.99615756e-02
  6.30603805e-02  3.26982327e-02  8.05219933e-02 -2.13215817e-02
  9.59646851e-02 -4.61681783e-02  1.92730781e-02 -3.34273688e-02
 -3.84985842e-02  3.97063047e-02  9.21565369e-02 -1.18528828e-01
  3.92876267e-02 -9.84279718e-03 -2.55081505e-02  5.52274175e-02
 -3.94480862e-02  2.82543954e-02 -2.35242639e-02  3.91129963e-02
  9.86758992e-03 -2.72966996e-02 -4.45784517e-02 -3.68093327e-02
 -5.58758620e-03  2.16920916e-02  4.09629717e-02 -6.70117559e-03
  3.64730060e-02 -8.85047112e-03 -3.65375131e-02 -5.59696220e-02
  7.99798593e-02  1.63743626e-02  1.07915834e-01 -5.51913641e-02
 -3.99141684e-02 -9.84531827e-03 -3.91873010e-02  2.63415165e-02
 -3.18154023e-04  2.00515799e-02  6.77789152e-02 -3.61661129e-02
 -4.73924689e-02  7.69616514e-02 -1.18293226e-01  2.50383001e-02
  7.97206610e-02  6.26767874e-02 -2.33806670e-02  7.94581994e-02
  8.77121314e-02  3.85452844e-02  9.06771794e-03  1.32240444e-01
 -2.09060386e-02  5.50013669e-02 -1.08404510e-01  7.60703254e-03
 -7.14741722e-02 -1.47817442e-02 -5.64273186e-02  7.80733451e-02
  4.01909724e-02 -3.76679637e-02  2.01218650e-02  3.23910080e-02
 -2.54413169e-02  7.39514478e-04 -1.07389264e-01 -4.16231155e-02
  2.76712049e-02 -8.85447562e-02  1.36297112e-02  7.06612393e-02
 -7.82765076e-02 -1.06041348e-02 -6.58001238e-03  8.45337138e-02
 -2.35729553e-02 -4.25019786e-02  4.60338518e-02 -4.32963516e-33
 -6.38854429e-02 -7.14938343e-02  2.75051352e-02  1.37220072e-02
 -1.48403673e-02  2.89968913e-03 -7.86156952e-02 -4.23706658e-02
 -2.69511510e-02  3.34900133e-02 -5.56223933e-03  6.97338730e-02
 -1.20616294e-01  7.85060078e-02  6.35805726e-02 -4.68988344e-02
 -5.93991056e-02 -4.21172893e-03 -2.55154893e-02 -6.18609600e-02
 -4.58313674e-02  1.02759721e-02  2.53091771e-02  2.92194430e-02
  4.37199557e-03 -5.97139401e-03  7.09352866e-02 -3.00898086e-02
 -1.37382019e-02  4.75987494e-02  1.61388796e-03  4.80037592e-02
 -4.23862375e-02  2.39689518e-02 -5.36080562e-02  8.32822546e-03
 -6.79475367e-02 -6.31526336e-02 -8.07931796e-02  6.97764680e-02
  6.13530464e-02  4.83856834e-02 -6.58737421e-02 -4.85515296e-02
 -4.96412814e-03  5.46864718e-02 -2.07016710e-02  9.26652458e-03
 -1.70058068e-02  1.27601344e-02 -5.91461509e-02  3.43100652e-02
  3.78742535e-03 -2.07797401e-02  4.03735489e-02  3.90394288e-03
  8.50563645e-02 -5.08832596e-02 -1.18997619e-02  1.14284456e-02
 -4.97462116e-02  1.15377031e-01 -1.72317084e-02  3.14187445e-02
  3.58350389e-02 -2.42592357e-02  1.40804797e-02 -1.56132467e-02
 -4.63370457e-02 -2.30572131e-02 -3.50923911e-02 -4.69692200e-02
  1.19052470e-01  5.31921862e-03 -1.53146917e-02  4.35492843e-02
 -2.07127146e-02  2.65075825e-02 -4.40351292e-02 -3.28327864e-02
 -6.33350611e-02  4.53316577e-04  2.55810749e-03 -1.48986811e-02
  2.03253552e-02 -6.21220283e-03 -4.90388833e-02 -3.82628217e-02
  3.26272622e-02  3.13657522e-02 -9.94603783e-02 -1.08988702e-01
  2.74687484e-02  4.33714315e-02 -4.92569879e-02  2.89656612e-33
 -1.93889737e-02  3.47254463e-02  2.86494549e-02  8.57910961e-02
  5.26677556e-02  7.35020684e-03  6.06750622e-02 -4.21366608e-03
  8.64678025e-02  1.42850757e-01  2.25999206e-02 -5.33890389e-02
  3.76981907e-02  3.63149121e-02 -1.38466491e-03  3.64747457e-02
 -5.12312632e-04 -4.14864458e-02 -2.22842768e-02 -2.53026653e-02
 -3.66944820e-02  6.03080681e-03 -4.29510809e-02  1.67686455e-02
 -2.46422011e-02  1.13432400e-01 -6.37142658e-02  4.98259626e-02
 -6.38055801e-02 -4.10243534e-02  2.73644328e-02  1.81203634e-02
 -4.94449586e-03  5.18498383e-02  4.25120210e-03  1.74735393e-02
  3.97828929e-02  6.12737127e-02  6.54774252e-04 -1.21479249e-02
  4.55041490e-02 -6.07587323e-02  6.36345521e-02  9.64811370e-02
 -2.11210269e-02 -3.34785469e-02 -3.61659005e-02 -7.87555054e-02
  8.07966366e-02  8.77569690e-02  5.48508614e-02  3.26463929e-03
 -1.28380873e-03  2.70350371e-02 -6.14741333e-02 -1.45480689e-02
 -3.25307362e-02  4.75077182e-02 -2.82136966e-02  6.54170383e-03
  8.83708298e-02  6.74267020e-03  8.59654695e-03  6.23428263e-02
 -1.44720539e-01 -8.11029300e-02 -7.39568025e-02 -9.57206637e-02
  5.64497896e-02 -2.03394555e-02  7.47671649e-02  2.60964017e-02
  4.63581644e-02  1.81548130e-02 -9.14169177e-02 -9.10444632e-02
 -4.23679920e-03  1.03081735e-02  1.77769773e-02 -1.90898199e-02
  3.48335691e-02 -8.62730388e-03 -1.00220349e-02  3.02846748e-02
  3.19151729e-02 -1.69314835e-02  2.40329024e-03  9.86150000e-03
  1.09429948e-01 -3.16887163e-02  5.64407408e-02  5.86106591e-02
 -6.60206750e-02 -3.06517128e-02 -8.06586593e-02 -1.05014024e-08
 -7.44707789e-03 -7.23041967e-03  3.62952633e-05  5.18440381e-02
  2.66545899e-02 -1.59812272e-02  1.93887949e-02  4.48428802e-02
  1.63359940e-02 -2.03356706e-02  4.49352451e-02  4.19720374e-02
  5.10966443e-02  9.90769453e-03  2.09805109e-02 -4.94749174e-02
 -5.58223650e-02  3.55887786e-02  1.58293836e-03 -8.41170363e-03
  2.45600641e-02 -9.89943836e-03  7.96487741e-03  7.14562461e-02
 -3.92619660e-03 -4.29231487e-02  3.44812609e-02 -2.57923384e-04
  8.40704218e-02  6.80497214e-02 -5.91626950e-02  1.14419840e-01
 -2.61283275e-02  3.16685392e-03 -2.43445076e-02 -3.11654303e-02
  8.92682225e-02  9.08229128e-03 -5.11153825e-02  2.72145495e-02
  9.65916179e-03 -6.54787757e-03 -1.36218099e-02 -6.14167899e-02
  2.97414474e-02 -1.77354012e-02 -1.13012768e-01 -4.22877297e-02
 -1.81355234e-02  9.40158311e-03  7.42803439e-02 -2.56402628e-03
  2.86600385e-02  9.86078605e-02 -1.57848168e-02 -1.44303180e-02
 -7.25929067e-02 -7.22985901e-03 -1.01021059e-01 -3.76465358e-02
  6.85611740e-02 -4.46260236e-02  1.02631830e-01  3.24367732e-02]"
10,Carbon Emissions,Environment,greenhouse,3,0.4111,"[ 2.24615559e-02  7.53499940e-02 -1.54952509e-02  1.28002269e-02
  9.46987793e-02 -3.58220711e-02  7.92173669e-03 -3.26931365e-02
  2.36453209e-02  6.27123117e-02  4.45852391e-02 -8.36820081e-02
 -6.24193205e-03 -2.24411968e-04  5.36655486e-02 -3.73779461e-02
 -5.48011251e-02 -1.40220188e-02 -4.10601720e-02 -8.17977041e-02
 -8.81969482e-02  1.99867040e-03 -2.52882093e-02  1.75891202e-02
 -1.22616421e-02  6.65960908e-02 -1.15648203e-01  1.25672013e-01
  2.09764037e-02 -3.63205075e-02  2.35258862e-02  5.49672581e-02
 -4.64675464e-02  1.98878087e-02  2.78606694e-02  3.46076190e-02
 -1.00106737e-02 -8.86390284e-02  9.07367747e-03  5.83779141e-02
 -1.64354015e-02 -8.79765004e-02  3.27678807e-02 -7.64228776e-03
 -8.16880316e-02  9.01531801e-03 -3.25437784e-02  1.89282633e-02
  5.68858646e-02 -9.56607163e-02  9.80106741e-03  1.31029825e-04
 -5.71297072e-02  1.57145094e-02 -5.59902713e-02  2.65607424e-02
  3.71910296e-02 -3.43240537e-02  3.50740515e-02 -1.07866963e-02
  1.27238035e-01 -7.93552473e-02 -7.73530975e-02  2.69707199e-02
  5.71890473e-02  2.35616714e-02 -8.81289393e-02  6.37405515e-02
  5.16144633e-02 -5.57653196e-02 -1.08380113e-02  2.32501719e-02
 -9.37359594e-03 -1.51372366e-02  4.84872982e-03 -1.32364770e-02
 -1.21054407e-02  1.77662186e-02  1.23763263e-01  9.93057899e-03
  1.36357263e-01  4.30771634e-02 -9.97649506e-02 -5.13038179e-03
 -3.29788551e-02 -2.28607599e-02  2.82224789e-02  3.38459201e-02
  5.04528210e-02 -1.72699464e-03 -2.24682931e-02 -2.30395142e-03
  2.17067413e-02  4.85051870e-02 -1.80033818e-01  2.63959207e-02
  1.69840269e-02 -1.45467564e-01  3.26044448e-02  1.43210575e-01
 -4.95884859e-04 -4.13387902e-02  1.85816586e-02 -1.98486373e-02
 -6.19265363e-02 -5.82437292e-02 -7.89813977e-03  5.58547154e-02
 -7.19373766e-03 -2.00515799e-02 -1.25943512e-01 -2.72763241e-03
 -6.23303764e-02  1.17245782e-02  3.05067073e-03 -2.56494023e-02
  1.26302719e-01 -4.19892222e-02  1.56459399e-03 -1.62999276e-02
  4.29317355e-02 -2.91199074e-03  3.04816011e-02  4.64285798e-02
 -3.80381830e-02 -5.58182187e-02 -9.41389892e-03 -4.27936882e-33
  4.73220367e-03  2.23628562e-02  7.34597221e-02 -5.36813075e-03
  1.31998166e-01  4.39024903e-02 -3.48749310e-02  1.65963955e-02
 -2.52653304e-02 -3.41144651e-02  6.21859282e-02  1.34546508e-03
 -4.55154143e-02  2.22597104e-02  7.64653981e-02 -3.46040092e-02
  5.44059835e-03  1.08883634e-01 -5.71641475e-02 -6.32587168e-03
 -6.44713566e-02  4.26398180e-02  1.76975727e-02  7.23491460e-02
  9.33447927e-02 -9.63444114e-02  4.94795404e-02 -2.66006347e-02
 -6.21283948e-02  1.12077314e-02  1.16029948e-01  1.96317509e-02
 -5.37137054e-02  7.52803087e-02  4.06279601e-02 -3.16077545e-02
 -5.88043779e-02 -4.06043231e-02  1.73889659e-02  2.31794547e-02
  1.99899580e-02  3.53742503e-02  1.17601931e-01  6.76679164e-02
  5.30120991e-02  3.25115323e-02  3.81186232e-02  7.09813386e-02
 -1.58270132e-02  3.95913720e-02 -3.18881683e-02  4.82355319e-02
 -1.46026284e-01 -4.61825839e-04  2.73378473e-02  3.30238719e-03
  8.23024884e-02 -1.67502835e-02 -4.07223254e-02 -7.24788010e-02
 -4.22561020e-02  1.28518268e-01 -9.41142663e-02 -5.83044030e-02
 -9.14750528e-03 -3.27972025e-02 -3.53320949e-02  6.62292615e-02
  2.48304405e-03  2.66506076e-02 -3.83553840e-02 -7.65489340e-02
  3.89566533e-02  1.62663870e-02  1.40292489e-03 -2.09444575e-02
 -2.89100669e-02  5.01030646e-02 -5.92473857e-02  6.65018335e-02
 -1.68650337e-02  3.90627887e-03 -7.04942495e-02 -5.45723699e-02
 -1.06195301e-01 -7.16411993e-02  8.20163544e-03  6.74091578e-02
  2.09945757e-02  3.88061069e-02  3.90791148e-02 -1.06591173e-02
  7.88392946e-02 -1.36661911e-02 -6.36148304e-02  3.03796909e-33
 -4.29352559e-02 -1.77526288e-02 -1.49048902e-02  6.46010414e-02
  6.53909966e-02 -4.22075093e-02 -5.36536463e-02 -7.27801099e-02
  4.38438216e-03 -8.70867539e-03  3.57825309e-03  7.25079626e-02
  1.66634154e-02  4.30707857e-02 -7.67267169e-03  2.29035178e-03
  4.61334921e-02 -1.85901113e-02 -3.68010881e-03  5.59803732e-02
 -6.25115484e-02 -4.31196056e-02 -8.42643378e-04  4.41993698e-02
 -5.42450622e-02  1.23819234e-02  4.97517586e-02  4.02959697e-02
  1.67458989e-02  3.58463936e-02 -9.20068771e-02 -3.76883596e-02
 -6.85647503e-02  4.02544253e-02  5.49760321e-03 -2.37987675e-02
  3.72918323e-02 -8.20419416e-02 -8.31062347e-02 -1.86842133e-03
  5.00297844e-02 -6.34506643e-02 -1.58414000e-03  4.30786461e-02
  1.09350514e-02  6.30284892e-04 -8.53662714e-02  5.69892637e-02
  4.38764691e-02  3.91581319e-02 -3.95036256e-03  3.55814807e-02
 -4.87883538e-02 -2.22816002e-02 -1.91547873e-03 -3.92882153e-02
 -2.03429591e-02  8.20575655e-02 -3.63829769e-02  1.37878060e-02
  7.96451271e-02  1.58633459e-02 -2.77980440e-03  5.60107678e-02
 -5.52058108e-02 -1.76602155e-02  1.42245013e-02  3.81090865e-02
  1.80457477e-02  6.08930248e-04  3.41856340e-03  6.99348152e-02
  3.27864438e-02 -8.26254711e-02 -7.65152425e-02 -4.78541013e-03
  5.67892753e-02 -5.86635098e-02 -5.00804838e-03  1.56089719e-02
 -7.26481155e-02  2.10678205e-02  1.63968299e-02 -6.61097793e-03
  7.55589232e-02 -7.25110099e-02 -2.40118820e-02 -5.26826680e-02
 -7.48649007e-04  7.22881705e-02  8.42604600e-03  2.63919607e-02
 -1.57739781e-02  1.32778650e-02  4.67015654e-02 -1.01778550e-08
 -1.89789012e-02 -6.19373168e-06  6.16026148e-02 -2.77451854e-02
  3.54463719e-02 -4.96819057e-02  1.20153561e-01 -5.79420142e-02
  3.92802246e-02  3.66442241e-02 -2.40655392e-02  7.15583861e-02
  1.07413761e-01  5.57986535e-02  9.89731168e-04 -6.42806962e-02
 -1.23774288e-02 -6.30416647e-02 -1.15314648e-02  5.89416251e-02
 -2.75676418e-02 -1.65427867e-02 -1.87336851e-03  1.48786383e-03
  4.69985139e-03 -3.83926835e-03  6.75443113e-02  6.41154125e-02
  1.71029158e-02  4.61505875e-02  4.69937474e-02 -1.62052847e-02
  1.30444467e-02 -5.90797979e-03 -3.00873816e-02 -4.28049937e-02
 -2.33165473e-02  1.68122668e-02 -6.48431927e-02 -9.36975926e-02
  2.65054721e-02  2.75862422e-02 -5.31664714e-02  1.85014680e-02
 -8.30843206e-03  1.99897755e-02 -3.48292850e-02 -4.93491767e-03
 -2.98312884e-02 -2.60447431e-03  1.37449857e-02 -5.62240668e-02
  2.88405232e-02 -6.20591640e-03 -1.85303632e-02 -1.25278877e-02
 -1.21802865e-02 -1.36487046e-02 -2.21947301e-02  7.02654719e-02
 -3.66489403e-02 -1.75184421e-02 -1.29061081e-02  5.14601618e-02]"
11,Carbon Emissions,Environment,environment,12,0.4013,"[ 2.33644731e-02  2.18580198e-02  4.84402329e-02  2.53892560e-02
  9.61136594e-02 -5.16454242e-02  6.97700456e-02 -1.41005013e-02
 -3.41628045e-02  1.94270946e-02 -1.80527824e-03 -1.22163437e-01
  5.87061746e-04  2.41899900e-02  3.53952348e-02 -8.96298327e-03
 -3.78377736e-02 -1.04786418e-02 -6.04017824e-02  1.46315796e-02
 -8.17503706e-02  8.54109153e-02 -1.87415183e-02  4.12513007e-04
 -1.00401200e-01  6.98208660e-02  1.22120855e-02  8.91624540e-02
  3.49422768e-02 -1.38685942e-01  1.29033001e-02  1.06855422e-01
  5.68192303e-02 -4.38616201e-02  1.94474403e-02  1.23612463e-01
  3.45581844e-02 -3.53549533e-02  8.73706210e-03 -1.85381696e-02
 -4.21698317e-02 -6.35177419e-02 -2.88589089e-03 -6.79324567e-02
 -4.53753583e-02 -5.01465499e-02  3.68279815e-02 -7.81768784e-02
  4.09625545e-02 -6.07624538e-02  7.90585857e-03 -1.50915422e-02
 -1.08964741e-01 -1.88317359e-03  5.00403810e-03 -3.61914672e-02
  1.03831235e-02  5.69124660e-03  1.27366302e-03 -1.31937945e-02
  1.23778999e-01 -2.89570278e-04 -6.76719099e-02  9.64008197e-02
  1.14906214e-01  3.15997074e-03 -6.37826025e-02  1.12660810e-01
 -1.29361628e-02 -1.08178973e-01 -2.24746782e-02 -1.38711547e-02
 -3.07310931e-02 -8.17129463e-02 -1.01908408e-02 -1.44987917e-02
 -3.43085229e-02 -1.60658490e-02  1.09193616e-01 -8.87072994e-04
  8.14530626e-02 -2.56949719e-02 -1.11542843e-01  3.94444689e-02
 -9.65291914e-03 -8.16686824e-03  3.31681781e-02 -4.32622433e-03
  2.98048444e-02  7.05209151e-02 -2.06467118e-02 -6.68823868e-02
  9.65704247e-02  1.36720743e-02 -3.91561054e-02  5.08231334e-02
  2.76354328e-02 -6.18121438e-02  7.39366263e-02  2.06648201e-01
 -1.18304044e-02 -1.79128554e-02  1.61861070e-02  3.05576269e-02
  1.65510532e-02 -8.85703489e-02  1.16048930e-02  2.61527300e-02
  4.64541130e-02 -1.06099425e-02 -8.16501006e-02 -1.95546001e-02
 -2.64935251e-02  6.88949414e-03  6.85297921e-02 -3.63771692e-02
  6.51407242e-02 -3.79089639e-02  1.81040633e-02  5.48403803e-03
  4.22726534e-02 -2.95765847e-02  1.77190118e-02  7.02168047e-03
  2.20425446e-02 -3.82844545e-02  4.90661226e-02 -5.26335604e-33
  3.95574197e-02 -1.03494972e-01  5.49935289e-02 -1.52555518e-02
  6.25433326e-02  4.10627499e-02 -1.80450492e-02 -6.97509339e-03
 -2.21378393e-02  1.93453114e-02  2.09278520e-02  6.51206598e-02
 -6.19755052e-02  4.08728458e-02  1.40061140e-01 -8.89539067e-03
 -5.86254969e-02  8.38092491e-02 -4.02802378e-02  2.35806033e-02
 -6.18906543e-02  4.38132882e-03 -3.66587117e-02  1.41741587e-02
  4.78837416e-02 -5.16073518e-02  6.20960891e-02 -4.83354814e-02
 -2.39072833e-02  4.82434127e-03  7.42773041e-02  2.29782909e-02
 -4.74663340e-02  3.71650681e-02  3.35917361e-02  3.67151722e-02
 -2.46649534e-02  1.96771882e-02 -2.69506052e-02 -5.48793115e-02
 -4.42420617e-02  1.71992648e-02  5.32386042e-02 -1.93753503e-02
  6.57054782e-02  7.61341862e-03  1.09702006e-01  4.98276092e-02
 -3.27400230e-02  2.81997323e-02 -4.79887798e-02  1.27907014e-02
  6.72886334e-03 -1.70785841e-02  2.57480610e-02  1.77239580e-03
  5.27571738e-02 -1.37507869e-02 -2.70013120e-02 -4.22072178e-03
  3.19309048e-02  1.29968867e-01 -6.11014850e-03 -6.60958737e-02
  8.52966979e-02 -3.28664631e-02  5.83361555e-03  2.27541421e-02
  2.71526556e-02  1.59754381e-02 -1.10382475e-01 -4.36896086e-02
  9.96702630e-03  5.20829596e-02 -2.97340825e-02 -3.40342186e-02
 -5.93370236e-02 -1.50742475e-02 -7.59957507e-02  3.31646465e-02
 -8.03051069e-02  3.76475416e-02 -5.03134876e-02  1.40681509e-02
  8.85243155e-03  2.95624249e-02  7.97884725e-03 -7.77019709e-02
  2.27048863e-02  5.94608448e-02 -2.97099315e-02 -2.91036405e-02
  3.92825454e-02  1.71548780e-02 -6.01729155e-02  3.46829535e-33
 -3.18984203e-02 -2.65864879e-02 -4.55456637e-02  8.44374858e-03
  1.45142088e-02 -2.12465320e-02 -5.16113974e-02  4.26219031e-02
 -3.59162800e-02  4.24568094e-02 -7.53761902e-02  8.84887278e-02
  1.19863234e-01  3.75612266e-02 -1.22323940e-02 -3.76544409e-02
  3.20453867e-02  8.52147583e-03  1.62867587e-02  1.93882696e-02
 -4.90693860e-02  1.64304972e-02 -3.09050921e-02  2.09064279e-02
 -9.05316919e-02  7.90200233e-02  1.38924653e-02  1.87219214e-02
 -2.86406511e-03  2.83480790e-02 -4.26415317e-02  1.76433604e-02
 -5.08972481e-02  8.33589062e-02 -5.84149696e-02  2.79677194e-02
  4.45216186e-02 -1.12980381e-01 -8.94009620e-02 -2.94840559e-02
  7.47299418e-02 -4.07969467e-02  1.53344134e-02  6.01530783e-02
 -1.44062773e-03  3.27702761e-02 -4.52851206e-02 -4.28736676e-04
  1.70291904e-02 -1.78245623e-02  2.37181187e-02  1.95850413e-02
 -5.56834564e-02 -2.08660029e-02  3.14949676e-02 -4.81543317e-02
  2.97331391e-03  5.53190112e-02 -6.80504460e-03  2.68062786e-03
  4.83568124e-02  6.19467534e-02 -2.61719730e-02  4.28740606e-02
 -1.16639413e-01  3.17427740e-02 -2.40533501e-02  6.62343502e-02
 -7.50383735e-02 -4.30174582e-02  1.72801223e-02 -2.12994665e-02
 -1.08222477e-01 -4.84736972e-02 -4.74335849e-02 -4.91533503e-02
 -4.66140769e-02 -3.44758108e-02 -2.72409283e-02  1.64527632e-02
 -4.46931310e-02 -9.36014391e-03 -3.87573540e-02  2.07285676e-02
 -2.33777054e-02 -4.94104549e-02 -3.72339562e-02 -2.67811622e-02
  1.14253964e-02  3.74468416e-02 -3.14212888e-02  3.35009955e-02
 -1.31737918e-01  5.97790889e-02 -3.66999060e-02 -1.19952857e-08
  1.45915747e-02 -1.86945274e-02  8.24242383e-02  5.39038284e-03
 -3.81034240e-02  2.98110396e-03  9.74817649e-02  1.25247035e-02
  2.90639773e-02  1.17605813e-01 -2.24858578e-02  1.32963089e-02
  8.45004395e-02  1.16270021e-01  3.32873277e-02  4.63178335e-03
 -4.06811498e-02 -2.50607673e-02 -7.83652663e-02  1.06120519e-02
  4.05148380e-02  1.92327648e-02 -8.44392180e-03  3.48386876e-02
 -6.79071993e-03 -6.09513521e-02 -1.51927201e-02 -6.20927429e-03
  3.17065008e-02  4.04941551e-02  4.90804203e-02  8.48616660e-02
 -6.22213446e-02 -2.13269666e-02 -8.12063366e-02 -2.26048920e-02
  1.98088475e-02 -3.74044292e-03 -7.71847228e-03 -1.00763300e-02
 -8.04642886e-02  5.64307114e-03  1.27659822e-02 -4.18242253e-02
  1.64447073e-02 -3.60355265e-02 -2.57604825e-03 -3.12748551e-02
 -2.45842747e-02 -9.68676247e-03 -2.32992526e-02 -7.58328736e-02
  1.70359444e-02  3.99080999e-02  1.16938435e-01  1.17092254e-03
 -7.49916630e-03 -2.00981852e-02 -4.92538251e-02  6.69232383e-02
  2.91147456e-02  4.12308723e-02  2.07546111e-02  2.29336061e-02]"
12,Carbon Emissions,Environment,renewable,3,0.4002,"[-6.88645020e-02  9.91182327e-02  3.06087732e-02  4.21508849e-02
  6.26726523e-02  1.73113309e-02  2.44722962e-02 -2.26443298e-02
 -1.73315536e-02  2.11048145e-02  2.80795572e-03 -4.72380668e-02
 -1.85474157e-02 -6.68225577e-03  3.91185880e-02  3.73119526e-02
 -4.20459956e-02 -6.67875959e-03 -4.98724915e-02  1.19579183e-02
  2.42173076e-02  2.40203571e-02  4.06166632e-03 -1.27670374e-02
  6.44235834e-02  1.00446738e-01 -1.01173125e-01  4.64974642e-02
  2.68401410e-02 -4.06126529e-02 -7.34664639e-03  1.13655634e-01
 -5.92951104e-02  1.76826864e-03  4.69816998e-02  1.17129363e-01
 -3.06254495e-02 -7.06875231e-03  1.12774391e-02  3.62830162e-02
 -6.25606328e-02 -8.02160576e-02  2.58233361e-02 -2.64091976e-02
 -4.97780517e-02  1.98561531e-02  2.42760722e-02 -6.31995276e-02
  4.86936606e-02 -6.93747178e-02  2.49333512e-02 -1.12363975e-02
 -4.96925488e-02 -9.82792582e-04  2.29088869e-02 -6.75811842e-02
  3.93980742e-02 -3.03464625e-02  2.39863060e-02 -1.25156268e-02
  1.27636433e-01 -7.94661567e-02 -6.33448288e-02 -1.63589753e-02
 -1.16906944e-03  9.38401930e-03 -2.54845303e-02  1.16857745e-01
  5.41633274e-03 -1.40019238e-01  2.38983817e-02 -3.42438668e-02
 -5.02387248e-03 -6.05308712e-02 -1.86578184e-02 -5.27672432e-02
  5.24434932e-02  6.00463292e-03  8.11523423e-02 -5.95496148e-02
  2.89434660e-02  1.29687125e-02 -7.20824376e-02 -8.35304633e-02
  1.56119019e-02  1.77322049e-02  3.51266116e-02 -1.69765782e-02
  6.00462332e-02  2.54249219e-02 -7.68416226e-02  3.27534229e-02
  8.78710523e-02  6.01405418e-03 -4.04931195e-02  9.67298448e-02
 -4.94378852e-04 -4.89650592e-02 -8.75034481e-02  1.85240254e-01
  6.94176182e-02  8.00174400e-02 -3.83970886e-02 -2.51035430e-02
  4.84019658e-03 -4.91755120e-02 -3.45934816e-02  9.19941068e-02
  6.59951940e-02 -5.13547845e-03 -3.26603204e-02  6.20796457e-02
  2.05761716e-02  2.82162111e-02 -1.67961027e-02  4.09132056e-02
  6.95014596e-02 -5.80501929e-02 -1.50000760e-02  1.53673543e-02
  3.49469110e-02 -3.98333482e-02 -5.97074861e-03  5.30621335e-02
 -4.70093377e-02 -5.67748509e-02  5.54753356e-02 -5.11301104e-33
  1.53499260e-03 -3.52021009e-02  1.32618085e-01 -9.94832162e-03
 -1.30582862e-02  4.83202748e-02 -8.36530402e-02 -2.14454159e-02
 -3.26145142e-02 -1.44144706e-02  8.69695470e-03  4.58647348e-02
 -8.84082541e-03  1.02539204e-01  6.70272261e-02 -1.33405343e-01
 -6.39313459e-02  3.59566323e-03  8.91262814e-02 -8.68387818e-02
 -6.80259690e-02  3.30491997e-02  4.27737013e-02  1.42598886e-03
  1.49301598e-02 -1.04681984e-01  1.04982890e-01 -7.20495060e-02
 -2.11082827e-02  4.56559025e-02  1.29195843e-02  2.41411291e-02
 -3.77243571e-02 -2.45970823e-02  1.12383552e-02  2.00612424e-03
 -7.80427232e-02  2.70579103e-02 -2.26060841e-02 -2.38728002e-02
 -2.26239022e-02  3.56821157e-02  2.95418408e-02  3.70542444e-02
  4.46342602e-02  5.38790748e-02  6.68225065e-02  5.85033670e-02
 -7.86777660e-02 -2.99710734e-03 -2.81845033e-02  7.86535591e-02
 -8.01723748e-02  1.47166825e-03  2.86215991e-02  1.98985450e-02
  5.12056798e-02  3.41893137e-02 -6.10214919e-02 -2.67707035e-02
 -7.90212490e-03  1.15315013e-01 -8.38590562e-02 -6.95065549e-03
  2.44491510e-02  1.80271268e-02 -3.03317569e-02  3.83403972e-02
 -7.74114579e-03  2.22484977e-03  1.46847656e-02 -1.19848736e-01
  2.49934308e-02  3.05259041e-02 -3.09925545e-02  1.80985481e-02
 -2.32849084e-02  4.25515622e-02 -6.86260164e-02  5.79772107e-02
 -7.22764134e-02  6.90109357e-02 -4.43741567e-02 -2.09311619e-02
 -6.26515672e-02 -2.91957613e-02 -2.06228974e-03 -3.18012312e-02
  3.22049297e-02 -2.26725009e-03 -4.94311191e-02  1.72462258e-02
  1.54165372e-01 -1.11326519e-02 -4.64611389e-02  2.94735519e-33
 -1.47339413e-02  2.40303092e-02 -7.37090856e-02 -2.66781282e-02
  5.65132052e-02 -4.27545905e-02 -3.13665234e-02 -6.66143745e-02
 -8.96491706e-02  1.57702882e-02 -1.96931474e-02  4.24099527e-03
 -4.24332097e-02  2.32236069e-02  4.36012372e-02  1.00780223e-02
  1.18730916e-03  5.95397651e-02 -4.38718833e-02  4.03477177e-02
 -3.21139507e-02  3.57457139e-02 -3.51469708e-03  6.71581179e-02
 -2.88441014e-02  5.24588041e-02 -5.38458563e-02  2.36389190e-02
 -1.06660770e-02  6.78979000e-03  1.71450712e-02  3.03048715e-02
 -7.95115456e-02  2.39808802e-02 -4.18242887e-02  1.42437881e-02
 -2.85837855e-02 -7.48336688e-02 -2.52086911e-02  2.83198263e-02
  6.59758747e-02 -2.71488372e-02  5.82139613e-03  5.49116842e-02
 -4.35603457e-03 -4.68432792e-02 -6.74092919e-02 -2.22052503e-02
  4.10588272e-03  1.93458050e-02  5.03155626e-02  8.75406619e-03
 -6.89551458e-02 -5.14620058e-02  3.12734768e-02 -6.02598079e-02
 -3.41917314e-02  8.35095346e-02 -5.07972389e-02 -6.92478567e-02
  2.56702397e-02  3.46063785e-02  1.38732754e-02  1.71042625e-02
 -2.78239548e-02  1.23884222e-02  2.11385582e-02 -5.57286479e-02
 -3.51957954e-03 -6.16358221e-02  5.37696593e-02  1.00362286e-01
 -1.15078151e-01 -5.10463826e-02 -2.78568566e-02 -1.72125269e-02
 -1.25566265e-02  1.40171889e-02 -5.85114062e-02 -5.40322326e-02
 -5.97468801e-02  5.84051479e-03 -3.55311073e-02 -7.17701912e-02
 -5.48173189e-02 -9.74914134e-02  4.18704227e-02 -1.20164134e-01
  4.00631465e-02  3.07164807e-02  8.56492389e-03 -3.83606404e-02
 -1.04530223e-01  8.27019736e-02 -2.16392111e-02 -1.13995142e-08
  4.84362245e-02  3.22509371e-02  7.66901020e-03 -2.10368214e-03
 -1.47545217e-02 -2.81850677e-02  3.62404138e-02  2.36539245e-02
  4.66176979e-02  2.53514815e-02  6.91761523e-02  2.38762926e-02
  9.77590904e-02  6.44158348e-02  2.72346493e-02 -4.30806763e-02
 -4.76674829e-03  5.70699014e-02 -4.91158813e-02  8.55839439e-03
  3.79119962e-02  1.59780821e-03 -2.27690265e-02  6.45154119e-02
 -2.51929350e-02 -6.78718369e-03  4.66948897e-02 -3.71291041e-02
  7.94797242e-02  5.84803671e-02  8.12743902e-02  5.52459434e-02
 -4.26119231e-02 -4.43195030e-02 -5.80165684e-02 -1.34606855e-02
 -3.32471393e-02 -2.68086344e-02 -1.18729556e-02  2.98559200e-02
 -3.70727219e-02  9.42974910e-02 -3.56290564e-02  4.46151085e-02
  5.42475842e-03 -2.43345127e-02 -3.50798666e-02  3.04233991e-02
  1.58073641e-02  1.79508701e-02  9.91921220e-03 -2.62393914e-02
  5.38775958e-02  1.39436219e-02 -2.84835696e-02  7.25900102e-03
 -4.60422151e-02  3.07660718e-02 -1.10538803e-01 -1.74768157e-02
  1.06952675e-01 -4.95753437e-02  2.23228373e-02  2.01475006e-02]"
13,Carbon Emissions,Environment,consumption,9,0.3803,"[ 3.73255983e-02  7.01996982e-02 -3.87057625e-02  5.99251576e-02
  4.23469432e-02  1.35226185e-02  1.26850203e-01  2.20453888e-02
 -1.84991453e-02  4.26424369e-02  3.33917439e-02 -3.13596204e-02
 -5.00074215e-02 -2.33081244e-02  8.53228476e-03 -7.74639621e-02
  6.52294606e-02 -4.04347256e-02 -2.26187725e-02  1.32768489e-02
  9.83311012e-02 -4.54757325e-02  1.58010032e-02  3.12250014e-02
 -8.75027850e-03  6.10613078e-02  6.06812537e-03 -2.47200746e-02
  6.88487142e-02 -1.34425405e-02  6.76460266e-02  6.36160895e-02
  8.28558654e-02 -5.58575578e-02  8.21885373e-03  2.23254580e-02
  6.03381246e-02 -5.85601665e-03  1.80414636e-02  6.37566624e-03
 -5.05985133e-02 -1.00658260e-01  6.61359355e-03 -5.93755674e-03
 -1.41284317e-02 -8.46966822e-03 -4.53834459e-02  4.54528034e-02
  1.82908829e-02  6.40924945e-02 -1.51432725e-02  2.05106661e-02
 -2.08960678e-02 -4.41396087e-02  8.19592848e-02 -4.62061688e-02
 -9.73131228e-03  1.36573082e-02 -1.40452078e-02 -2.04734355e-02
  1.96830165e-02 -2.43371911e-02 -5.96230179e-02  3.55196483e-02
  9.53655764e-02 -2.61486811e-03 -6.80619329e-02  5.20691313e-02
 -1.00469321e-01  4.95365746e-02 -1.74526200e-02 -5.74865416e-02
 -1.71829276e-02 -7.08468482e-02 -5.38424328e-02 -9.04866755e-02
  9.49116945e-02 -2.60676648e-02  3.70581374e-02 -1.60652678e-02
  1.24074868e-03  1.14830667e-02 -1.96665172e-02  1.83513332e-02
  3.93859670e-02  4.78986010e-04 -2.71459762e-02 -1.09254485e-02
  1.05001973e-02  8.90415255e-03 -1.65505055e-02  5.72091043e-02
  4.59788367e-02 -4.13215579e-03 -3.85637209e-02  8.14147573e-03
 -9.15893726e-03 -2.40600575e-02 -8.05231684e-05  1.82260975e-01
 -9.70102847e-03  8.70753378e-02  7.61618465e-03 -3.27599309e-02
 -3.58680263e-02 -8.01771358e-02 -6.36971965e-02  1.11825369e-01
  6.36194348e-02  4.60919663e-02 -2.63479687e-02  3.36271524e-02
 -3.27459723e-02  1.88986827e-02  5.11646010e-02 -1.87224280e-02
  1.00283716e-02 -6.14984147e-02  8.56312290e-02  9.72269699e-02
 -2.74052465e-04  1.05790608e-02 -1.40848979e-02  2.01180577e-03
 -6.60729632e-02 -7.15244859e-02  6.29890189e-02 -5.11432760e-33
 -1.17393389e-01 -1.13407955e-01  5.29461466e-02 -3.23224850e-02
 -8.46740305e-02  1.53410984e-02 -4.88992743e-02  6.50784280e-03
  1.30815571e-02 -5.22556938e-02  9.01301503e-02  1.29660582e-02
 -7.01000541e-02  9.27247927e-02  1.57781392e-01 -3.48166749e-02
 -1.69042510e-03  3.02622151e-02  5.31326607e-02 -2.49450635e-02
 -2.07661968e-02 -4.16847244e-02  2.06568204e-02  2.76151206e-02
 -4.33787191e-03 -6.68865368e-02  7.80214136e-03 -3.48518901e-02
  5.89064397e-02  3.75111178e-02  8.47678334e-02  2.00292864e-03
 -6.94495142e-02 -5.22506088e-02 -4.19614278e-02 -1.78368445e-02
  1.89749096e-02  1.53293256e-02 -6.14848547e-02 -2.97812093e-02
 -2.86801979e-02  5.66360839e-02  1.13759480e-01  1.12279160e-02
 -1.06554680e-01  4.84947674e-02  4.50096987e-02  4.43251580e-02
 -3.79501097e-02  7.15541840e-02 -2.10538264e-02 -2.81174239e-02
 -4.34306376e-02 -2.95931473e-02 -6.66850582e-02 -7.47586563e-02
 -2.62110755e-02 -5.70917577e-02  2.46299133e-02 -7.37313330e-02
 -4.66999738e-03  1.57817882e-02  8.07059277e-03  1.12419557e-02
 -2.55837385e-02  3.18494514e-02  5.76703399e-02 -4.26731855e-02
 -7.38621056e-02  2.68911347e-02 -5.97819053e-02 -6.41984344e-02
  3.75546962e-02 -3.02339178e-02  3.50295901e-02  4.08104621e-02
  2.16965936e-02  1.28612136e-02 -7.88633823e-02  3.32756341e-02
 -4.45392728e-02 -3.82685997e-02  6.71176687e-02 -2.09490415e-02
 -2.06637308e-02  2.76943035e-02 -5.96326310e-03 -6.19883612e-02
  4.66721207e-02  1.91037897e-02 -2.05933731e-02 -2.85192151e-02
 -2.72904686e-03  2.98278686e-03 -4.45764586e-02  3.94981420e-33
 -4.15023863e-02  2.64983736e-02 -1.39563065e-02  2.40679421e-02
  6.54737651e-03 -5.70758097e-02 -5.55326119e-02 -7.85694644e-02
 -7.92587828e-03  2.13109218e-02 -9.64781940e-02  2.73344815e-02
  2.27656756e-02  6.61126226e-02 -1.19383801e-02 -1.03649050e-02
  1.29238501e-01 -2.45888811e-02 -3.68657634e-02 -7.07705244e-02
 -4.56120819e-02  4.79523242e-02  4.77690510e-02 -8.90608504e-02
 -4.04062830e-02  8.77074823e-02 -5.64220436e-02  1.98782235e-02
 -2.24484485e-02 -8.43366161e-02  1.94842815e-02 -3.24975476e-02
 -4.10347059e-03  7.26385741e-03 -2.82841865e-02  5.41297980e-02
 -3.17735337e-02  5.35607412e-02 -4.78238463e-02  1.65403623e-03
  8.07538182e-02  9.73738916e-03  2.11744732e-03  9.07694027e-02
  5.57611026e-02 -4.32905294e-02 -4.65657143e-03 -3.21541652e-02
  9.40894783e-02  2.70304698e-02  1.29287004e-01  3.00209940e-04
 -1.94001831e-02 -2.74523292e-02 -5.83553612e-02 -4.83847642e-03
  1.00562312e-01 -1.54317198e-02  3.79634462e-02 -8.94871652e-02
 -1.91433914e-02  4.05063741e-02 -1.02199130e-01  5.25680743e-02
 -4.10617962e-02 -5.01001701e-02  1.58658922e-02 -4.47901227e-02
  7.90373981e-02 -4.96430621e-02 -1.67328157e-02 -1.13327231e-04
 -5.05157560e-02 -1.18169244e-02 -5.92488647e-02  5.91020770e-02
 -4.43041846e-02  2.12105066e-02  1.35672931e-02  2.77447551e-02
 -7.16380998e-02  9.81097668e-03  2.53517255e-02 -9.38716009e-02
 -1.77510623e-02 -6.02049343e-02 -2.73165628e-02 -5.90505190e-02
 -7.59721696e-02  7.95797408e-02 -5.98594584e-02  2.73039937e-02
 -1.07887372e-01  4.42652367e-02  9.92689002e-03 -1.11149543e-08
  3.96059677e-02 -3.94564830e-02  6.50551021e-02  1.00980900e-01
 -4.71671484e-03 -4.25938703e-02  9.00050327e-02  3.21418382e-02
  4.81980667e-02  1.17007695e-01  4.88266461e-02  4.70282547e-02
  4.70937192e-02  4.60070372e-02 -2.61421725e-02  3.41420360e-02
  3.02004330e-02 -5.56226224e-02 -8.30830559e-02 -1.91316847e-03
  4.14920822e-02 -1.15171745e-02  4.13242653e-02  6.41487679e-03
 -3.48772965e-02  1.10489866e-02  3.12342066e-02  2.30902173e-02
  2.87486836e-02 -3.36632016e-03  2.73822248e-02  9.05409381e-02
 -3.09415646e-02 -3.34361605e-02 -2.07362249e-02 -1.10557847e-01
 -4.57819551e-02  1.55982552e-02  2.40781195e-02  3.08985971e-02
 -1.00403773e-02 -9.35875773e-02 -1.80167705e-02  4.31448519e-02
  4.49837558e-03 -1.32952416e-02 -6.62281662e-02  1.44978380e-02
  1.42412726e-02  4.02200222e-02  7.00019626e-03  4.38645831e-04
  3.26778293e-02  4.46645590e-03  5.15265809e-03 -4.50629145e-02
  5.43562211e-02  3.98352109e-02 -9.67810899e-02 -2.30191574e-02
  1.47477359e-01  1.41161662e-02  1.51255960e-02  2.29693912e-02]"
14,Carbon Emissions,Environment,waste,15,0.3645,"[ 1.15807625e-02  9.73809659e-02 -6.98507996e-04  2.13104617e-02
  6.35843948e-02 -1.91334691e-02  1.49126455e-01 -1.54187018e-02
  4.06387672e-02  9.25249700e-03 -3.95688042e-02 -4.89042513e-02
 -1.86768062e-02  3.52149755e-02 -5.12933731e-02 -8.99680611e-03
 -1.71735382e-03  3.95571738e-02 -6.33638278e-02 -4.12587225e-02
  5.15112355e-02 -5.25349053e-03  3.17504071e-02  1.48192672e-02
 -3.32652545e-03  6.55189902e-02  2.44619772e-02 -6.23075068e-02
  7.45920232e-03 -6.66781068e-02  6.11038916e-02  5.97657748e-02
  4.62012030e-02 -6.61172271e-02 -2.95084976e-02  6.76814467e-02
  3.90645713e-02 -4.43955447e-04  3.64717692e-02 -1.42031675e-02
 -2.80895531e-02 -5.46513423e-02  3.64782102e-02  3.12939100e-02
 -6.16373159e-02  7.12020614e-04 -1.28249284e-02 -5.99853769e-02
  4.86061350e-02 -4.99448404e-02  1.40072435e-01 -3.68996933e-02
 -3.56917083e-02 -3.02305091e-02  5.52938282e-02 -6.12651482e-02
 -8.51954427e-03 -1.45855627e-03 -5.87395355e-02 -1.37689086e-02
  3.44503745e-02  4.13487060e-03 -4.64072004e-02  2.31864434e-02
  1.13498062e-01  1.45126143e-02 -7.89273717e-03  4.14622426e-02
 -1.55410757e-02 -1.77840702e-02 -5.20770773e-02  3.04903579e-03
 -3.35365497e-02 -4.45792153e-02 -3.94028565e-03  3.24810967e-02
  1.05473980e-01 -5.13587855e-02 -6.05103932e-03  3.24499719e-02
 -9.21349898e-02 -2.13631019e-02 -2.55942568e-02  6.58392534e-03
  2.37928424e-02 -1.31993927e-03 -5.63175716e-02 -1.61397643e-02
 -6.97012469e-02 -3.33605446e-02 -3.12007274e-02  6.37591630e-02
  1.07347451e-01 -6.00825250e-03 -6.30690008e-02 -3.35829263e-03
  2.30889954e-02 -5.65334223e-03 -1.00356555e-02  2.29675546e-01
 -1.50916278e-02  1.27145290e-01  5.41788526e-02 -2.87406091e-02
 -1.98681344e-04 -2.05947440e-02 -2.94991024e-02  7.97188058e-02
  3.25652845e-02  7.05084857e-03 -4.03072275e-02 -2.06478573e-02
  4.32064086e-02  1.08537540e-01  1.39450282e-02  7.17265829e-02
 -6.15109457e-03 -1.04467133e-02 -6.40025735e-02  2.47054752e-02
 -5.53050414e-02  2.28282847e-02 -2.27254722e-03  1.63819287e-02
 -6.77958876e-02 -1.23624377e-01  3.79518904e-02 -5.53731785e-33
 -3.73991132e-02  5.54588251e-03  7.57514238e-02 -9.71137825e-03
 -6.10644594e-02 -9.40712616e-02  4.55099791e-02 -1.37423696e-02
  2.00962294e-02 -3.29880565e-02 -1.38192177e-02 -7.55293574e-03
 -9.61888805e-02  3.60480212e-02  3.01475581e-02 -3.09833977e-02
  1.19558694e-02  8.38506371e-02  3.98440547e-02 -3.91651317e-02
 -2.48593036e-02  8.49769264e-02  3.45118373e-04 -5.50138317e-02
  3.77297364e-02 -6.59213960e-02 -1.33952964e-03 -6.77169263e-02
 -2.33129617e-02  5.93838049e-03  2.30666163e-04  4.49451841e-02
 -3.72669436e-02  1.33668557e-02 -5.48742414e-02 -3.21121551e-02
 -2.19539204e-03  7.41222426e-02 -5.82775846e-02 -7.53690302e-02
  2.43869424e-02  3.36698890e-02 -1.89594552e-02  1.54320635e-02
  2.97781508e-02 -2.25014761e-02  6.57931715e-02  2.08555292e-02
 -4.20312695e-02  5.35309575e-02  5.53189823e-03 -5.44570573e-03
 -8.58107507e-02  2.36000903e-02 -3.18719782e-02 -8.54738653e-02
  7.51221478e-02 -7.39343464e-02  3.35187353e-02 -6.08853437e-02
  8.98584425e-02  1.04996294e-01 -1.10794760e-01  5.69099635e-02
 -2.12459918e-02  2.72289058e-03 -1.61118396e-02  1.04007893e-04
  1.85631830e-02  2.99198739e-02 -6.13666102e-02 -4.87712361e-02
  5.87913431e-02  4.94857207e-02  3.30805331e-02 -1.42837083e-02
 -5.32847755e-02 -5.48297241e-02 -2.42793635e-02 -3.10263541e-02
 -3.76677401e-02 -5.99774048e-02 -7.15606436e-02 -4.91926447e-02
  8.02219752e-03  1.85350468e-03  5.42846099e-02 -5.33580706e-02
  2.27671228e-02 -4.12834669e-03 -4.57724147e-02 -5.94009412e-03
  4.12846543e-02 -4.95002270e-02 -1.35021575e-03  5.10776320e-33
  4.63753752e-02  2.11674068e-02 -1.13167772e-02  1.10830575e-01
 -2.95047015e-02 -2.65655108e-02 -1.15724886e-02 -2.31377464e-02
  2.02590842e-02  6.29064962e-02 -8.80133137e-02 -9.36019048e-03
  5.44255376e-02  2.89294254e-02  4.21526730e-02  1.10634072e-02
  7.73235261e-02 -4.00339663e-02 -7.28548840e-02 -6.84586093e-02
  9.29681212e-03  4.43192013e-02  7.83134066e-03 -7.16151819e-02
 -8.27828497e-02  3.77772935e-02  4.06872630e-02  2.35990118e-02
  1.67508274e-02 -3.95451412e-02  2.12834273e-02  1.71526577e-02
 -3.02555095e-02 -1.57511216e-02  2.05855025e-03  3.82414572e-02
  2.26367451e-02  1.05669320e-01 -1.74530447e-02 -1.39653180e-02
  1.14043429e-02 -5.64515255e-02 -3.60019058e-02  8.85496289e-02
 -4.02696840e-02 -2.67771240e-02  6.35886099e-03 -5.49496040e-02
  8.28344226e-02  1.51879305e-03  1.25894427e-01  2.54136138e-02
 -4.28808331e-02 -3.01823132e-02  1.66823193e-02  6.19317293e-02
 -2.90289968e-02  3.07706445e-02 -2.90692877e-02 -8.77464563e-03
  3.91315576e-03  7.78489187e-02 -3.76698673e-02 -7.50400545e-03
 -6.73543364e-02 -4.20985110e-02  1.18528958e-03  4.55969758e-03
 -4.66119163e-02  5.65877669e-02 -9.07353358e-04  3.93600874e-02
 -4.28591333e-02  2.10785051e-03 -2.85166129e-02 -1.54327191e-02
 -5.16128950e-02  2.01234259e-02  4.57177833e-02 -1.63440790e-03
 -4.49312478e-02 -5.10981642e-02  6.76887995e-03 -3.92862130e-03
  5.23435213e-02 -4.57690507e-02 -1.73355862e-02 -1.13678891e-02
 -4.86650914e-02 -1.44531420e-02  1.24804862e-02  9.02323009e-05
 -7.59218261e-03  1.04564451e-01  6.92018634e-03 -1.35037004e-08
 -2.58256290e-02  3.15467827e-02  2.13945471e-02  1.01330139e-01
 -4.66905395e-03 -2.85639167e-02  1.69304628e-02  9.06555504e-02
  4.62054387e-02  6.45686835e-02  2.65646633e-02 -2.02385504e-02
  4.18260843e-02  8.54203850e-02  4.51954864e-02 -2.04939339e-02
 -6.80460036e-02 -9.17756259e-02 -6.03778623e-02  7.29679922e-03
 -3.71522382e-02 -6.66363537e-02 -7.16577470e-02  3.14636081e-02
  4.31618802e-02 -4.25182693e-02  4.94967699e-02  1.40355453e-01
  3.38030532e-02  5.50542325e-02  7.37328008e-02  6.04257695e-02
 -5.10080606e-02  1.02884620e-02 -4.76047508e-02 -5.04162163e-02
  8.76253098e-02 -4.46997508e-02  7.46864220e-03  9.34263095e-02
 -4.47558053e-02 -4.50107306e-02 -7.37689761e-03 -2.45370921e-02
 -2.61240322e-02 -5.81543222e-02 -2.91897189e-02  7.61611713e-03
 -8.34084153e-02 -2.71410635e-03  2.38543116e-02 -5.78575544e-02
  1.30021758e-02  7.42913634e-02  8.47703591e-02 -3.32353860e-02
  5.36534600e-02  3.28482650e-02 -1.77790187e-02  5.44883683e-02
  2.14669913e-01 -1.73637662e-02  7.81076998e-02 -3.13830264e-02]"
15,Product Carbon Footprint,Environment,footprint,2,0.6341,"[ 4.67772298e-02  1.08594261e-01  2.08073277e-02  1.49811571e-02
  6.20255023e-02  2.07968825e-03  7.07679391e-02  9.76208076e-02
 -2.75169848e-03 -1.14924200e-02  3.57721816e-03 -3.06722168e-02
  9.37030278e-03  2.39180066e-02  1.08938683e-02 -6.03006892e-02
 -1.50113786e-02  6.23714663e-02 -2.73990743e-02  9.65293031e-03
  5.28582856e-02  1.95968896e-02  3.15678567e-02 -2.91591734e-02
 -2.49324776e-02  3.74454521e-02 -1.69022847e-02  4.68665063e-02
  8.82168859e-02 -1.01769835e-01  6.69790208e-02  7.07572475e-02
  5.10224625e-02 -4.00707275e-02  5.14674895e-02  2.64233761e-02
  2.45946627e-02  2.26652622e-02  1.20966125e-03  1.38221914e-02
 -5.13989329e-02 -5.22522591e-02  3.52292769e-02 -1.94257020e-03
  9.41742212e-03 -4.38486636e-02 -2.62994748e-02  2.34436858e-02
 -2.25941688e-02 -2.67756581e-02  4.91626598e-02 -7.72905797e-02
 -3.23113538e-02  1.64316557e-02  2.70077176e-02 -2.42116619e-02
  1.59634147e-02  1.48243725e-03 -2.35752277e-02 -7.31501281e-02
  1.35706604e-01 -2.98145637e-02 -5.36458902e-02 -5.56373596e-03
  7.51322135e-02 -4.67994921e-02 -5.97229414e-02 -8.11954886e-02
 -4.49087024e-02  5.70812039e-02 -1.68759320e-02 -3.02398447e-02
 -2.78327800e-03 -2.36881594e-03  1.03204763e-02 -3.91979851e-02
 -2.52358057e-02  4.70546074e-02  8.53627101e-02 -7.43137822e-02
  2.68612290e-03  8.04983005e-02 -1.38740977e-02  4.08980735e-02
  1.79750510e-02  8.00698716e-03  1.67917907e-02  7.71577135e-02
 -5.27991354e-02 -6.40264824e-02 -6.53317757e-03 -1.13695976e-03
 -4.27218806e-03  1.38807660e-02 -1.13285072e-01 -2.24972200e-02
  6.86168950e-03 -7.49847889e-02 -1.85981281e-02  1.71623811e-01
  2.64328811e-02  4.36727442e-02  3.78668569e-02  8.98108631e-03
 -1.11853322e-02 -1.30129233e-02 -5.55977002e-02  1.78931821e-02
  7.27342442e-02  2.85360087e-02 -7.50517007e-03 -5.79353645e-02
 -6.83560222e-02  1.03436485e-01  1.96182001e-02 -9.64780897e-02
 -6.95243664e-03 -2.78675929e-02  5.62251993e-02 -1.18270097e-02
 -8.03294219e-03  1.99485105e-02 -3.46467234e-02 -1.22337500e-02
 -3.69352289e-02 -6.80700317e-02  1.27952099e-02 -4.37187728e-33
 -2.35603061e-02  3.86476554e-02 -8.35255161e-03  1.78811159e-02
  8.97507519e-02 -2.30606403e-02 -1.26707433e-02  6.26361789e-03
  2.09410768e-03  6.63553923e-02  1.43039245e-02 -2.63156798e-02
  2.05845851e-02  6.50963634e-02  1.00589514e-01 -5.96309686e-03
 -2.68260054e-02  1.59473792e-01 -7.28645697e-02 -2.64649950e-02
 -5.50347194e-02  1.48778195e-02 -1.12506580e-02  8.91448371e-03
  8.02753791e-02 -4.45409380e-02 -3.88428569e-02 -6.39190003e-02
 -8.16163123e-02 -1.13541901e-03 -4.57993597e-02  5.14325798e-02
  3.54486480e-02  2.08215173e-02 -6.66057505e-03 -5.62634096e-02
  3.13701592e-02 -7.49333948e-02 -6.92240223e-02 -1.01543605e-01
  2.70542260e-02  4.31939447e-03  7.89596513e-02 -2.77979374e-02
 -3.20644118e-03  6.25045523e-02  9.84687284e-02 -4.61042076e-02
  2.94811651e-02 -3.93600343e-03  4.00677286e-02  9.28848237e-02
 -3.75355668e-02 -2.84468252e-02  2.43910035e-04 -7.15098903e-02
 -4.04980667e-02 -4.78868559e-02  6.81605861e-02  7.44193420e-02
 -7.67577952e-03  4.92639095e-02 -2.50139125e-02  5.03795408e-02
 -3.87891917e-03 -4.67922799e-02 -3.56538855e-02 -2.82188859e-02
  2.46456005e-02  6.10037595e-02 -2.81268805e-02 -3.78236063e-02
  1.40182748e-01  2.00729426e-02 -5.23817949e-02 -4.32383120e-02
 -1.57180373e-02  2.13015731e-02 -1.44758329e-01  5.60231879e-02
 -1.33248806e-01  1.42294564e-03  1.44739738e-02 -9.45792347e-02
  1.65303480e-02 -6.76571727e-02  5.90429716e-02 -4.01367247e-02
 -3.62004004e-02 -1.37927122e-02 -7.08297566e-02 -2.48638764e-02
  5.72896749e-03 -1.45706721e-02 -6.69673681e-02  3.86180824e-33
  9.85507481e-03  5.35917580e-02 -1.06204059e-02 -8.82111210e-03
 -3.73098813e-02  3.10451761e-02 -3.08946241e-03  1.59264896e-02
 -4.97199669e-02 -4.76547284e-03 -1.17253572e-01  4.48446050e-02
  6.85648993e-02 -2.46794634e-02 -1.10618286e-02  6.39816299e-02
  1.73691232e-02 -8.40582177e-02 -1.61905885e-02  3.19475643e-02
  2.89037265e-02 -9.36730802e-02 -4.94514033e-02  1.65597834e-02
 -5.00733070e-02  4.19106856e-02  4.14179936e-02 -8.05596635e-02
 -7.22086132e-02  1.01278042e-02 -3.57344118e-03 -7.49795362e-02
 -5.33117056e-02 -1.72836818e-02 -4.79601063e-02 -9.66339335e-02
 -5.75953051e-02  5.82298823e-03 -3.36671285e-02 -2.78368650e-04
  8.59057158e-02 -6.66078255e-02 -3.23304273e-02  9.59099308e-02
  5.45854587e-03 -9.91286784e-02 -1.02961240e-02 -1.99309736e-03
  7.93765485e-03 -4.94545661e-02  4.74511981e-02  4.89439331e-02
  5.59347356e-03 -3.65393376e-03  2.08423380e-02  6.66600168e-02
 -4.09922972e-02  1.09352693e-02  3.27404141e-02  2.03288775e-02
  3.06791421e-02  5.97149990e-02 -3.61532979e-02  6.52430877e-02
  1.16289938e-02  1.16806906e-02 -8.48747790e-02  8.94881692e-03
 -7.45132491e-02  7.29797632e-02 -7.37673044e-02  3.97307873e-02
  2.28844676e-03  6.39944822e-02 -2.11423114e-02 -2.37267576e-02
  6.98031336e-02 -4.51025143e-02  5.62305674e-02  1.59346163e-02
 -7.25252330e-02 -4.35973853e-02 -1.62511338e-02  2.00386811e-02
  1.05710417e-01  3.78550403e-02 -4.61381249e-04 -5.41574880e-03
 -2.19857483e-03  2.56672390e-02  1.44221997e-02  9.95207950e-02
 -6.28834739e-02  3.83296795e-02  3.75013836e-02 -1.08770513e-08
 -1.50141884e-02  7.10931867e-02 -2.84037814e-02  2.79761315e-03
 -4.09569144e-02 -5.20183071e-02  1.62038743e-01  1.07012905e-01
  3.87832820e-02  8.22672546e-02  3.27454461e-03 -6.39028847e-02
 -7.99879804e-03  1.41565815e-01  3.20657603e-02  9.48028546e-03
 -7.84777179e-02 -1.93773955e-02 -1.05739780e-01  2.41371733e-03
 -1.11698592e-02  6.83654379e-03 -1.29399868e-03 -2.80072335e-02
  1.06590101e-03 -3.43192965e-02 -6.12527831e-04  7.29380250e-02
  5.61178429e-03  6.54091174e-03  5.84199838e-02  5.78193851e-02
 -3.48335467e-02  1.65897477e-02  6.12774566e-02 -2.79566385e-02
  9.61827114e-03  1.13471346e-02  2.53260117e-02  9.03217681e-03
 -2.05423161e-02 -5.95752336e-02  1.87418927e-02 -4.13815072e-03
  1.17524574e-02  2.08748952e-02 -6.71719462e-02  3.18870880e-02
 -3.79836820e-02 -3.55452672e-03  2.52761673e-02 -3.72745432e-02
 -1.28815286e-02  3.99339907e-02  1.31460726e-01 -2.05697194e-02
 -2.00575450e-03 -2.37626284e-02  4.03156271e-03  8.06326717e-02
  8.13688338e-02  1.39395392e-03  3.90188508e-02  5.14446246e-03]"
16,Product Carbon Footprint,Environment,carbon,1,0.545,"[-3.74245122e-02  5.40661737e-02 -1.23893116e-02  9.62452888e-02
  7.22858906e-02  1.26985181e-02  1.15201518e-01  3.25628668e-02
  2.47518457e-02  5.20877764e-02 -1.13299780e-03 -1.24954551e-01
 -5.06212004e-02  1.04369433e-03  5.91207179e-04 -1.35684134e-02
 -1.76736452e-02 -1.89045202e-02 -1.91667564e-02  1.34915335e-03
 -5.55833355e-02  2.87127737e-02 -2.08838899e-02  4.26946580e-02
  1.21640228e-03  9.38336030e-02 -7.56536275e-02  3.01924106e-02
  2.53579319e-02 -1.01643763e-01  1.55895613e-02  2.56380960e-02
 -5.83800487e-03  1.79300662e-02  2.88987383e-02  9.21113497e-06
  4.42577119e-04 -4.13045920e-02  2.34271120e-03  3.70965223e-03
 -9.28476378e-02 -7.49723166e-02  7.00772032e-02 -2.25279573e-02
  3.44248042e-02  1.11338142e-02  2.43753009e-02  1.44465705e-02
  5.55379540e-02 -4.91163731e-02  1.95483980e-03 -8.15733299e-02
 -9.15931463e-02  1.13904011e-02  2.45110784e-02  8.45848210e-03
  1.10225007e-02  1.42127052e-02  5.37506305e-02 -1.67837813e-02
  3.52246612e-02 -9.83718336e-02 -4.86850217e-02  2.93608643e-02
  1.13570608e-01 -1.79565232e-02 -6.01375848e-03 -2.96352059e-02
 -2.17029788e-02  3.60156894e-02 -8.77281837e-03  1.36391483e-02
 -3.45478915e-02 -2.98593426e-04  4.03564163e-02  3.93818207e-02
  2.85177622e-02 -4.54726964e-02  9.89833474e-02  1.79063901e-02
  5.71672013e-03  5.24444655e-02 -6.96233362e-02  2.97027621e-02
  6.22905232e-03  6.02366515e-02  2.22918484e-03 -5.04483022e-02
 -9.60282683e-02  1.46758221e-02 -7.04877526e-02  3.80144976e-02
  8.67003873e-02  3.45338471e-02 -1.32124752e-01  5.67200892e-02
  1.10290088e-01  2.90165991e-02  3.14008892e-02  1.46898881e-01
  4.99002002e-02  5.78106903e-02 -9.94988754e-02 -6.04334995e-02
 -7.12837577e-02 -1.44550437e-02  1.78082623e-02  7.93527290e-02
  8.63246024e-02  3.08876671e-02 -7.31675029e-02  4.05858383e-02
 -1.04820028e-01 -4.33525164e-03 -6.21307036e-03  9.78246145e-03
  1.28695011e-01 -1.68879032e-02 -2.05249945e-03  1.01534454e-02
 -5.74701726e-02 -6.43329788e-03 -2.76980130e-03  3.28898206e-02
 -4.75641526e-02 -9.74506959e-02  1.43553950e-02 -4.09784163e-33
  2.39067506e-02 -3.90354656e-02  7.90372118e-02  3.90978046e-02
  2.78984625e-02  2.07342841e-02 -1.23362385e-01 -4.24009301e-02
 -6.12820238e-02  2.13198718e-02 -6.16693348e-02 -1.07823427e-04
 -1.11118751e-02  5.24196438e-02  1.06157161e-01 -1.36407772e-02
 -7.40770772e-02 -5.95092028e-02  1.46618122e-02 -9.37200263e-02
 -1.28874168e-01  4.91548479e-02  2.53695827e-02  8.42922330e-02
  3.10321487e-02 -2.79926080e-02  2.66248472e-02 -6.12097569e-02
 -6.40916005e-02 -2.56804116e-02  5.65163940e-02  1.08044811e-01
 -4.03017215e-02  4.90634367e-02 -1.54257389e-02 -2.88475733e-02
 -3.14017609e-02  4.17962234e-04 -1.09207043e-02 -3.52357030e-02
  6.07476421e-02  4.17315885e-02 -1.47314798e-02 -4.33002710e-02
  1.26130842e-02 -1.95471365e-02  7.03631062e-03  3.19094397e-02
 -4.72817896e-03  1.53708095e-02 -2.90867276e-02  5.69007210e-02
 -3.10350768e-02  4.37802263e-02 -2.84644887e-02 -5.81771741e-03
  6.69989064e-02 -3.58993001e-02 -6.86238930e-02 -1.63454339e-02
  2.44078506e-02  1.11266479e-01  2.94901878e-02  6.30252138e-02
 -3.40470411e-02  7.22385719e-02 -2.60045025e-02  2.08110139e-02
  7.05472231e-02 -7.26703554e-02 -7.73298293e-02 -2.61428319e-02
  1.06301315e-01 -1.20586809e-02 -2.62078848e-02  1.01404730e-02
 -9.56747755e-02 -1.47323462e-03 -1.75699107e-02  4.19871546e-02
 -7.65043050e-02 -4.67742383e-02 -1.97945423e-02 -9.97293144e-02
 -7.52548203e-02  3.81930321e-02 -1.05684558e-02 -7.89514557e-02
  8.19358975e-02  3.61043364e-02 -5.43615669e-02 -8.29121917e-02
  5.60458973e-02 -5.37531674e-02 -8.03886354e-02  2.35528293e-33
  1.57929014e-03 -5.55360168e-02 -1.78635623e-02  6.67820275e-02
  3.98949124e-02 -9.29399058e-02 -4.75919731e-02 -1.12508327e-01
  2.31402926e-02  5.67486323e-03  4.22238074e-02 -2.17322912e-02
  9.62789431e-02  1.11015420e-02  3.62943374e-02  1.98289119e-02
 -7.49055892e-02 -1.42675908e-02  4.54325750e-02  2.63788807e-03
 -8.02755449e-03 -8.37991983e-02 -6.87964037e-02 -1.96191948e-02
 -1.83029938e-02  5.95010184e-02 -6.69514984e-02 -6.74857572e-02
  1.21453337e-01 -2.95150485e-02 -4.44745421e-02  1.47820227e-02
 -8.09638412e-04 -1.99837887e-04 -4.04670276e-02 -1.45062422e-02
  3.76605168e-02  2.93083582e-02 -3.33000012e-02 -4.34776535e-03
  9.74802952e-03  6.67543057e-03 -1.55901378e-02  5.25473654e-02
  2.35622749e-03  2.98353005e-02  1.84365995e-02 -4.07900065e-02
 -5.18356599e-02  8.52475017e-02  7.41176903e-02  5.50334388e-03
 -2.64879465e-02 -4.34229802e-03  3.91414389e-02  2.47721877e-02
 -1.08014699e-02  7.77843520e-02  2.66868174e-02  1.55313807e-02
  4.16243896e-02  2.67598312e-02 -2.73925047e-02 -4.64178249e-03
  8.51260591e-03  1.21474555e-02 -7.06592649e-02  2.36411151e-02
  7.06229825e-03 -2.87311133e-02  1.07526757e-01  7.60399029e-02
 -2.62235440e-02 -2.47991476e-02 -7.48633966e-02 -8.05876032e-02
 -3.00275106e-02 -1.75000560e-02 -3.61275449e-02  7.59301381e-03
 -6.52777851e-02  3.52518521e-02 -2.51090061e-03  2.86405701e-02
  2.28800420e-02 -5.04987314e-03 -5.66622335e-03  8.61573406e-03
 -3.26541327e-02  3.42881642e-02 -3.02985404e-02  3.71222682e-02
 -3.40838265e-03  5.55337928e-02  3.38458130e-03 -1.08493525e-08
 -1.95608642e-02  3.51362713e-02  7.16795260e-03 -2.61029378e-02
  7.75251240e-02  2.74396017e-02  1.46095231e-01  4.75783460e-02
  9.43047553e-03  9.68306419e-03  1.37540568e-02  4.14395519e-02
  1.04560472e-01  3.26085091e-02  1.85267236e-02 -2.60436237e-02
 -1.25741199e-01 -7.99722970e-02  1.73861440e-02  4.34051678e-02
 -1.38428034e-02 -2.91905156e-03  2.96801748e-03  3.92604955e-02
 -1.11030694e-02 -5.83529137e-02  3.18237245e-02  1.04308426e-01
  2.09736247e-02  7.27987140e-02 -4.79614772e-02  7.01150075e-02
  3.19582261e-02 -6.34627938e-02  1.81136411e-02 -3.36810015e-02
  1.27963508e-02 -4.78610508e-02 -1.75883044e-02  1.05948159e-02
 -2.13836189e-02  3.94015461e-02 -3.97449434e-02 -2.98158992e-02
 -2.82044150e-02 -5.90588264e-02 -2.87167355e-02  9.61642060e-03
  2.94417585e-03 -2.36432068e-02  1.58734787e-02  1.82427466e-02
 -1.82725135e-02  2.91120782e-02  2.82074865e-02  4.08564508e-02
 -8.51290952e-03  4.19829786e-03 -1.58656351e-02  1.91947985e-02
  8.65474790e-02 -7.93198273e-02  8.10110942e-02 -4.92455624e-02]"
17,Product Carbon Footprint,Environment,emissions,2,0.5135,"[ 1.68955065e-02  9.36585739e-02  7.92850479e-02  5.87679483e-02
  9.59585458e-02 -2.11120453e-02  1.03124231e-01 -9.04076546e-03
  8.36734101e-03  1.42491963e-02  3.71764321e-03 -6.95867911e-02
 -3.58618982e-02  2.06573494e-02  5.56268933e-05  4.00823615e-02
 -1.85057744e-02  2.34444160e-02 -7.75493085e-02 -5.21299280e-02
 -9.46655218e-03  4.97749262e-02 -9.04355384e-03  7.09303655e-03
 -1.86955724e-02  2.26828679e-02 -6.84679300e-02  3.14821042e-02
  4.08764780e-02 -4.44138832e-02  1.97886545e-02  2.14567240e-02
 -6.44464120e-02 -1.03730345e-04 -2.22288445e-03 -5.79683557e-02
  3.16489041e-02  3.43721770e-02 -2.84770736e-03 -9.81333572e-03
 -7.09313899e-02 -1.39297441e-01  2.83838157e-03 -7.16264248e-02
 -7.14841336e-02 -4.24277969e-03  5.04886881e-02 -5.25026508e-02
  1.42580131e-02 -7.90788531e-02  9.19329971e-02 -3.21160369e-02
 -7.57488385e-02 -1.13881761e-02  5.01472801e-02 -1.04409747e-01
  1.28818927e-02 -1.44954147e-02 -1.64189041e-02 -4.13138606e-02
  3.77394035e-02 -1.07944809e-01 -6.36491179e-02  8.87315813e-03
  8.60026479e-02  3.08571514e-02 -2.21264223e-03  1.18236654e-02
 -2.66484842e-02  4.52702589e-05 -4.68132261e-04 -5.38278930e-02
 -6.41406104e-02 -1.12312563e-01  9.17597394e-03 -4.02649418e-02
  8.24032817e-03  4.55933176e-02  1.24848716e-01 -5.01362346e-02
  5.13853617e-02  5.30596031e-03 -9.72677097e-02  1.25556430e-02
  8.75397325e-02  3.46321985e-03  7.73293315e-04 -4.42692786e-02
 -7.02242479e-02  3.89840938e-02 -5.56134991e-02 -2.84873080e-02
  1.61209628e-01  2.33280081e-02 -5.10408394e-02  5.07287495e-02
  8.83493721e-02  5.06951986e-03  7.52978027e-02  9.80228260e-02
 -5.11002773e-03  8.50361064e-02 -1.13648191e-01 -1.31362006e-02
 -1.06480390e-01 -2.03642529e-03 -1.39648682e-02  5.01670018e-02
  1.57648139e-02 -2.83980276e-02 -2.52152942e-02 -2.27715541e-02
 -4.13170345e-02 -2.99845599e-02  1.86950788e-02 -1.59726609e-02
  7.98784047e-02  1.46587018e-03 -4.97281663e-02 -7.54753640e-03
 -5.78167848e-02 -6.22134143e-03 -7.48370681e-03  4.51362096e-02
  4.25361842e-02 -1.05911195e-01  4.11083624e-02 -4.03622920e-33
 -8.01580176e-02 -8.82249605e-03  2.58626807e-02  3.99079500e-03
 -1.07474374e-02  1.74471121e-02 -8.24942589e-02  8.91010929e-03
  3.96371596e-02  4.33711037e-02  1.71084190e-03  4.10438180e-02
 -3.86927165e-02  1.53444577e-02  1.56267762e-01 -3.87740359e-02
 -7.03632832e-02 -1.49505530e-02 -3.49691957e-02 -2.89384406e-02
 -6.37384281e-02 -4.11337987e-02  1.19915530e-02  7.45342672e-02
  5.27810305e-02 -2.46155914e-02  4.26798873e-02 -1.63724890e-03
 -9.50283110e-02  1.19947707e-02  3.26365680e-02  8.74502510e-02
 -3.68860252e-02  2.58748699e-02 -3.76419388e-02 -1.92216877e-03
 -1.61358844e-02  3.07056941e-02 -3.70856412e-02  1.52472295e-02
  3.08919866e-02  1.48484502e-02 -2.02393681e-02 -3.86365992e-03
 -4.58324840e-03  8.97688419e-03  2.78690252e-02 -9.43525694e-03
  8.27844813e-02  1.45452488e-02 -8.76179636e-02  3.98810282e-02
 -6.05558194e-02 -1.77423973e-02  7.66019300e-02  5.36756329e-02
  5.71571514e-02 -4.85578589e-02 -2.40640398e-02 -1.87923573e-02
 -6.96137920e-02  7.14154989e-02  3.29254605e-02  4.22367677e-02
  2.85024215e-02  3.58256176e-02  7.40610342e-03 -1.51260542e-02
 -1.20405992e-02 -6.62453333e-03 -1.62074976e-02 -5.69734462e-02
  7.24248588e-02 -3.06412075e-02 -2.68080109e-03 -1.58471707e-03
 -6.80811778e-02  4.91506644e-02 -3.54331657e-02  3.78065854e-02
 -1.07762575e-01 -5.48428893e-02 -4.17008922e-02 -1.44113496e-01
 -2.60670241e-02 -4.27696630e-02 -3.38119082e-02 -1.20443571e-02
  4.54759076e-02  5.96925840e-02 -1.02688195e-02 -2.94105131e-02
  2.85600051e-02  1.06803337e-02 -4.75681238e-02  2.90520839e-33
  5.86491600e-02  7.17906058e-02 -3.64436652e-03  1.61312278e-02
  2.97669210e-02 -1.02900928e-02  2.58243568e-02 -1.25413472e-02
  2.84145717e-02  1.37754083e-01 -5.78869134e-03  7.16562420e-02
  9.23580397e-03  1.13509288e-02  1.37332771e-02 -3.16810720e-02
  4.06306200e-02 -1.00538461e-03  2.61178203e-02 -3.93486880e-02
 -3.19261998e-02 -4.79927436e-02  5.63296713e-02 -4.08565030e-02
 -9.09841880e-02  6.96890578e-02 -2.51269080e-02 -2.95662247e-02
  5.80557473e-02 -2.11701375e-02 -7.31572136e-02  1.08832136e-01
 -6.14476530e-03  4.86670509e-02 -2.07826737e-02 -2.65334118e-02
  7.49226063e-02  5.84191568e-02 -5.79240806e-02 -6.70488551e-02
  3.80960037e-03 -2.35985611e-02  4.93575707e-02  7.62301460e-02
 -3.86725776e-02 -1.22202942e-02 -2.99899057e-02  1.34216473e-02
  3.59554701e-02 -3.87959229e-03  1.57813936e-01  6.36052042e-02
 -6.46427944e-02  6.19406775e-02  3.03695742e-02  4.18223478e-02
  8.85644928e-02  4.08191532e-02  4.59139841e-03  1.43290032e-03
  3.84615175e-02  3.55848297e-02  7.39319064e-03  3.98963280e-02
 -5.88195063e-02 -5.69095723e-02 -4.30582054e-02 -7.83709227e-04
  1.00804381e-01 -2.30397992e-02 -6.40608370e-03 -9.75250266e-03
 -2.60512196e-02 -4.07902747e-02 -1.34591654e-01 -6.58121854e-02
 -1.32829072e-02 -5.53626455e-02  2.30558813e-02  2.18175162e-04
 -1.06555857e-01  2.64644157e-02 -5.58971707e-03  1.10736974e-02
  7.06984252e-02 -7.03143924e-02 -4.63924147e-02 -6.26177713e-02
  4.46129628e-02  4.72617261e-02 -5.18556722e-02  4.77744490e-02
 -4.46793474e-02  1.73444618e-02 -1.22672832e-02 -1.11590062e-08
 -3.30962501e-02 -9.18546878e-03  6.34665042e-02  1.87463034e-02
  2.08474398e-02 -1.20937144e-02  5.54541759e-02  6.37765527e-02
  5.44890203e-03  4.72123884e-02  5.30556813e-02  4.42856662e-02
  9.96803716e-02  8.04387778e-02  2.63877343e-02 -2.99395565e-02
 -2.50805877e-02 -4.82458845e-02 -2.66651046e-02 -1.28486920e-02
  1.81860209e-03  2.14413367e-02 -4.90340497e-03  2.09767073e-02
  5.87991029e-02  2.02212017e-02  4.88148779e-02  6.82656765e-02
  4.54451516e-02  3.16386335e-02 -1.39792105e-02  6.24164939e-02
  4.45418619e-03 -4.05980609e-02 -5.58887534e-02 -8.99389163e-02
  2.12466251e-03 -2.47388370e-02 -5.47521785e-02 -4.02570292e-02
 -6.00877311e-03 -1.54554844e-02 -5.19999443e-03  1.07448427e-02
 -2.60415860e-02 -3.24739739e-02 -1.03892863e-01  2.52809115e-02
 -2.69586630e-02  4.87369001e-02  1.98921748e-02 -1.18908435e-01
  3.79012488e-02 -4.37777583e-03 -1.90814063e-02 -1.77523065e-02
 -2.18102541e-02  3.23890969e-02 -9.58723761e-03  1.68321021e-02
  1.42426208e-01  3.90783288e-02  5.18226102e-02 -1.24866031e-02]"
18,Product Carbon Footprint,Environment,sustainability,6,0.4435,"[ 4.10689507e-03  1.18057869e-01  6.51803939e-03  2.01633498e-02
  6.49562180e-02  1.96664799e-02 -1.85424853e-02 -4.37019281e-02
 -1.89063288e-02 -1.94131453e-02  1.53809488e-02 -6.06852099e-02
 -1.38276825e-02  3.28618800e-04 -6.36824667e-02  2.99334037e-03
 -1.04614154e-01  2.85492968e-02 -3.15095522e-02 -4.46097665e-02
 -4.81216013e-02 -6.52997335e-03  1.40605820e-02  2.21560858e-02
 -8.52372646e-02  1.11566447e-01 -4.57940809e-02 -2.10122038e-02
  4.49358523e-02 -1.23077948e-02  5.49973845e-02  3.48152332e-02
  3.21664698e-02 -2.58470494e-02  2.86358260e-02  1.19534075e-01
  5.20595536e-02 -2.03274265e-02  2.81015281e-02 -2.32810434e-02
 -6.83358535e-02 -7.98003227e-02 -4.64179367e-02 -1.00554347e-01
 -7.92264845e-03 -1.70614310e-02  2.38624699e-02 -6.67935014e-02
 -1.94664653e-02 -6.41482174e-02  5.69883808e-02  4.96568438e-03
 -4.35719267e-02 -3.31956074e-02  2.76494138e-02 -5.71230128e-02
  3.60825062e-02 -4.36470918e-02 -2.71218270e-02 -1.86118484e-02
  9.56522152e-02 -5.97844645e-02 -8.24462697e-02  5.98447919e-02
  1.10988669e-01  7.28443936e-02 -4.51058634e-02  8.06766748e-02
 -4.17143255e-02  7.66098092e-04  2.54031504e-04 -4.89965454e-02
 -1.68374404e-02 -5.68989106e-02  4.61863130e-02 -2.02786867e-02
  8.67558178e-04  2.07630154e-02  7.54866377e-02  5.18056750e-02
  1.27711102e-01  8.13136250e-03 -5.79651557e-02  7.83111807e-03
  3.19172740e-02  6.83634123e-03  2.01919791e-03 -2.10548956e-02
  6.34308755e-02  1.18735246e-03 -7.18195587e-02 -8.37190729e-03
  1.05033174e-01  2.79798973e-02 -9.91501734e-02  2.13863533e-02
 -6.40910119e-02 -5.91606274e-02  2.31871270e-02  1.83625534e-01
  2.49900687e-02  4.18050513e-02 -3.45870480e-02 -3.95139167e-03
 -2.92633194e-02 -4.18800972e-02 -1.71870794e-02  3.42051722e-02
 -1.35479672e-02  2.66578258e-03 -3.91931571e-02 -2.45667831e-03
 -7.11034834e-02  7.49404877e-02  9.91136394e-03 -3.60299572e-02
  6.80260435e-02 -3.77253108e-02  9.10507813e-02 -3.24005559e-02
  3.60881872e-02  7.83036370e-03  3.09122149e-02 -3.12274341e-02
  1.36454022e-02 -4.14511263e-02  3.10804024e-02 -5.98822610e-33
 -4.20500524e-02 -1.78565402e-02  8.01837370e-02 -8.57156664e-02
 -1.33083006e-02  5.31694852e-02 -7.89119601e-02  3.44478600e-02
 -8.46165046e-03  2.05724277e-02  8.70055184e-02  2.44436786e-02
 -7.10748648e-03 -1.89742970e-03  1.38179630e-01 -9.92585793e-02
 -5.09803519e-02  4.41081151e-02  4.71809506e-02 -3.58645283e-02
 -1.36118464e-03  2.77733579e-02  3.82069685e-02  3.04933991e-02
  8.42381641e-02 -4.07830551e-02  3.70854661e-02  8.79490562e-03
 -2.12327819e-02  1.41759776e-02  3.11466996e-02  7.02301115e-02
 -7.29705319e-02 -6.94170818e-02  2.55425628e-02 -1.99947655e-02
 -9.79593322e-02  4.79331054e-02 -1.63562633e-02 -1.23301568e-02
 -5.16318791e-02 -5.06974123e-02  4.21300977e-02  5.05314767e-03
  4.15054448e-02  6.74985647e-02  9.22009274e-02  5.00938557e-02
 -2.88826711e-02  2.07776297e-02 -4.79130074e-02  4.39208932e-02
 -8.31002668e-02 -6.24812357e-02  1.73073858e-02 -1.01528555e-01
  1.83164570e-02 -3.51613900e-03 -6.25279173e-02 -1.44605532e-01
 -1.36677362e-02  2.85939407e-02 -8.93416107e-02 -1.55326920e-02
  1.05306983e-01  2.87281573e-02 -1.57866739e-02  6.30112216e-02
 -2.49732174e-02 -8.28966498e-03 -2.13319547e-02 -6.17742389e-02
  1.65235307e-02  6.55286899e-03 -2.29617842e-02  2.05614772e-02
 -4.35336754e-02  4.40217033e-02 -8.03454667e-02  7.44381398e-02
 -1.41673014e-01  7.06722066e-02 -4.18889932e-02 -7.51749799e-02
  1.03186227e-01  1.93275735e-02  4.31355387e-02  1.08621372e-02
  9.54525545e-02  3.83123048e-02 -3.55879515e-02  1.21105807e-02
  2.25081947e-02  3.22218500e-02 -7.48636425e-02  2.79944384e-33
  3.25182788e-02  2.34985016e-02 -4.78637964e-02  3.06359679e-02
 -6.10395242e-03 -8.10623467e-02 -9.82098579e-02 -2.94141676e-02
 -2.68473173e-03  2.71393508e-02 -6.33887947e-02  5.89787625e-02
  3.10018323e-02  6.72343895e-02 -3.28807160e-02  1.36332577e-02
 -3.73079367e-02 -2.97917593e-02 -8.66425633e-02  5.85598731e-03
 -2.99682515e-03  3.79549339e-02 -4.76750098e-02  5.01095653e-02
 -7.48546496e-02  6.92744404e-02  5.10856928e-03 -5.68971317e-03
  7.57188275e-02 -2.12913658e-02  4.27858764e-03 -2.84907781e-02
 -1.84576549e-02  1.42566133e-02 -3.53323705e-02  2.09281370e-02
 -3.94660793e-02 -3.51648666e-02  4.30891030e-02  6.67249784e-02
  4.99502644e-02 -2.14167349e-02 -6.37839139e-02  4.89172563e-02
  4.69128927e-03 -4.99444548e-03 -5.04739396e-02  8.53523891e-03
  3.34124304e-02 -4.96575749e-03  6.77503645e-02  5.44972010e-02
 -3.90525758e-02 -8.24177787e-02  3.97184007e-02  1.32149225e-02
  1.86213050e-02  2.54194140e-02 -6.60167411e-02 -9.51215625e-03
  1.43197849e-02  8.64928067e-02  2.12305300e-02  8.93448740e-02
 -2.26828121e-02  2.66648084e-02  2.99995728e-02 -1.08755883e-02
 -3.19220945e-02 -6.02898747e-02  1.65625028e-02  1.80757716e-02
 -1.45757645e-01 -4.21574414e-02 -4.54589203e-02  4.21647578e-02
 -3.56710106e-02  6.78186130e-04 -4.44627292e-02 -1.77351385e-02
 -5.96962683e-02 -2.24278811e-02 -3.22564912e-04  7.75204645e-03
 -1.73715688e-02 -2.26540715e-02 -3.13948318e-02 -7.20482990e-02
  1.71975996e-02  8.21701735e-02 -8.66613258e-03  1.56573858e-02
 -1.15967043e-01  9.11872014e-02  3.16167958e-02 -1.32017126e-08
  2.07300205e-02  1.22500118e-02 -3.06454371e-03  3.00273811e-03
 -3.45179737e-02  3.64696980e-03  7.94852003e-02 -4.69883867e-02
  5.96033363e-03  9.00167450e-02 -1.75083764e-02  3.34479809e-02
  2.58500688e-02  1.12780787e-01 -4.40019518e-02  1.01531390e-02
 -3.32500935e-02 -1.32103032e-02 -5.13426773e-02 -2.24831383e-04
  1.91717164e-03 -4.27011028e-02 -1.05918478e-02  3.16308923e-02
 -2.03408804e-02 -3.21624614e-02  2.82074530e-02  3.31844166e-02
  3.55366841e-02  4.60452512e-02  6.49938807e-02  5.83545789e-02
 -2.71341410e-02 -4.11916077e-02 -6.86965138e-02 -8.03319514e-02
  1.82563607e-02 -4.64409031e-03  3.45770679e-02 -3.82146686e-02
 -1.18916817e-02  5.36681898e-02 -5.57984747e-02  6.41106293e-02
 -3.50771062e-02 -3.54594998e-02 -1.59875322e-02  7.17699677e-02
 -3.90187204e-02  3.44157666e-02 -1.69636570e-02 -5.74314147e-02
 -4.18853760e-03  6.09898493e-02  1.32456943e-02 -5.35725728e-02
  4.08484973e-02  1.07771652e-02 -3.16101499e-02  2.92236749e-02
  1.02763079e-01 -6.16308041e-02  9.00010392e-02  2.76221950e-02]"
19,Product Carbon Footprint,Environment,consumption,9,0.431,"[ 3.73255983e-02  7.01996982e-02 -3.87057625e-02  5.99251576e-02
  4.23469432e-02  1.35226185e-02  1.26850203e-01  2.20453888e-02
 -1.84991453e-02  4.26424369e-02  3.33917439e-02 -3.13596204e-02
 -5.00074215e-02 -2.33081244e-02  8.53228476e-03 -7.74639621e-02
  6.52294606e-02 -4.04347256e-02 -2.26187725e-02  1.32768489e-02
  9.83311012e-02 -4.54757325e-02  1.58010032e-02  3.12250014e-02
 -8.75027850e-03  6.10613078e-02  6.06812537e-03 -2.47200746e-02
  6.88487142e-02 -1.34425405e-02  6.76460266e-02  6.36160895e-02
  8.28558654e-02 -5.58575578e-02  8.21885373e-03  2.23254580e-02
  6.03381246e-02 -5.85601665e-03  1.80414636e-02  6.37566624e-03
 -5.05985133e-02 -1.00658260e-01  6.61359355e-03 -5.93755674e-03
 -1.41284317e-02 -8.46966822e-03 -4.53834459e-02  4.54528034e-02
  1.82908829e-02  6.40924945e-02 -1.51432725e-02  2.05106661e-02
 -2.08960678e-02 -4.41396087e-02  8.19592848e-02 -4.62061688e-02
 -9.73131228e-03  1.36573082e-02 -1.40452078e-02 -2.04734355e-02
  1.96830165e-02 -2.43371911e-02 -5.96230179e-02  3.55196483e-02
  9.53655764e-02 -2.61486811e-03 -6.80619329e-02  5.20691313e-02
 -1.00469321e-01  4.95365746e-02 -1.74526200e-02 -5.74865416e-02
 -1.71829276e-02 -7.08468482e-02 -5.38424328e-02 -9.04866755e-02
  9.49116945e-02 -2.60676648e-02  3.70581374e-02 -1.60652678e-02
  1.24074868e-03  1.14830667e-02 -1.96665172e-02  1.83513332e-02
  3.93859670e-02  4.78986010e-04 -2.71459762e-02 -1.09254485e-02
  1.05001973e-02  8.90415255e-03 -1.65505055e-02  5.72091043e-02
  4.59788367e-02 -4.13215579e-03 -3.85637209e-02  8.14147573e-03
 -9.15893726e-03 -2.40600575e-02 -8.05231684e-05  1.82260975e-01
 -9.70102847e-03  8.70753378e-02  7.61618465e-03 -3.27599309e-02
 -3.58680263e-02 -8.01771358e-02 -6.36971965e-02  1.11825369e-01
  6.36194348e-02  4.60919663e-02 -2.63479687e-02  3.36271524e-02
 -3.27459723e-02  1.88986827e-02  5.11646010e-02 -1.87224280e-02
  1.00283716e-02 -6.14984147e-02  8.56312290e-02  9.72269699e-02
 -2.74052465e-04  1.05790608e-02 -1.40848979e-02  2.01180577e-03
 -6.60729632e-02 -7.15244859e-02  6.29890189e-02 -5.11432760e-33
 -1.17393389e-01 -1.13407955e-01  5.29461466e-02 -3.23224850e-02
 -8.46740305e-02  1.53410984e-02 -4.88992743e-02  6.50784280e-03
  1.30815571e-02 -5.22556938e-02  9.01301503e-02  1.29660582e-02
 -7.01000541e-02  9.27247927e-02  1.57781392e-01 -3.48166749e-02
 -1.69042510e-03  3.02622151e-02  5.31326607e-02 -2.49450635e-02
 -2.07661968e-02 -4.16847244e-02  2.06568204e-02  2.76151206e-02
 -4.33787191e-03 -6.68865368e-02  7.80214136e-03 -3.48518901e-02
  5.89064397e-02  3.75111178e-02  8.47678334e-02  2.00292864e-03
 -6.94495142e-02 -5.22506088e-02 -4.19614278e-02 -1.78368445e-02
  1.89749096e-02  1.53293256e-02 -6.14848547e-02 -2.97812093e-02
 -2.86801979e-02  5.66360839e-02  1.13759480e-01  1.12279160e-02
 -1.06554680e-01  4.84947674e-02  4.50096987e-02  4.43251580e-02
 -3.79501097e-02  7.15541840e-02 -2.10538264e-02 -2.81174239e-02
 -4.34306376e-02 -2.95931473e-02 -6.66850582e-02 -7.47586563e-02
 -2.62110755e-02 -5.70917577e-02  2.46299133e-02 -7.37313330e-02
 -4.66999738e-03  1.57817882e-02  8.07059277e-03  1.12419557e-02
 -2.55837385e-02  3.18494514e-02  5.76703399e-02 -4.26731855e-02
 -7.38621056e-02  2.68911347e-02 -5.97819053e-02 -6.41984344e-02
  3.75546962e-02 -3.02339178e-02  3.50295901e-02  4.08104621e-02
  2.16965936e-02  1.28612136e-02 -7.88633823e-02  3.32756341e-02
 -4.45392728e-02 -3.82685997e-02  6.71176687e-02 -2.09490415e-02
 -2.06637308e-02  2.76943035e-02 -5.96326310e-03 -6.19883612e-02
  4.66721207e-02  1.91037897e-02 -2.05933731e-02 -2.85192151e-02
 -2.72904686e-03  2.98278686e-03 -4.45764586e-02  3.94981420e-33
 -4.15023863e-02  2.64983736e-02 -1.39563065e-02  2.40679421e-02
  6.54737651e-03 -5.70758097e-02 -5.55326119e-02 -7.85694644e-02
 -7.92587828e-03  2.13109218e-02 -9.64781940e-02  2.73344815e-02
  2.27656756e-02  6.61126226e-02 -1.19383801e-02 -1.03649050e-02
  1.29238501e-01 -2.45888811e-02 -3.68657634e-02 -7.07705244e-02
 -4.56120819e-02  4.79523242e-02  4.77690510e-02 -8.90608504e-02
 -4.04062830e-02  8.77074823e-02 -5.64220436e-02  1.98782235e-02
 -2.24484485e-02 -8.43366161e-02  1.94842815e-02 -3.24975476e-02
 -4.10347059e-03  7.26385741e-03 -2.82841865e-02  5.41297980e-02
 -3.17735337e-02  5.35607412e-02 -4.78238463e-02  1.65403623e-03
  8.07538182e-02  9.73738916e-03  2.11744732e-03  9.07694027e-02
  5.57611026e-02 -4.32905294e-02 -4.65657143e-03 -3.21541652e-02
  9.40894783e-02  2.70304698e-02  1.29287004e-01  3.00209940e-04
 -1.94001831e-02 -2.74523292e-02 -5.83553612e-02 -4.83847642e-03
  1.00562312e-01 -1.54317198e-02  3.79634462e-02 -8.94871652e-02
 -1.91433914e-02  4.05063741e-02 -1.02199130e-01  5.25680743e-02
 -4.10617962e-02 -5.01001701e-02  1.58658922e-02 -4.47901227e-02
  7.90373981e-02 -4.96430621e-02 -1.67328157e-02 -1.13327231e-04
 -5.05157560e-02 -1.18169244e-02 -5.92488647e-02  5.91020770e-02
 -4.43041846e-02  2.12105066e-02  1.35672931e-02  2.77447551e-02
 -7.16380998e-02  9.81097668e-03  2.53517255e-02 -9.38716009e-02
 -1.77510623e-02 -6.02049343e-02 -2.73165628e-02 -5.90505190e-02
 -7.59721696e-02  7.95797408e-02 -5.98594584e-02  2.73039937e-02
 -1.07887372e-01  4.42652367e-02  9.92689002e-03 -1.11149543e-08
  3.96059677e-02 -3.94564830e-02  6.50551021e-02  1.00980900e-01
 -4.71671484e-03 -4.25938703e-02  9.00050327e-02  3.21418382e-02
  4.81980667e-02  1.17007695e-01  4.88266461e-02  4.70282547e-02
  4.70937192e-02  4.60070372e-02 -2.61421725e-02  3.41420360e-02
  3.02004330e-02 -5.56226224e-02 -8.30830559e-02 -1.91316847e-03
  4.14920822e-02 -1.15171745e-02  4.13242653e-02  6.41487679e-03
 -3.48772965e-02  1.10489866e-02  3.12342066e-02  2.30902173e-02
  2.87486836e-02 -3.36632016e-03  2.73822248e-02  9.05409381e-02
 -3.09415646e-02 -3.34361605e-02 -2.07362249e-02 -1.10557847e-01
 -4.57819551e-02  1.55982552e-02  2.40781195e-02  3.08985971e-02
 -1.00403773e-02 -9.35875773e-02 -1.80167705e-02  4.31448519e-02
  4.49837558e-03 -1.32952416e-02 -6.62281662e-02  1.44978380e-02
  1.42412726e-02  4.02200222e-02  7.00019626e-03  4.38645831e-04
  3.26778293e-02  4.46645590e-03  5.15265809e-03 -4.50629145e-02
  5.43562211e-02  3.98352109e-02 -9.67810899e-02 -2.30191574e-02
  1.47477359e-01  1.41161662e-02  1.51255960e-02  2.29693912e-02]"
20,Product Carbon Footprint,Environment,sustainable,11,0.4085,"[ 9.22848657e-03  1.04225494e-01 -5.20337233e-03  5.47348708e-02
  6.56212270e-02  3.49341072e-02 -3.36268134e-02 -3.76468860e-02
 -3.96983027e-02  2.51432937e-02  1.69527251e-02 -6.44890815e-02
  3.16630933e-03 -1.16359778e-02 -6.44629896e-02  2.11503748e-02
 -7.73705691e-02 -1.85290948e-02 -5.18384688e-02 -3.76979560e-02
 -3.17952447e-02  2.19671428e-02  3.85503657e-02  2.70640347e-02
 -7.63282478e-02  1.03875540e-01 -2.92969681e-02 -1.91211142e-02
  4.23213653e-02  4.95439582e-03  4.85607237e-02  5.02502844e-02
  1.30012818e-02 -2.60172114e-02  2.93463916e-02  9.57414955e-02
  3.52528132e-02 -4.42201793e-02  1.43693034e-02 -2.51109973e-02
 -7.70237297e-02 -9.52913687e-02 -4.47366871e-02 -9.41595659e-02
 -2.59539764e-03 -1.26119899e-02  8.20878614e-03 -6.19556792e-02
 -2.95565594e-02 -4.27200533e-02  3.41579765e-02 -5.02084091e-04
 -3.00382003e-02 -1.89252812e-02  4.37179767e-02 -6.11736402e-02
  2.79853903e-02 -6.42527863e-02 -2.07235217e-02 -2.18733978e-02
  8.45526680e-02 -2.10564993e-02 -9.17030424e-02  2.87472475e-02
  1.00640893e-01  7.32735246e-02 -4.29532006e-02  9.35131684e-02
 -1.01452162e-02  1.78359766e-02 -2.33976170e-03 -1.58628561e-02
 -5.75798517e-03 -5.97963035e-02  4.22031507e-02 -1.17575238e-02
  3.97013128e-03  3.91095085e-03  7.51854256e-02  6.64167330e-02
  1.13268524e-01 -1.07284132e-02 -3.77447084e-02 -2.31292900e-02
  3.36776040e-02 -1.38704013e-03  1.88854020e-02 -2.25956254e-02
  6.18289635e-02  5.19074406e-03 -9.07039046e-02  4.43285704e-02
  6.67704120e-02  1.78690795e-02 -1.05950765e-01  3.86274932e-03
 -4.39076610e-02 -3.57128233e-02 -1.21811302e-02  1.94087461e-01
 -1.41280005e-03  5.02700917e-02 -2.97651440e-02 -2.10272409e-02
 -4.83780243e-02 -3.86787355e-02 -9.07786936e-03  6.36170655e-02
 -1.49172023e-02 -4.08357009e-03 -4.60484587e-02 -9.78361070e-03
 -5.33926673e-02  1.02120578e-01  3.39171961e-02 -1.53101832e-02
  7.39554167e-02 -5.02446443e-02  6.67683780e-02 -1.66818388e-02
  4.17237878e-02  1.31767010e-02  3.22599858e-02  9.48042329e-03
  6.20074454e-04 -2.80210432e-02  3.61135341e-02 -5.52840393e-33
 -1.48394601e-02 -3.34775522e-02  9.89520699e-02 -6.85551912e-02
 -2.94705592e-02  4.71741818e-02 -9.15629566e-02  1.37880892e-02
 -1.79847945e-02  5.16757928e-03  7.73872808e-02  2.91417111e-02
 -2.75963433e-02  1.77336913e-02  1.29787073e-01 -1.06546946e-01
 -4.13528904e-02  4.55355272e-02  2.12636534e-02 -2.50718109e-02
 -4.47093602e-03  6.01316430e-02  8.44855886e-03  3.08014601e-02
  9.07533020e-02 -3.71237732e-02  4.63145263e-02  9.65213217e-03
 -3.71443592e-02  1.91891808e-02  5.05467225e-03  5.53693138e-02
 -1.00778893e-01 -6.49165809e-02  1.78201981e-02 -2.91374754e-02
 -1.17507905e-01  7.11434931e-02 -3.52123342e-02  1.40156411e-03
 -4.16946560e-02 -2.99997497e-02  6.44450560e-02 -7.87003338e-03
  4.77563292e-02  4.65479232e-02  4.81169149e-02  5.75945191e-02
 -9.17959288e-02  1.41532915e-02 -3.60856541e-02  3.18858027e-02
 -1.17478035e-01 -5.55104725e-02 -1.34805748e-02 -9.49740931e-02
  1.08085293e-02  1.17899748e-02 -6.47198111e-02 -1.11516349e-01
 -4.49610082e-03  4.77622002e-02 -1.05567649e-01 -2.63494789e-03
  6.43549860e-02  1.48124760e-02 -8.25338997e-03  5.63167743e-02
 -1.48336114e-02 -1.08926147e-02  1.56978834e-02 -4.64977697e-02
  5.14241047e-02 -1.26619134e-02 -2.74164844e-02 -3.29976268e-02
 -2.37195287e-02  3.76674533e-02 -6.72404841e-02  8.07582885e-02
 -8.06140229e-02  8.10746402e-02 -3.86328474e-02 -7.41092637e-02
  1.20861135e-01  2.08178000e-03  2.19565239e-02 -6.61599543e-03
  8.28580037e-02  3.42445485e-02 -3.27432901e-02  2.21828036e-02
  4.93733808e-02 -1.77856088e-02 -7.77353570e-02  2.92105038e-33
  6.09750375e-02  3.88426259e-02 -6.63989782e-02  2.79159583e-02
 -5.53466603e-02 -6.01773188e-02 -1.09983422e-01  3.36026750e-03
 -9.33929550e-05  3.32125067e-03 -8.83268472e-03  5.21280505e-02
  5.92173524e-02  4.77920659e-02  1.07878400e-03 -9.70176980e-03
 -3.10023893e-02 -1.45024024e-02 -6.69280440e-02 -1.78756732e-02
 -3.16871330e-02  1.60111077e-02 -3.63075957e-02  4.25581224e-02
 -5.90747818e-02  5.28500564e-02 -5.77046629e-03  4.52349521e-02
  6.16407804e-02 -2.10503265e-02  1.42845968e-02 -3.18131484e-02
 -5.13933450e-02  7.18569942e-03 -2.67034210e-02  1.98693238e-02
 -2.73500197e-02 -4.33276743e-02  6.31152540e-02  5.41477688e-02
  5.77913448e-02 -6.60759211e-03 -1.04236215e-01  4.86186258e-02
  3.26525830e-02 -4.29465016e-03 -6.47674352e-02 -4.81524214e-04
  4.36642915e-02  2.74656573e-04  8.64008963e-02  4.58669178e-02
 -7.32465982e-02 -9.47188735e-02  1.20803146e-02 -5.71760722e-03
  1.09920511e-02  4.61515002e-02 -5.11154272e-02 -6.00319952e-02
  3.62726972e-02  5.81586920e-02  3.99780460e-02  1.01935655e-01
 -1.90357901e-02  1.56874415e-02  5.85634150e-02 -5.15712984e-03
  2.64164736e-03 -5.89668043e-02  2.02981811e-02  1.42573789e-02
 -1.51132405e-01 -2.72336490e-02 -3.34407575e-02  2.20838301e-02
 -2.90264077e-02 -3.90031259e-03 -3.15845162e-02 -1.64761264e-02
 -6.92284405e-02 -3.84390578e-02  1.87562115e-03 -2.44203433e-02
  6.09043380e-03 -6.55906275e-02 -5.36674410e-02 -7.88323507e-02
  4.57958458e-03  7.60348365e-02  9.78236739e-03 -1.57828536e-02
 -1.55801430e-01  9.45107788e-02  3.00860088e-02 -1.25546196e-08
  6.05057143e-02  2.95662526e-02 -1.74850374e-02  2.85795908e-02
 -1.44425500e-02 -2.65439674e-02  8.05598199e-02 -3.44175622e-02
  5.89632951e-02  1.07937708e-01  8.94644111e-03  1.78459845e-02
  2.18603462e-02  8.73749629e-02 -3.82472500e-02 -2.86708283e-03
 -6.67365361e-03 -1.20435245e-02 -6.73184097e-02 -2.14520749e-03
  1.76874567e-02 -3.53974216e-02 -3.22567560e-02  6.17222786e-02
 -3.87332439e-02 -3.67024839e-02  5.47896028e-02 -1.33393304e-02
  1.81088559e-02  3.96246165e-02  7.25238547e-02  5.66703342e-02
 -4.37665507e-02 -3.11234202e-02 -6.73405379e-02 -8.23970884e-02
  4.70331125e-02  3.90243419e-02  8.42126831e-03 -3.68036330e-03
 -2.35822760e-02  4.37031053e-02 -6.66967556e-02  5.79174720e-02
  1.87370982e-02 -4.97251078e-02  1.47886956e-02  5.74118495e-02
 -3.46751027e-02  4.61712368e-02 -5.07141091e-03 -1.56043917e-02
  2.25546844e-02  3.85336988e-02 -1.84016619e-02 -2.51526870e-02
  3.09344139e-02  4.52180319e-02 -6.07753582e-02  1.50869302e-02
  1.12989694e-01 -5.29464781e-02  4.81697209e-02  5.69882914e-02]"
21,Product Carbon Footprint,Environment,products,5,0.3959,"[-5.87913357e-02  5.05784247e-03 -6.29593991e-03 -2.94913945e-04
  2.92562190e-02  1.99584719e-02  1.38282418e-01  6.79567680e-02
  6.56253775e-04 -2.83715483e-02  3.41378711e-02 -2.56551038e-02
  4.59173545e-02  5.76226646e-03 -1.00596966e-02  3.05401757e-02
  2.07552724e-02  3.79177257e-02 -1.25621870e-01 -6.06186800e-02
 -7.28496397e-03  6.41287304e-03  8.39665160e-03  5.42301200e-02
 -8.56025293e-02  7.43322894e-02 -1.33064929e-02 -1.59609038e-02
  4.60798889e-02 -1.18433610e-01  1.52246095e-02  8.41979031e-03
  7.53208026e-02 -2.54178364e-02  1.10035166e-02  3.45772654e-02
  2.63042282e-02 -3.71195227e-02 -3.92483994e-02 -2.24796589e-02
  4.42869402e-03 -1.08235694e-01 -8.57023671e-02  3.89705063e-03
  3.86006050e-02  8.60821363e-03  8.20965618e-02  7.28881657e-02
  4.32228036e-02  5.17166629e-02 -8.25196505e-02 -4.85871918e-04
 -6.70826882e-02  2.88107432e-03 -3.64170969e-02 -4.28003632e-02
 -5.53584583e-02  2.20860597e-02  3.98463244e-03 -2.38562766e-02
  9.49507430e-02 -4.96065877e-02 -1.08241200e-01  3.51700559e-02
  4.24488969e-02 -1.69612803e-02 -2.48049032e-02  2.13293582e-02
 -9.03966799e-02  1.70463286e-02  5.86300157e-04 -1.27536210e-03
 -2.24868413e-02  6.82208538e-02  4.35889550e-02  1.12020178e-02
  5.67344315e-02 -8.82405415e-02  4.10690792e-02 -1.65865645e-02
 -2.84322388e-02 -2.65328516e-03 -4.99750488e-02  2.31047329e-02
  1.21408151e-02 -6.21322542e-03 -1.95582304e-02 -2.62412913e-02
 -1.82994939e-02  2.60397643e-02 -4.49213237e-02 -1.24452589e-02
  7.11170305e-03 -1.13891503e-02 -8.42933133e-02  2.90408381e-04
  3.25418264e-02 -6.24311641e-02  7.72041380e-02  2.31964335e-01
 -1.82481613e-02  1.40482001e-02 -1.08634951e-02 -7.38154054e-02
 -9.81313139e-02 -4.13343906e-02 -7.02061877e-02  2.19719801e-02
  8.35304111e-02  7.15231672e-02 -9.95503142e-02 -3.71970311e-02
 -1.14582904e-01  5.39069921e-02 -2.78846733e-02 -3.29778008e-02
 -4.89294995e-03  7.40281958e-03  8.34732503e-03 -3.41384038e-02
  6.37566997e-03  3.47481854e-02  8.10906515e-02  3.10127647e-03
 -1.08969800e-01 -2.58888621e-02 -7.87114026e-04 -4.20454346e-33
 -2.97429152e-02 -3.85809988e-02  1.13645033e-03  6.64131716e-02
 -8.15990567e-02  4.39429730e-02  1.67678180e-03 -3.68564762e-02
  8.76355264e-03  7.96671286e-02 -6.31898716e-02  7.99446926e-02
 -2.59430264e-03  6.20856993e-02  1.78350702e-01  1.90827586e-02
  1.13450112e-02 -6.95854053e-03  2.45807339e-02 -3.13063636e-02
 -8.27919990e-02  5.46061806e-02 -1.25468774e-02  9.71486792e-02
 -2.50470024e-02 -9.07849595e-02  9.01378877e-03 -3.12269293e-02
  2.12602615e-02  1.98972169e-02  6.97747171e-02  5.76270185e-02
  2.31784210e-02 -9.64603871e-02 -7.53384680e-02  6.71351627e-02
 -8.46114289e-03 -1.17853515e-01  5.65705746e-02  3.50609533e-02
  1.03656510e-02  1.57099366e-02 -1.21717826e-02  6.26092628e-02
 -3.80541780e-03  1.64744351e-02  6.34852331e-03  3.17829177e-02
 -2.16419902e-02  1.74175445e-02 -5.55488877e-02  2.51100883e-02
  5.99516928e-03 -4.68748100e-02 -9.36649833e-03 -4.02480364e-02
 -2.09080242e-02 -1.37429545e-02  6.69837669e-02  4.94872332e-02
 -1.08493175e-02  1.43434182e-01  7.39389844e-03  8.76487140e-03
 -7.97489360e-02  1.05029391e-02  4.07329872e-02 -4.95124385e-02
 -7.79371848e-03  3.57479341e-02 -7.83483014e-02 -1.95087539e-03
  8.14457610e-02 -3.47083956e-02  3.08610573e-02  4.66724252e-03
 -2.33827680e-02  2.13317052e-02 -4.50165682e-02  5.68664819e-03
 -1.31411189e-02  6.48043538e-03  5.74321859e-03  8.48789588e-02
 -4.45373133e-02 -1.56600438e-02 -3.76028754e-02 -5.97748570e-02
  2.63609327e-02  1.98626928e-02 -4.37735505e-02  2.78287586e-02
  7.77304592e-03  5.77724278e-02 -6.01051413e-02  3.58644539e-33
 -5.91884777e-02 -6.69890046e-02  8.19309335e-03  6.01980314e-02
  6.37301803e-02 -1.64224431e-02 -2.16548648e-02 -7.01072365e-02
  6.46224665e-03  6.41157627e-02 -4.24025208e-02 -5.20214215e-02
  5.77171445e-02  3.73884924e-02 -6.20742403e-02  7.43120760e-02
  1.32989243e-01  1.28603168e-03  3.40608992e-02 -5.21378778e-02
 -2.17238348e-02  5.41472547e-02 -2.18338333e-02 -1.78782549e-02
 -6.58266693e-02  1.49474367e-02  2.64405869e-02 -1.90107692e-02
 -1.14661371e-02  7.82959908e-03  7.69097954e-02 -8.75754356e-02
 -3.87074947e-02  8.75517800e-02 -1.02202883e-02  4.84825037e-02
  4.45219763e-02  8.55367817e-03  1.82808544e-02 -7.79630616e-02
  1.06717736e-01 -4.22311760e-02  9.02870018e-03  1.09298334e-01
 -1.45963104e-02 -5.32791875e-02 -1.42916851e-02 -4.00865860e-02
  6.00570925e-02  2.43710913e-02 -3.49113792e-02  5.96650094e-02
  2.06061658e-02 -8.37164074e-02 -5.58129251e-02  6.31493004e-03
  2.33588144e-02 -1.76936407e-02 -1.15406364e-02 -1.88886020e-02
 -2.72861719e-02  5.46115749e-02 -1.02473916e-02 -4.94879670e-03
  3.33762802e-02  1.71909928e-02  3.61813419e-02 -1.91942248e-02
  4.62450534e-02  1.00281499e-02  7.66607448e-02  6.95745647e-02
 -6.89038932e-02 -8.13895836e-03 -5.56591712e-02 -1.71434190e-02
 -9.99706313e-02  1.80050246e-02  5.15326438e-03 -3.95756252e-02
  1.62003059e-02 -7.07692280e-02 -2.77959555e-03  3.90002131e-02
 -4.63363938e-02 -2.05045734e-02  1.65116030e-03 -2.48833820e-02
 -2.23649908e-02  1.35789961e-02 -4.91139404e-02  1.55882044e-02
 -6.45454600e-02  1.15772404e-01  7.58028403e-02 -1.26144268e-08
  1.67553257e-02 -1.70318559e-02  9.34164748e-02  4.48675677e-02
  6.43385062e-03  4.76558916e-02 -2.73258127e-02  7.23163784e-02
 -7.04928860e-03  5.18812723e-02  7.36039924e-03  5.08121289e-02
 -5.09647951e-02  9.54032391e-02  6.91088587e-02 -1.76308267e-02
 -5.84158674e-02 -1.50837307e-03 -3.56648676e-02 -4.24275361e-02
  1.04608750e-02  5.81135154e-02  8.41344371e-02 -1.53219057e-02
 -7.03619719e-02 -5.30223399e-02  7.76519626e-02  7.26070628e-02
  2.55656298e-02  5.71256271e-03  1.62227731e-02  2.02338062e-02
  1.28194597e-02 -3.01092230e-02  4.09353971e-02 -1.09295040e-01
  8.79311468e-03  2.16824771e-03 -9.13234800e-03 -3.79719096e-03
 -4.53203991e-02 -1.67809781e-02 -4.18937160e-03 -2.40199529e-02
 -1.70076694e-02 -3.72735336e-02  1.65155611e-03 -2.62649674e-02
 -3.41138057e-02  3.71059589e-02 -7.89362588e-04  2.30737124e-02
  4.94264290e-02 -3.34206969e-02  8.91670468e-04  4.69275611e-03
  5.13696484e-02 -6.97694346e-02 -1.87531430e-02  3.45401913e-02
  7.26866201e-02 -4.61827926e-02  1.20344140e-01  3.38946544e-02]"
22,Product Carbon Footprint,Environment,environmentally,1,0.3958,"[ 8.41795560e-03  1.24931827e-01  8.03253800e-02  2.45253276e-02
  7.93462992e-02 -4.17729281e-02  6.46296144e-02 -1.54521549e-02
  1.11508146e-02  3.99401635e-02  1.51944198e-02 -9.23864841e-02
 -1.52761154e-02  3.75933051e-02 -1.78697202e-02  2.73128180e-03
 -6.80848435e-02 -1.23030525e-02 -1.35031894e-01  1.16881318e-02
 -9.42542404e-02  2.83009876e-02  2.89525837e-02  1.23692630e-03
 -7.32308701e-02  8.87071714e-02  9.96910594e-03  4.91764396e-02
  2.58818921e-02 -5.29144071e-02  2.81450301e-02  9.54565406e-02
  1.68870147e-02 -3.89022045e-02 -8.39521922e-03  6.40441924e-02
  5.76490909e-02 -4.75808494e-02  1.53394612e-02 -8.94675497e-03
 -7.07191080e-02 -8.08555782e-02 -3.62953506e-02 -4.86333035e-02
 -2.02300176e-02 -4.46801037e-02  1.70848668e-02 -5.79954162e-02
 -2.02409867e-02 -6.05678745e-02  6.37867376e-02  1.05568282e-02
 -4.61683050e-02 -9.33001935e-03 -2.69282274e-02 -6.97162673e-02
  4.12109718e-02 -5.60729019e-02  1.68788526e-03 -2.53934432e-02
  9.71883088e-02 -6.91710711e-02 -1.03627771e-01  2.94331331e-02
  8.39593858e-02  4.74121571e-02 -3.88035253e-02  1.00951426e-01
  2.67835683e-03 -6.60227984e-02  2.52205022e-02  4.58763586e-03
  1.05129527e-02 -5.14106415e-02  1.65117905e-02  2.74140928e-02
  4.16390523e-02  2.40963437e-02  5.16133495e-02 -3.27018462e-02
  7.63939247e-02 -3.82773727e-02 -2.49186959e-02 -1.57122966e-02
  5.85455783e-02  1.66997090e-02 -2.73325434e-03 -3.24183218e-02
 -8.96017998e-03  4.10278253e-02 -3.39407809e-02 -5.21334633e-03
  1.15246862e-01 -7.22489646e-03 -1.21311970e-01  4.39314097e-02
 -2.64507812e-02 -4.37832586e-02  1.86634567e-02  1.97473064e-01
 -3.85049582e-02  5.96512370e-02 -1.00554243e-01 -1.98782533e-02
 -2.00453326e-02 -3.17307897e-02 -3.46327312e-02  6.50811940e-02
  2.59036329e-02 -3.18647735e-02 -9.37932879e-02 -6.96717016e-03
 -4.14293557e-02  9.98071656e-02 -7.26916594e-03  2.32054330e-02
  8.29538181e-02 -3.37798037e-02  5.70683107e-02 -1.62292048e-02
  2.57706363e-02 -2.25382205e-02  1.15194097e-02  4.11961451e-02
  5.43339970e-03 -1.22215502e-01  4.22485322e-02 -6.32743483e-33
 -1.24236690e-02 -3.43979001e-02  9.82970670e-02 -7.82631114e-02
  6.65832078e-03  6.92618191e-02 -4.27295752e-02 -5.55733172e-03
 -1.93051100e-02  1.33670345e-02  5.19310907e-02  7.58323148e-02
 -3.49604823e-02  3.72340456e-02  1.25400066e-01 -4.55183350e-02
 -1.03530437e-01 -2.01367354e-03 -1.20276865e-02 -1.60023719e-02
 -1.36747593e-02  4.39650752e-02 -1.31169073e-02  6.62781075e-02
  3.99427488e-02 -8.80176201e-02  7.71675780e-02  2.21562851e-02
  3.33470516e-02  2.22038419e-04  5.97628132e-02  4.99781705e-02
 -3.25430408e-02 -3.18328515e-02  3.30632925e-02  3.47457193e-02
 -7.91298747e-02  4.64484431e-02 -1.74496640e-02  2.62050936e-03
 -1.95549447e-02 -1.93485878e-02 -4.10454988e-04 -1.09937065e-03
  5.64147271e-02 -1.49604175e-02  6.66694641e-02  2.12246906e-02
 -4.77088653e-02 -1.20670479e-02 -4.03557755e-02  6.30877614e-02
 -7.62714148e-02 -5.24078347e-02 -6.08732738e-03 -2.99450606e-02
  7.57885948e-02 -3.12770717e-02 -4.11605798e-02 -5.60339168e-02
 -3.19557898e-02  1.58047453e-01 -4.25735787e-02 -2.55826544e-02
  7.40225539e-02 -2.16442738e-02  1.40673630e-02  5.60982898e-02
 -3.50379422e-02 -1.30118579e-02 -2.03309022e-03 -5.38170934e-02
  3.03965751e-02  2.11555492e-02 -4.65331599e-02 -3.98085006e-02
  8.93663429e-03 -1.81602896e-03 -6.24714512e-03  6.39621466e-02
 -7.04901814e-02  4.03555334e-02 -1.12110106e-02 -4.84533533e-02
  1.45275798e-02 -3.07466816e-02  1.78928096e-02 -1.84036065e-02
  6.50404096e-02  5.08161448e-02  4.40139696e-03  3.15287113e-02
  5.58487438e-02 -3.50195169e-02 -9.57863629e-02  3.10305089e-33
  1.73052289e-02 -7.27206143e-03 -5.12308739e-02  6.27800152e-02
 -2.55618431e-02 -6.23423271e-02 -6.49525821e-02  3.95487025e-02
  2.06807703e-02  3.49196233e-02 -6.76320717e-02  1.17034450e-01
  7.48484284e-02  3.18603553e-02  4.56847511e-02 -2.94998102e-03
 -1.40905343e-02  4.28062975e-02 -2.98109073e-02 -3.65253426e-02
 -8.20733979e-03 -2.17134040e-02  5.12563661e-02  8.34508613e-02
 -7.90779069e-02  4.86647226e-02 -2.30536312e-02 -2.06884518e-02
  2.39535253e-02  1.39190617e-03 -4.44948040e-02  1.68381128e-02
 -4.82213423e-02  2.75233518e-02 -1.61756370e-02  4.26372280e-03
 -3.39422971e-02 -4.59293202e-02 -3.57614201e-03  4.41634394e-02
 -6.32687146e-03 -1.83621589e-02 -1.65332016e-02  2.60096937e-02
 -4.35513295e-02  4.11483161e-02 -7.78587759e-02  4.41770107e-02
  3.49924713e-02  1.02673611e-02  4.17899564e-02  5.18142954e-02
 -6.10631555e-02 -4.11970131e-02  2.77655665e-02 -1.66404005e-02
  5.18687768e-03  4.49243002e-02 -3.48460078e-02  1.01265861e-02
  1.07797869e-01  9.83127430e-02 -3.75204167e-04  8.08056965e-02
 -9.53243673e-02 -1.47328824e-02  1.43780466e-02 -1.19348280e-02
 -2.98011191e-02 -6.49639815e-02  1.94449425e-02  1.02034975e-02
 -1.09379098e-01 -5.24507575e-02 -1.04552463e-01 -3.28081404e-03
 -1.87670011e-02 -1.67606231e-02 -8.29121843e-02 -1.05998409e-03
 -5.60257249e-02  6.44858042e-03 -2.21749097e-02  3.18032280e-02
 -4.50259307e-03 -7.61502609e-02 -5.18955700e-02 -9.86995548e-02
 -2.83977948e-02  4.46897261e-02 -2.39000302e-02 -2.54403427e-02
 -7.19771236e-02  1.30759910e-01 -1.11361220e-02 -1.37753400e-08
  1.41333202e-02 -3.55283245e-02  7.74168596e-02  2.52260547e-02
 -3.08769848e-02 -3.34784226e-03  9.63913426e-02  3.28310803e-02
  2.91971788e-02  5.49014919e-02  1.10261003e-03  4.46566567e-03
  3.67313586e-02  1.07249022e-01  1.90721161e-03 -3.98320556e-02
  3.41808833e-02 -6.56529292e-02 -4.81333546e-02  3.85969356e-02
 -3.80542837e-02 -3.52188349e-02  1.42804533e-02  8.45834464e-02
 -5.69670647e-03 -6.72160089e-03  8.13937858e-02  3.27026262e-03
  2.94867828e-02  5.43959700e-02  2.58495957e-02  6.71447515e-02
 -2.45625321e-02 -1.64845295e-03 -8.29644948e-02 -7.90010616e-02
 -1.33639127e-02  2.04432029e-02 -6.62108958e-02 -1.78385135e-02
 -3.22915986e-02  4.38490175e-02 -5.29868864e-02  1.24783963e-02
  4.08829376e-02 -1.12866662e-01 -4.53029014e-03  7.70842209e-02
 -1.41113466e-02  1.11722462e-02  1.71338227e-02 -9.25147608e-02
  9.77493078e-03  6.10512728e-03  2.88824029e-02  1.23684602e-02
  1.55405595e-03  2.91493516e-02 -2.06545778e-02  2.62596961e-02
  8.86137933e-02 -4.09259349e-02  6.79454878e-02 -7.41952145e-03]"
23,Product Carbon Footprint,Environment,product,17,0.3691,"[-8.84602368e-02  4.34467308e-02 -2.43881164e-04 -9.58876917e-04
  3.24363336e-02 -3.17602009e-02  1.82681799e-01  9.57286581e-02
 -6.58613862e-03 -1.29657947e-02  2.39001047e-02 -3.54416110e-02
  5.20632751e-02  1.11543955e-02 -6.06339574e-02  3.42030153e-02
  8.53907783e-03  4.11146693e-02 -1.57561064e-01 -2.58443337e-02
 -4.71052490e-02  4.03076485e-02 -4.40604845e-03  4.76711690e-02
 -7.67094195e-02  7.76110664e-02 -5.85808698e-03  1.91489737e-02
  7.17408136e-02 -9.01402310e-02  4.15566936e-02 -2.25643087e-02
  4.83564474e-02 -2.38258913e-02  2.89344527e-02  1.92011036e-02
 -2.54396861e-03 -2.75486913e-02 -5.30542769e-02 -1.71822198e-02
  1.09593142e-02 -1.20095134e-01 -8.71433467e-02 -7.03513250e-03
  3.01064402e-02  3.94780263e-02  5.39857373e-02  5.03019355e-02
  2.70547476e-02  6.24836758e-02 -9.01734382e-02 -5.49327815e-03
 -5.63185895e-03 -1.61747895e-02 -1.22569753e-02  8.14990886e-03
 -1.53470542e-02  2.13566609e-02 -1.59885529e-02 -3.49608138e-02
  7.63268992e-02 -3.10975537e-02 -1.05056897e-01  4.34566773e-02
  4.83358540e-02  3.76344542e-03  5.79326693e-03 -6.52410761e-02
 -8.69539231e-02  4.17635031e-02  1.99894961e-02  4.69067879e-02
 -2.02004537e-02  2.70032994e-02  3.38858292e-02  1.54260900e-02
  4.39451709e-02 -3.70158590e-02  8.47297758e-02  2.30568368e-02
  3.42297405e-02 -1.39383529e-03 -6.05754368e-02  1.75284110e-02
 -1.89639570e-03 -2.32281368e-02  2.19562072e-02 -3.50114866e-03
 -1.22726038e-02  4.73611727e-02 -3.88861932e-02  1.80566441e-02
  5.60072297e-03 -2.61528101e-02 -9.76829305e-02 -8.34060833e-03
  1.54770892e-02 -6.53608516e-02  1.51666189e-02  2.41688624e-01
 -2.27341335e-02  2.34483052e-02 -6.26528077e-03 -1.34837255e-01
 -5.19796275e-02 -1.62985437e-02 -7.97722563e-02  4.56587486e-02
  5.37891015e-02  3.53799202e-02 -9.27599445e-02 -4.14150134e-02
 -7.69432113e-02  5.20777553e-02 -1.45057077e-02 -9.12455656e-03
 -4.57945801e-02  3.71899866e-02  1.34654297e-02 -4.85597439e-02
  3.17857750e-02  2.97290217e-02  6.05908372e-02  2.14814134e-02
 -1.03553779e-01 -4.84627262e-02  2.21101809e-02 -2.88942499e-33
  1.00331195e-03 -4.21888754e-02 -2.76375320e-02  4.16413285e-02
 -7.40563273e-02  1.67189557e-02 -1.15597434e-02 -2.87624672e-02
  8.98193847e-03  5.73621131e-02 -3.58001478e-02  7.17431307e-02
  3.02103925e-02  7.01519102e-02  1.62785172e-01  3.77148204e-02
  3.29787913e-03  1.91969462e-02  6.07802486e-03 -2.62742359e-02
 -6.94029182e-02  4.87381779e-02 -1.97666697e-02  9.84939709e-02
 -4.14193682e-02 -7.88801908e-02  3.54069062e-02 -3.48413996e-02
  3.92429270e-02  1.20273223e-02  5.48384339e-02  3.57355475e-02
  8.20183605e-02 -9.81718227e-02 -5.33002764e-02  6.76404918e-04
 -4.23448440e-03 -1.46048933e-01  1.97426230e-02  5.40738478e-02
 -2.30514929e-02  2.54135206e-03  4.21792967e-03  5.02728373e-02
 -3.08994688e-02  1.38449362e-02 -4.32001194e-03  2.24647913e-02
 -3.46130766e-02 -2.26712509e-04 -1.76831391e-02  2.02111695e-02
 -6.34404132e-03 -1.69807281e-02 -1.38422642e-02 -1.50076617e-02
 -2.92982347e-02 -4.44489792e-02  4.13424037e-02  1.82332024e-02
  1.61842890e-02  1.13876075e-01  2.11478723e-03 -6.55436364e-04
 -6.76315874e-02 -2.73227785e-02  5.48836105e-02 -3.92680652e-02
 -2.64791236e-03  1.65190082e-02 -7.57218823e-02 -2.05273051e-02
  1.05749734e-01 -2.35285852e-02  2.23501045e-02 -1.83866862e-02
 -2.26348564e-02  1.50130820e-02 -2.88274717e-02 -8.51286226e-04
 -3.20203044e-02 -2.14359025e-03  2.82618403e-02  5.35210036e-02
 -3.99826430e-02 -1.64396735e-03 -5.58920242e-02 -9.60799828e-02
  5.36599569e-02  2.84819566e-02  1.09988156e-04  1.95478592e-02
 -7.46096671e-03  4.34487350e-02 -4.35990468e-02  2.72341874e-33
 -6.01150952e-02 -5.96189275e-02  5.41554205e-02  3.21943015e-02
  6.57780319e-02 -2.92544253e-02  1.36431381e-02 -5.75345345e-02
 -2.33635288e-02  8.18081498e-02 -6.70670718e-02 -5.94543740e-02
  6.04937188e-02  3.43417563e-02 -5.74994348e-02  1.40650079e-01
  1.28307059e-01 -3.03292982e-02  4.79456298e-02 -6.37580901e-02
 -2.47680098e-02  1.73478667e-03 -3.65794636e-02 -3.70020643e-02
 -5.48560321e-02 -1.55800870e-02  4.91280295e-02 -2.63717119e-02
  3.11681423e-02  1.63070038e-02  8.20121467e-02 -5.26842140e-02
 -9.00271013e-02  3.27606909e-02  2.73981271e-03  8.32274258e-02
  9.18568075e-02 -2.58734617e-02  6.54896721e-03 -7.58720487e-02
  4.54491079e-02 -2.96390336e-02  3.11702732e-02  1.05157733e-01
 -8.71035177e-03 -2.51367763e-02  1.56368334e-02 -3.24304514e-02
  4.35246862e-02  3.31736617e-02 -2.65597347e-02  1.67598762e-02
  3.07203438e-02 -8.34483057e-02 -8.14367905e-02 -7.72402622e-03
  3.04088779e-02 -1.80621352e-02 -1.28833065e-03 -8.47208500e-03
 -4.09334414e-02  3.54918987e-02 -3.17792234e-04  3.00099272e-02
  1.58170164e-02  9.41145699e-03  1.61048174e-02 -1.88867573e-03
  1.79893803e-02  2.01032180e-02  8.98410082e-02  6.06464818e-02
 -7.70505667e-02  8.76508653e-03 -3.03336829e-02 -3.52551900e-02
 -9.65583026e-02  1.40461735e-02 -1.76584870e-02 -2.39346437e-02
 -2.06683818e-02 -7.02227429e-02 -4.15076464e-02  1.67609770e-02
 -4.67970632e-02 -5.20766713e-02  1.42511073e-02  1.42098935e-02
 -2.47402787e-02  1.52555723e-02 -5.40373772e-02  3.63131389e-02
 -1.16388656e-01  8.13102573e-02  5.90829141e-02 -1.32963072e-08
  1.66308954e-02 -1.74663961e-02  9.25341994e-02  2.68652979e-02
  2.26121340e-02  3.34517658e-02 -3.57084721e-02  1.24470573e-02
  1.11710804e-03  5.14053553e-02  4.94776331e-02  6.42822906e-02
 -8.08762200e-03  1.08216636e-01  6.22984432e-02 -6.06987998e-03
 -8.32940489e-02  4.36747894e-02 -3.94024476e-02 -3.93197834e-02
  3.80209903e-03  4.02387977e-02  7.17746690e-02 -3.24470513e-02
 -8.44501704e-02 -4.92228009e-02  3.52823511e-02  1.13489397e-01
  3.62072815e-03 -4.45451103e-02  2.30505317e-02  7.45604038e-02
 -1.24070030e-02 -2.09522415e-02  2.63821725e-02 -8.56342688e-02
 -1.89583690e-03  3.32639925e-02  3.58827189e-02  7.61540309e-02
 -4.48747873e-02 -5.32386899e-02  1.07769258e-02 -2.18209326e-02
 -2.47738287e-02 -1.65369548e-02  1.01947756e-02 -2.35283896e-02
 -3.88647728e-02  2.62895450e-02  2.77319923e-02  1.97113920e-02
  3.36966217e-02 -9.19354707e-03  4.42838557e-02  4.85107303e-03
  3.95726860e-02 -3.96394245e-02 -2.91400626e-02  3.82517055e-02
  9.64023620e-02 -1.27194198e-02  4.72757816e-02  3.42206918e-02]"
24,Product Carbon Footprint,Environment,expenditures,3,0.3652,"[ 9.85795632e-03  3.28268521e-02 -2.95742881e-02  2.80028936e-02
  1.18415300e-02 -1.19080348e-02  9.60832909e-02 -1.02200443e-02
 -5.97354444e-03  8.80892277e-02  4.83609475e-02 -5.40471189e-02
 -1.66154895e-02 -1.94049459e-02 -5.24271317e-02 -5.38582057e-02
  4.18945774e-02 -5.03324978e-02 -6.91086706e-03  1.27186282e-02
  5.50823919e-02 -3.68857570e-02  1.13523956e-02  2.53601559e-02
  6.78067748e-03  3.62775065e-02 -6.07219618e-03 -3.95283438e-02
  3.47461924e-02 -2.00169850e-02  2.56124157e-02  6.67448938e-02
  5.73365092e-02 -5.32593206e-02  3.98949906e-02 -5.86659275e-03
  3.83595899e-02  2.99381241e-02 -3.12582329e-02  4.88237888e-02
 -4.27977517e-02 -3.73580493e-02 -3.95656712e-02  1.89140961e-02
  1.56091973e-02 -3.27735990e-02 -1.07228346e-02  4.27167714e-02
 -1.00575835e-02  8.43380168e-02  5.31141758e-02 -2.91997939e-03
  7.77865993e-03 -3.28267738e-02  6.48432374e-02 -5.76399565e-02
  4.79730777e-02 -1.94427427e-02  8.63349158e-03  8.36841669e-03
 -6.22292347e-02  2.17761081e-02 -2.54385453e-02  4.45976816e-02
  7.32688382e-02  2.30064783e-02 -9.89948772e-03  5.15319854e-02
 -1.11889742e-01  4.86224927e-02  3.63465701e-03  1.28916679e-02
 -3.46947424e-02 -6.44462183e-02  1.14098918e-02 -5.16721122e-02
  1.27903506e-01  8.68755579e-02  5.24674244e-02 -5.12210205e-02
  7.44940937e-02 -5.18966606e-03 -6.95879534e-02 -4.98758908e-03
  4.08470854e-02  1.88597031e-02  4.28315345e-03 -3.47349234e-02
  2.59918384e-02 -2.20366307e-02  3.70382816e-02  5.39739523e-03
  7.84424786e-03 -2.69169323e-02 -5.74195236e-02  1.29789887e-02
 -1.86865255e-02 -3.07658501e-02 -6.47206418e-03  1.83064044e-01
 -5.66116208e-03 -1.15486083e-03  9.06393379e-02 -3.18950182e-03
 -5.79765253e-02 -5.05619422e-02  1.23372069e-02  7.38502741e-02
  2.94840392e-02  5.72333895e-02 -9.06007597e-04 -3.98683399e-02
 -2.35432002e-04  1.10446494e-02  3.38443704e-02 -1.20466594e-02
  2.84415372e-02 -4.74839322e-02  6.41971752e-02  4.77162860e-02
  2.54380424e-02  9.03834403e-03 -6.11212961e-02 -1.23482980e-02
 -1.01493783e-01 -1.13752604e-01 -6.62005916e-02 -5.76845898e-33
 -4.18725945e-02 -4.64336760e-02  2.85351295e-02 -2.18113847e-02
 -1.15166090e-01 -1.73818544e-02  1.88320000e-02  2.60607023e-02
  4.59588878e-03 -5.25346734e-02 -8.88028927e-03  8.77191797e-02
 -2.67466195e-02  7.05521926e-02  1.30074412e-01 -2.05298252e-02
 -9.71047580e-03  1.50803015e-01  3.10254786e-02 -6.54956209e-04
 -4.81322370e-02 -3.97173576e-02  6.27964810e-02  1.89708080e-03
  4.35624793e-02 -4.65727411e-02  2.95411851e-02 -3.66285890e-02
  6.41197562e-02  1.94234811e-02  9.82647315e-02  3.75848934e-02
  2.55537201e-02 -3.22166607e-02 -1.30924210e-02 -1.28140626e-02
  7.11820181e-03  4.04982790e-02 -1.73751377e-02 -4.76136617e-02
 -4.41419072e-02 -2.22317614e-02  6.33731931e-02  4.50080186e-02
 -7.94270113e-02  9.58858058e-03  8.01177025e-02  6.65671017e-04
 -5.94283566e-02  2.62850635e-02 -4.59406003e-02 -3.13967504e-02
 -1.03202462e-01 -2.73886044e-02 -5.61910160e-02 -4.98490930e-02
  1.16384169e-02 -2.47558746e-02 -2.48584663e-03 -3.30602303e-02
 -3.02660279e-02 -7.42927194e-02 -8.29668529e-03  4.43981141e-02
 -8.22054688e-03  5.63351959e-02  3.28861699e-02  1.52806821e-03
  3.53889540e-02  6.00802654e-04 -7.54302219e-02 -3.81928124e-02
  4.17021252e-02  4.02111970e-02  1.80626120e-02  4.58733849e-02
  4.18197513e-02  1.88721009e-02 -7.10905492e-02  4.98866960e-02
 -1.03263624e-01 -4.19797301e-02  2.67890245e-02 -4.47232611e-02
  4.63125780e-02  1.34371882e-02  3.85331474e-02  1.90969309e-04
  7.06570037e-03  3.28697031e-03  8.67910124e-03  1.00641986e-02
 -5.38763590e-02 -4.40838560e-02  3.75293754e-02  3.34383841e-33
 -1.21705728e-02  1.19898424e-01  3.86834815e-02 -1.94175579e-02
 -4.41757205e-04  9.56179760e-03 -3.45652178e-02 -5.01258112e-02
  1.98585913e-02  2.59631220e-02 -1.25846580e-01  2.22603325e-03
 -9.73333139e-03  8.49972442e-02 -1.84520446e-02 -4.89709936e-02
  1.11271620e-01 -2.39984132e-02  1.38800023e-02 -5.03062271e-02
 -7.99955428e-02 -8.42334330e-03  7.63731748e-02 -7.88422972e-02
 -5.74688427e-02  7.06041902e-02 -1.21748887e-01 -3.49684479e-03
  1.36131002e-02  2.93225609e-03 -2.12979242e-02 -3.91326882e-02
 -8.71796981e-02  3.30839418e-02 -1.02727436e-01  4.35126089e-02
 -4.65709629e-04  8.90744179e-02 -1.24624958e-02 -1.33754490e-02
  4.74392138e-02 -4.20640074e-02 -3.79267358e-03  6.87591285e-02
  1.48260742e-02 -7.62498453e-02 -9.82410461e-02 -2.76253112e-02
  6.94483668e-02 -8.36322010e-02  1.36283357e-02 -6.64596073e-03
 -2.59837862e-02  1.75732858e-02 -7.99033940e-02  6.82004988e-02
  4.77882065e-02 -7.31041702e-03  3.01640406e-02 -2.32562907e-02
 -3.98556888e-02  5.56756556e-02 -8.89396369e-02  3.39397304e-02
 -8.41998383e-02 -5.31910453e-03  4.05329689e-02 -1.08819418e-01
  6.35409206e-02 -4.42776866e-02 -6.68775197e-03  6.18419237e-02
 -4.35632169e-02 -6.42940924e-02 -4.27416414e-02  1.03978008e-01
 -6.21332321e-03  4.41883579e-02  6.44936934e-02  5.85211627e-03
  3.38307619e-02 -1.39257563e-02  4.18283939e-02 -8.31344873e-02
 -1.11497179e-01 -7.20306635e-02  5.86513244e-02 -7.66580552e-02
 -9.40971971e-02  4.66760248e-02 -7.21699223e-02  4.86251861e-02
  1.04974946e-02  1.02373250e-02  1.09603144e-02 -1.17485017e-08
  2.66190562e-02  1.15911048e-02  3.39460224e-02  3.27599235e-02
  3.80527899e-02 -1.20571084e-01  2.80908253e-02  1.01934321e-01
 -2.73035113e-02  1.05105534e-01 -1.78012380e-03  1.24447914e-02
  7.84928575e-02  4.19122986e-02 -6.26685992e-02  3.77343521e-02
 -6.03504479e-02 -1.84225831e-02 -6.23842776e-02 -3.51103917e-02
  3.59853283e-02  1.70494039e-02 -2.89054103e-02  4.71006595e-02
  1.23077957e-02  1.87065601e-02  1.00602461e-02  2.94898041e-02
 -1.02568427e-02  3.28099765e-02  5.45460954e-02  2.76584253e-02
 -2.53206957e-02 -7.62922242e-02 -3.35513838e-02 -1.25674784e-01
 -6.00993522e-02  4.27366188e-03  4.96362150e-02 -3.69093614e-03
  4.77927411e-03 -3.85139929e-03  1.46218427e-02 -4.03930619e-03
  1.14761703e-01 -8.89729522e-03 -1.43341646e-01 -3.15231867e-02
 -3.44743989e-02 -1.15025304e-01  6.33109873e-03  3.16353403e-02
  2.94799171e-02  1.94880459e-02  1.28983632e-02 -2.19481792e-02
  6.30342364e-02  8.22948385e-03 -6.11255839e-02  1.73262060e-02
  4.21375148e-02 -5.10391667e-02  8.02907124e-02 -7.62022194e-03]"
25,Product Carbon Footprint,Environment,pollution,1,0.3554,"[-7.90520478e-03  5.44987097e-02  8.17528814e-02  1.91137437e-02
  1.00608595e-01  2.74925716e-02  1.43466786e-01 -2.74727121e-02
 -4.51329909e-02  4.21834812e-02  2.08130963e-02 -6.38899207e-02
 -2.43091397e-02  1.55049155e-03 -6.62720874e-02  8.76421016e-03
 -9.64731723e-03 -1.94084942e-02 -1.14794031e-01 -2.51973756e-02
 -1.29508702e-02  7.27783889e-02 -2.92377602e-02  4.10004548e-04
 -7.27999732e-02  7.35225305e-02 -3.55388187e-02 -2.51354817e-02
  3.98595631e-02 -7.19994232e-02  2.10516993e-02  1.04605816e-01
 -2.94946171e-02 -8.10663402e-02 -5.11522219e-02 -3.88816325e-03
  2.15115454e-02 -1.99262258e-02  1.28573654e-02 -6.91313669e-03
 -4.94945645e-02 -6.41008019e-02 -1.41691035e-02 -4.12137620e-02
 -6.75623417e-02 -1.89119279e-02  2.49290541e-02 -2.96633970e-02
  5.81166781e-02 -5.70107438e-02  3.54425646e-02  4.52658683e-02
 -7.68482462e-02 -3.46176103e-02  5.20046540e-02 -1.45308942e-01
 -7.31486082e-03 -3.18758413e-02 -1.48805240e-02 -4.09104861e-02
  2.59431247e-02 -6.41232356e-02 -4.46734317e-02  3.34370509e-02
  1.56137630e-01 -2.63866666e-03 -5.83651736e-02  1.07617222e-01
 -2.22573895e-02  1.70570128e-02  1.50221456e-02 -1.57974027e-02
 -4.11944278e-02 -8.84392038e-02  1.77244674e-02  1.17093325e-02
  1.22193042e-02 -7.06873136e-03  9.29541364e-02 -5.21070994e-02
  6.55326098e-02 -6.32334426e-02 -3.23255882e-02  1.79647673e-02
  7.15413764e-02  4.24959790e-03 -1.42274220e-02 -2.78596543e-02
 -3.75967771e-02  2.33813701e-03 -1.24364882e-03 -3.91537473e-02
  5.83998263e-02  2.82205883e-02 -7.66967908e-02  8.94793198e-02
  3.85941379e-02 -2.52992325e-02  4.70869280e-02  1.91226050e-01
 -2.07717381e-02  5.25664911e-02 -1.13676034e-01 -1.84558779e-02
 -6.80296635e-03 -3.46649401e-02 -3.63231041e-02 -5.23698097e-03
  2.21606903e-02  5.44490867e-05 -7.82308728e-02 -2.26146076e-02
  5.27908979e-03  1.62495840e-02  1.09869260e-02  1.48561383e-02
  1.39500573e-01 -8.15436170e-02 -7.38389567e-02 -4.67392132e-02
 -4.70905453e-02 -4.18295115e-02 -9.81084630e-02  7.31741562e-02
  2.53133681e-02 -6.59879074e-02 -5.70368208e-03 -5.57211579e-33
 -3.60236689e-02 -6.71105757e-02  9.03287828e-02  5.66231161e-02
 -5.28004356e-02  2.11957246e-02 -2.58772988e-02 -4.26854156e-02
  3.96507941e-02  7.59685552e-03 -1.54841994e-03 -1.45151373e-02
 -7.28385746e-02  3.75293009e-02  1.26638800e-01 -3.17501239e-02
 -3.39503102e-02 -3.49705890e-02  9.78368986e-03 -4.00683284e-02
 -3.40170600e-02 -2.81585641e-02 -5.22384532e-02  5.43373339e-02
  1.08368751e-02 -3.01967841e-02  5.09902872e-02 -1.04514612e-02
 -2.45615784e-02  2.52273250e-02  8.61447304e-02  8.48177895e-02
 -7.37610459e-02  1.29686603e-02 -1.92455314e-02 -3.63864824e-02
 -6.10596016e-02  4.24708948e-02 -2.62787882e-02 -1.73041392e-02
 -5.39123714e-02  1.91688421e-03 -5.79800382e-02  7.73337530e-03
  3.71160693e-02 -7.99147761e-04  1.79838482e-02 -1.22398604e-02
  1.06034549e-02 -4.22015451e-02 -4.70663607e-02  5.56428991e-02
 -4.98145185e-02 -2.68402640e-02  2.54878458e-02  4.94229607e-03
  6.56441301e-02 -8.80440027e-02 -9.32242349e-03  1.58920009e-02
 -1.41578633e-03  1.31097779e-01 -4.87660691e-02  4.58903201e-02
  1.04400262e-01  2.66095363e-02  6.36588410e-02  1.49942534e-02
  3.14726867e-02 -2.99647301e-02  2.02217028e-02 -4.14808057e-02
  1.45270927e-02  3.96846645e-02 -2.30471361e-02  1.57809164e-02
 -6.88521471e-03  1.40332791e-03 -3.62952128e-02  5.49958795e-02
 -4.21332978e-02 -1.17086880e-02 -2.19793674e-02 -6.20414354e-02
  2.21736962e-03 -3.71964229e-03 -2.47612670e-02 -9.67628509e-03
  7.42080202e-03  4.34576981e-02 -5.77940606e-03  6.66313525e-03
  2.72328872e-02 -3.49727124e-02 -6.56142682e-02  3.14645895e-33
  1.09393178e-02  3.25170048e-02 -1.97192188e-02  2.19352599e-02
 -3.76558106e-04 -4.86286953e-02 -7.35993497e-03  1.07036931e-02
  9.57945809e-02  1.29217371e-01 -6.19237497e-02  7.31460750e-02
  9.45756063e-02 -1.32908886e-02  3.67135368e-02 -3.41237038e-02
  9.18354932e-03  5.75912558e-02 -3.96092981e-02 -3.92990373e-02
 -5.12662940e-02 -4.70869280e-02  3.72802466e-02  1.69790499e-02
 -8.49820152e-02  5.46466783e-02 -9.21960995e-02 -2.96493713e-02
  7.06898421e-02 -3.55169736e-02 -1.65183265e-02  1.05418883e-01
 -4.22301404e-02  3.52311209e-02 -2.26922184e-02  3.76085006e-02
  3.27187628e-02  2.99328961e-03 -2.48505846e-02 -1.59115940e-02
 -9.29333456e-03 -4.73296419e-02  7.33585954e-02  6.56151846e-02
  1.63130481e-02 -6.94937306e-03 -4.85979691e-02  2.25522351e-02
  3.36373597e-02 -4.54320423e-02  1.08033799e-01  8.56010169e-02
 -4.45125811e-02  3.59510258e-02  6.98662400e-02  6.30282834e-02
  5.38665652e-02 -1.07228905e-02  1.67914275e-02  8.95270612e-03
  6.50654137e-02  6.89960793e-02 -8.05894509e-02  5.44816591e-02
 -1.05012089e-01  2.05840543e-02  2.62759044e-03  1.74792446e-02
  6.63980544e-02 -3.94092947e-02 -1.07516637e-02 -7.82206189e-03
 -6.57114238e-02 -3.52348685e-02 -1.08443439e-01 -2.21536998e-02
 -3.32501978e-02  8.97195712e-02  3.07587162e-02 -1.86818885e-03
 -2.12043449e-02  3.45546715e-02  7.55087938e-03  1.87940337e-02
  4.45252545e-02 -1.17251545e-01 -1.68662723e-02 -9.46245492e-02
  1.99276973e-02 -4.72733900e-02 -5.78265786e-02 -3.20362207e-03
 -1.27147853e-01  1.31719457e-02 -3.04598324e-02 -1.19493517e-08
  4.67641931e-03 -4.47406210e-02  5.23157939e-02 -2.85782269e-03
 -2.91659180e-02 -2.37885844e-02  6.64871931e-02  1.30100593e-01
  1.68028828e-02  7.11469427e-02  3.99089325e-03  4.46091481e-02
  5.95045313e-02  3.20710614e-02  1.75685100e-02 -2.72005349e-02
 -1.05131306e-02 -4.74207513e-02 -3.78597826e-02 -8.81875120e-03
  5.54702692e-02  1.71813574e-02 -4.27608239e-03  2.17462163e-02
 -1.11070145e-02 -1.53221618e-02  7.15392083e-02  1.32696573e-02
  3.84311415e-02  1.39276125e-02  2.27134153e-02  4.70850877e-02
 -7.09303319e-02 -2.36489903e-02 -6.00164123e-02 -7.24491924e-02
  3.65170352e-02 -6.15592673e-02 -2.59951837e-02 -4.16978374e-02
 -1.21531989e-02  5.99943362e-02 -2.31904238e-02  9.03758593e-03
  6.91594258e-02 -5.60587309e-02  7.75049161e-03  3.56948599e-02
 -5.59185259e-03  5.07639954e-03 -7.35345390e-03 -3.69453691e-02
  5.47187850e-02  1.83569323e-02  3.64365499e-03 -1.15846535e-02
 -1.05402190e-02  4.03815433e-02 -2.62166467e-02 -1.39888376e-02
  1.28721461e-01  5.93896247e-02  3.06126941e-02  5.73256984e-02]"
26,Product Carbon Footprint,Environment,waste,15,0.3523,"[ 1.15807625e-02  9.73809659e-02 -6.98507996e-04  2.13104617e-02
  6.35843948e-02 -1.91334691e-02  1.49126455e-01 -1.54187018e-02
  4.06387672e-02  9.25249700e-03 -3.95688042e-02 -4.89042513e-02
 -1.86768062e-02  3.52149755e-02 -5.12933731e-02 -8.99680611e-03
 -1.71735382e-03  3.95571738e-02 -6.33638278e-02 -4.12587225e-02
  5.15112355e-02 -5.25349053e-03  3.17504071e-02  1.48192672e-02
 -3.32652545e-03  6.55189902e-02  2.44619772e-02 -6.23075068e-02
  7.45920232e-03 -6.66781068e-02  6.11038916e-02  5.97657748e-02
  4.62012030e-02 -6.61172271e-02 -2.95084976e-02  6.76814467e-02
  3.90645713e-02 -4.43955447e-04  3.64717692e-02 -1.42031675e-02
 -2.80895531e-02 -5.46513423e-02  3.64782102e-02  3.12939100e-02
 -6.16373159e-02  7.12020614e-04 -1.28249284e-02 -5.99853769e-02
  4.86061350e-02 -4.99448404e-02  1.40072435e-01 -3.68996933e-02
 -3.56917083e-02 -3.02305091e-02  5.52938282e-02 -6.12651482e-02
 -8.51954427e-03 -1.45855627e-03 -5.87395355e-02 -1.37689086e-02
  3.44503745e-02  4.13487060e-03 -4.64072004e-02  2.31864434e-02
  1.13498062e-01  1.45126143e-02 -7.89273717e-03  4.14622426e-02
 -1.55410757e-02 -1.77840702e-02 -5.20770773e-02  3.04903579e-03
 -3.35365497e-02 -4.45792153e-02 -3.94028565e-03  3.24810967e-02
  1.05473980e-01 -5.13587855e-02 -6.05103932e-03  3.24499719e-02
 -9.21349898e-02 -2.13631019e-02 -2.55942568e-02  6.58392534e-03
  2.37928424e-02 -1.31993927e-03 -5.63175716e-02 -1.61397643e-02
 -6.97012469e-02 -3.33605446e-02 -3.12007274e-02  6.37591630e-02
  1.07347451e-01 -6.00825250e-03 -6.30690008e-02 -3.35829263e-03
  2.30889954e-02 -5.65334223e-03 -1.00356555e-02  2.29675546e-01
 -1.50916278e-02  1.27145290e-01  5.41788526e-02 -2.87406091e-02
 -1.98681344e-04 -2.05947440e-02 -2.94991024e-02  7.97188058e-02
  3.25652845e-02  7.05084857e-03 -4.03072275e-02 -2.06478573e-02
  4.32064086e-02  1.08537540e-01  1.39450282e-02  7.17265829e-02
 -6.15109457e-03 -1.04467133e-02 -6.40025735e-02  2.47054752e-02
 -5.53050414e-02  2.28282847e-02 -2.27254722e-03  1.63819287e-02
 -6.77958876e-02 -1.23624377e-01  3.79518904e-02 -5.53731785e-33
 -3.73991132e-02  5.54588251e-03  7.57514238e-02 -9.71137825e-03
 -6.10644594e-02 -9.40712616e-02  4.55099791e-02 -1.37423696e-02
  2.00962294e-02 -3.29880565e-02 -1.38192177e-02 -7.55293574e-03
 -9.61888805e-02  3.60480212e-02  3.01475581e-02 -3.09833977e-02
  1.19558694e-02  8.38506371e-02  3.98440547e-02 -3.91651317e-02
 -2.48593036e-02  8.49769264e-02  3.45118373e-04 -5.50138317e-02
  3.77297364e-02 -6.59213960e-02 -1.33952964e-03 -6.77169263e-02
 -2.33129617e-02  5.93838049e-03  2.30666163e-04  4.49451841e-02
 -3.72669436e-02  1.33668557e-02 -5.48742414e-02 -3.21121551e-02
 -2.19539204e-03  7.41222426e-02 -5.82775846e-02 -7.53690302e-02
  2.43869424e-02  3.36698890e-02 -1.89594552e-02  1.54320635e-02
  2.97781508e-02 -2.25014761e-02  6.57931715e-02  2.08555292e-02
 -4.20312695e-02  5.35309575e-02  5.53189823e-03 -5.44570573e-03
 -8.58107507e-02  2.36000903e-02 -3.18719782e-02 -8.54738653e-02
  7.51221478e-02 -7.39343464e-02  3.35187353e-02 -6.08853437e-02
  8.98584425e-02  1.04996294e-01 -1.10794760e-01  5.69099635e-02
 -2.12459918e-02  2.72289058e-03 -1.61118396e-02  1.04007893e-04
  1.85631830e-02  2.99198739e-02 -6.13666102e-02 -4.87712361e-02
  5.87913431e-02  4.94857207e-02  3.30805331e-02 -1.42837083e-02
 -5.32847755e-02 -5.48297241e-02 -2.42793635e-02 -3.10263541e-02
 -3.76677401e-02 -5.99774048e-02 -7.15606436e-02 -4.91926447e-02
  8.02219752e-03  1.85350468e-03  5.42846099e-02 -5.33580706e-02
  2.27671228e-02 -4.12834669e-03 -4.57724147e-02 -5.94009412e-03
  4.12846543e-02 -4.95002270e-02 -1.35021575e-03  5.10776320e-33
  4.63753752e-02  2.11674068e-02 -1.13167772e-02  1.10830575e-01
 -2.95047015e-02 -2.65655108e-02 -1.15724886e-02 -2.31377464e-02
  2.02590842e-02  6.29064962e-02 -8.80133137e-02 -9.36019048e-03
  5.44255376e-02  2.89294254e-02  4.21526730e-02  1.10634072e-02
  7.73235261e-02 -4.00339663e-02 -7.28548840e-02 -6.84586093e-02
  9.29681212e-03  4.43192013e-02  7.83134066e-03 -7.16151819e-02
 -8.27828497e-02  3.77772935e-02  4.06872630e-02  2.35990118e-02
  1.67508274e-02 -3.95451412e-02  2.12834273e-02  1.71526577e-02
 -3.02555095e-02 -1.57511216e-02  2.05855025e-03  3.82414572e-02
  2.26367451e-02  1.05669320e-01 -1.74530447e-02 -1.39653180e-02
  1.14043429e-02 -5.64515255e-02 -3.60019058e-02  8.85496289e-02
 -4.02696840e-02 -2.67771240e-02  6.35886099e-03 -5.49496040e-02
  8.28344226e-02  1.51879305e-03  1.25894427e-01  2.54136138e-02
 -4.28808331e-02 -3.01823132e-02  1.66823193e-02  6.19317293e-02
 -2.90289968e-02  3.07706445e-02 -2.90692877e-02 -8.77464563e-03
  3.91315576e-03  7.78489187e-02 -3.76698673e-02 -7.50400545e-03
 -6.73543364e-02 -4.20985110e-02  1.18528958e-03  4.55969758e-03
 -4.66119163e-02  5.65877669e-02 -9.07353358e-04  3.93600874e-02
 -4.28591333e-02  2.10785051e-03 -2.85166129e-02 -1.54327191e-02
 -5.16128950e-02  2.01234259e-02  4.57177833e-02 -1.63440790e-03
 -4.49312478e-02 -5.10981642e-02  6.76887995e-03 -3.92862130e-03
  5.23435213e-02 -4.57690507e-02 -1.73355862e-02 -1.13678891e-02
 -4.86650914e-02 -1.44531420e-02  1.24804862e-02  9.02323009e-05
 -7.59218261e-03  1.04564451e-01  6.92018634e-03 -1.35037004e-08
 -2.58256290e-02  3.15467827e-02  2.13945471e-02  1.01330139e-01
 -4.66905395e-03 -2.85639167e-02  1.69304628e-02  9.06555504e-02
  4.62054387e-02  6.45686835e-02  2.65646633e-02 -2.02385504e-02
  4.18260843e-02  8.54203850e-02  4.51954864e-02 -2.04939339e-02
 -6.80460036e-02 -9.17756259e-02 -6.03778623e-02  7.29679922e-03
 -3.71522382e-02 -6.66363537e-02 -7.16577470e-02  3.14636081e-02
  4.31618802e-02 -4.25182693e-02  4.94967699e-02  1.40355453e-01
  3.38030532e-02  5.50542325e-02  7.37328008e-02  6.04257695e-02
 -5.10080606e-02  1.02884620e-02 -4.76047508e-02 -5.04162163e-02
  8.76253098e-02 -4.46997508e-02  7.46864220e-03  9.34263095e-02
 -4.47558053e-02 -4.50107306e-02 -7.37689761e-03 -2.45370921e-02
 -2.61240322e-02 -5.81543222e-02 -2.91897189e-02  7.61611713e-03
 -8.34084153e-02 -2.71410635e-03  2.38543116e-02 -5.78575544e-02
  1.30021758e-02  7.42913634e-02  8.47703591e-02 -3.32353860e-02
  5.36534600e-02  3.28482650e-02 -1.77790187e-02  5.44883683e-02
  2.14669913e-01 -1.73637662e-02  7.81076998e-02 -3.13830264e-02]"
27,Product Carbon Footprint,Environment,recycling,6,0.3494,"[-8.13960209e-02  7.43737966e-02 -1.33063151e-02 -7.80706992e-03
  6.09524883e-02 -2.49008574e-02  1.26633525e-01 -4.55605388e-02
 -4.46167812e-02  1.04610557e-02  2.55039725e-02  5.34474626e-02
  2.78518647e-02  4.07743827e-02 -8.08362886e-02 -2.29279380e-02
 -5.57472594e-02  2.31153145e-02 -6.07137606e-02  2.10720301e-02
 -1.38774347e-02 -2.06025634e-02 -3.01247602e-03 -8.34793225e-03
  3.21838893e-02  1.22678846e-01 -4.80245650e-02 -2.95441728e-02
  7.81430677e-03 -9.10794586e-02  4.36503068e-02  4.47765961e-02
 -2.46734954e-02 -4.50355001e-02  4.18584608e-02  1.11650720e-01
  1.89177692e-02 -2.31687371e-02  3.84124666e-02 -6.61979616e-02
 -8.40485245e-02 -5.74074537e-02 -2.64839735e-02 -3.24107856e-02
 -1.31106507e-02 -1.51263820e-02  4.85872217e-02 -2.72998381e-02
  9.65264568e-04 -9.57836434e-02  1.65793136e-01  1.18520362e-02
 -6.55873045e-02 -3.94766405e-02  3.27627026e-02 -7.02214018e-02
  5.88974506e-02 -3.24566551e-02 -2.94601526e-02  2.47937199e-02
  4.73188646e-02 -4.37514409e-02 -7.02593848e-02  7.41739720e-02
  1.30599409e-01  2.25882679e-02  7.96140265e-03  5.90331182e-02
 -3.26061621e-02 -3.24333236e-02  4.72112047e-03  2.45586294e-03
  5.40292310e-03  1.16367284e-02  5.57997115e-02  1.69811118e-03
  6.29139766e-02 -2.15711053e-02 -6.37421981e-02  6.67570680e-02
 -7.62433745e-04 -3.10027017e-03 -1.37919448e-02 -2.28173416e-02
 -4.39838320e-02 -9.31329839e-03 -4.86921929e-02 -3.75529714e-02
  1.86827814e-03  2.05794186e-03 -2.57860329e-02  6.98852837e-02
  1.10055320e-01 -7.33231893e-04 -6.82641491e-02  2.29549464e-02
 -2.85756821e-03  1.30152388e-03  3.48651856e-02  1.96766332e-01
 -2.62765400e-02  1.11736611e-01  2.91383844e-02 -8.93517956e-02
 -4.00900319e-02 -6.82129636e-02 -4.90581729e-02  2.08954997e-02
 -1.39275854e-02  1.47459218e-02 -7.46097639e-02  1.52378799e-02
  1.18357986e-02  9.82585698e-02  4.20618430e-02  2.30186470e-02
  2.28058249e-02 -3.07186320e-02 -8.27231035e-02 -9.71937552e-03
  2.07621604e-02 -2.43702792e-02  2.10722815e-02 -3.38421501e-02
 -6.54237121e-02 -1.19140018e-02  3.08306962e-02 -4.22916309e-33
 -6.17401563e-02  2.16736887e-02  6.82332292e-02 -5.23950718e-03
  4.57318909e-02 -5.44330142e-02  3.34474333e-02  4.15165006e-04
  2.27231625e-02 -2.87475102e-02  5.32029159e-02  6.04076162e-02
 -3.65395397e-02  1.30400406e-02  4.13388088e-02 -4.29097079e-02
 -3.66026722e-02  8.85148346e-02 -3.01630106e-02 -7.45295510e-02
 -3.43778990e-02  5.87983653e-02  1.80969499e-02  5.17290086e-02
  8.41782242e-02 -5.53758591e-02  1.48495734e-02 -5.36077581e-02
  4.16758396e-02 -1.42662795e-02  6.54878318e-02  9.67347547e-02
 -6.45886511e-02 -4.76710685e-03 -1.26743997e-02  9.01656784e-03
 -4.42656428e-02  1.03756040e-02 -2.31947955e-02 -1.16515588e-02
  4.20572087e-02  4.05962057e-02  1.58582267e-03  5.43348119e-02
  5.42978570e-02 -4.64712419e-02  7.69230872e-02  4.88549881e-02
 -1.12000212e-01  2.30531227e-02  7.32542574e-03  4.51278053e-02
 -5.52108325e-02 -1.66703481e-02 -6.14281967e-02 -5.44722416e-02
  5.65017611e-02 -6.73879310e-02  1.25904884e-02 -3.80694531e-02
  8.59309062e-02  1.32356808e-01 -1.43580651e-02  3.38314176e-02
  5.10918628e-03  4.57067117e-02  7.12909410e-03  4.89476509e-02
  7.78654777e-03  8.50083400e-03 -2.96232756e-03 -3.41783091e-02
 -5.41976206e-02  6.80930121e-03  6.82012504e-03  1.43538266e-02
  2.56515350e-02 -3.51544246e-02 -1.73889026e-02 -5.61935604e-02
 -7.89480433e-02 -2.94103026e-02 -2.20319871e-02 -5.55613153e-02
 -2.46226676e-02 -3.93982604e-02  3.23377475e-02 -4.92571667e-02
  9.41746160e-02  1.88866723e-02 -3.41791958e-02 -1.94446091e-02
  1.72878634e-02 -7.79484883e-02 -3.63265574e-02  2.17579045e-33
  2.07724087e-02 -1.88881457e-02  5.86667983e-03  2.36154180e-02
 -2.78596748e-02 -8.15424547e-02 -8.22589770e-02  3.04622208e-05
  2.54513919e-02 -3.28838155e-02 -1.35532796e-01  9.41799022e-03
  1.00463368e-01  5.91130815e-02  2.63636932e-02  5.10709174e-03
  2.80277468e-02 -1.11699002e-02 -8.37818161e-02 -5.94238937e-02
 -1.48191573e-02  3.29346620e-02  4.56331745e-02  7.88149331e-03
 -9.89717692e-02  2.45113745e-02 -6.96911439e-02 -4.45830598e-02
  1.35274187e-01 -3.64010856e-02 -1.66840907e-02 -8.47200453e-02
  2.59643905e-02  2.91280393e-02  8.94094352e-03 -2.13818830e-02
  1.81138534e-02  5.88418450e-03  1.12521332e-02 -2.92249899e-02
  3.37381102e-02  2.50681955e-02 -8.21285471e-02  9.06836689e-02
 -4.42093387e-02 -4.78648804e-02 -7.30285570e-02  2.91421749e-02
  1.16891675e-01 -1.80464983e-02  5.24329506e-02  4.17044014e-03
 -4.85813022e-02 -8.75529647e-02  1.09708821e-02  9.74202007e-02
  6.06933311e-02 -3.85918305e-03 -2.86528021e-02 -2.86086723e-02
 -2.19413196e-03  3.99789736e-02 -5.30282110e-02  3.75743769e-02
 -3.28535326e-02 -3.62221077e-02  7.94271827e-02 -1.18388664e-02
 -1.11913465e-01  3.23506101e-04  2.66725998e-02  6.75049946e-02
 -1.11613013e-02 -5.42625636e-02 -1.01670716e-02  1.49092656e-02
 -8.13185349e-02  7.69144222e-02 -2.05587503e-02 -1.32505279e-02
 -4.87530753e-02 -9.09791701e-03 -1.78046431e-02  2.39606891e-02
 -1.96851343e-02 -1.18577786e-01 -5.34095219e-04 -7.15091228e-02
 -4.57090838e-03 -1.30405743e-02 -3.54233049e-02 -2.80283485e-02
 -9.96226352e-03  1.23563483e-01  5.76622300e-02 -1.11764713e-08
 -3.71925952e-03  1.36770932e-02  3.44722755e-02  7.04817399e-02
  3.01307440e-02  2.23791581e-02  8.04418698e-02  8.87228474e-02
  1.20897228e-02 -2.54051425e-02 -8.55117571e-03  2.88650785e-02
 -2.58240681e-02  4.93867733e-02 -9.63989645e-03 -2.00312175e-02
  1.60893742e-02 -2.56805122e-02 -5.16974442e-02  2.16505136e-02
 -4.27357219e-02 -4.50568274e-02  8.17475766e-02  5.83275370e-02
 -1.67514253e-02 -3.96273099e-03  8.77369642e-02  7.91348070e-02
  1.75814871e-02  5.39415404e-02  1.11995917e-02  2.43605375e-02
 -2.50032209e-02  7.63853500e-03 -5.34890741e-02 -8.18706229e-02
  5.73295075e-03  1.73457637e-02 -3.27634588e-02 -2.59189829e-02
 -3.39971036e-02 -3.06518301e-02 -5.67845330e-02  3.04745976e-02
  1.66823212e-02 -7.10061565e-02 -6.98316544e-02  4.06269804e-02
 -1.69220418e-02  1.38978579e-03 -4.36771922e-02 -1.58822350e-02
  1.35393515e-02  6.18445575e-02  4.57181409e-02  6.28312081e-02
  1.93733890e-02  5.68203591e-02 -4.09712642e-03  3.42562646e-02
  1.27210215e-01 -1.65375359e-02  7.63019100e-02 -4.24686931e-02]"
28,Product Carbon Footprint,Environment,environmental,7,0.3469,"[ 2.94234902e-02  5.93595803e-02  4.65510637e-02  4.03250083e-02
  9.25535038e-02 -4.37608361e-02  9.30055305e-02 -2.79142596e-02
 -1.56695694e-02  4.91698682e-02  1.46241812e-02 -1.21006437e-01
 -3.04237474e-02  2.63481140e-02 -5.10410545e-03  5.66044182e-04
 -7.13069737e-02 -1.85578596e-02 -6.89479485e-02  1.00896778e-02
 -7.30881914e-02  9.15194973e-02  1.85075719e-02 -1.07861124e-02
 -1.04230046e-01  7.77317882e-02 -1.16722183e-02  6.19202703e-02
  4.40182984e-02 -6.36527315e-02  4.63096276e-02  1.35795444e-01
  7.58200958e-02 -6.41590282e-02  5.18101733e-03  8.27746168e-02
  4.76177000e-02 -3.58480364e-02  3.94728780e-02  4.79152752e-03
 -6.42248020e-02 -5.28732948e-02  5.73270023e-03 -6.61196038e-02
 -5.77181280e-02 -3.58366966e-02  2.54371241e-02 -1.10082909e-01
 -1.62164196e-02 -5.05823903e-02  2.88065579e-02  1.76714119e-02
 -9.06714574e-02  5.17519133e-04  7.01938290e-04 -9.29394811e-02
  1.48020955e-02 -1.67082194e-02 -7.69444276e-03 -2.37072427e-02
  1.29866913e-01 -4.48093787e-02 -1.06099740e-01  5.26965670e-02
  1.06077030e-01  3.21223363e-02 -4.66013290e-02  1.00679733e-01
  4.32769656e-02 -8.55781808e-02  5.51436283e-02 -3.06917331e-03
 -5.08446479e-04 -6.10806197e-02  1.47830890e-02  1.89991184e-02
 -1.33283818e-02  1.00695121e-03  5.42332865e-02 -4.69316542e-02
  9.74845588e-02 -4.55856994e-02 -7.38610104e-02 -1.03121130e-02
  8.22287276e-02 -1.22798595e-03  2.66994629e-02 -1.85170900e-02
 -2.11907700e-02  4.93032858e-02 -4.16678488e-02 -4.92380261e-02
  9.53871235e-02  1.01665733e-02 -9.53693241e-02  7.97835737e-02
  1.98846236e-02 -7.00567737e-02  2.11661849e-02  1.90571442e-01
 -4.41129096e-02  1.80129707e-02 -9.12160203e-02  2.78086774e-02
 -2.22663675e-03 -6.64783344e-02 -1.42638823e-02  3.96965295e-02
  2.63188872e-02  1.02832941e-02 -7.21670091e-02 -3.38842161e-02
 -3.14766541e-02  4.17146832e-02  3.38467099e-02  1.50637059e-02
  7.41173998e-02 -6.19875714e-02  4.97951359e-02 -1.73714161e-02
 -4.86150756e-03 -9.07943211e-03 -3.00881285e-02  3.37274820e-02
  4.05693194e-03 -8.36046636e-02  6.07936783e-03 -5.46133059e-33
  3.68937552e-02 -6.70837611e-02  8.19897130e-02 -6.14337921e-02
  2.70767137e-02  6.24167882e-02 -3.54157872e-02 -2.46629119e-02
 -6.25555031e-03  3.03228237e-02  2.62551736e-02  5.26719168e-02
 -6.63965270e-02  5.44198900e-02  1.51424214e-01 -1.69193372e-02
 -1.07613273e-01  3.02188937e-02 -2.79522454e-03  2.57840939e-03
 -2.31366828e-02  3.09065972e-02 -3.88305336e-02  5.96017949e-02
  5.74983917e-02 -6.55676201e-02  6.48263842e-02 -4.32679802e-02
 -2.42338162e-02  9.78320092e-03  7.95183107e-02  3.53806205e-02
 -4.30563688e-02 -9.09336656e-03  4.24328409e-02 -1.84061099e-02
 -4.89720814e-02  5.78875653e-02 -3.62631120e-02 -4.35453393e-02
 -2.11544838e-02  1.16679142e-03  2.90663149e-02  2.98514627e-02
  4.84351553e-02 -1.15346564e-02  4.62590046e-02  1.45283109e-02
 -3.13730463e-02  2.48040687e-02 -3.81848253e-02  4.39743400e-02
 -3.34139131e-02 -2.91978735e-02  7.10950699e-03 -6.28487673e-03
  7.14248046e-02 -2.07667667e-02 -3.75941768e-02 -1.34372786e-02
  2.66693849e-02  1.77349672e-01 -4.04703915e-02 -1.09065333e-02
  9.64723155e-02 -2.10637096e-02  3.57884094e-02  2.08221413e-02
  1.89184286e-02 -1.02257086e-02 -4.16537523e-02 -2.44810022e-02
  1.49678420e-02  2.68920287e-02 -5.72762378e-02 -2.22617146e-02
 -4.49381471e-02 -6.30477024e-03 -5.67882247e-02  5.21987006e-02
 -5.18746749e-02  2.06683632e-02 -6.46070391e-02 -2.15132236e-02
 -2.18314901e-02  8.30346067e-03 -2.32080044e-03 -5.64337857e-02
  7.04839602e-02  8.00417513e-02 -1.94831546e-02  1.05452454e-02
  1.23503404e-02  8.06189026e-04 -8.49922374e-02  3.32247344e-33
 -1.85735766e-02 -2.25647986e-02 -4.15043049e-02  2.13459246e-02
 -2.93566715e-02 -5.32729775e-02 -6.15489706e-02  2.52235439e-02
  5.56211583e-02  5.93355298e-02 -9.94036123e-02  1.09323934e-01
  9.50791091e-02  4.64330539e-02  2.44705863e-02 -5.82904853e-02
 -5.44509403e-02  5.39419614e-02  4.67187812e-04 -2.82340664e-02
 -3.01829111e-02  3.58304172e-03 -2.40244046e-02  2.49637384e-02
 -6.24447279e-02  6.91333562e-02 -3.58158462e-02 -1.99585035e-02
  2.31184792e-02  2.03754120e-02 -3.67810205e-02  3.91935818e-02
 -3.18603255e-02  6.22534230e-02 -3.80355641e-02  1.37951430e-02
  1.48286228e-03 -5.35822138e-02 -2.48922370e-02  1.18764089e-02
  2.41450090e-02  3.80402547e-03  4.24854569e-02  4.07686904e-02
 -2.21768748e-02  3.47569399e-02 -6.22857995e-02  2.74870656e-02
  2.75618676e-02 -2.35495456e-02  5.66889420e-02  5.10428436e-02
 -4.61455546e-02 -3.86656709e-02  8.24475214e-02 -1.13750910e-02
  1.25306370e-02  2.43886728e-02  3.13695753e-03  1.14133731e-02
  1.18067406e-01  9.68590677e-02 -2.37297397e-02  8.32712799e-02
 -8.81650075e-02  1.56793278e-02 -1.53318569e-02  2.54108254e-02
 -7.41499737e-02 -4.78495434e-02  6.14365505e-04  1.58856902e-02
 -9.72765237e-02 -6.27395213e-02 -7.27646202e-02 -5.65639092e-03
 -4.07611169e-02  2.63616946e-02 -3.50487866e-02  1.26121175e-02
 -4.38694954e-02  1.26560610e-02 -2.79752761e-02  2.06409711e-02
 -8.20602477e-03 -5.72121702e-02 -4.79213670e-02 -6.67885095e-02
 -6.51913229e-03 -1.23094385e-02 -1.61633715e-02  1.16000120e-02
 -1.15032032e-01  6.93974122e-02 -2.27947086e-02 -1.28662272e-08
  3.06701579e-04 -3.14678922e-02  5.92299774e-02  1.93422288e-02
 -5.51463105e-03  3.05357785e-03  1.06795311e-01  3.02069914e-02
  2.86450852e-02  6.34947568e-02 -1.41160553e-02  1.62381586e-02
  4.34507988e-02  1.06191196e-01 -1.95824225e-02 -5.16445152e-02
  5.22762677e-03 -8.68638307e-02 -4.94096614e-02  3.82326473e-03
  1.86009724e-02 -2.43300740e-02 -1.30977361e-02  4.12851274e-02
 -4.11151126e-02 -5.73971123e-02  4.89011891e-02  2.53267400e-03
  5.12218811e-02  4.92720641e-02  5.69865890e-02  9.14535522e-02
 -4.55191880e-02 -2.23763175e-02 -7.83428103e-02 -8.71393904e-02
  1.15007497e-02 -2.33703554e-02 -6.29855245e-02 -4.31614779e-02
 -5.10893613e-02  5.08135511e-03 -9.50673874e-03 -1.15847383e-02
  5.10271825e-02 -6.70967847e-02  1.27111189e-02  2.78030541e-02
  2.24319287e-03  1.70373041e-02 -3.66397686e-02 -9.30932015e-02
  3.07124555e-02  3.35388035e-02  3.71334627e-02 -1.68844108e-02
 -1.33052943e-02  1.24371490e-02 -1.88337881e-02  1.88166779e-02
  8.02235529e-02  1.68495364e-02  4.61320505e-02  4.82950173e-02]"
29,Product Carbon Footprint,Environment,manufacturing,6,0.3424,"[-5.04827537e-02  1.07648177e-02 -2.13245694e-02  7.44454842e-03
 -3.19682881e-02 -1.99924465e-02  6.48205429e-02  1.47770979e-02
 -4.29868586e-02 -2.32265368e-02  4.22115028e-02 -2.84769088e-02
  1.97285265e-02 -5.39339613e-03 -9.26234871e-02 -3.38307917e-02
  2.55211373e-03 -1.55422809e-02 -3.76534685e-02 -7.81760737e-02
 -4.48908992e-02 -3.46912593e-02  7.42144475e-04  3.97888683e-02
  1.09842364e-02  8.78757834e-02 -6.37926441e-03  3.61939147e-03
  8.65998790e-02 -1.22562505e-01 -5.43107092e-02  6.50579035e-02
  7.30821639e-02 -2.27453280e-02  6.87257051e-02  2.10593697e-02
  3.60077992e-02 -1.78646930e-02  4.19754870e-02 -4.37454768e-02
 -1.05717797e-02 -8.62351730e-02 -4.58751507e-02 -2.39024982e-02
  4.72841077e-02  4.96466830e-02  6.23537004e-02 -8.79024435e-03
 -3.35683711e-02  7.21000582e-02 -4.11893837e-02 -1.36763453e-02
 -4.21999916e-02 -2.87880674e-02  1.64690726e-02  2.70096492e-02
 -2.73070205e-02 -4.82567139e-02 -5.46458922e-03 -1.95131656e-02
  5.31545691e-02 -2.23965030e-02 -7.54126608e-02  2.62599587e-02
  1.24683075e-01  1.79213204e-03 -5.53376451e-02 -8.02986976e-03
 -9.67917666e-02 -1.67294182e-02  7.16470107e-02 -4.25838307e-02
 -5.06838746e-02  7.95268938e-02  2.36942377e-02 -6.06377274e-02
  5.22143990e-02 -4.64545824e-02  3.95100005e-02  5.09117637e-03
  6.19877204e-02  6.11307621e-02 -7.28256479e-02  1.94072537e-02
 -5.22544831e-02 -1.83366500e-02  5.81617579e-02  8.16008747e-02
  5.62787615e-02 -5.51164374e-02 -2.48011928e-02  1.39548065e-04
 -4.83928435e-02 -8.62480234e-03 -8.13401043e-02  6.23223223e-02
 -1.17642898e-02  3.72009426e-02  3.56056243e-02  1.61455050e-01
 -2.07952596e-03  8.20355397e-03 -6.43783668e-03 -5.23826815e-02
 -5.62200882e-02 -4.02110554e-02 -7.72876516e-02  7.74608329e-02
 -3.84403504e-02  5.26274033e-02 -1.95424519e-02  1.32818986e-02
 -6.98416531e-02  3.65284719e-02  3.17582232e-03 -1.45949284e-03
  2.19508819e-02  2.74308361e-02  3.09540667e-02 -2.92711463e-02
  8.64933990e-03  3.79666425e-02 -4.90501150e-02  1.61821526e-02
 -1.00339569e-01 -7.72371441e-02 -6.02168180e-02 -4.09283219e-33
 -6.47446979e-03 -3.35912071e-02  1.34333922e-02  6.84612021e-02
 -3.43195386e-02  4.44018692e-02  1.17229512e-02  8.87886435e-03
  3.38051207e-02  2.55741328e-02 -4.26478460e-02 -4.84644510e-02
 -3.20215747e-02  1.73304528e-02  1.24330111e-01 -5.80845401e-02
 -1.12204417e-03  3.53559889e-02 -1.46842375e-02 -1.04996655e-02
 -1.11520648e-01 -1.36686796e-02  5.76966675e-03  7.34904781e-02
  2.73646340e-02  2.74451803e-02  3.49690788e-03 -3.61503437e-02
 -4.41987105e-02  9.02137719e-03  7.48741701e-02  5.89683130e-02
  4.67558717e-03 -1.70722846e-02 -7.04723457e-03  2.30629202e-02
 -6.35486022e-02 -1.05002299e-01  3.50331739e-02  2.39212811e-02
 -4.10008157e-04  3.07039823e-02 -4.15874086e-03  4.09557931e-02
 -4.85159792e-02  6.93369210e-02  9.70776193e-03  4.03552838e-02
  1.78538095e-02  1.72111634e-02 -7.72458836e-02  5.34175932e-02
  5.47867864e-02 -4.83899862e-02  7.66159520e-02  8.47877527e-04
 -5.82836494e-02 -6.92158267e-02  2.16564313e-02  4.76338342e-02
 -1.33762127e-02  1.34708360e-01 -6.47180006e-02  1.15130842e-01
 -1.09253991e-02  1.49234766e-02  4.21651118e-02  1.39327804e-02
  5.97457439e-02 -4.14076596e-02 -6.78504035e-02 -5.33197932e-02
  7.25290701e-02 -2.47301180e-02 -1.95536520e-02  6.74920529e-02
 -2.39212587e-02  1.34570338e-02 -3.83527391e-02 -1.61183234e-02
 -1.03684239e-01  5.50563745e-02 -4.23122868e-02 -3.24532501e-02
  1.47150643e-02  1.99687388e-02 -8.19378346e-03 -7.76281813e-03
  4.22812514e-02  8.37805793e-02 -1.01286657e-01 -1.94616597e-02
  3.23163986e-04  5.44838905e-02 -4.94246818e-02  2.40733070e-33
 -3.30535173e-02 -5.89864887e-02  1.12282969e-02  3.10458839e-02
 -4.40462343e-02 -8.04150626e-02  1.27488980e-02 -6.51052520e-02
  1.73024908e-02  6.15735129e-02 -5.65406680e-02 -4.92682606e-02
  2.87480988e-02  2.35739518e-02 -6.99132159e-02  4.45125857e-03
  9.98242870e-02  7.60561135e-03 -2.22016871e-02 -3.12785581e-02
  1.91368647e-02  4.55230894e-03 -1.62054822e-02 -1.69397499e-02
 -2.32943203e-02  4.66206037e-02 -2.90888958e-02 -3.70566845e-02
 -1.72493681e-02  1.13840755e-02  3.80011648e-03 -8.34142640e-02
  1.68213267e-02  9.78378803e-02 -5.14273085e-02  8.32190178e-03
  6.92473054e-02  5.22281863e-02  7.28857592e-02 -9.84745100e-02
  8.88181105e-02 -1.23652248e-02 -4.23121378e-02  1.66468069e-01
 -3.97784486e-02 -7.46871084e-02  8.07757583e-03 -6.28802404e-02
  8.97955894e-02 -6.54010754e-03  1.45463608e-02  2.32200827e-02
  1.48304030e-02 -7.16948286e-02 -5.55379391e-02  3.75477001e-02
 -2.06769400e-04 -5.86104766e-02 -5.23248427e-02  1.20841525e-02
  4.10137214e-02  6.07220549e-03  5.40511236e-02  3.69853303e-02
  3.37756053e-02  4.35030013e-02  5.86797446e-02  4.66712052e-03
  2.50030681e-02 -1.31533563e-03  1.29620939e-01  6.69310167e-02
 -1.85390227e-02  2.32584029e-02 -2.82776803e-02 -2.68787723e-02
 -3.66925895e-02 -1.16926408e-03 -3.56110409e-02  5.64464414e-03
  2.66671292e-02 -2.69962009e-02 -1.23250214e-02  1.12197228e-01
 -6.48318827e-02 -1.67972047e-03  6.27248138e-02 -2.05251854e-02
 -5.43282665e-02 -3.24634314e-02 -1.11930743e-02  2.91108433e-02
 -5.64539246e-02  1.25842616e-02 -5.68876369e-03 -1.21153274e-08
 -1.15339952e-02 -8.63988101e-02  1.43925752e-02 -5.70504069e-02
 -6.34262105e-04 -7.46863836e-04  6.22293912e-02  4.76423185e-03
  1.33408513e-02  3.26049514e-02 -1.28626963e-02 -2.81081051e-02
 -1.38636352e-02  5.90204857e-02  5.73344193e-02  8.71489197e-03
 -5.18397056e-02  9.32631642e-02 -8.41340572e-02 -9.10545439e-02
  4.23691459e-02  4.64955643e-02  1.33490130e-01  3.08084693e-02
 -6.83494583e-02 -2.33052932e-02  5.18668965e-02  9.71927948e-04
  4.13411520e-02  7.13197514e-02  8.12759716e-03  3.01318057e-02
  3.49014252e-02  6.59114262e-03 -2.49156021e-02 -1.35924488e-01
  1.52933626e-02 -2.69696470e-02  3.09862308e-02 -1.09047100e-01
 -4.92508300e-02  7.49276280e-02 -3.05402931e-03  8.13021045e-03
  8.65569413e-02 -3.51241045e-02 -7.54333064e-02  6.04137173e-03
 -5.63313030e-02 -1.82137103e-03  2.79223570e-03  3.75939496e-02
  8.07612762e-02  3.40272412e-02 -4.56818350e-04 -1.81543035e-03
 -9.77271004e-04 -6.71172142e-02  8.09934642e-03 -1.07244905e-02
  1.06006920e-01 -5.15545607e-02  1.57987401e-01  3.52598280e-02]"
30,Financing Environmental Impact,Environment,environmentally,1,0.5582,"[ 8.41795560e-03  1.24931827e-01  8.03253800e-02  2.45253276e-02
  7.93462992e-02 -4.17729281e-02  6.46296144e-02 -1.54521549e-02
  1.11508146e-02  3.99401635e-02  1.51944198e-02 -9.23864841e-02
 -1.52761154e-02  3.75933051e-02 -1.78697202e-02  2.73128180e-03
 -6.80848435e-02 -1.23030525e-02 -1.35031894e-01  1.16881318e-02
 -9.42542404e-02  2.83009876e-02  2.89525837e-02  1.23692630e-03
 -7.32308701e-02  8.87071714e-02  9.96910594e-03  4.91764396e-02
  2.58818921e-02 -5.29144071e-02  2.81450301e-02  9.54565406e-02
  1.68870147e-02 -3.89022045e-02 -8.39521922e-03  6.40441924e-02
  5.76490909e-02 -4.75808494e-02  1.53394612e-02 -8.94675497e-03
 -7.07191080e-02 -8.08555782e-02 -3.62953506e-02 -4.86333035e-02
 -2.02300176e-02 -4.46801037e-02  1.70848668e-02 -5.79954162e-02
 -2.02409867e-02 -6.05678745e-02  6.37867376e-02  1.05568282e-02
 -4.61683050e-02 -9.33001935e-03 -2.69282274e-02 -6.97162673e-02
  4.12109718e-02 -5.60729019e-02  1.68788526e-03 -2.53934432e-02
  9.71883088e-02 -6.91710711e-02 -1.03627771e-01  2.94331331e-02
  8.39593858e-02  4.74121571e-02 -3.88035253e-02  1.00951426e-01
  2.67835683e-03 -6.60227984e-02  2.52205022e-02  4.58763586e-03
  1.05129527e-02 -5.14106415e-02  1.65117905e-02  2.74140928e-02
  4.16390523e-02  2.40963437e-02  5.16133495e-02 -3.27018462e-02
  7.63939247e-02 -3.82773727e-02 -2.49186959e-02 -1.57122966e-02
  5.85455783e-02  1.66997090e-02 -2.73325434e-03 -3.24183218e-02
 -8.96017998e-03  4.10278253e-02 -3.39407809e-02 -5.21334633e-03
  1.15246862e-01 -7.22489646e-03 -1.21311970e-01  4.39314097e-02
 -2.64507812e-02 -4.37832586e-02  1.86634567e-02  1.97473064e-01
 -3.85049582e-02  5.96512370e-02 -1.00554243e-01 -1.98782533e-02
 -2.00453326e-02 -3.17307897e-02 -3.46327312e-02  6.50811940e-02
  2.59036329e-02 -3.18647735e-02 -9.37932879e-02 -6.96717016e-03
 -4.14293557e-02  9.98071656e-02 -7.26916594e-03  2.32054330e-02
  8.29538181e-02 -3.37798037e-02  5.70683107e-02 -1.62292048e-02
  2.57706363e-02 -2.25382205e-02  1.15194097e-02  4.11961451e-02
  5.43339970e-03 -1.22215502e-01  4.22485322e-02 -6.32743483e-33
 -1.24236690e-02 -3.43979001e-02  9.82970670e-02 -7.82631114e-02
  6.65832078e-03  6.92618191e-02 -4.27295752e-02 -5.55733172e-03
 -1.93051100e-02  1.33670345e-02  5.19310907e-02  7.58323148e-02
 -3.49604823e-02  3.72340456e-02  1.25400066e-01 -4.55183350e-02
 -1.03530437e-01 -2.01367354e-03 -1.20276865e-02 -1.60023719e-02
 -1.36747593e-02  4.39650752e-02 -1.31169073e-02  6.62781075e-02
  3.99427488e-02 -8.80176201e-02  7.71675780e-02  2.21562851e-02
  3.33470516e-02  2.22038419e-04  5.97628132e-02  4.99781705e-02
 -3.25430408e-02 -3.18328515e-02  3.30632925e-02  3.47457193e-02
 -7.91298747e-02  4.64484431e-02 -1.74496640e-02  2.62050936e-03
 -1.95549447e-02 -1.93485878e-02 -4.10454988e-04 -1.09937065e-03
  5.64147271e-02 -1.49604175e-02  6.66694641e-02  2.12246906e-02
 -4.77088653e-02 -1.20670479e-02 -4.03557755e-02  6.30877614e-02
 -7.62714148e-02 -5.24078347e-02 -6.08732738e-03 -2.99450606e-02
  7.57885948e-02 -3.12770717e-02 -4.11605798e-02 -5.60339168e-02
 -3.19557898e-02  1.58047453e-01 -4.25735787e-02 -2.55826544e-02
  7.40225539e-02 -2.16442738e-02  1.40673630e-02  5.60982898e-02
 -3.50379422e-02 -1.30118579e-02 -2.03309022e-03 -5.38170934e-02
  3.03965751e-02  2.11555492e-02 -4.65331599e-02 -3.98085006e-02
  8.93663429e-03 -1.81602896e-03 -6.24714512e-03  6.39621466e-02
 -7.04901814e-02  4.03555334e-02 -1.12110106e-02 -4.84533533e-02
  1.45275798e-02 -3.07466816e-02  1.78928096e-02 -1.84036065e-02
  6.50404096e-02  5.08161448e-02  4.40139696e-03  3.15287113e-02
  5.58487438e-02 -3.50195169e-02 -9.57863629e-02  3.10305089e-33
  1.73052289e-02 -7.27206143e-03 -5.12308739e-02  6.27800152e-02
 -2.55618431e-02 -6.23423271e-02 -6.49525821e-02  3.95487025e-02
  2.06807703e-02  3.49196233e-02 -6.76320717e-02  1.17034450e-01
  7.48484284e-02  3.18603553e-02  4.56847511e-02 -2.94998102e-03
 -1.40905343e-02  4.28062975e-02 -2.98109073e-02 -3.65253426e-02
 -8.20733979e-03 -2.17134040e-02  5.12563661e-02  8.34508613e-02
 -7.90779069e-02  4.86647226e-02 -2.30536312e-02 -2.06884518e-02
  2.39535253e-02  1.39190617e-03 -4.44948040e-02  1.68381128e-02
 -4.82213423e-02  2.75233518e-02 -1.61756370e-02  4.26372280e-03
 -3.39422971e-02 -4.59293202e-02 -3.57614201e-03  4.41634394e-02
 -6.32687146e-03 -1.83621589e-02 -1.65332016e-02  2.60096937e-02
 -4.35513295e-02  4.11483161e-02 -7.78587759e-02  4.41770107e-02
  3.49924713e-02  1.02673611e-02  4.17899564e-02  5.18142954e-02
 -6.10631555e-02 -4.11970131e-02  2.77655665e-02 -1.66404005e-02
  5.18687768e-03  4.49243002e-02 -3.48460078e-02  1.01265861e-02
  1.07797869e-01  9.83127430e-02 -3.75204167e-04  8.08056965e-02
 -9.53243673e-02 -1.47328824e-02  1.43780466e-02 -1.19348280e-02
 -2.98011191e-02 -6.49639815e-02  1.94449425e-02  1.02034975e-02
 -1.09379098e-01 -5.24507575e-02 -1.04552463e-01 -3.28081404e-03
 -1.87670011e-02 -1.67606231e-02 -8.29121843e-02 -1.05998409e-03
 -5.60257249e-02  6.44858042e-03 -2.21749097e-02  3.18032280e-02
 -4.50259307e-03 -7.61502609e-02 -5.18955700e-02 -9.86995548e-02
 -2.83977948e-02  4.46897261e-02 -2.39000302e-02 -2.54403427e-02
 -7.19771236e-02  1.30759910e-01 -1.11361220e-02 -1.37753400e-08
  1.41333202e-02 -3.55283245e-02  7.74168596e-02  2.52260547e-02
 -3.08769848e-02 -3.34784226e-03  9.63913426e-02  3.28310803e-02
  2.91971788e-02  5.49014919e-02  1.10261003e-03  4.46566567e-03
  3.67313586e-02  1.07249022e-01  1.90721161e-03 -3.98320556e-02
  3.41808833e-02 -6.56529292e-02 -4.81333546e-02  3.85969356e-02
 -3.80542837e-02 -3.52188349e-02  1.42804533e-02  8.45834464e-02
 -5.69670647e-03 -6.72160089e-03  8.13937858e-02  3.27026262e-03
  2.94867828e-02  5.43959700e-02  2.58495957e-02  6.71447515e-02
 -2.45625321e-02 -1.64845295e-03 -8.29644948e-02 -7.90010616e-02
 -1.33639127e-02  2.04432029e-02 -6.62108958e-02 -1.78385135e-02
 -3.22915986e-02  4.38490175e-02 -5.29868864e-02  1.24783963e-02
  4.08829376e-02 -1.12866662e-01 -4.53029014e-03  7.70842209e-02
 -1.41113466e-02  1.11722462e-02  1.71338227e-02 -9.25147608e-02
  9.77493078e-03  6.10512728e-03  2.88824029e-02  1.23684602e-02
  1.55405595e-03  2.91493516e-02 -2.06545778e-02  2.62596961e-02
  8.86137933e-02 -4.09259349e-02  6.79454878e-02 -7.41952145e-03]"
31,Financing Environmental Impact,Environment,environmental,7,0.5231,"[ 2.94234902e-02  5.93595803e-02  4.65510637e-02  4.03250083e-02
  9.25535038e-02 -4.37608361e-02  9.30055305e-02 -2.79142596e-02
 -1.56695694e-02  4.91698682e-02  1.46241812e-02 -1.21006437e-01
 -3.04237474e-02  2.63481140e-02 -5.10410545e-03  5.66044182e-04
 -7.13069737e-02 -1.85578596e-02 -6.89479485e-02  1.00896778e-02
 -7.30881914e-02  9.15194973e-02  1.85075719e-02 -1.07861124e-02
 -1.04230046e-01  7.77317882e-02 -1.16722183e-02  6.19202703e-02
  4.40182984e-02 -6.36527315e-02  4.63096276e-02  1.35795444e-01
  7.58200958e-02 -6.41590282e-02  5.18101733e-03  8.27746168e-02
  4.76177000e-02 -3.58480364e-02  3.94728780e-02  4.79152752e-03
 -6.42248020e-02 -5.28732948e-02  5.73270023e-03 -6.61196038e-02
 -5.77181280e-02 -3.58366966e-02  2.54371241e-02 -1.10082909e-01
 -1.62164196e-02 -5.05823903e-02  2.88065579e-02  1.76714119e-02
 -9.06714574e-02  5.17519133e-04  7.01938290e-04 -9.29394811e-02
  1.48020955e-02 -1.67082194e-02 -7.69444276e-03 -2.37072427e-02
  1.29866913e-01 -4.48093787e-02 -1.06099740e-01  5.26965670e-02
  1.06077030e-01  3.21223363e-02 -4.66013290e-02  1.00679733e-01
  4.32769656e-02 -8.55781808e-02  5.51436283e-02 -3.06917331e-03
 -5.08446479e-04 -6.10806197e-02  1.47830890e-02  1.89991184e-02
 -1.33283818e-02  1.00695121e-03  5.42332865e-02 -4.69316542e-02
  9.74845588e-02 -4.55856994e-02 -7.38610104e-02 -1.03121130e-02
  8.22287276e-02 -1.22798595e-03  2.66994629e-02 -1.85170900e-02
 -2.11907700e-02  4.93032858e-02 -4.16678488e-02 -4.92380261e-02
  9.53871235e-02  1.01665733e-02 -9.53693241e-02  7.97835737e-02
  1.98846236e-02 -7.00567737e-02  2.11661849e-02  1.90571442e-01
 -4.41129096e-02  1.80129707e-02 -9.12160203e-02  2.78086774e-02
 -2.22663675e-03 -6.64783344e-02 -1.42638823e-02  3.96965295e-02
  2.63188872e-02  1.02832941e-02 -7.21670091e-02 -3.38842161e-02
 -3.14766541e-02  4.17146832e-02  3.38467099e-02  1.50637059e-02
  7.41173998e-02 -6.19875714e-02  4.97951359e-02 -1.73714161e-02
 -4.86150756e-03 -9.07943211e-03 -3.00881285e-02  3.37274820e-02
  4.05693194e-03 -8.36046636e-02  6.07936783e-03 -5.46133059e-33
  3.68937552e-02 -6.70837611e-02  8.19897130e-02 -6.14337921e-02
  2.70767137e-02  6.24167882e-02 -3.54157872e-02 -2.46629119e-02
 -6.25555031e-03  3.03228237e-02  2.62551736e-02  5.26719168e-02
 -6.63965270e-02  5.44198900e-02  1.51424214e-01 -1.69193372e-02
 -1.07613273e-01  3.02188937e-02 -2.79522454e-03  2.57840939e-03
 -2.31366828e-02  3.09065972e-02 -3.88305336e-02  5.96017949e-02
  5.74983917e-02 -6.55676201e-02  6.48263842e-02 -4.32679802e-02
 -2.42338162e-02  9.78320092e-03  7.95183107e-02  3.53806205e-02
 -4.30563688e-02 -9.09336656e-03  4.24328409e-02 -1.84061099e-02
 -4.89720814e-02  5.78875653e-02 -3.62631120e-02 -4.35453393e-02
 -2.11544838e-02  1.16679142e-03  2.90663149e-02  2.98514627e-02
  4.84351553e-02 -1.15346564e-02  4.62590046e-02  1.45283109e-02
 -3.13730463e-02  2.48040687e-02 -3.81848253e-02  4.39743400e-02
 -3.34139131e-02 -2.91978735e-02  7.10950699e-03 -6.28487673e-03
  7.14248046e-02 -2.07667667e-02 -3.75941768e-02 -1.34372786e-02
  2.66693849e-02  1.77349672e-01 -4.04703915e-02 -1.09065333e-02
  9.64723155e-02 -2.10637096e-02  3.57884094e-02  2.08221413e-02
  1.89184286e-02 -1.02257086e-02 -4.16537523e-02 -2.44810022e-02
  1.49678420e-02  2.68920287e-02 -5.72762378e-02 -2.22617146e-02
 -4.49381471e-02 -6.30477024e-03 -5.67882247e-02  5.21987006e-02
 -5.18746749e-02  2.06683632e-02 -6.46070391e-02 -2.15132236e-02
 -2.18314901e-02  8.30346067e-03 -2.32080044e-03 -5.64337857e-02
  7.04839602e-02  8.00417513e-02 -1.94831546e-02  1.05452454e-02
  1.23503404e-02  8.06189026e-04 -8.49922374e-02  3.32247344e-33
 -1.85735766e-02 -2.25647986e-02 -4.15043049e-02  2.13459246e-02
 -2.93566715e-02 -5.32729775e-02 -6.15489706e-02  2.52235439e-02
  5.56211583e-02  5.93355298e-02 -9.94036123e-02  1.09323934e-01
  9.50791091e-02  4.64330539e-02  2.44705863e-02 -5.82904853e-02
 -5.44509403e-02  5.39419614e-02  4.67187812e-04 -2.82340664e-02
 -3.01829111e-02  3.58304172e-03 -2.40244046e-02  2.49637384e-02
 -6.24447279e-02  6.91333562e-02 -3.58158462e-02 -1.99585035e-02
  2.31184792e-02  2.03754120e-02 -3.67810205e-02  3.91935818e-02
 -3.18603255e-02  6.22534230e-02 -3.80355641e-02  1.37951430e-02
  1.48286228e-03 -5.35822138e-02 -2.48922370e-02  1.18764089e-02
  2.41450090e-02  3.80402547e-03  4.24854569e-02  4.07686904e-02
 -2.21768748e-02  3.47569399e-02 -6.22857995e-02  2.74870656e-02
  2.75618676e-02 -2.35495456e-02  5.66889420e-02  5.10428436e-02
 -4.61455546e-02 -3.86656709e-02  8.24475214e-02 -1.13750910e-02
  1.25306370e-02  2.43886728e-02  3.13695753e-03  1.14133731e-02
  1.18067406e-01  9.68590677e-02 -2.37297397e-02  8.32712799e-02
 -8.81650075e-02  1.56793278e-02 -1.53318569e-02  2.54108254e-02
 -7.41499737e-02 -4.78495434e-02  6.14365505e-04  1.58856902e-02
 -9.72765237e-02 -6.27395213e-02 -7.27646202e-02 -5.65639092e-03
 -4.07611169e-02  2.63616946e-02 -3.50487866e-02  1.26121175e-02
 -4.38694954e-02  1.26560610e-02 -2.79752761e-02  2.06409711e-02
 -8.20602477e-03 -5.72121702e-02 -4.79213670e-02 -6.67885095e-02
 -6.51913229e-03 -1.23094385e-02 -1.61633715e-02  1.16000120e-02
 -1.15032032e-01  6.93974122e-02 -2.27947086e-02 -1.28662272e-08
  3.06701579e-04 -3.14678922e-02  5.92299774e-02  1.93422288e-02
 -5.51463105e-03  3.05357785e-03  1.06795311e-01  3.02069914e-02
  2.86450852e-02  6.34947568e-02 -1.41160553e-02  1.62381586e-02
  4.34507988e-02  1.06191196e-01 -1.95824225e-02 -5.16445152e-02
  5.22762677e-03 -8.68638307e-02 -4.94096614e-02  3.82326473e-03
  1.86009724e-02 -2.43300740e-02 -1.30977361e-02  4.12851274e-02
 -4.11151126e-02 -5.73971123e-02  4.89011891e-02  2.53267400e-03
  5.12218811e-02  4.92720641e-02  5.69865890e-02  9.14535522e-02
 -4.55191880e-02 -2.23763175e-02 -7.83428103e-02 -8.71393904e-02
  1.15007497e-02 -2.33703554e-02 -6.29855245e-02 -4.31614779e-02
 -5.10893613e-02  5.08135511e-03 -9.50673874e-03 -1.15847383e-02
  5.10271825e-02 -6.70967847e-02  1.27111189e-02  2.78030541e-02
  2.24319287e-03  1.70373041e-02 -3.66397686e-02 -9.30932015e-02
  3.07124555e-02  3.35388035e-02  3.71334627e-02 -1.68844108e-02
 -1.33052943e-02  1.24371490e-02 -1.88337881e-02  1.88166779e-02
  8.02235529e-02  1.68495364e-02  4.61320505e-02  4.82950173e-02]"
32,Financing Environmental Impact,Environment,sustainability,6,0.4798,"[ 4.10689507e-03  1.18057869e-01  6.51803939e-03  2.01633498e-02
  6.49562180e-02  1.96664799e-02 -1.85424853e-02 -4.37019281e-02
 -1.89063288e-02 -1.94131453e-02  1.53809488e-02 -6.06852099e-02
 -1.38276825e-02  3.28618800e-04 -6.36824667e-02  2.99334037e-03
 -1.04614154e-01  2.85492968e-02 -3.15095522e-02 -4.46097665e-02
 -4.81216013e-02 -6.52997335e-03  1.40605820e-02  2.21560858e-02
 -8.52372646e-02  1.11566447e-01 -4.57940809e-02 -2.10122038e-02
  4.49358523e-02 -1.23077948e-02  5.49973845e-02  3.48152332e-02
  3.21664698e-02 -2.58470494e-02  2.86358260e-02  1.19534075e-01
  5.20595536e-02 -2.03274265e-02  2.81015281e-02 -2.32810434e-02
 -6.83358535e-02 -7.98003227e-02 -4.64179367e-02 -1.00554347e-01
 -7.92264845e-03 -1.70614310e-02  2.38624699e-02 -6.67935014e-02
 -1.94664653e-02 -6.41482174e-02  5.69883808e-02  4.96568438e-03
 -4.35719267e-02 -3.31956074e-02  2.76494138e-02 -5.71230128e-02
  3.60825062e-02 -4.36470918e-02 -2.71218270e-02 -1.86118484e-02
  9.56522152e-02 -5.97844645e-02 -8.24462697e-02  5.98447919e-02
  1.10988669e-01  7.28443936e-02 -4.51058634e-02  8.06766748e-02
 -4.17143255e-02  7.66098092e-04  2.54031504e-04 -4.89965454e-02
 -1.68374404e-02 -5.68989106e-02  4.61863130e-02 -2.02786867e-02
  8.67558178e-04  2.07630154e-02  7.54866377e-02  5.18056750e-02
  1.27711102e-01  8.13136250e-03 -5.79651557e-02  7.83111807e-03
  3.19172740e-02  6.83634123e-03  2.01919791e-03 -2.10548956e-02
  6.34308755e-02  1.18735246e-03 -7.18195587e-02 -8.37190729e-03
  1.05033174e-01  2.79798973e-02 -9.91501734e-02  2.13863533e-02
 -6.40910119e-02 -5.91606274e-02  2.31871270e-02  1.83625534e-01
  2.49900687e-02  4.18050513e-02 -3.45870480e-02 -3.95139167e-03
 -2.92633194e-02 -4.18800972e-02 -1.71870794e-02  3.42051722e-02
 -1.35479672e-02  2.66578258e-03 -3.91931571e-02 -2.45667831e-03
 -7.11034834e-02  7.49404877e-02  9.91136394e-03 -3.60299572e-02
  6.80260435e-02 -3.77253108e-02  9.10507813e-02 -3.24005559e-02
  3.60881872e-02  7.83036370e-03  3.09122149e-02 -3.12274341e-02
  1.36454022e-02 -4.14511263e-02  3.10804024e-02 -5.98822610e-33
 -4.20500524e-02 -1.78565402e-02  8.01837370e-02 -8.57156664e-02
 -1.33083006e-02  5.31694852e-02 -7.89119601e-02  3.44478600e-02
 -8.46165046e-03  2.05724277e-02  8.70055184e-02  2.44436786e-02
 -7.10748648e-03 -1.89742970e-03  1.38179630e-01 -9.92585793e-02
 -5.09803519e-02  4.41081151e-02  4.71809506e-02 -3.58645283e-02
 -1.36118464e-03  2.77733579e-02  3.82069685e-02  3.04933991e-02
  8.42381641e-02 -4.07830551e-02  3.70854661e-02  8.79490562e-03
 -2.12327819e-02  1.41759776e-02  3.11466996e-02  7.02301115e-02
 -7.29705319e-02 -6.94170818e-02  2.55425628e-02 -1.99947655e-02
 -9.79593322e-02  4.79331054e-02 -1.63562633e-02 -1.23301568e-02
 -5.16318791e-02 -5.06974123e-02  4.21300977e-02  5.05314767e-03
  4.15054448e-02  6.74985647e-02  9.22009274e-02  5.00938557e-02
 -2.88826711e-02  2.07776297e-02 -4.79130074e-02  4.39208932e-02
 -8.31002668e-02 -6.24812357e-02  1.73073858e-02 -1.01528555e-01
  1.83164570e-02 -3.51613900e-03 -6.25279173e-02 -1.44605532e-01
 -1.36677362e-02  2.85939407e-02 -8.93416107e-02 -1.55326920e-02
  1.05306983e-01  2.87281573e-02 -1.57866739e-02  6.30112216e-02
 -2.49732174e-02 -8.28966498e-03 -2.13319547e-02 -6.17742389e-02
  1.65235307e-02  6.55286899e-03 -2.29617842e-02  2.05614772e-02
 -4.35336754e-02  4.40217033e-02 -8.03454667e-02  7.44381398e-02
 -1.41673014e-01  7.06722066e-02 -4.18889932e-02 -7.51749799e-02
  1.03186227e-01  1.93275735e-02  4.31355387e-02  1.08621372e-02
  9.54525545e-02  3.83123048e-02 -3.55879515e-02  1.21105807e-02
  2.25081947e-02  3.22218500e-02 -7.48636425e-02  2.79944384e-33
  3.25182788e-02  2.34985016e-02 -4.78637964e-02  3.06359679e-02
 -6.10395242e-03 -8.10623467e-02 -9.82098579e-02 -2.94141676e-02
 -2.68473173e-03  2.71393508e-02 -6.33887947e-02  5.89787625e-02
  3.10018323e-02  6.72343895e-02 -3.28807160e-02  1.36332577e-02
 -3.73079367e-02 -2.97917593e-02 -8.66425633e-02  5.85598731e-03
 -2.99682515e-03  3.79549339e-02 -4.76750098e-02  5.01095653e-02
 -7.48546496e-02  6.92744404e-02  5.10856928e-03 -5.68971317e-03
  7.57188275e-02 -2.12913658e-02  4.27858764e-03 -2.84907781e-02
 -1.84576549e-02  1.42566133e-02 -3.53323705e-02  2.09281370e-02
 -3.94660793e-02 -3.51648666e-02  4.30891030e-02  6.67249784e-02
  4.99502644e-02 -2.14167349e-02 -6.37839139e-02  4.89172563e-02
  4.69128927e-03 -4.99444548e-03 -5.04739396e-02  8.53523891e-03
  3.34124304e-02 -4.96575749e-03  6.77503645e-02  5.44972010e-02
 -3.90525758e-02 -8.24177787e-02  3.97184007e-02  1.32149225e-02
  1.86213050e-02  2.54194140e-02 -6.60167411e-02 -9.51215625e-03
  1.43197849e-02  8.64928067e-02  2.12305300e-02  8.93448740e-02
 -2.26828121e-02  2.66648084e-02  2.99995728e-02 -1.08755883e-02
 -3.19220945e-02 -6.02898747e-02  1.65625028e-02  1.80757716e-02
 -1.45757645e-01 -4.21574414e-02 -4.54589203e-02  4.21647578e-02
 -3.56710106e-02  6.78186130e-04 -4.44627292e-02 -1.77351385e-02
 -5.96962683e-02 -2.24278811e-02 -3.22564912e-04  7.75204645e-03
 -1.73715688e-02 -2.26540715e-02 -3.13948318e-02 -7.20482990e-02
  1.71975996e-02  8.21701735e-02 -8.66613258e-03  1.56573858e-02
 -1.15967043e-01  9.11872014e-02  3.16167958e-02 -1.32017126e-08
  2.07300205e-02  1.22500118e-02 -3.06454371e-03  3.00273811e-03
 -3.45179737e-02  3.64696980e-03  7.94852003e-02 -4.69883867e-02
  5.96033363e-03  9.00167450e-02 -1.75083764e-02  3.34479809e-02
  2.58500688e-02  1.12780787e-01 -4.40019518e-02  1.01531390e-02
 -3.32500935e-02 -1.32103032e-02 -5.13426773e-02 -2.24831383e-04
  1.91717164e-03 -4.27011028e-02 -1.05918478e-02  3.16308923e-02
 -2.03408804e-02 -3.21624614e-02  2.82074530e-02  3.31844166e-02
  3.55366841e-02  4.60452512e-02  6.49938807e-02  5.83545789e-02
 -2.71341410e-02 -4.11916077e-02 -6.86965138e-02 -8.03319514e-02
  1.82563607e-02 -4.64409031e-03  3.45770679e-02 -3.82146686e-02
 -1.18916817e-02  5.36681898e-02 -5.57984747e-02  6.41106293e-02
 -3.50771062e-02 -3.54594998e-02 -1.59875322e-02  7.17699677e-02
 -3.90187204e-02  3.44157666e-02 -1.69636570e-02 -5.74314147e-02
 -4.18853760e-03  6.09898493e-02  1.32456943e-02 -5.35725728e-02
  4.08484973e-02  1.07771652e-02 -3.16101499e-02  2.92236749e-02
  1.02763079e-01 -6.16308041e-02  9.00010392e-02  2.76221950e-02]"
33,Financing Environmental Impact,Environment,pollution,1,0.4659,"[-7.90520478e-03  5.44987097e-02  8.17528814e-02  1.91137437e-02
  1.00608595e-01  2.74925716e-02  1.43466786e-01 -2.74727121e-02
 -4.51329909e-02  4.21834812e-02  2.08130963e-02 -6.38899207e-02
 -2.43091397e-02  1.55049155e-03 -6.62720874e-02  8.76421016e-03
 -9.64731723e-03 -1.94084942e-02 -1.14794031e-01 -2.51973756e-02
 -1.29508702e-02  7.27783889e-02 -2.92377602e-02  4.10004548e-04
 -7.27999732e-02  7.35225305e-02 -3.55388187e-02 -2.51354817e-02
  3.98595631e-02 -7.19994232e-02  2.10516993e-02  1.04605816e-01
 -2.94946171e-02 -8.10663402e-02 -5.11522219e-02 -3.88816325e-03
  2.15115454e-02 -1.99262258e-02  1.28573654e-02 -6.91313669e-03
 -4.94945645e-02 -6.41008019e-02 -1.41691035e-02 -4.12137620e-02
 -6.75623417e-02 -1.89119279e-02  2.49290541e-02 -2.96633970e-02
  5.81166781e-02 -5.70107438e-02  3.54425646e-02  4.52658683e-02
 -7.68482462e-02 -3.46176103e-02  5.20046540e-02 -1.45308942e-01
 -7.31486082e-03 -3.18758413e-02 -1.48805240e-02 -4.09104861e-02
  2.59431247e-02 -6.41232356e-02 -4.46734317e-02  3.34370509e-02
  1.56137630e-01 -2.63866666e-03 -5.83651736e-02  1.07617222e-01
 -2.22573895e-02  1.70570128e-02  1.50221456e-02 -1.57974027e-02
 -4.11944278e-02 -8.84392038e-02  1.77244674e-02  1.17093325e-02
  1.22193042e-02 -7.06873136e-03  9.29541364e-02 -5.21070994e-02
  6.55326098e-02 -6.32334426e-02 -3.23255882e-02  1.79647673e-02
  7.15413764e-02  4.24959790e-03 -1.42274220e-02 -2.78596543e-02
 -3.75967771e-02  2.33813701e-03 -1.24364882e-03 -3.91537473e-02
  5.83998263e-02  2.82205883e-02 -7.66967908e-02  8.94793198e-02
  3.85941379e-02 -2.52992325e-02  4.70869280e-02  1.91226050e-01
 -2.07717381e-02  5.25664911e-02 -1.13676034e-01 -1.84558779e-02
 -6.80296635e-03 -3.46649401e-02 -3.63231041e-02 -5.23698097e-03
  2.21606903e-02  5.44490867e-05 -7.82308728e-02 -2.26146076e-02
  5.27908979e-03  1.62495840e-02  1.09869260e-02  1.48561383e-02
  1.39500573e-01 -8.15436170e-02 -7.38389567e-02 -4.67392132e-02
 -4.70905453e-02 -4.18295115e-02 -9.81084630e-02  7.31741562e-02
  2.53133681e-02 -6.59879074e-02 -5.70368208e-03 -5.57211579e-33
 -3.60236689e-02 -6.71105757e-02  9.03287828e-02  5.66231161e-02
 -5.28004356e-02  2.11957246e-02 -2.58772988e-02 -4.26854156e-02
  3.96507941e-02  7.59685552e-03 -1.54841994e-03 -1.45151373e-02
 -7.28385746e-02  3.75293009e-02  1.26638800e-01 -3.17501239e-02
 -3.39503102e-02 -3.49705890e-02  9.78368986e-03 -4.00683284e-02
 -3.40170600e-02 -2.81585641e-02 -5.22384532e-02  5.43373339e-02
  1.08368751e-02 -3.01967841e-02  5.09902872e-02 -1.04514612e-02
 -2.45615784e-02  2.52273250e-02  8.61447304e-02  8.48177895e-02
 -7.37610459e-02  1.29686603e-02 -1.92455314e-02 -3.63864824e-02
 -6.10596016e-02  4.24708948e-02 -2.62787882e-02 -1.73041392e-02
 -5.39123714e-02  1.91688421e-03 -5.79800382e-02  7.73337530e-03
  3.71160693e-02 -7.99147761e-04  1.79838482e-02 -1.22398604e-02
  1.06034549e-02 -4.22015451e-02 -4.70663607e-02  5.56428991e-02
 -4.98145185e-02 -2.68402640e-02  2.54878458e-02  4.94229607e-03
  6.56441301e-02 -8.80440027e-02 -9.32242349e-03  1.58920009e-02
 -1.41578633e-03  1.31097779e-01 -4.87660691e-02  4.58903201e-02
  1.04400262e-01  2.66095363e-02  6.36588410e-02  1.49942534e-02
  3.14726867e-02 -2.99647301e-02  2.02217028e-02 -4.14808057e-02
  1.45270927e-02  3.96846645e-02 -2.30471361e-02  1.57809164e-02
 -6.88521471e-03  1.40332791e-03 -3.62952128e-02  5.49958795e-02
 -4.21332978e-02 -1.17086880e-02 -2.19793674e-02 -6.20414354e-02
  2.21736962e-03 -3.71964229e-03 -2.47612670e-02 -9.67628509e-03
  7.42080202e-03  4.34576981e-02 -5.77940606e-03  6.66313525e-03
  2.72328872e-02 -3.49727124e-02 -6.56142682e-02  3.14645895e-33
  1.09393178e-02  3.25170048e-02 -1.97192188e-02  2.19352599e-02
 -3.76558106e-04 -4.86286953e-02 -7.35993497e-03  1.07036931e-02
  9.57945809e-02  1.29217371e-01 -6.19237497e-02  7.31460750e-02
  9.45756063e-02 -1.32908886e-02  3.67135368e-02 -3.41237038e-02
  9.18354932e-03  5.75912558e-02 -3.96092981e-02 -3.92990373e-02
 -5.12662940e-02 -4.70869280e-02  3.72802466e-02  1.69790499e-02
 -8.49820152e-02  5.46466783e-02 -9.21960995e-02 -2.96493713e-02
  7.06898421e-02 -3.55169736e-02 -1.65183265e-02  1.05418883e-01
 -4.22301404e-02  3.52311209e-02 -2.26922184e-02  3.76085006e-02
  3.27187628e-02  2.99328961e-03 -2.48505846e-02 -1.59115940e-02
 -9.29333456e-03 -4.73296419e-02  7.33585954e-02  6.56151846e-02
  1.63130481e-02 -6.94937306e-03 -4.85979691e-02  2.25522351e-02
  3.36373597e-02 -4.54320423e-02  1.08033799e-01  8.56010169e-02
 -4.45125811e-02  3.59510258e-02  6.98662400e-02  6.30282834e-02
  5.38665652e-02 -1.07228905e-02  1.67914275e-02  8.95270612e-03
  6.50654137e-02  6.89960793e-02 -8.05894509e-02  5.44816591e-02
 -1.05012089e-01  2.05840543e-02  2.62759044e-03  1.74792446e-02
  6.63980544e-02 -3.94092947e-02 -1.07516637e-02 -7.82206189e-03
 -6.57114238e-02 -3.52348685e-02 -1.08443439e-01 -2.21536998e-02
 -3.32501978e-02  8.97195712e-02  3.07587162e-02 -1.86818885e-03
 -2.12043449e-02  3.45546715e-02  7.55087938e-03  1.87940337e-02
  4.45252545e-02 -1.17251545e-01 -1.68662723e-02 -9.46245492e-02
  1.99276973e-02 -4.72733900e-02 -5.78265786e-02 -3.20362207e-03
 -1.27147853e-01  1.31719457e-02 -3.04598324e-02 -1.19493517e-08
  4.67641931e-03 -4.47406210e-02  5.23157939e-02 -2.85782269e-03
 -2.91659180e-02 -2.37885844e-02  6.64871931e-02  1.30100593e-01
  1.68028828e-02  7.11469427e-02  3.99089325e-03  4.46091481e-02
  5.95045313e-02  3.20710614e-02  1.75685100e-02 -2.72005349e-02
 -1.05131306e-02 -4.74207513e-02 -3.78597826e-02 -8.81875120e-03
  5.54702692e-02  1.71813574e-02 -4.27608239e-03  2.17462163e-02
 -1.11070145e-02 -1.53221618e-02  7.15392083e-02  1.32696573e-02
  3.84311415e-02  1.39276125e-02  2.27134153e-02  4.70850877e-02
 -7.09303319e-02 -2.36489903e-02 -6.00164123e-02 -7.24491924e-02
  3.65170352e-02 -6.15592673e-02 -2.59951837e-02 -4.16978374e-02
 -1.21531989e-02  5.99943362e-02 -2.31904238e-02  9.03758593e-03
  6.91594258e-02 -5.60587309e-02  7.75049161e-03  3.56948599e-02
 -5.59185259e-03  5.07639954e-03 -7.35345390e-03 -3.69453691e-02
  5.47187850e-02  1.83569323e-02  3.64365499e-03 -1.15846535e-02
 -1.05402190e-02  4.03815433e-02 -2.62166467e-02 -1.39888376e-02
  1.28721461e-01  5.93896247e-02  3.06126941e-02  5.73256984e-02]"
34,Financing Environmental Impact,Environment,emissions,2,0.4372,"[ 1.68955065e-02  9.36585739e-02  7.92850479e-02  5.87679483e-02
  9.59585458e-02 -2.11120453e-02  1.03124231e-01 -9.04076546e-03
  8.36734101e-03  1.42491963e-02  3.71764321e-03 -6.95867911e-02
 -3.58618982e-02  2.06573494e-02  5.56268933e-05  4.00823615e-02
 -1.85057744e-02  2.34444160e-02 -7.75493085e-02 -5.21299280e-02
 -9.46655218e-03  4.97749262e-02 -9.04355384e-03  7.09303655e-03
 -1.86955724e-02  2.26828679e-02 -6.84679300e-02  3.14821042e-02
  4.08764780e-02 -4.44138832e-02  1.97886545e-02  2.14567240e-02
 -6.44464120e-02 -1.03730345e-04 -2.22288445e-03 -5.79683557e-02
  3.16489041e-02  3.43721770e-02 -2.84770736e-03 -9.81333572e-03
 -7.09313899e-02 -1.39297441e-01  2.83838157e-03 -7.16264248e-02
 -7.14841336e-02 -4.24277969e-03  5.04886881e-02 -5.25026508e-02
  1.42580131e-02 -7.90788531e-02  9.19329971e-02 -3.21160369e-02
 -7.57488385e-02 -1.13881761e-02  5.01472801e-02 -1.04409747e-01
  1.28818927e-02 -1.44954147e-02 -1.64189041e-02 -4.13138606e-02
  3.77394035e-02 -1.07944809e-01 -6.36491179e-02  8.87315813e-03
  8.60026479e-02  3.08571514e-02 -2.21264223e-03  1.18236654e-02
 -2.66484842e-02  4.52702589e-05 -4.68132261e-04 -5.38278930e-02
 -6.41406104e-02 -1.12312563e-01  9.17597394e-03 -4.02649418e-02
  8.24032817e-03  4.55933176e-02  1.24848716e-01 -5.01362346e-02
  5.13853617e-02  5.30596031e-03 -9.72677097e-02  1.25556430e-02
  8.75397325e-02  3.46321985e-03  7.73293315e-04 -4.42692786e-02
 -7.02242479e-02  3.89840938e-02 -5.56134991e-02 -2.84873080e-02
  1.61209628e-01  2.33280081e-02 -5.10408394e-02  5.07287495e-02
  8.83493721e-02  5.06951986e-03  7.52978027e-02  9.80228260e-02
 -5.11002773e-03  8.50361064e-02 -1.13648191e-01 -1.31362006e-02
 -1.06480390e-01 -2.03642529e-03 -1.39648682e-02  5.01670018e-02
  1.57648139e-02 -2.83980276e-02 -2.52152942e-02 -2.27715541e-02
 -4.13170345e-02 -2.99845599e-02  1.86950788e-02 -1.59726609e-02
  7.98784047e-02  1.46587018e-03 -4.97281663e-02 -7.54753640e-03
 -5.78167848e-02 -6.22134143e-03 -7.48370681e-03  4.51362096e-02
  4.25361842e-02 -1.05911195e-01  4.11083624e-02 -4.03622920e-33
 -8.01580176e-02 -8.82249605e-03  2.58626807e-02  3.99079500e-03
 -1.07474374e-02  1.74471121e-02 -8.24942589e-02  8.91010929e-03
  3.96371596e-02  4.33711037e-02  1.71084190e-03  4.10438180e-02
 -3.86927165e-02  1.53444577e-02  1.56267762e-01 -3.87740359e-02
 -7.03632832e-02 -1.49505530e-02 -3.49691957e-02 -2.89384406e-02
 -6.37384281e-02 -4.11337987e-02  1.19915530e-02  7.45342672e-02
  5.27810305e-02 -2.46155914e-02  4.26798873e-02 -1.63724890e-03
 -9.50283110e-02  1.19947707e-02  3.26365680e-02  8.74502510e-02
 -3.68860252e-02  2.58748699e-02 -3.76419388e-02 -1.92216877e-03
 -1.61358844e-02  3.07056941e-02 -3.70856412e-02  1.52472295e-02
  3.08919866e-02  1.48484502e-02 -2.02393681e-02 -3.86365992e-03
 -4.58324840e-03  8.97688419e-03  2.78690252e-02 -9.43525694e-03
  8.27844813e-02  1.45452488e-02 -8.76179636e-02  3.98810282e-02
 -6.05558194e-02 -1.77423973e-02  7.66019300e-02  5.36756329e-02
  5.71571514e-02 -4.85578589e-02 -2.40640398e-02 -1.87923573e-02
 -6.96137920e-02  7.14154989e-02  3.29254605e-02  4.22367677e-02
  2.85024215e-02  3.58256176e-02  7.40610342e-03 -1.51260542e-02
 -1.20405992e-02 -6.62453333e-03 -1.62074976e-02 -5.69734462e-02
  7.24248588e-02 -3.06412075e-02 -2.68080109e-03 -1.58471707e-03
 -6.80811778e-02  4.91506644e-02 -3.54331657e-02  3.78065854e-02
 -1.07762575e-01 -5.48428893e-02 -4.17008922e-02 -1.44113496e-01
 -2.60670241e-02 -4.27696630e-02 -3.38119082e-02 -1.20443571e-02
  4.54759076e-02  5.96925840e-02 -1.02688195e-02 -2.94105131e-02
  2.85600051e-02  1.06803337e-02 -4.75681238e-02  2.90520839e-33
  5.86491600e-02  7.17906058e-02 -3.64436652e-03  1.61312278e-02
  2.97669210e-02 -1.02900928e-02  2.58243568e-02 -1.25413472e-02
  2.84145717e-02  1.37754083e-01 -5.78869134e-03  7.16562420e-02
  9.23580397e-03  1.13509288e-02  1.37332771e-02 -3.16810720e-02
  4.06306200e-02 -1.00538461e-03  2.61178203e-02 -3.93486880e-02
 -3.19261998e-02 -4.79927436e-02  5.63296713e-02 -4.08565030e-02
 -9.09841880e-02  6.96890578e-02 -2.51269080e-02 -2.95662247e-02
  5.80557473e-02 -2.11701375e-02 -7.31572136e-02  1.08832136e-01
 -6.14476530e-03  4.86670509e-02 -2.07826737e-02 -2.65334118e-02
  7.49226063e-02  5.84191568e-02 -5.79240806e-02 -6.70488551e-02
  3.80960037e-03 -2.35985611e-02  4.93575707e-02  7.62301460e-02
 -3.86725776e-02 -1.22202942e-02 -2.99899057e-02  1.34216473e-02
  3.59554701e-02 -3.87959229e-03  1.57813936e-01  6.36052042e-02
 -6.46427944e-02  6.19406775e-02  3.03695742e-02  4.18223478e-02
  8.85644928e-02  4.08191532e-02  4.59139841e-03  1.43290032e-03
  3.84615175e-02  3.55848297e-02  7.39319064e-03  3.98963280e-02
 -5.88195063e-02 -5.69095723e-02 -4.30582054e-02 -7.83709227e-04
  1.00804381e-01 -2.30397992e-02 -6.40608370e-03 -9.75250266e-03
 -2.60512196e-02 -4.07902747e-02 -1.34591654e-01 -6.58121854e-02
 -1.32829072e-02 -5.53626455e-02  2.30558813e-02  2.18175162e-04
 -1.06555857e-01  2.64644157e-02 -5.58971707e-03  1.10736974e-02
  7.06984252e-02 -7.03143924e-02 -4.63924147e-02 -6.26177713e-02
  4.46129628e-02  4.72617261e-02 -5.18556722e-02  4.77744490e-02
 -4.46793474e-02  1.73444618e-02 -1.22672832e-02 -1.11590062e-08
 -3.30962501e-02 -9.18546878e-03  6.34665042e-02  1.87463034e-02
  2.08474398e-02 -1.20937144e-02  5.54541759e-02  6.37765527e-02
  5.44890203e-03  4.72123884e-02  5.30556813e-02  4.42856662e-02
  9.96803716e-02  8.04387778e-02  2.63877343e-02 -2.99395565e-02
 -2.50805877e-02 -4.82458845e-02 -2.66651046e-02 -1.28486920e-02
  1.81860209e-03  2.14413367e-02 -4.90340497e-03  2.09767073e-02
  5.87991029e-02  2.02212017e-02  4.88148779e-02  6.82656765e-02
  4.54451516e-02  3.16386335e-02 -1.39792105e-02  6.24164939e-02
  4.45418619e-03 -4.05980609e-02 -5.58887534e-02 -8.99389163e-02
  2.12466251e-03 -2.47388370e-02 -5.47521785e-02 -4.02570292e-02
 -6.00877311e-03 -1.54554844e-02 -5.19999443e-03  1.07448427e-02
 -2.60415860e-02 -3.24739739e-02 -1.03892863e-01  2.52809115e-02
 -2.69586630e-02  4.87369001e-02  1.98921748e-02 -1.18908435e-01
  3.79012488e-02 -4.37777583e-03 -1.90814063e-02 -1.77523065e-02
 -2.18102541e-02  3.23890969e-02 -9.58723761e-03  1.68321021e-02
  1.42426208e-01  3.90783288e-02  5.18226102e-02 -1.24866031e-02]"
35,Financing Environmental Impact,Environment,expenditures,3,0.4372,"[ 9.85795632e-03  3.28268521e-02 -2.95742881e-02  2.80028936e-02
  1.18415300e-02 -1.19080348e-02  9.60832909e-02 -1.02200443e-02
 -5.97354444e-03  8.80892277e-02  4.83609475e-02 -5.40471189e-02
 -1.66154895e-02 -1.94049459e-02 -5.24271317e-02 -5.38582057e-02
  4.18945774e-02 -5.03324978e-02 -6.91086706e-03  1.27186282e-02
  5.50823919e-02 -3.68857570e-02  1.13523956e-02  2.53601559e-02
  6.78067748e-03  3.62775065e-02 -6.07219618e-03 -3.95283438e-02
  3.47461924e-02 -2.00169850e-02  2.56124157e-02  6.67448938e-02
  5.73365092e-02 -5.32593206e-02  3.98949906e-02 -5.86659275e-03
  3.83595899e-02  2.99381241e-02 -3.12582329e-02  4.88237888e-02
 -4.27977517e-02 -3.73580493e-02 -3.95656712e-02  1.89140961e-02
  1.56091973e-02 -3.27735990e-02 -1.07228346e-02  4.27167714e-02
 -1.00575835e-02  8.43380168e-02  5.31141758e-02 -2.91997939e-03
  7.77865993e-03 -3.28267738e-02  6.48432374e-02 -5.76399565e-02
  4.79730777e-02 -1.94427427e-02  8.63349158e-03  8.36841669e-03
 -6.22292347e-02  2.17761081e-02 -2.54385453e-02  4.45976816e-02
  7.32688382e-02  2.30064783e-02 -9.89948772e-03  5.15319854e-02
 -1.11889742e-01  4.86224927e-02  3.63465701e-03  1.28916679e-02
 -3.46947424e-02 -6.44462183e-02  1.14098918e-02 -5.16721122e-02
  1.27903506e-01  8.68755579e-02  5.24674244e-02 -5.12210205e-02
  7.44940937e-02 -5.18966606e-03 -6.95879534e-02 -4.98758908e-03
  4.08470854e-02  1.88597031e-02  4.28315345e-03 -3.47349234e-02
  2.59918384e-02 -2.20366307e-02  3.70382816e-02  5.39739523e-03
  7.84424786e-03 -2.69169323e-02 -5.74195236e-02  1.29789887e-02
 -1.86865255e-02 -3.07658501e-02 -6.47206418e-03  1.83064044e-01
 -5.66116208e-03 -1.15486083e-03  9.06393379e-02 -3.18950182e-03
 -5.79765253e-02 -5.05619422e-02  1.23372069e-02  7.38502741e-02
  2.94840392e-02  5.72333895e-02 -9.06007597e-04 -3.98683399e-02
 -2.35432002e-04  1.10446494e-02  3.38443704e-02 -1.20466594e-02
  2.84415372e-02 -4.74839322e-02  6.41971752e-02  4.77162860e-02
  2.54380424e-02  9.03834403e-03 -6.11212961e-02 -1.23482980e-02
 -1.01493783e-01 -1.13752604e-01 -6.62005916e-02 -5.76845898e-33
 -4.18725945e-02 -4.64336760e-02  2.85351295e-02 -2.18113847e-02
 -1.15166090e-01 -1.73818544e-02  1.88320000e-02  2.60607023e-02
  4.59588878e-03 -5.25346734e-02 -8.88028927e-03  8.77191797e-02
 -2.67466195e-02  7.05521926e-02  1.30074412e-01 -2.05298252e-02
 -9.71047580e-03  1.50803015e-01  3.10254786e-02 -6.54956209e-04
 -4.81322370e-02 -3.97173576e-02  6.27964810e-02  1.89708080e-03
  4.35624793e-02 -4.65727411e-02  2.95411851e-02 -3.66285890e-02
  6.41197562e-02  1.94234811e-02  9.82647315e-02  3.75848934e-02
  2.55537201e-02 -3.22166607e-02 -1.30924210e-02 -1.28140626e-02
  7.11820181e-03  4.04982790e-02 -1.73751377e-02 -4.76136617e-02
 -4.41419072e-02 -2.22317614e-02  6.33731931e-02  4.50080186e-02
 -7.94270113e-02  9.58858058e-03  8.01177025e-02  6.65671017e-04
 -5.94283566e-02  2.62850635e-02 -4.59406003e-02 -3.13967504e-02
 -1.03202462e-01 -2.73886044e-02 -5.61910160e-02 -4.98490930e-02
  1.16384169e-02 -2.47558746e-02 -2.48584663e-03 -3.30602303e-02
 -3.02660279e-02 -7.42927194e-02 -8.29668529e-03  4.43981141e-02
 -8.22054688e-03  5.63351959e-02  3.28861699e-02  1.52806821e-03
  3.53889540e-02  6.00802654e-04 -7.54302219e-02 -3.81928124e-02
  4.17021252e-02  4.02111970e-02  1.80626120e-02  4.58733849e-02
  4.18197513e-02  1.88721009e-02 -7.10905492e-02  4.98866960e-02
 -1.03263624e-01 -4.19797301e-02  2.67890245e-02 -4.47232611e-02
  4.63125780e-02  1.34371882e-02  3.85331474e-02  1.90969309e-04
  7.06570037e-03  3.28697031e-03  8.67910124e-03  1.00641986e-02
 -5.38763590e-02 -4.40838560e-02  3.75293754e-02  3.34383841e-33
 -1.21705728e-02  1.19898424e-01  3.86834815e-02 -1.94175579e-02
 -4.41757205e-04  9.56179760e-03 -3.45652178e-02 -5.01258112e-02
  1.98585913e-02  2.59631220e-02 -1.25846580e-01  2.22603325e-03
 -9.73333139e-03  8.49972442e-02 -1.84520446e-02 -4.89709936e-02
  1.11271620e-01 -2.39984132e-02  1.38800023e-02 -5.03062271e-02
 -7.99955428e-02 -8.42334330e-03  7.63731748e-02 -7.88422972e-02
 -5.74688427e-02  7.06041902e-02 -1.21748887e-01 -3.49684479e-03
  1.36131002e-02  2.93225609e-03 -2.12979242e-02 -3.91326882e-02
 -8.71796981e-02  3.30839418e-02 -1.02727436e-01  4.35126089e-02
 -4.65709629e-04  8.90744179e-02 -1.24624958e-02 -1.33754490e-02
  4.74392138e-02 -4.20640074e-02 -3.79267358e-03  6.87591285e-02
  1.48260742e-02 -7.62498453e-02 -9.82410461e-02 -2.76253112e-02
  6.94483668e-02 -8.36322010e-02  1.36283357e-02 -6.64596073e-03
 -2.59837862e-02  1.75732858e-02 -7.99033940e-02  6.82004988e-02
  4.77882065e-02 -7.31041702e-03  3.01640406e-02 -2.32562907e-02
 -3.98556888e-02  5.56756556e-02 -8.89396369e-02  3.39397304e-02
 -8.41998383e-02 -5.31910453e-03  4.05329689e-02 -1.08819418e-01
  6.35409206e-02 -4.42776866e-02 -6.68775197e-03  6.18419237e-02
 -4.35632169e-02 -6.42940924e-02 -4.27416414e-02  1.03978008e-01
 -6.21332321e-03  4.41883579e-02  6.44936934e-02  5.85211627e-03
  3.38307619e-02 -1.39257563e-02  4.18283939e-02 -8.31344873e-02
 -1.11497179e-01 -7.20306635e-02  5.86513244e-02 -7.66580552e-02
 -9.40971971e-02  4.66760248e-02 -7.21699223e-02  4.86251861e-02
  1.04974946e-02  1.02373250e-02  1.09603144e-02 -1.17485017e-08
  2.66190562e-02  1.15911048e-02  3.39460224e-02  3.27599235e-02
  3.80527899e-02 -1.20571084e-01  2.80908253e-02  1.01934321e-01
 -2.73035113e-02  1.05105534e-01 -1.78012380e-03  1.24447914e-02
  7.84928575e-02  4.19122986e-02 -6.26685992e-02  3.77343521e-02
 -6.03504479e-02 -1.84225831e-02 -6.23842776e-02 -3.51103917e-02
  3.59853283e-02  1.70494039e-02 -2.89054103e-02  4.71006595e-02
  1.23077957e-02  1.87065601e-02  1.00602461e-02  2.94898041e-02
 -1.02568427e-02  3.28099765e-02  5.45460954e-02  2.76584253e-02
 -2.53206957e-02 -7.62922242e-02 -3.35513838e-02 -1.25674784e-01
 -6.00993522e-02  4.27366188e-03  4.96362150e-02 -3.69093614e-03
  4.77927411e-03 -3.85139929e-03  1.46218427e-02 -4.03930619e-03
  1.14761703e-01 -8.89729522e-03 -1.43341646e-01 -3.15231867e-02
 -3.44743989e-02 -1.15025304e-01  6.33109873e-03  3.16353403e-02
  2.94799171e-02  1.94880459e-02  1.28983632e-02 -2.19481792e-02
  6.30342364e-02  8.22948385e-03 -6.11255839e-02  1.73262060e-02
  4.21375148e-02 -5.10391667e-02  8.02907124e-02 -7.62022194e-03]"
36,Financing Environmental Impact,Environment,sustainable,11,0.4231,"[ 9.22848657e-03  1.04225494e-01 -5.20337233e-03  5.47348708e-02
  6.56212270e-02  3.49341072e-02 -3.36268134e-02 -3.76468860e-02
 -3.96983027e-02  2.51432937e-02  1.69527251e-02 -6.44890815e-02
  3.16630933e-03 -1.16359778e-02 -6.44629896e-02  2.11503748e-02
 -7.73705691e-02 -1.85290948e-02 -5.18384688e-02 -3.76979560e-02
 -3.17952447e-02  2.19671428e-02  3.85503657e-02  2.70640347e-02
 -7.63282478e-02  1.03875540e-01 -2.92969681e-02 -1.91211142e-02
  4.23213653e-02  4.95439582e-03  4.85607237e-02  5.02502844e-02
  1.30012818e-02 -2.60172114e-02  2.93463916e-02  9.57414955e-02
  3.52528132e-02 -4.42201793e-02  1.43693034e-02 -2.51109973e-02
 -7.70237297e-02 -9.52913687e-02 -4.47366871e-02 -9.41595659e-02
 -2.59539764e-03 -1.26119899e-02  8.20878614e-03 -6.19556792e-02
 -2.95565594e-02 -4.27200533e-02  3.41579765e-02 -5.02084091e-04
 -3.00382003e-02 -1.89252812e-02  4.37179767e-02 -6.11736402e-02
  2.79853903e-02 -6.42527863e-02 -2.07235217e-02 -2.18733978e-02
  8.45526680e-02 -2.10564993e-02 -9.17030424e-02  2.87472475e-02
  1.00640893e-01  7.32735246e-02 -4.29532006e-02  9.35131684e-02
 -1.01452162e-02  1.78359766e-02 -2.33976170e-03 -1.58628561e-02
 -5.75798517e-03 -5.97963035e-02  4.22031507e-02 -1.17575238e-02
  3.97013128e-03  3.91095085e-03  7.51854256e-02  6.64167330e-02
  1.13268524e-01 -1.07284132e-02 -3.77447084e-02 -2.31292900e-02
  3.36776040e-02 -1.38704013e-03  1.88854020e-02 -2.25956254e-02
  6.18289635e-02  5.19074406e-03 -9.07039046e-02  4.43285704e-02
  6.67704120e-02  1.78690795e-02 -1.05950765e-01  3.86274932e-03
 -4.39076610e-02 -3.57128233e-02 -1.21811302e-02  1.94087461e-01
 -1.41280005e-03  5.02700917e-02 -2.97651440e-02 -2.10272409e-02
 -4.83780243e-02 -3.86787355e-02 -9.07786936e-03  6.36170655e-02
 -1.49172023e-02 -4.08357009e-03 -4.60484587e-02 -9.78361070e-03
 -5.33926673e-02  1.02120578e-01  3.39171961e-02 -1.53101832e-02
  7.39554167e-02 -5.02446443e-02  6.67683780e-02 -1.66818388e-02
  4.17237878e-02  1.31767010e-02  3.22599858e-02  9.48042329e-03
  6.20074454e-04 -2.80210432e-02  3.61135341e-02 -5.52840393e-33
 -1.48394601e-02 -3.34775522e-02  9.89520699e-02 -6.85551912e-02
 -2.94705592e-02  4.71741818e-02 -9.15629566e-02  1.37880892e-02
 -1.79847945e-02  5.16757928e-03  7.73872808e-02  2.91417111e-02
 -2.75963433e-02  1.77336913e-02  1.29787073e-01 -1.06546946e-01
 -4.13528904e-02  4.55355272e-02  2.12636534e-02 -2.50718109e-02
 -4.47093602e-03  6.01316430e-02  8.44855886e-03  3.08014601e-02
  9.07533020e-02 -3.71237732e-02  4.63145263e-02  9.65213217e-03
 -3.71443592e-02  1.91891808e-02  5.05467225e-03  5.53693138e-02
 -1.00778893e-01 -6.49165809e-02  1.78201981e-02 -2.91374754e-02
 -1.17507905e-01  7.11434931e-02 -3.52123342e-02  1.40156411e-03
 -4.16946560e-02 -2.99997497e-02  6.44450560e-02 -7.87003338e-03
  4.77563292e-02  4.65479232e-02  4.81169149e-02  5.75945191e-02
 -9.17959288e-02  1.41532915e-02 -3.60856541e-02  3.18858027e-02
 -1.17478035e-01 -5.55104725e-02 -1.34805748e-02 -9.49740931e-02
  1.08085293e-02  1.17899748e-02 -6.47198111e-02 -1.11516349e-01
 -4.49610082e-03  4.77622002e-02 -1.05567649e-01 -2.63494789e-03
  6.43549860e-02  1.48124760e-02 -8.25338997e-03  5.63167743e-02
 -1.48336114e-02 -1.08926147e-02  1.56978834e-02 -4.64977697e-02
  5.14241047e-02 -1.26619134e-02 -2.74164844e-02 -3.29976268e-02
 -2.37195287e-02  3.76674533e-02 -6.72404841e-02  8.07582885e-02
 -8.06140229e-02  8.10746402e-02 -3.86328474e-02 -7.41092637e-02
  1.20861135e-01  2.08178000e-03  2.19565239e-02 -6.61599543e-03
  8.28580037e-02  3.42445485e-02 -3.27432901e-02  2.21828036e-02
  4.93733808e-02 -1.77856088e-02 -7.77353570e-02  2.92105038e-33
  6.09750375e-02  3.88426259e-02 -6.63989782e-02  2.79159583e-02
 -5.53466603e-02 -6.01773188e-02 -1.09983422e-01  3.36026750e-03
 -9.33929550e-05  3.32125067e-03 -8.83268472e-03  5.21280505e-02
  5.92173524e-02  4.77920659e-02  1.07878400e-03 -9.70176980e-03
 -3.10023893e-02 -1.45024024e-02 -6.69280440e-02 -1.78756732e-02
 -3.16871330e-02  1.60111077e-02 -3.63075957e-02  4.25581224e-02
 -5.90747818e-02  5.28500564e-02 -5.77046629e-03  4.52349521e-02
  6.16407804e-02 -2.10503265e-02  1.42845968e-02 -3.18131484e-02
 -5.13933450e-02  7.18569942e-03 -2.67034210e-02  1.98693238e-02
 -2.73500197e-02 -4.33276743e-02  6.31152540e-02  5.41477688e-02
  5.77913448e-02 -6.60759211e-03 -1.04236215e-01  4.86186258e-02
  3.26525830e-02 -4.29465016e-03 -6.47674352e-02 -4.81524214e-04
  4.36642915e-02  2.74656573e-04  8.64008963e-02  4.58669178e-02
 -7.32465982e-02 -9.47188735e-02  1.20803146e-02 -5.71760722e-03
  1.09920511e-02  4.61515002e-02 -5.11154272e-02 -6.00319952e-02
  3.62726972e-02  5.81586920e-02  3.99780460e-02  1.01935655e-01
 -1.90357901e-02  1.56874415e-02  5.85634150e-02 -5.15712984e-03
  2.64164736e-03 -5.89668043e-02  2.02981811e-02  1.42573789e-02
 -1.51132405e-01 -2.72336490e-02 -3.34407575e-02  2.20838301e-02
 -2.90264077e-02 -3.90031259e-03 -3.15845162e-02 -1.64761264e-02
 -6.92284405e-02 -3.84390578e-02  1.87562115e-03 -2.44203433e-02
  6.09043380e-03 -6.55906275e-02 -5.36674410e-02 -7.88323507e-02
  4.57958458e-03  7.60348365e-02  9.78236739e-03 -1.57828536e-02
 -1.55801430e-01  9.45107788e-02  3.00860088e-02 -1.25546196e-08
  6.05057143e-02  2.95662526e-02 -1.74850374e-02  2.85795908e-02
 -1.44425500e-02 -2.65439674e-02  8.05598199e-02 -3.44175622e-02
  5.89632951e-02  1.07937708e-01  8.94644111e-03  1.78459845e-02
  2.18603462e-02  8.73749629e-02 -3.82472500e-02 -2.86708283e-03
 -6.67365361e-03 -1.20435245e-02 -6.73184097e-02 -2.14520749e-03
  1.76874567e-02 -3.53974216e-02 -3.22567560e-02  6.17222786e-02
 -3.87332439e-02 -3.67024839e-02  5.47896028e-02 -1.33393304e-02
  1.81088559e-02  3.96246165e-02  7.25238547e-02  5.66703342e-02
 -4.37665507e-02 -3.11234202e-02 -6.73405379e-02 -8.23970884e-02
  4.70331125e-02  3.90243419e-02  8.42126831e-03 -3.68036330e-03
 -2.35822760e-02  4.37031053e-02 -6.66967556e-02  5.79174720e-02
  1.87370982e-02 -4.97251078e-02  1.47886956e-02  5.74118495e-02
 -3.46751027e-02  4.61712368e-02 -5.07141091e-03 -1.56043917e-02
  2.25546844e-02  3.85336988e-02 -1.84016619e-02 -2.51526870e-02
  3.09344139e-02  4.52180319e-02 -6.07753582e-02  1.50869302e-02
  1.12989694e-01 -5.29464781e-02  4.81697209e-02  5.69882914e-02]"
37,Financing Environmental Impact,Environment,environment,12,0.4138,"[ 2.33644731e-02  2.18580198e-02  4.84402329e-02  2.53892560e-02
  9.61136594e-02 -5.16454242e-02  6.97700456e-02 -1.41005013e-02
 -3.41628045e-02  1.94270946e-02 -1.80527824e-03 -1.22163437e-01
  5.87061746e-04  2.41899900e-02  3.53952348e-02 -8.96298327e-03
 -3.78377736e-02 -1.04786418e-02 -6.04017824e-02  1.46315796e-02
 -8.17503706e-02  8.54109153e-02 -1.87415183e-02  4.12513007e-04
 -1.00401200e-01  6.98208660e-02  1.22120855e-02  8.91624540e-02
  3.49422768e-02 -1.38685942e-01  1.29033001e-02  1.06855422e-01
  5.68192303e-02 -4.38616201e-02  1.94474403e-02  1.23612463e-01
  3.45581844e-02 -3.53549533e-02  8.73706210e-03 -1.85381696e-02
 -4.21698317e-02 -6.35177419e-02 -2.88589089e-03 -6.79324567e-02
 -4.53753583e-02 -5.01465499e-02  3.68279815e-02 -7.81768784e-02
  4.09625545e-02 -6.07624538e-02  7.90585857e-03 -1.50915422e-02
 -1.08964741e-01 -1.88317359e-03  5.00403810e-03 -3.61914672e-02
  1.03831235e-02  5.69124660e-03  1.27366302e-03 -1.31937945e-02
  1.23778999e-01 -2.89570278e-04 -6.76719099e-02  9.64008197e-02
  1.14906214e-01  3.15997074e-03 -6.37826025e-02  1.12660810e-01
 -1.29361628e-02 -1.08178973e-01 -2.24746782e-02 -1.38711547e-02
 -3.07310931e-02 -8.17129463e-02 -1.01908408e-02 -1.44987917e-02
 -3.43085229e-02 -1.60658490e-02  1.09193616e-01 -8.87072994e-04
  8.14530626e-02 -2.56949719e-02 -1.11542843e-01  3.94444689e-02
 -9.65291914e-03 -8.16686824e-03  3.31681781e-02 -4.32622433e-03
  2.98048444e-02  7.05209151e-02 -2.06467118e-02 -6.68823868e-02
  9.65704247e-02  1.36720743e-02 -3.91561054e-02  5.08231334e-02
  2.76354328e-02 -6.18121438e-02  7.39366263e-02  2.06648201e-01
 -1.18304044e-02 -1.79128554e-02  1.61861070e-02  3.05576269e-02
  1.65510532e-02 -8.85703489e-02  1.16048930e-02  2.61527300e-02
  4.64541130e-02 -1.06099425e-02 -8.16501006e-02 -1.95546001e-02
 -2.64935251e-02  6.88949414e-03  6.85297921e-02 -3.63771692e-02
  6.51407242e-02 -3.79089639e-02  1.81040633e-02  5.48403803e-03
  4.22726534e-02 -2.95765847e-02  1.77190118e-02  7.02168047e-03
  2.20425446e-02 -3.82844545e-02  4.90661226e-02 -5.26335604e-33
  3.95574197e-02 -1.03494972e-01  5.49935289e-02 -1.52555518e-02
  6.25433326e-02  4.10627499e-02 -1.80450492e-02 -6.97509339e-03
 -2.21378393e-02  1.93453114e-02  2.09278520e-02  6.51206598e-02
 -6.19755052e-02  4.08728458e-02  1.40061140e-01 -8.89539067e-03
 -5.86254969e-02  8.38092491e-02 -4.02802378e-02  2.35806033e-02
 -6.18906543e-02  4.38132882e-03 -3.66587117e-02  1.41741587e-02
  4.78837416e-02 -5.16073518e-02  6.20960891e-02 -4.83354814e-02
 -2.39072833e-02  4.82434127e-03  7.42773041e-02  2.29782909e-02
 -4.74663340e-02  3.71650681e-02  3.35917361e-02  3.67151722e-02
 -2.46649534e-02  1.96771882e-02 -2.69506052e-02 -5.48793115e-02
 -4.42420617e-02  1.71992648e-02  5.32386042e-02 -1.93753503e-02
  6.57054782e-02  7.61341862e-03  1.09702006e-01  4.98276092e-02
 -3.27400230e-02  2.81997323e-02 -4.79887798e-02  1.27907014e-02
  6.72886334e-03 -1.70785841e-02  2.57480610e-02  1.77239580e-03
  5.27571738e-02 -1.37507869e-02 -2.70013120e-02 -4.22072178e-03
  3.19309048e-02  1.29968867e-01 -6.11014850e-03 -6.60958737e-02
  8.52966979e-02 -3.28664631e-02  5.83361555e-03  2.27541421e-02
  2.71526556e-02  1.59754381e-02 -1.10382475e-01 -4.36896086e-02
  9.96702630e-03  5.20829596e-02 -2.97340825e-02 -3.40342186e-02
 -5.93370236e-02 -1.50742475e-02 -7.59957507e-02  3.31646465e-02
 -8.03051069e-02  3.76475416e-02 -5.03134876e-02  1.40681509e-02
  8.85243155e-03  2.95624249e-02  7.97884725e-03 -7.77019709e-02
  2.27048863e-02  5.94608448e-02 -2.97099315e-02 -2.91036405e-02
  3.92825454e-02  1.71548780e-02 -6.01729155e-02  3.46829535e-33
 -3.18984203e-02 -2.65864879e-02 -4.55456637e-02  8.44374858e-03
  1.45142088e-02 -2.12465320e-02 -5.16113974e-02  4.26219031e-02
 -3.59162800e-02  4.24568094e-02 -7.53761902e-02  8.84887278e-02
  1.19863234e-01  3.75612266e-02 -1.22323940e-02 -3.76544409e-02
  3.20453867e-02  8.52147583e-03  1.62867587e-02  1.93882696e-02
 -4.90693860e-02  1.64304972e-02 -3.09050921e-02  2.09064279e-02
 -9.05316919e-02  7.90200233e-02  1.38924653e-02  1.87219214e-02
 -2.86406511e-03  2.83480790e-02 -4.26415317e-02  1.76433604e-02
 -5.08972481e-02  8.33589062e-02 -5.84149696e-02  2.79677194e-02
  4.45216186e-02 -1.12980381e-01 -8.94009620e-02 -2.94840559e-02
  7.47299418e-02 -4.07969467e-02  1.53344134e-02  6.01530783e-02
 -1.44062773e-03  3.27702761e-02 -4.52851206e-02 -4.28736676e-04
  1.70291904e-02 -1.78245623e-02  2.37181187e-02  1.95850413e-02
 -5.56834564e-02 -2.08660029e-02  3.14949676e-02 -4.81543317e-02
  2.97331391e-03  5.53190112e-02 -6.80504460e-03  2.68062786e-03
  4.83568124e-02  6.19467534e-02 -2.61719730e-02  4.28740606e-02
 -1.16639413e-01  3.17427740e-02 -2.40533501e-02  6.62343502e-02
 -7.50383735e-02 -4.30174582e-02  1.72801223e-02 -2.12994665e-02
 -1.08222477e-01 -4.84736972e-02 -4.74335849e-02 -4.91533503e-02
 -4.66140769e-02 -3.44758108e-02 -2.72409283e-02  1.64527632e-02
 -4.46931310e-02 -9.36014391e-03 -3.87573540e-02  2.07285676e-02
 -2.33777054e-02 -4.94104549e-02 -3.72339562e-02 -2.67811622e-02
  1.14253964e-02  3.74468416e-02 -3.14212888e-02  3.35009955e-02
 -1.31737918e-01  5.97790889e-02 -3.66999060e-02 -1.19952857e-08
  1.45915747e-02 -1.86945274e-02  8.24242383e-02  5.39038284e-03
 -3.81034240e-02  2.98110396e-03  9.74817649e-02  1.25247035e-02
  2.90639773e-02  1.17605813e-01 -2.24858578e-02  1.32963089e-02
  8.45004395e-02  1.16270021e-01  3.32873277e-02  4.63178335e-03
 -4.06811498e-02 -2.50607673e-02 -7.83652663e-02  1.06120519e-02
  4.05148380e-02  1.92327648e-02 -8.44392180e-03  3.48386876e-02
 -6.79071993e-03 -6.09513521e-02 -1.51927201e-02 -6.20927429e-03
  3.17065008e-02  4.04941551e-02  4.90804203e-02  8.48616660e-02
 -6.22213446e-02 -2.13269666e-02 -8.12063366e-02 -2.26048920e-02
  1.98088475e-02 -3.74044292e-03 -7.71847228e-03 -1.00763300e-02
 -8.04642886e-02  5.64307114e-03  1.27659822e-02 -4.18242253e-02
  1.64447073e-02 -3.60355265e-02 -2.57604825e-03 -3.12748551e-02
 -2.45842747e-02 -9.68676247e-03 -2.32992526e-02 -7.58328736e-02
  1.70359444e-02  3.99080999e-02  1.16938435e-01  1.17092254e-03
 -7.49916630e-03 -2.00981852e-02 -4.92538251e-02  6.69232383e-02
  2.91147456e-02  4.12308723e-02  2.07546111e-02  2.29336061e-02]"
38,Financing Environmental Impact,Environment,economic,1,0.4071,"[-1.84907019e-02  4.03515995e-02 -5.57376370e-02  3.74768600e-02
  3.57613228e-02  1.71791520e-02  7.43514225e-02  3.33851911e-02
  1.32678151e-02  2.10913233e-02  3.46853696e-02 -8.32620915e-03
 -3.74769606e-02 -1.62910875e-02 -8.04248918e-03 -3.58067565e-02
 -3.16170081e-02 -5.81312813e-02 -1.32174522e-01 -6.25408590e-02
 -2.64618546e-02 -4.21193391e-02 -5.56381652e-03 -3.36444303e-02
 -4.24906202e-02  3.27847674e-02  6.48439815e-03 -8.08577694e-04
  9.42964666e-03 -5.47783077e-02 -3.06601971e-02  5.96908294e-02
  9.90773216e-02 -2.66925767e-02 -1.98567379e-02  3.60538531e-03
  4.21464257e-02  3.06285135e-02  2.71219667e-02  8.59286357e-03
 -1.84379257e-02 -8.01891312e-02 -6.08820915e-02 -3.23358215e-02
 -6.03209855e-03 -3.77575085e-02  5.56150079e-02  2.96109710e-02
 -2.71561760e-02  2.47075371e-02 -2.13688314e-02  2.52979863e-02
 -4.89961617e-02  5.37452893e-03  5.69734760e-02 -8.52786284e-03
  3.52010550e-03 -7.70587027e-02  1.92625336e-02 -1.14835873e-02
  5.19302972e-02 -5.11159860e-02 -7.04939365e-02 -3.34351370e-03
  1.46496683e-01 -2.41455249e-02 -3.87202129e-02  5.14335185e-02
 -1.48260772e-01  1.40185989e-02  6.85420483e-02 -9.37570557e-02
 -7.78939649e-02 -3.60320583e-02  2.04190556e-02 -6.07955679e-02
  4.09969017e-02  4.10943516e-02  5.10433652e-02 -9.25809890e-03
  8.92448500e-02 -8.11047629e-02 -1.20262071e-01 -1.04587516e-02
 -3.20450403e-02  2.99245381e-04  5.76904276e-03 -4.71718088e-02
  1.00547716e-01  2.15782598e-02  3.23878205e-03 -2.26931144e-02
 -2.02813577e-02  1.47824502e-02 -2.93720253e-02  5.96481003e-02
 -2.13122610e-02 -5.65184206e-02  1.51419966e-02  2.71599561e-01
  2.29324978e-02 -8.48648325e-03  1.24764489e-02  1.47740133e-02
 -2.55192500e-02 -1.06928878e-01 -6.72318088e-03  8.38562027e-02
  1.78631358e-02 -8.77227169e-03 -3.34713049e-02 -1.73807014e-02
 -1.10432515e-02  2.29490809e-02 -2.25071944e-02 -2.71245241e-02
  5.72964884e-02 -3.49939652e-02  7.06694415e-03  5.84329665e-02
  1.76551230e-02  1.20395515e-02 -4.26465534e-02  3.93276364e-02
 -3.80150303e-02 -1.02114148e-01 -6.98655024e-02 -5.78292454e-33
 -4.78248969e-02 -7.40044042e-02 -1.74056031e-02 -5.06014153e-02
 -8.74383450e-02  6.06859848e-02 -5.82498275e-02 -5.11002094e-02
 -1.50655359e-02  1.54464617e-02 -4.99679483e-02  4.26982418e-02
  2.19832286e-02  9.50444639e-02  1.47576824e-01 -1.71836875e-02
 -8.80586803e-02  4.65494134e-02  7.03267455e-02  3.94839384e-02
  1.74492951e-02  2.77229678e-02  4.51039784e-02  7.33510964e-03
 -1.87690146e-02 -2.09020991e-02 -1.11981332e-02 -4.38982137e-02
  1.14075407e-01  1.74082778e-02  6.75405413e-02  6.70662746e-02
 -1.63113587e-02 -4.28521633e-02 -6.76149875e-02 -3.21072303e-02
  5.36150439e-03 -4.28715721e-02 -2.61551677e-03 -1.10603524e-02
 -7.61493519e-02  4.00721980e-03 -6.47189468e-02  6.48625791e-02
  2.37897169e-02  1.19029675e-02  9.97753069e-02  2.03980543e-02
  2.28668191e-02 -4.30877134e-03 -2.25000046e-02  2.15869788e-02
 -6.09466843e-02 -1.14566438e-01  3.40627099e-04 -1.64004359e-02
 -2.13584639e-02 -8.05944949e-03 -1.80057976e-02 -2.45122202e-02
  1.77837838e-03  4.60313782e-02 -1.75594054e-02 -4.37928783e-03
 -3.23317125e-02  7.49693140e-02  1.33990757e-02 -1.38813350e-02
  3.72573324e-02 -1.93854030e-02 -1.06194122e-02  2.70420182e-02
  7.72800520e-02  2.50386223e-02  3.56858410e-02  1.04318790e-01
  1.53244184e-02  2.44335439e-02 -1.97372679e-02  1.14835668e-02
 -8.64282921e-02  3.85518279e-03  8.47041700e-03  8.52008164e-03
  3.37149277e-02  1.88803095e-02 -5.85900212e-04 -2.20300984e-02
  6.93623871e-02  4.59741540e-02 -8.75928476e-02  2.48796847e-02
 -4.36151549e-02  4.41962220e-02  4.96569537e-02  2.65819993e-33
 -2.54137404e-02  2.69799531e-02 -3.69004011e-02  7.01316893e-02
  1.17602125e-02 -8.29937588e-03 -9.39255394e-03 -7.02900216e-02
  1.21594705e-02  4.03347239e-02 -1.00348473e-01  1.41766286e-02
  1.15127325e-01  8.48430693e-02 -2.52612550e-02 -5.78037761e-02
  3.61873880e-02 -2.23281775e-02 -4.73351218e-03 -1.90742016e-02
 -4.98852096e-02  2.63305916e-03  5.04928678e-02  1.40454927e-02
 -2.48503443e-02  4.72339317e-02 -9.75202620e-02 -3.95913348e-02
 -7.32891485e-02 -1.05179744e-02  9.88389365e-03 -4.30553872e-03
 -2.75716968e-02  4.76669446e-02 -4.03655246e-02  1.23366825e-01
 -3.12868059e-02 -5.91562167e-02 -1.67298503e-02 -1.89650210e-03
  3.73726860e-02 -2.61138957e-02 -5.89939486e-03  5.13787530e-02
 -1.48962848e-02 -4.02687602e-02  1.20702209e-02  3.34578305e-02
  8.13616216e-02 -2.77841445e-02  8.37464482e-02  1.07145645e-01
  9.22173820e-03 -4.92944196e-02 -6.02031723e-02  1.07506393e-02
 -5.21206902e-03 -8.73564649e-03 -6.99362308e-02  5.88896275e-02
 -7.44375540e-03  6.32614791e-02 -1.20347301e-02  1.21366814e-01
 -3.79934832e-02  3.86329740e-02  1.97778437e-02 -6.63822144e-02
  6.42857030e-02 -7.83191249e-02  5.21705374e-02  2.40928270e-02
 -9.87423658e-02  4.31873016e-02 -2.12181062e-02  1.23107277e-01
 -2.30751485e-02 -2.37190886e-03  3.08553968e-02  1.00000640e-02
 -9.69070122e-02 -4.53036688e-02  4.01989408e-02 -4.75996844e-02
 -1.13494322e-01 -3.64988036e-02  1.18206199e-02 -3.65413912e-02
 -5.75158335e-02 -6.65835515e-02 -9.36726853e-02 -2.57132817e-02
  3.93128284e-04  2.35431269e-02 -1.22178691e-02 -1.45273216e-08
  9.76420101e-03 -6.87959045e-02  8.75197500e-02  4.99607697e-02
 -4.88906316e-02 -5.64619899e-02  2.83867549e-02  3.11135184e-02
  4.43051830e-02  1.12369210e-01 -2.09324937e-02  4.01181579e-02
 -1.21987043e-02  1.24368779e-01 -2.05932856e-02  4.08311337e-02
 -1.44534484e-02 -4.19498794e-03 -2.88074594e-02 -2.93319505e-02
  7.48598203e-02  3.74243222e-02  2.27925405e-02  1.25436056e-02
 -9.96709429e-03  1.89921688e-02  5.87882996e-02  3.51734906e-02
 -2.04706155e-02  4.85704504e-02  3.67124309e-03  1.68502573e-02
  4.96073568e-04 -3.66041064e-02 -4.07832861e-03 -4.41342369e-02
 -1.01781040e-02  1.81444380e-02  5.74877374e-02 -4.70501855e-02
  7.78905256e-03 -3.40198465e-02  3.72810522e-03 -2.99083050e-02
  8.62095356e-02 -2.03751903e-02 -3.93980518e-02 -2.15753410e-02
  3.64494137e-02 -5.33286035e-02  5.31478738e-03  3.41062658e-02
  2.40126494e-02 -5.79727441e-02  2.93064341e-02 -5.23534305e-02
  1.52527429e-02 -3.87708074e-03 -1.04476921e-01  3.27531956e-02
  7.09271580e-02 -3.25226076e-02  5.41969314e-02 -3.61004509e-02]"
39,Financing Environmental Impact,Environment,expense,1,0.3901,"[-1.63565744e-02  1.22137539e-01 -2.57996563e-02  3.27599235e-02
  6.83242306e-02  1.40004624e-02  1.66929260e-01  7.60759460e-04
  2.43970901e-02  3.34730409e-02  4.63297591e-02 -5.17470390e-02
 -5.08533008e-02  1.05642397e-02 -9.97797549e-02 -7.50976577e-02
  3.29526626e-02 -1.19980704e-03 -7.73569420e-02  4.89019752e-02
 -1.59396175e-02 -1.36765861e-03  2.27577947e-02  4.96757068e-02
  2.71918550e-02  2.70599965e-02  1.46996500e-02  6.13175472e-03
  7.20709702e-03 -7.57102221e-02  2.06321813e-02 -4.27430943e-02
  1.42624564e-02 -4.23899032e-02  4.78102230e-02  4.64664288e-02
 -5.71578089e-03  2.42416412e-02  5.97849395e-03  2.25499924e-02
 -7.64634013e-02 -2.54862290e-02 -2.32539140e-02 -1.34546617e-02
  5.91235841e-03 -2.69560460e-02 -1.85616850e-03  2.02831738e-02
  1.25986533e-02  9.10045579e-02  6.37499318e-02 -4.78063943e-03
 -1.75113212e-02 -3.37936394e-02  1.79736875e-02 -3.10974903e-02
  2.50115357e-02 -4.80035096e-02 -3.43269184e-02 -4.56890762e-02
 -4.87143435e-02  1.90160461e-02 -4.99953665e-02  3.73783000e-02
  6.97859749e-02  4.70597483e-03  3.69818462e-03  4.24409546e-02
 -1.32664770e-01  1.60668492e-02 -5.36833704e-02 -1.48961898e-02
 -4.59607914e-02 -3.28484038e-03  4.21848111e-02  1.58316223e-03
  1.23638295e-01  4.52016965e-02  1.96552183e-02 -1.93706118e-02
  4.20274436e-02  3.36726382e-02 -1.93612352e-02  1.57692283e-02
  5.33955880e-02  8.54628440e-03  1.03627564e-02  6.62570354e-03
  1.98306795e-02 -1.75112411e-02  3.39863673e-02 -6.92313984e-02
  3.87494862e-02 -2.94147376e-02  1.68389063e-02  1.80219002e-02
  4.83108778e-03  1.94627605e-02 -8.06125998e-03  1.98196709e-01
  2.67550573e-02  3.62094380e-02  7.45547786e-02  1.26445084e-03
 -2.52007544e-02 -2.99397483e-02  5.35278283e-02  5.80843836e-02
  4.70068492e-02  1.10540800e-02 -3.19636837e-02 -3.84777300e-02
 -4.01170552e-02 -8.05440079e-03  5.39653264e-02  4.43705022e-02
 -6.22379370e-02 -1.50913897e-03  1.00429356e-01 -2.37406678e-02
  5.37673570e-03  1.94806512e-02 -8.19076225e-03 -8.18897411e-03
 -1.40974283e-01 -1.45608738e-01 -3.25344391e-02 -4.58602591e-33
 -2.56209541e-02 -2.07224861e-02 -1.28076319e-02 -3.59212942e-02
 -6.07440099e-02 -2.95109209e-02 -1.83222874e-03  1.37613937e-02
 -5.94907291e-02  2.28315704e-02  8.05824436e-03  1.00406803e-01
 -2.92734113e-02 -3.13319708e-03  9.25004482e-02  2.37428863e-02
  1.61549449e-02  1.50664866e-01  7.20424056e-02 -3.29120792e-02
 -2.79599484e-02 -3.71849686e-02  5.61105981e-02  1.59463584e-02
  1.43072475e-02 -3.47601995e-02  2.01945640e-02 -7.19791427e-02
  4.18083221e-02 -4.64510609e-04  3.01564392e-02  3.29763666e-02
  6.51572794e-02 -1.90885067e-02 -5.70510980e-03  1.47756916e-02
 -3.30419652e-02 -8.46527424e-03  2.12832410e-02 -4.02331613e-02
 -3.07414215e-02 -3.74483392e-02  6.73258351e-03 -4.03363141e-04
 -5.72063550e-02 -4.83943382e-03  1.39663965e-01 -1.64686388e-03
 -8.32640305e-02  2.63123307e-02 -4.88888547e-02 -4.10292782e-02
 -6.79416060e-02 -2.32733916e-02 -3.77232470e-02 -8.45339224e-02
  4.98535447e-02 -3.04846019e-02  2.54601259e-02 -7.09829181e-02
  3.19979750e-02  6.22442784e-03 -5.07050706e-03 -6.28247531e-03
 -4.62354794e-02 -4.69665565e-02  8.69558100e-03 -1.03714662e-02
  4.67853062e-02 -2.92222835e-02 -9.35008228e-02 -3.29899602e-02
  7.16703162e-02  3.46073247e-02  1.88855436e-02  7.09749386e-02
 -2.26736385e-02 -2.99675297e-02 -6.53950172e-03  3.87309231e-02
 -7.47596920e-02 -5.53179942e-02  1.05524752e-02  4.31521684e-02
  1.91366095e-02  1.78157929e-02  2.93569528e-02 -2.26296503e-02
 -2.24195775e-02  2.41286270e-02  1.67030829e-03  5.09674521e-03
 -4.21557091e-02 -5.60809523e-02  5.63131943e-02  3.09865968e-33
  2.54482329e-02  3.72876227e-02  4.10644114e-02 -8.73378292e-03
 -1.73228011e-02  8.45905673e-03 -2.20703594e-02 -6.42618835e-02
  1.45401922e-04  6.98277131e-02 -1.52567521e-01  1.72348600e-02
 -4.07529809e-02  1.07117267e-02  3.87516171e-02 -6.31802157e-02
  6.12586290e-02 -5.03634773e-02 -1.81386690e-03 -5.75728975e-02
 -4.78130504e-02  9.23388004e-02  9.47149694e-02 -7.19401166e-02
 -7.58740157e-02  6.27736002e-02 -3.36614884e-02 -7.84296915e-03
 -4.84051332e-02  3.55000794e-02 -2.47250721e-02 -1.87673848e-02
 -2.02075616e-02  4.96611968e-02 -6.25531524e-02  2.15245672e-02
 -2.23159995e-02  1.06947944e-01 -4.07849159e-03 -2.17887498e-02
  3.85074057e-02 -2.88848188e-02  5.31292297e-02  5.56307957e-02
  4.44942415e-02 -8.34125504e-02 -9.12485868e-02 -8.48962069e-02
  1.05040178e-01 -4.66191657e-02  7.53259228e-04 -2.52553690e-02
  6.12343429e-03  4.00832901e-03 -1.20761685e-01  8.35846588e-02
  1.59626398e-02 -4.00771312e-02  3.24736312e-02 -1.44320242e-02
  1.07626142e-02  7.65349716e-02 -1.07929194e-02  5.44561148e-02
 -9.19575915e-02  9.35977232e-03  4.72733229e-02 -8.37110654e-02
  2.45724581e-02  1.04822377e-02 -2.63196845e-02  4.48610354e-03
 -7.43426830e-02 -9.99499299e-03 -8.25341418e-03  8.78227577e-02
 -4.38300456e-04  1.81830097e-02  3.52115147e-02 -4.53571742e-03
  3.86100188e-02 -4.36400101e-02  5.37416199e-04 -3.64524536e-02
 -7.32007697e-02 -1.07413799e-01  1.01969540e-02 -3.10715437e-02
 -4.83687557e-02  1.83014050e-02 -2.81118173e-02  4.25008824e-03
 -3.49301449e-03  9.26390141e-02 -1.93841029e-02 -1.21413830e-08
 -5.70780365e-03  2.92445868e-02  8.53143632e-02  1.93981901e-02
 -7.51081016e-03 -1.28185093e-01  3.39011066e-02  1.39226839e-01
  1.66194662e-02  1.11576900e-01  2.11559236e-02 -2.97672488e-02
  1.25690801e-02  7.01404437e-02 -5.00777364e-02  2.27498058e-02
 -6.93194009e-03 -2.62068156e-02 -4.89056632e-02  1.85109396e-02
 -3.45810986e-05  8.91911145e-03 -1.20909242e-02  6.08715303e-02
  2.89238291e-03 -5.83644733e-02  1.96797755e-02  1.30579025e-01
  1.64106041e-02 -1.55909834e-02  5.30366674e-02  6.83815926e-02
  2.46365797e-02 -2.73051877e-02 -7.35626668e-02 -1.04315706e-01
 -8.12849328e-02  1.01146484e-02  1.34786181e-02  8.58510062e-02
  2.05497677e-03  3.46397806e-04  4.56634685e-02  1.14546455e-02
  3.14598419e-02  1.04331216e-02 -1.60954252e-01 -3.93029824e-02
 -7.70105422e-02 -3.06337755e-02 -8.84746946e-03  2.03623325e-02
  6.17743470e-02  2.82977838e-02 -1.12683754e-02  3.76186194e-03
  6.69868514e-02  3.57781909e-02 -5.97681552e-02  3.78981568e-02
  8.83718207e-02 -6.61034882e-02  2.66110338e-02 -5.52146211e-02]"
40,Financing Environmental Impact,Environment,impact,2,0.3896,"[ 4.37327810e-02  7.32334480e-02  3.14621553e-02  5.26551344e-02
  6.80720061e-02  7.17703402e-02  9.13444161e-02  1.20872594e-01
  2.89180335e-02  2.33104173e-03  2.43232604e-02  3.47248721e-03
  8.19489302e-04  2.41658520e-02 -8.05884879e-03  1.74302794e-02
  2.42650099e-02 -1.19534684e-02 -1.19978152e-01  9.38627403e-03
 -4.83699031e-02  1.76315606e-02 -5.07052355e-02  1.34436712e-02
 -7.96995498e-03  2.85820700e-02 -5.27160615e-02  7.88726509e-02
  5.12787066e-02 -1.28970906e-01  1.06437039e-02  5.83697855e-02
  6.68282285e-02  2.14531994e-03 -7.73622692e-02  1.65592395e-02
  8.45531523e-02  4.22983319e-02  1.60798170e-02 -6.02554530e-02
 -2.82795280e-02 -7.10100681e-02  3.25644948e-02 -6.01496287e-02
  1.93288028e-02 -9.75323468e-02  8.58888328e-02  1.40877087e-02
 -2.47477386e-02  2.71686632e-02  2.48488970e-02 -9.77159664e-02
  1.11281825e-02  1.45839555e-02 -1.53161157e-02 -2.94922348e-02
 -3.22255790e-02 -1.88866202e-02  1.47106797e-02 -3.37601751e-02
  8.81420448e-04 -1.77127365e-02 -4.00701575e-02  2.84811258e-02
  3.90433185e-02 -1.05927996e-02  5.95522970e-02 -1.73066545e-03
 -7.97671452e-02  5.05244024e-02  9.19891223e-02 -5.26674502e-02
 -8.72003287e-03 -9.21961814e-02  2.19290480e-02 -3.45440619e-02
 -5.15901074e-02  3.79428104e-03  1.06037885e-01  2.28249040e-02
  8.98106545e-02 -7.64369741e-02 -9.47833508e-02  3.73323710e-04
 -1.47970617e-02  1.88901536e-02  3.24634053e-02  1.14868907e-02
 -2.32851412e-02  4.82973382e-02  1.77739542e-02  8.86591431e-03
  1.15818448e-01  5.28897122e-02 -8.71884152e-02 -2.67932527e-02
 -4.69546802e-02 -1.20547131e-01  2.13603303e-02  2.38504872e-01
 -1.01602525e-02  7.93921500e-02 -7.22187683e-02 -1.18240146e-02
 -2.75219213e-02 -5.16541163e-03 -4.30357642e-02 -5.35517558e-02
 -1.53072998e-02  5.31052127e-02  3.83248180e-02 -2.88229669e-03
 -6.97245002e-02  9.46790795e-04 -4.42012306e-03 -1.89010557e-02
  2.34440397e-02  7.85073280e-05 -1.09953498e-02 -8.45858231e-02
  3.17024104e-02  1.88097581e-02 -6.75269887e-02  1.10513512e-02
 -6.19823299e-02 -4.42753285e-02 -2.48099342e-02 -5.09019837e-33
 -1.48881152e-02 -1.10755585e-01 -5.73012456e-02  2.51951311e-02
  5.08286767e-02 -3.24027278e-02 -2.77638119e-02 -2.05419604e-02
 -9.03739855e-02 -5.59399463e-02 -1.08275213e-03  3.79361436e-02
  1.12913571e-01 -1.44701395e-02  1.40567556e-01  2.50080209e-02
 -1.47718210e-02  4.50638384e-02 -3.07345949e-02  6.46094158e-02
 -1.04675554e-01  2.15271041e-02 -7.68301561e-02  1.09657519e-01
  6.93587353e-03  3.44083607e-02 -1.89012084e-02 -5.37813408e-03
 -4.46087532e-02  8.95997323e-03 -5.59985125e-03 -3.00236568e-02
 -6.04911111e-02 -1.91847738e-02  1.12220664e-02  4.57240641e-02
 -3.77407260e-02 -5.37082776e-02 -1.78874582e-02 -1.59273539e-02
 -4.51017097e-02  5.69055527e-02 -7.87954926e-02  1.42481690e-02
  2.35007163e-02  3.37973163e-02  3.60619053e-02  3.90835144e-02
  2.52622962e-02 -3.23350057e-02 -9.39278305e-03 -1.47619005e-02
 -3.50239337e-03  2.84871981e-02 -2.04144455e-02  1.42553058e-02
 -3.36951539e-02 -7.40423650e-02  6.15296140e-02  2.55452283e-02
  4.20471393e-02 -3.42832729e-02 -2.47980636e-02  2.38541700e-02
  1.04642473e-01  4.44710301e-03 -8.72236211e-03 -3.05376910e-02
 -1.65294055e-02 -1.11570917e-02 -2.67422106e-02  1.93146348e-03
  8.17381367e-02 -1.66177563e-02  1.03124883e-03 -2.16129776e-02
 -9.87945590e-03  7.31965806e-03  6.49042055e-02  6.36899099e-02
 -5.34750670e-02 -2.84665097e-02  7.30351880e-02 -8.44222456e-02
  6.30858243e-02  3.21666002e-02  1.63219701e-02 -9.10906792e-02
 -4.52831760e-02 -2.76757199e-02 -9.16253626e-02 -2.55401083e-03
  6.13316195e-03  1.16433278e-02  2.05337871e-02  4.10630519e-33
 -7.55936727e-02  8.43293741e-02  1.28791376e-03  9.64184031e-02
  6.54585008e-03 -8.22532084e-03  5.25960606e-03  4.20325100e-02
  1.87717646e-03 -4.85043600e-02 -6.20273128e-02 -1.56539604e-02
 -2.75229104e-02  1.80086847e-02  7.09774643e-02 -4.89945337e-02
  5.88835180e-02 -3.48670669e-02 -5.47273159e-02  1.43637471e-02
  7.56729171e-02 -7.57826045e-02  4.52388786e-02 -3.52857038e-02
 -1.69675592e-02  1.01510203e-02  1.47776334e-02 -7.47809485e-02
 -2.59005874e-02 -2.67673824e-02  2.99710818e-02  2.68211798e-03
 -1.08019616e-02  4.06569056e-02 -2.23044585e-02  1.20257720e-01
  1.56047381e-02 -6.82092458e-03 -4.03096080e-02 -8.50089937e-02
  3.25129926e-02  1.70997940e-02 -6.48684874e-02  1.02046229e-01
 -9.62082110e-03 -2.28158087e-02  3.45738865e-02  1.06017776e-01
  5.35713322e-02  2.87311804e-02  1.54325820e-03  3.23724225e-02
 -2.17297653e-04  4.97202426e-02  4.17044349e-02 -6.57232944e-03
  1.74899057e-01 -1.01767033e-01 -7.45681599e-02  2.56835371e-02
 -6.33949786e-02  5.60394078e-02 -4.99488525e-02  6.10532947e-02
  5.58994617e-03 -2.16013864e-02 -8.94300044e-02  7.43601471e-03
  4.57624439e-03 -1.44128809e-02 -3.36361118e-03  3.34011801e-02
  2.19221301e-02 -3.28662843e-02 -7.28601590e-02 -1.84861254e-02
 -3.68062197e-03  2.87918579e-02 -3.39883417e-02  4.20227610e-02
 -6.45774901e-02 -3.16824727e-02 -1.07263885e-02 -9.02468618e-03
 -4.70585860e-02  4.02695723e-02 -2.26047989e-02 -8.33518431e-03
  8.96086823e-03  3.24521996e-02 -3.07217035e-02  4.83571738e-02
 -2.72277407e-02  3.55131030e-02 -1.43701658e-02 -1.24206947e-08
 -2.41511185e-02  4.27205451e-02 -3.39357555e-02  6.38609231e-02
  9.87435970e-03  1.18394159e-02 -2.13050237e-03  2.97546890e-02
 -1.41254114e-02  3.25861424e-02 -3.23206163e-03 -7.82489683e-03
  2.51987427e-02  7.09498376e-02  5.42775076e-03 -3.15966941e-02
 -2.87168100e-02  5.87549852e-03 -1.08888663e-01  2.53717452e-02
 -2.73656938e-02 -3.10739502e-02  8.55566412e-02  1.10900364e-05
 -3.17542977e-03 -3.82601027e-03 -4.51258905e-02  7.51724318e-02
  4.30326862e-03 -8.09140503e-03  2.14249250e-02  5.52102961e-02
 -3.38357687e-02 -3.16861868e-02  9.42918006e-03 -3.80168669e-02
  1.91618153e-03  1.91477817e-02  4.35428657e-02  8.49838033e-02
 -3.65302116e-02 -5.95583133e-02  9.11378041e-02  3.22836265e-02
 -3.08863316e-02 -2.53322441e-02 -7.64085278e-02 -7.74748102e-02
  5.60343172e-03 -1.40875280e-02  2.09747255e-02  7.65696634e-03
  2.71544922e-02  5.17524295e-02  6.85876533e-02  2.18437184e-02
 -4.18959232e-03 -1.90428682e-02 -9.80419293e-03  8.92094243e-03
  1.84740007e-01 -9.27157551e-02  5.71937338e-02  5.04268482e-02]"
41,Financing Environmental Impact,Environment,conservation,5,0.3854,"[-4.15738896e-02  8.33809674e-02  5.40599339e-02  1.28684668e-02
  1.18110262e-01  4.87923212e-02  1.49793597e-02 -6.08010478e-02
  1.75172035e-02  5.04675396e-02  5.22019453e-02 -2.20274460e-02
 -5.43511771e-02 -1.93233620e-02 -6.56788573e-02  9.81768221e-03
 -4.73522060e-02  4.27370146e-02 -1.41457647e-01  1.39670745e-02
 -4.44462076e-02  3.35162617e-02  1.64996292e-02  6.07119389e-02
 -6.88031018e-02  1.85241196e-02 -2.18110774e-02  4.12862338e-02
  9.57148895e-02 -7.91357756e-02  7.09377741e-03  4.17637732e-03
 -7.78437480e-02 -4.92169484e-02 -1.65860541e-02  8.59802142e-02
 -3.02670039e-02 -3.60329300e-02  2.48539578e-02  4.94048186e-03
 -1.05422296e-01 -7.24403113e-02 -2.48447079e-02 -6.52846694e-02
 -1.11955442e-02  7.95668885e-02 -4.13152911e-02 -4.32870686e-02
  1.35753099e-02 -2.84119323e-02  5.63147776e-02 -4.94424580e-03
 -7.66676739e-02 -5.81253506e-02  6.31270558e-02 -5.27469292e-02
  3.46568190e-02 -4.44109738e-02 -5.69069386e-02 -5.98453842e-02
  8.45884085e-02  1.03904512e-02 -1.06913671e-01  9.84427053e-03
  2.73150746e-02 -2.08428614e-02 -6.65432885e-02  8.60309079e-02
  8.47039148e-02  3.92313339e-02  5.73873073e-02 -1.62792541e-02
 -6.80025667e-02 -8.71677697e-03  3.21397893e-02 -3.84641215e-02
  2.96505671e-02  5.92662431e-02  5.82162887e-02 -3.45396958e-02
  1.01287097e-01 -6.00866191e-02 -5.04068322e-02 -9.04113986e-03
  1.17598446e-02  5.04067820e-03  2.03688089e-02 -6.41818671e-03
  4.75116260e-02  3.23290750e-02 -4.33875173e-02  3.06627695e-02
  1.21534176e-01 -3.20967622e-02 -8.73440355e-02 -2.75635184e-03
 -7.80531298e-03 -2.02194396e-02  2.50428803e-02  2.11945325e-01
  3.78853902e-02  1.54776722e-02 -2.72981543e-02 -2.35676356e-02
 -3.93701193e-04 -8.22465271e-02 -1.95487011e-02 -3.22493128e-02
  6.78136721e-02  8.65661576e-02 -1.34042166e-02  5.53385243e-02
 -1.13905165e-02  9.10829976e-02 -1.18136033e-03  9.08803847e-03
  2.16152333e-02 -5.67995273e-02  3.80372182e-02 -2.95801070e-02
  6.84875026e-02 -3.21900845e-02  2.92639947e-03 -1.52013954e-02
 -5.21512842e-03 -6.94298446e-02  5.05822562e-02 -5.50138923e-33
 -3.07101198e-02 -6.35758266e-02  3.69301140e-02 -1.30282040e-03
 -4.39373255e-02 -3.96705568e-02 -3.44902985e-02 -2.33831033e-02
 -3.47912274e-02 -2.95069441e-02 -1.69642866e-02  2.98300735e-03
 -3.38166766e-02  7.31740380e-04  2.02945862e-02 -9.79338214e-02
  1.70668308e-02 -1.33635039e-02  7.99519345e-02 -5.65778129e-02
 -3.57719813e-03  7.22434223e-02  4.87286225e-03  7.91091844e-02
  5.71549162e-02 -4.93996441e-02 -1.78623535e-02 -6.84531033e-02
 -8.13528597e-02  3.77568677e-02  1.12058576e-02  1.26066757e-02
 -1.15891978e-01 -1.72250569e-02  4.97667193e-02  4.23698276e-02
 -1.54586360e-02 -3.55065502e-02  8.39294586e-03 -5.22065489e-03
 -6.04186282e-02  8.73722509e-03 -9.70604736e-03 -5.37151843e-03
  8.20112377e-02 -3.42799649e-02  7.55194351e-02  2.18587313e-02
 -1.41940966e-01  9.84942634e-03  4.02400196e-02  2.14390140e-02
 -3.62935327e-02 -5.77684529e-02 -2.83124279e-02 -5.32683805e-02
 -1.51207987e-02  1.41129410e-02 -4.48964424e-02 -1.88153656e-03
  7.13774860e-02  1.45162970e-01 -1.66294549e-03  2.81546637e-02
  5.81600070e-02  1.96278300e-02  2.89442134e-04  6.07054308e-03
 -4.01926748e-02 -3.60479727e-02 -8.51763263e-02 -5.15866913e-02
 -6.44342154e-02 -4.06628139e-02 -1.48849711e-02 -5.03058024e-02
 -1.62957944e-02  4.13174257e-02  5.84204458e-02 -2.17084978e-02
 -3.31850536e-02 -1.47692095e-02 -4.27959673e-02  2.47096512e-02
 -3.14351879e-02 -1.63728539e-02  5.97636588e-02 -7.69278258e-02
  6.64959475e-02  1.27460677e-02 -3.96883525e-02  6.43057097e-03
  4.28118668e-02  3.87508720e-02  4.34175953e-02  2.95267944e-33
  1.41054420e-02  1.22453868e-02 -3.06762513e-02  2.77092382e-02
 -6.39742911e-02  4.49985918e-03 -5.77459298e-02 -1.35653373e-02
 -5.11128455e-02 -8.13530535e-02 -9.05305073e-02  4.99537252e-02
  6.26350641e-02  3.15494053e-02  6.37457669e-02 -4.80932556e-02
  2.69930754e-02 -1.42827490e-02 -9.29940864e-02 -2.63272040e-02
 -2.27337070e-02  1.42967114e-02 -3.45328152e-02 -6.03099912e-02
 -8.29007253e-02  3.12196407e-02 -8.66678581e-02 -8.43753864e-04
  1.16085112e-01 -4.82709296e-02  6.87587168e-03 -6.43334612e-02
 -3.08660287e-02 -6.75036898e-03 -6.20389469e-02  3.52036022e-02
  6.82072416e-02  1.84288640e-02 -4.36802991e-02 -4.24872292e-03
  3.16038951e-02  2.34759673e-02  6.14424646e-02  5.39451316e-02
  2.01076064e-02  6.54633716e-02  2.12528137e-03  6.60619065e-02
  1.06357094e-02  3.81279625e-02  9.54370499e-02  2.04530172e-02
 -2.22534463e-02 -6.72244430e-02  9.16773546e-03 -7.86844920e-03
  1.07695840e-01  1.21040095e-03 -1.49768842e-02 -4.48399335e-02
 -7.64329312e-03  6.87685981e-02 -4.16815989e-02  7.57401809e-02
  1.57357510e-02  3.26289199e-02  5.02383523e-03  9.18117315e-02
 -5.27965911e-02 -7.23349079e-02 -4.96467995e-03  8.65778401e-02
 -7.20253885e-02 -9.84066948e-02 -1.47106238e-02 -2.29241489e-03
 -2.31732000e-02 -1.41764134e-02  1.83424950e-02  3.64447087e-02
 -6.48813695e-02  2.40599755e-02  3.85730006e-02 -2.32900064e-02
  3.71361673e-02 -6.59749210e-02 -1.00672886e-01 -1.23846143e-01
  4.81332578e-02 -1.93909669e-04 -4.20930572e-02 -3.90461050e-02
 -7.98970908e-02 -7.06535706e-04 -5.97887672e-03 -1.16941790e-08
  1.50470529e-02  3.85605693e-02  1.34145794e-02  5.98664023e-02
  2.12338567e-02 -2.53941286e-02 -1.23726437e-02  2.62981877e-02
  4.63038199e-02  5.55165485e-02  7.80458562e-03  5.42103760e-02
  4.72207442e-02  1.03755780e-01 -4.19795997e-02 -4.02969047e-02
  6.60732985e-02 -4.41558957e-02 -4.70053330e-02 -1.24135902e-02
 -3.47116031e-02  6.70081237e-03 -9.50598216e-04  4.06898446e-02
  1.25081092e-02 -8.60759872e-04  6.66885972e-02 -6.08365424e-02
  6.92920685e-02  1.61528271e-02  3.93347666e-02  7.85899460e-02
 -2.05600820e-02  3.05681191e-02 -2.15175804e-02  2.63215508e-02
  2.39224150e-03  7.31389821e-02  4.40704711e-02 -5.76068163e-02
 -4.58472185e-02  1.05682150e-01 -3.44162360e-02  5.64638972e-02
  2.66230293e-02 -1.30999386e-02  2.13508718e-02  3.18689249e-03
 -9.88043379e-03 -9.08741169e-03 -5.85548906e-03 -9.72077250e-02
  5.77170476e-02  9.12683979e-02  4.98314872e-02 -1.63130444e-02
  3.15164030e-02  1.26436967e-02  1.03939380e-02  1.99842616e-03
  7.55646974e-02 -4.67258058e-02  4.80838306e-02  4.51966077e-02]"
42,Financing Environmental Impact,Environment,economy,2,0.3682,"[-3.20174657e-02  4.58573885e-02 -6.58578277e-02  2.80930661e-02
  6.37050271e-02  1.82745755e-02  8.78482908e-02 -4.82337028e-02
 -2.43608970e-02 -3.16795185e-02  3.56442779e-02 -2.03166660e-02
 -1.95266549e-02 -3.16317491e-02 -1.16060199e-02 -6.87182648e-04
 -3.09956484e-02 -5.95938750e-02 -8.17503408e-02 -3.32517512e-02
 -4.33762185e-02  4.57852054e-03 -2.84693390e-02 -3.26325782e-02
 -2.29248665e-02  6.38511851e-02 -2.47567482e-02  3.29201892e-02
 -2.40525939e-02 -1.01461165e-01 -2.62509882e-02  5.69949858e-02
  9.72543061e-02  1.52395647e-02 -2.01478302e-02  1.19772581e-02
  7.52224997e-02 -4.48249700e-03  3.89562435e-02 -2.53562629e-02
 -1.42526440e-02 -8.47115964e-02 -4.02645096e-02 -3.70153151e-02
  2.25848164e-02 -2.00036988e-02  4.15486842e-02  2.97849495e-02
  5.94760478e-02  5.91947585e-02  1.71841886e-02  4.40252200e-02
 -2.46755462e-02 -1.88149847e-02  3.42240222e-02  4.02570553e-02
 -2.08445489e-02 -5.76315820e-02  5.16649988e-03 -3.62905562e-02
  5.88152334e-02 -3.96554880e-02 -2.75276043e-02  1.24350470e-03
  1.41401112e-01 -3.59249450e-02 -5.95518798e-02  5.58521487e-02
 -1.64783716e-01  3.85884428e-03  5.05775623e-02 -9.81284529e-02
 -8.96998569e-02 -6.80130944e-02  1.68780629e-02 -6.75704926e-02
  4.53489199e-02  2.64761653e-02  4.67968248e-02 -3.41955014e-02
  7.98320323e-02 -6.79150373e-02 -1.10668108e-01 -3.90193821e-03
 -3.44474725e-02 -7.94118177e-03 -1.45566678e-02 -2.24277247e-02
  6.92863911e-02  5.80910454e-03 -1.04963016e-02 -3.54559980e-02
  3.73907224e-03  1.46874497e-02 -1.40674319e-02  4.06034477e-02
  1.22891022e-02 -3.64217311e-02  1.45679228e-02  2.57325858e-01
  6.09082021e-02  2.08994728e-02  6.15313500e-02  3.92584167e-02
 -5.47587462e-02 -8.59558582e-02 -2.35904269e-02  1.26156852e-01
  6.17103325e-03 -4.47431440e-03 -3.51380259e-02 -9.15644784e-03
 -3.43183242e-02  4.19592559e-02  3.73332016e-03 -2.06753090e-02
  5.45232035e-02 -4.47358191e-02  1.61934178e-02  5.83370849e-02
  1.39273554e-02  5.39132692e-02 -4.31928299e-02  3.54912318e-02
 -7.35832676e-02 -7.46397749e-02 -4.87976298e-02 -5.10947905e-33
 -4.00522910e-02 -6.00198135e-02  7.40105473e-03 -4.74608950e-02
 -8.39407668e-02  7.02858269e-02 -3.64100225e-02 -1.74625013e-02
 -4.79914024e-02  5.77602945e-02 -6.34219646e-02  6.82829693e-02
  2.62491629e-02  9.10056680e-02  1.36999190e-01  2.26088986e-02
 -1.01573579e-01  4.91397679e-02  7.29731470e-02  1.24103855e-02
  4.49734274e-03  1.01293679e-02  2.12130919e-02  1.58505868e-02
 -1.30168376e-02 -3.12223826e-02 -1.45247271e-02 -9.64501221e-03
  1.02491073e-01  1.91956982e-02  6.32545948e-02  6.42480627e-02
 -1.54605154e-02 -4.60917689e-02 -9.22018364e-02 -3.08435597e-02
  2.84205899e-02 -2.71326844e-02 -2.38028746e-02 -4.98752780e-02
 -9.43662822e-02  2.52976501e-03 -5.30481227e-02  4.12705131e-02
 -7.18646403e-03  2.57949028e-02  1.07576638e-01  2.41674203e-02
  4.05745916e-02  4.81609777e-02 -3.01118325e-02  1.68764521e-03
 -3.82584557e-02 -1.06931120e-01 -3.56334541e-03 -3.71516570e-02
 -4.11147289e-02  1.18356235e-02 -7.44770467e-03 -7.38587901e-02
  2.19352711e-02  2.11242791e-02 -1.42274415e-02 -1.11721270e-02
 -2.41065063e-02  8.20308700e-02  2.40692422e-02  6.85146824e-03
  1.23103037e-02  1.50293503e-02 -2.09853854e-02 -1.11295190e-02
  9.14338753e-02  4.17082794e-02  3.16469260e-02  1.27507344e-01
  1.21571012e-02  2.71597896e-02 -7.21539408e-02 -1.30386250e-02
 -3.87668572e-02  9.82614607e-03  3.83518189e-02 -1.50464205e-02
  6.75391555e-02  2.98569743e-02 -7.96024501e-03 -7.42431283e-02
  7.34283626e-02  2.81671397e-02 -1.33600280e-01  2.31874231e-02
  9.83738527e-03  5.09371273e-02  5.79223447e-02  2.61124223e-33
  2.51431693e-03  5.10834903e-02 -9.08710510e-02  6.07080832e-02
 -2.85892263e-02 -6.21447433e-03  3.20991911e-02 -3.14476565e-02
 -4.76066694e-02  1.56487245e-02 -1.18444048e-01  6.68003969e-03
  1.01198226e-01  6.94171339e-02  1.01883942e-02 -5.17054275e-02
  4.80163693e-02 -2.13287454e-02 -3.19482386e-02 -1.66233676e-03
 -5.49612269e-02 -2.23513246e-02  2.22467054e-02  1.95843671e-02
 -1.77861266e-02  7.36811608e-02 -1.11893572e-01 -6.05108403e-02
 -3.90969403e-02 -2.76438938e-03  1.07882358e-02 -5.45641547e-03
  1.65545382e-02  3.24208327e-02 -4.17313948e-02  5.90431280e-02
 -6.58182129e-02 -4.43508402e-02  1.29843857e-02  2.34846883e-02
  4.71139550e-02 -4.12917472e-02 -2.63265595e-02  1.27448782e-01
 -2.30564475e-02 -5.16549088e-02 -7.90376123e-03 -7.79134745e-04
  6.80325106e-02 -2.95377914e-02  4.32480127e-02  8.38918537e-02
 -1.46642802e-02 -4.89266478e-02 -5.43924235e-02  4.84086685e-02
  3.04616690e-02  2.30012904e-03 -6.72152415e-02  1.56981796e-02
 -3.30874920e-02  5.15479781e-02 -1.95379350e-02  7.31060803e-02
 -1.52770132e-02  3.13377157e-02  1.88878234e-02 -3.84519584e-02
  6.10409454e-02 -4.01815549e-02  4.31713015e-02  2.25908794e-02
 -7.63884485e-02  7.64832646e-02 -4.07392271e-02  8.32731947e-02
  2.98917964e-02  1.67196617e-02  5.83953261e-02  1.73594784e-02
 -6.24462701e-02 -6.18742444e-02  3.89788449e-02 -3.99653874e-02
 -1.01433568e-01 -2.82991584e-02 -1.32817812e-02 -2.84549966e-02
 -3.41236889e-02 -5.90770952e-02 -9.09244120e-02  9.30898543e-03
 -1.04575204e-02 -3.65703623e-03 -2.77768373e-02 -1.36177158e-08
  3.23325233e-03 -4.29558009e-02  5.52334003e-02  3.38146649e-02
 -5.20599522e-02 -1.26459785e-02  5.38734943e-02  6.56621605e-02
  7.07938522e-02  8.20101425e-02 -2.40276195e-02  3.73843536e-02
 -4.05255482e-02  6.75510466e-02 -2.32273117e-02  2.35411879e-02
 -2.92227603e-02  1.09676830e-02 -3.38245630e-02 -3.85010317e-02
  5.78410476e-02  3.90357263e-02  2.31518019e-02 -6.25197776e-04
 -5.79600409e-03 -5.27993962e-03  4.41738553e-02  3.74698602e-02
 -4.61821735e-04  1.67978816e-02 -1.71851572e-02  3.88537906e-02
 -6.21934608e-03 -6.44241124e-02 -3.96631658e-02 -2.97861863e-02
  2.09709406e-02  6.72344025e-03  3.68517861e-02 -9.02442336e-02
 -4.25658235e-03 -1.96059793e-02 -1.90536194e-02 -7.57817179e-02
  5.89310899e-02 -3.27941664e-02 -4.27922159e-02 -5.87553643e-02
  4.37370986e-02 -4.35824692e-02 -3.40202115e-02  1.71199758e-02
  4.84099202e-02  4.76504676e-03  4.94157150e-02 -7.37389252e-02
  1.36796581e-02 -1.28145022e-02 -9.98910740e-02  4.29379530e-02
  8.43494162e-02 -4.01008204e-02  5.55465110e-02 -3.06441560e-02]"
43,Financing Environmental Impact,Environment,incorporate,1,0.3634,"[ 4.67606299e-02 -3.67303495e-03 -1.19932331e-02 -1.04654012e-02
 -4.91849072e-02  2.89358180e-02  6.95430189e-02  3.42616886e-02
 -1.24416826e-02 -8.63600709e-03  1.06238343e-01  2.87227146e-02
 -1.15941819e-02  2.69781565e-03  5.85504994e-02  6.09330423e-02
  6.06406890e-02  3.49994972e-02 -4.93242145e-02 -2.96886191e-02
 -7.76240677e-02 -2.05835607e-02 -5.88733470e-03  4.84620631e-02
  8.58119577e-02  3.36946943e-03 -5.52682318e-02  3.02457660e-02
  2.82005724e-02 -6.33313805e-02  2.95613855e-02  5.36250919e-02
  3.84706743e-02  5.03328582e-03  6.54717311e-02  4.97010350e-02
 -8.09589587e-03  2.19143238e-02  2.14880761e-02 -2.10026093e-02
 -3.07304841e-02 -3.64075452e-02 -2.22126469e-02  1.29660247e-02
 -2.92483661e-02 -6.78799972e-02  4.76039946e-03  7.41328746e-02
  3.23986784e-02  3.66806164e-02 -2.77016647e-02 -4.64992374e-02
 -6.92423386e-03 -1.01587269e-02 -4.77161221e-02  2.89350003e-02
 -5.20116389e-02  1.05955750e-02  2.67164763e-02 -6.02374040e-02
 -8.01122573e-04  3.92138474e-02  1.09899854e-02  6.45926222e-02
  4.72173244e-02  1.12072546e-02 -2.37069800e-02  7.60902986e-02
 -9.94385257e-02 -6.58385605e-02  5.73350936e-02 -3.09672877e-02
 -4.80361171e-02  1.82671566e-02 -1.00340871e-02 -3.85472514e-02
  1.84690133e-02  5.21687455e-02  7.97598064e-02 -7.01550245e-02
  6.48327097e-02  1.40683010e-01 -2.54442748e-02 -1.77281145e-02
 -3.03772502e-02  5.56602143e-02  1.25950903e-01  6.56117573e-02
 -1.61931999e-02  7.21452897e-03 -2.48941556e-02 -6.60718307e-02
  2.19473932e-02 -8.58635083e-02  1.18984804e-02 -2.29115039e-02
 -5.02171740e-02 -4.52404432e-02  1.13465972e-02  2.19443321e-01
 -6.49754107e-02 -4.73120995e-02 -4.50499021e-02 -6.54269308e-02
 -3.68959531e-02 -6.76918104e-02 -5.64724281e-02 -8.59548710e-03
  5.60161024e-02  5.76369092e-02 -3.46103162e-02  1.01926951e-02
 -7.93407038e-02 -1.56305160e-03 -2.74373475e-03  4.98402379e-02
 -1.18128546e-02 -3.81073654e-02  1.07182279e-01 -5.44680059e-02
  7.98361655e-03  1.03129640e-01 -3.37695852e-02  1.86313801e-02
 -6.95931390e-02 -7.96118379e-02 -5.85203357e-02 -5.16321090e-33
 -8.20879489e-02  1.40515817e-02 -2.81171780e-02  1.77607104e-01
  4.58662547e-02 -2.69314721e-02  2.26821844e-02  3.11955605e-02
 -1.33830279e-01  5.25521953e-03 -8.86411220e-03  6.99053705e-02
 -6.91809226e-03  6.72463626e-02  5.32688946e-02  2.86032129e-02
 -1.77133810e-02  1.20261326e-01  4.34234217e-02 -2.93300617e-02
 -7.36654401e-02  3.93260121e-02 -9.62803792e-03  6.49983063e-02
 -1.89407580e-02 -1.05228275e-02 -1.33104427e-02  9.13983583e-03
 -6.44970685e-03  2.95820404e-02  4.62587625e-02 -3.94008160e-02
  1.75418742e-02 -2.61569656e-02  5.19463643e-02 -2.06973944e-02
 -3.95970531e-02 -7.51088336e-02  1.30897760e-02  3.39674875e-02
 -1.58602763e-02 -1.23192109e-02 -1.67623174e-03 -2.23997161e-02
 -7.58386450e-03  2.78689675e-02  9.63731110e-02  2.05726661e-02
  1.53723910e-01  1.23777194e-02  1.16992164e-02 -7.84627162e-03
 -1.27962464e-02 -1.17997378e-02  2.53047384e-02 -5.49296439e-02
 -3.98069732e-02 -1.14798397e-01  1.63006261e-02 -6.83822259e-02
 -2.77203303e-02  5.07780537e-02 -1.14217512e-01  1.06454521e-01
 -4.37404448e-03 -4.23102863e-02  3.30013558e-02  8.05714540e-03
  1.05937921e-01 -5.84071353e-02 -6.06285520e-02 -2.62972694e-02
 -3.53103578e-02  1.78791408e-03 -4.59405184e-02 -4.37326021e-02
 -7.14482665e-02  5.48288114e-02  1.29332831e-02  3.86026725e-02
  5.27412118e-03 -3.96461710e-02  2.63606571e-03  3.81841920e-02
  6.83408007e-02  5.34707867e-02  5.44084311e-02  1.67729650e-02
 -5.05615659e-02  7.17289150e-02 -2.24024765e-02  1.25564598e-02
 -4.95442515e-03  5.45449145e-02  4.77298722e-02  3.34457530e-33
  1.94373820e-02  9.62542463e-03  1.12106144e-01 -8.70021209e-02
  2.56917402e-02  1.05790207e-02 -5.84817957e-03 -1.05196819e-01
  3.17260809e-02  2.99207214e-03 -7.05556199e-02 -1.74309369e-02
  2.90734246e-02 -1.50552327e-02 -8.51406679e-02 -3.39429677e-02
  5.65550141e-02 -2.49555763e-02  1.17296753e-02 -2.00726907e-03
 -1.96131226e-02 -6.11867011e-02  1.67636693e-01  1.76326875e-02
  1.44816050e-02  1.65688358e-02 -4.48245890e-02  4.09750976e-02
  3.02474573e-02  1.07194381e-02 -4.65011001e-02  1.36655606e-02
 -1.02068178e-01 -9.45880823e-03 -8.79203230e-02 -2.45682243e-02
 -4.24877591e-02 -2.12590909e-03 -2.85867285e-02 -7.23894984e-02
  4.87623587e-02  2.73315627e-02 -4.07640822e-03  8.70308205e-02
 -3.00483480e-02 -3.71463560e-02  1.46659976e-02 -3.17743197e-02
  1.58237629e-02  1.25104832e-02 -7.01170117e-02  5.17707737e-03
 -2.86753848e-02 -8.17741007e-02 -4.09370176e-02  8.17846358e-02
  1.36118695e-01 -6.97967336e-02 -2.54542846e-03 -1.44394096e-02
  3.91432345e-02  6.79545328e-02  5.02561629e-02 -1.16276927e-02
 -1.33533888e-02 -3.31990211e-03 -2.06657667e-02  5.04972897e-02
 -1.58945080e-02 -2.87585636e-03  1.09422635e-02 -1.47923715e-02
 -5.72773591e-02 -8.58082175e-02 -2.40137894e-02  4.28977758e-02
  5.64472452e-02 -3.38285929e-03 -1.01152211e-02 -1.50037752e-02
 -6.04499802e-02 -2.99010687e-02  2.00621765e-02  2.08548177e-03
 -1.13362102e-02 -1.03503488e-01  6.32810686e-03 -3.45152542e-02
 -1.25695299e-02  4.02753092e-02 -5.70282638e-02  5.90396002e-02
  2.01975498e-02  6.97754920e-02 -3.72536890e-02 -1.21113697e-08
 -8.22242945e-02  2.19540168e-02 -1.48869539e-02 -1.20174391e-02
  2.43240464e-02 -4.51426096e-02 -2.75366474e-02  7.14769401e-03
  2.93425508e-02  2.75909342e-03 -1.31493937e-02 -4.02500574e-03
 -5.25677800e-02  9.16313939e-03 -1.59385242e-02 -4.42253239e-02
 -8.12904760e-02  4.80662920e-02 -4.96233702e-02 -2.06504129e-02
  1.65787786e-02  2.74585001e-02  4.90294509e-02 -3.02250031e-02
  2.38822456e-02  3.91854942e-02 -3.84950377e-02  6.22544251e-02
  7.58469477e-03  7.30235055e-02  6.09058402e-02  7.34156743e-02
 -7.01830387e-02  8.40579532e-03 -7.67989084e-02 -1.11847550e-01
  6.44700378e-02  5.63019514e-02  3.20556201e-02 -1.95430219e-02
 -3.56527977e-02  7.09652826e-02  5.37463799e-02  7.05518248e-03
 -3.41315977e-02 -4.93875816e-02 -7.98868686e-02 -5.77061996e-02
  3.20990644e-02 -3.47246751e-02  4.76697870e-02  1.71061382e-02
  6.40281709e-03  6.13631774e-03  1.49666592e-02 -1.62969753e-02
  2.75594871e-02 -3.13218171e-03 -4.48715016e-02 -4.18674685e-02
 -2.83626579e-02 -4.65824753e-02  8.63860771e-02  3.12427953e-02]"
44,Financing Environmental Impact,Environment,regulatory,3,0.3629,"[-9.97645035e-03 -9.06596426e-03 -1.74138173e-02 -3.02671343e-02
  9.93731245e-02  7.16240630e-02  1.24618419e-01  3.93865258e-02
  2.61369701e-02  1.58187430e-02 -6.51265122e-03  2.48919372e-02
 -4.90032434e-02  1.46624595e-02 -1.50841344e-02 -2.04312019e-02
  2.18288973e-03  4.98171954e-04 -1.22051507e-01 -5.80672920e-02
  3.94202434e-02  4.23731767e-02 -3.08269002e-02  4.15358730e-02
 -5.88516369e-02 -2.10941937e-02 -7.37239346e-02 -3.07179894e-03
  5.52612804e-02 -6.64192438e-02 -3.59076411e-02  3.79074961e-02
  7.15511665e-02 -4.89381775e-02  3.04516256e-02 -1.59203522e-02
  5.45917079e-03 -5.30193597e-02  3.09923720e-02 -9.60624660e-04
  1.89085230e-02 -9.36768353e-02 -7.73733854e-02  3.55706513e-02
 -1.70927308e-02  2.95548071e-03  5.18143810e-02 -2.46750508e-02
 -7.48772994e-02  3.19140591e-02 -3.21255773e-02 -3.19898650e-02
 -2.78396979e-02 -3.67736816e-02  5.46405278e-02 -9.07142535e-02
 -3.19360197e-02 -9.48313400e-02  4.18738239e-02 -2.43824404e-02
  4.81284484e-02 -8.05793628e-02 -1.04366668e-01  5.01812734e-02
  6.03373758e-02  1.56159950e-02 -4.20273766e-02 -1.91498026e-02
  3.38836983e-02 -6.24713674e-02 -5.18401898e-02 -1.08888894e-01
 -2.18901075e-02  3.98197807e-02  2.29085851e-02 -2.67149918e-02
 -4.90831211e-04  4.14594151e-02  1.41960025e-01 -5.34242131e-02
  6.01818934e-02 -7.87476301e-02  2.76584961e-02 -6.57294551e-03
  1.85818804e-04 -2.50982847e-02 -4.57444228e-03 -2.86864936e-02
  1.50217878e-04  5.32694459e-02 -1.97765548e-02 -3.00592855e-02
  1.62323967e-01 -2.97664553e-02 -6.70668408e-02  4.47748927e-03
 -5.21795861e-02 -7.06397370e-02  5.70862740e-02  2.20842659e-01
 -1.70878824e-02  5.50549105e-02 -1.53205261e-01  5.24608493e-02
 -8.26187879e-02 -4.53055464e-02 -3.43822353e-02  2.68168282e-02
  5.08952327e-02  9.20269936e-02 -6.05710633e-02  5.57115301e-02
  5.44294119e-02 -1.90273002e-02 -1.90430749e-02  1.01473659e-01
  1.02089243e-02  6.40584063e-03  9.58025455e-02  6.33451762e-03
 -7.31373653e-02  1.28486529e-02 -3.44053768e-02 -3.40816565e-02
  6.11447133e-02 -1.37074078e-02 -5.36150821e-02 -6.80450113e-33
 -5.27859256e-02 -2.56764349e-02 -8.87831300e-03  4.71481238e-04
 -4.52845618e-02  4.07275185e-02 -3.45634036e-02 -4.84045334e-02
 -8.54177326e-02  8.42931792e-02 -1.32345855e-02 -2.96392739e-02
 -5.39471358e-02  5.57765551e-02  5.10977730e-02 -3.70893590e-02
 -2.98460424e-02  1.74726564e-02  6.17285147e-02  2.91826092e-02
 -3.13180909e-02 -2.02209167e-02 -5.55206835e-02  1.77268647e-02
  4.25272854e-03 -4.06951196e-02 -7.35223219e-02 -1.72773600e-02
  6.89833835e-02  4.08028774e-02 -4.56112321e-05  1.21867061e-02
  8.10123086e-02 -1.19954422e-02 -2.79653724e-03 -4.11140285e-02
 -2.43100785e-02 -3.09189260e-02 -3.30999531e-02 -8.00117478e-03
  1.46700665e-02  1.62031148e-02 -6.66878670e-02 -1.01887831e-03
  1.53540904e-02  4.36751470e-02 -5.55907115e-02 -9.75071266e-03
  1.70566291e-02  1.08693615e-02 -8.20457842e-03  7.71532357e-02
  1.12932017e-02 -9.15887803e-02  2.90672909e-02 -2.71214005e-02
 -6.58832863e-02 -3.54068330e-03 -6.92627430e-02  1.64937638e-02
 -2.76141497e-03  9.48145017e-02 -5.11711203e-02  7.22853169e-02
  4.05178331e-02  3.49751748e-02 -2.75455154e-02 -4.33896808e-03
  2.40981784e-02 -1.75798479e-02 -6.45322725e-02  2.38808952e-02
  1.25804693e-02  3.85776046e-03 -1.02942279e-02 -7.12618232e-02
 -7.96842352e-02  6.94492310e-02 -5.09782210e-02 -1.76320609e-03
 -2.46957839e-02  5.85428476e-02 -2.84494320e-03  7.50678033e-02
  2.08136179e-02 -2.99414098e-02  5.84950671e-03  2.23884615e-03
  4.31789197e-02  1.52081987e-02 -9.09825861e-02 -8.45511723e-03
  1.85035951e-02  9.43536982e-02  6.82977811e-02  3.53001137e-33
 -5.60234375e-02  3.51531524e-03 -2.22677961e-02  6.39746804e-03
 -1.20526012e-02  3.34494635e-02 -1.28590653e-03 -7.02321604e-02
  6.95566833e-02  3.70836817e-02  5.82305063e-03 -2.34888867e-02
  2.51934659e-02  1.20071600e-04 -7.38705508e-03 -5.67935444e-02
 -5.79326674e-02 -1.08637372e-02 -4.48353067e-02  2.27470528e-02
  1.34667419e-02 -4.00522910e-02  9.80333146e-03  5.32436632e-02
 -1.86730251e-02  1.64569709e-02 -4.35194634e-02  5.75261191e-02
  5.44754453e-02  2.69166045e-02 -5.98795488e-02  3.67200971e-02
 -4.28444222e-02  4.33837473e-02 -8.90816599e-02 -1.58551000e-02
  3.69347483e-02  3.74240950e-02 -3.11504025e-02 -4.33019102e-02
  5.33030741e-02 -3.29284999e-03 -1.59227680e-02  4.67986502e-02
  3.09771691e-02 -3.04702315e-02  9.35745537e-02 -5.23414649e-02
  1.94781329e-02  1.54366000e-02 -5.22119142e-02  4.17287983e-02
  3.25454473e-02 -2.79522454e-03 -2.67053060e-02  2.46130992e-02
  1.13339677e-01 -3.03391665e-02 -4.47125989e-04  3.05030886e-02
  2.34314818e-02  1.14252217e-01 -3.01279239e-02  4.88294326e-02
  4.11119759e-02  1.32784462e-02  1.02613047e-02 -1.65685674e-03
  9.12403911e-02 -5.54686002e-02  3.51365581e-02 -2.12830156e-02
 -1.29190326e-01  9.61971562e-03 -1.38883824e-02  2.51433924e-02
 -8.44543055e-02 -6.74551651e-02 -7.61230141e-02  9.32770595e-02
 -5.35202399e-02  1.69121679e-02 -4.66256542e-03  4.22406159e-02
  6.40583709e-02 -1.59821492e-02  3.83298099e-02 -6.21129349e-02
  1.66021362e-02 -1.80928670e-02 -4.20991965e-02 -5.62124932e-03
 -5.38002364e-02 -4.24261652e-02 -4.34000380e-02 -1.27351205e-08
  1.43202150e-03 -6.23774044e-02  1.01753185e-02  2.26438325e-02
  4.26472677e-03  3.81543674e-02 -2.76581347e-02 -3.22950445e-02
  1.63466074e-02  4.69361767e-02  3.07409912e-02  5.76097332e-02
 -3.70877385e-02  2.24409569e-02  6.61175698e-02 -3.53327096e-02
 -1.43711939e-02  7.98083916e-02 -3.48434113e-02  6.30711019e-02
 -6.79878239e-03  3.03125624e-02  5.42327538e-02  1.90793052e-02
 -5.48045477e-03 -3.11501473e-02  9.94896963e-02  6.52166978e-02
  6.67268932e-02  7.73495510e-02  6.90003484e-02  8.01108032e-02
  7.90829072e-04 -4.05813232e-02 -1.36894077e-01 -9.89990309e-02
  5.81168756e-03 -1.26706762e-02  4.60431213e-03 -2.18206923e-02
 -3.34473215e-02 -1.68911472e-03  1.46986395e-02  3.61509100e-02
  1.17296297e-02  2.79972199e-02  2.61069764e-03 -2.00117622e-02
  8.11552778e-02 -2.37036254e-02  4.08365056e-02 -4.53011207e-02
  1.03745550e-01  1.98520022e-03  2.15771012e-02 -8.46102089e-03
 -5.07961884e-02 -6.02535112e-03 -9.67370123e-02 -1.72742065e-02
  5.49326502e-02  6.65687025e-02  1.27078265e-01 -1.05723076e-01]"
45,Climate Change Vulnerability,Environment,climate,3,0.6238,"[-1.00735202e-02  8.01628828e-02  7.61619210e-02  9.00282189e-02
  3.14590102e-03  5.16346889e-03  2.63471678e-02 -7.41889253e-02
 -3.05862594e-02  1.10413134e-02 -8.47130734e-03 -1.67675972e-01
  1.16742719e-02  2.73796655e-02  4.27310392e-02 -3.86064202e-02
 -8.32662284e-02 -4.62331437e-02 -3.84987034e-02 -7.63885751e-02
 -6.74610659e-02  7.33133256e-02 -6.15982451e-02  4.38537151e-02
 -2.43654232e-02  2.25088000e-02 -2.14865338e-02  7.59544298e-02
 -5.49634807e-02  3.04567702e-02 -1.30236484e-02  1.28096521e-01
 -6.69074338e-03 -1.63438115e-02 -2.83007734e-02  3.14374268e-02
  1.19870845e-02 -1.67693589e-02 -4.10083309e-02  4.76454608e-02
 -2.68335771e-02 -5.01708277e-02  5.24844080e-02 -1.23227462e-02
 -2.92352308e-02  1.29571240e-02  1.04278056e-02  2.92868521e-02
 -1.82268745e-03 -1.21480376e-02  7.04775844e-03 -3.60883679e-03
 -4.19395901e-02 -1.60582308e-02 -3.73083539e-02 -1.50754536e-02
  1.12009663e-02 -1.22466646e-02 -1.19018899e-02 -3.22542316e-03
  5.65412417e-02 -1.84773691e-02 -1.35529786e-01  4.86044660e-02
  1.71857089e-01  1.51545824e-02 -1.10318819e-02  9.53152329e-02
  7.63152679e-03 -8.23638290e-02 -2.55587939e-02  4.46644500e-02
 -6.57173395e-02 -3.84187489e-03  5.38433157e-02 -2.73524243e-02
 -7.26096481e-02  2.97616180e-02  9.41255689e-02 -6.47051213e-03
  1.46966934e-01 -3.17380391e-02  9.56641044e-03  2.53987517e-02
  2.39543598e-02 -3.26916426e-02  6.73371926e-02  2.52375584e-02
  2.13109758e-02  1.07224574e-02 -3.08368430e-02 -7.57740736e-02
  8.88218060e-02  3.69200520e-02 -1.64488062e-01  1.08745523e-01
  5.42036258e-02 -5.16778715e-02 -1.61487889e-02  1.33941814e-01
  2.91425847e-02 -8.37187320e-02 -5.04487976e-02  5.11723794e-02
  2.68336646e-02 -3.99190299e-02 -3.30342092e-02 -4.25156765e-02
 -6.84771091e-02 -1.79343801e-02 -1.00360423e-01 -4.90208622e-03
 -4.03036661e-02 -9.01854225e-03  6.67714328e-02 -5.39897867e-02
 -1.86813660e-02  3.51647474e-02  1.04090935e-02 -2.89114751e-02
 -8.69517624e-02  1.66472699e-02  3.21630528e-03  1.02543399e-01
  2.22695619e-02 -5.58538288e-02  3.92387882e-02 -5.95323163e-33
  9.16888714e-02 -7.18442723e-02  2.97532827e-02  5.57787381e-02
  3.43118384e-02  6.98830336e-02 -6.22250624e-02 -7.15281591e-02
 -3.15425508e-02 -5.42548820e-02  2.91527808e-02  4.29827273e-02
 -6.63885698e-02  5.69718331e-02  1.18745841e-01  1.60009507e-02
 -1.24640847e-02  6.24913722e-02 -2.25803498e-02  5.67048863e-02
 -9.95102674e-02  7.14827999e-02  3.37071046e-02  4.57377620e-02
  9.59318038e-03 -4.75787222e-02  4.36368622e-02 -2.69519016e-02
 -5.67994975e-02  3.63498623e-03  5.53054661e-02 -3.04791089e-02
 -3.10277771e-02 -2.53382120e-02  7.26115182e-02 -2.46112235e-02
  2.02105884e-02  1.83962602e-02 -1.22778881e-02  2.58903727e-02
  1.93132162e-02  1.01797096e-02  1.50033357e-02 -1.50676090e-02
  7.13800117e-02 -1.42328441e-02  4.45256457e-02  3.69249173e-02
 -7.86821544e-02  3.94281037e-02 -8.46382082e-02  5.13642877e-02
 -2.49768458e-02 -6.78081661e-02  6.68366440e-03 -1.26776174e-02
  5.17337248e-02 -1.05001428e-03 -3.53380814e-02 -7.47469142e-02
 -7.07673002e-03  2.75499560e-02  7.39909708e-03 -6.17572181e-02
  9.73554626e-02  2.33137105e-02  1.98944509e-02  2.93446798e-02
 -6.46880940e-02  5.60223265e-03  2.17731390e-03 -3.19536813e-02
  6.15161806e-02  2.03437712e-02 -2.11052038e-02  1.64558981e-02
  6.34440705e-02  9.91234928e-03 -6.78253397e-02  2.25668270e-02
 -1.13383636e-01  5.24378195e-02 -6.74639195e-02 -2.38137357e-02
 -7.07303211e-02 -3.09580248e-02  1.99849121e-02 -4.17470495e-04
  7.60086179e-02  5.88629022e-02 -5.64389192e-02 -6.06922321e-02
  7.92319626e-02  3.60171981e-02  1.97497848e-02  2.74513526e-33
  3.37528288e-02 -2.83171162e-02 -7.64087820e-03  3.66573706e-02
 -2.39754841e-02 -3.97095978e-02  8.67570657e-03  2.77519394e-02
 -3.81836039e-03  3.42745818e-02 -2.32909583e-02  3.68264392e-02
  4.10791934e-02 -4.12497036e-02  3.87282595e-02 -3.90107706e-02
  2.27984991e-02  6.81212991e-02 -2.66078208e-02  2.07269285e-02
 -2.15827916e-02 -1.37475654e-01 -5.59583865e-02 -8.13256484e-03
 -1.28289178e-01  3.46413441e-03  9.57913417e-03 -2.72783618e-02
 -6.68545514e-02  2.31604539e-02 -2.35069022e-02  1.96292493e-02
 -6.28675744e-02  7.77619034e-02 -6.31812736e-02  6.30997568e-02
  1.50342360e-02 -1.10547677e-01 -6.29654294e-03  7.28623103e-03
  3.79291959e-02 -8.13052058e-02  6.24327697e-02 -3.95172536e-02
  5.25208004e-02 -3.55008268e-03  3.45353154e-03  2.68118195e-02
  5.00444807e-02 -5.22179268e-02  5.15014045e-02 -5.12494845e-03
 -6.05820678e-02  3.27748316e-03 -2.92170851e-04 -4.20511179e-02
 -4.10108417e-02  5.35930619e-02 -2.37730462e-02 -6.12052949e-03
 -2.22497862e-02  6.10207033e-04  1.00128194e-02  4.28485051e-02
 -4.96630222e-02 -2.91467067e-02 -6.24134950e-02  2.21458115e-02
  4.46426123e-02  3.01297214e-02  2.89700069e-02  8.97837337e-04
 -5.18241934e-02 -2.91491728e-02  1.05407285e-02 -6.64941920e-03
 -3.50648127e-02  3.08765620e-02 -1.41399736e-02  2.17261221e-02
 -1.17567532e-01  1.87184233e-02 -1.69367827e-02  7.04523996e-02
  4.46131863e-02 -1.54463463e-02  7.20620062e-03 -8.94487798e-02
  4.06387262e-02  1.72586348e-02 -9.13972408e-03  2.16100588e-02
 -8.29636753e-02  6.08674064e-02 -2.67469976e-02 -1.32276474e-08
  2.50753146e-02 -2.71488298e-02  7.07827732e-02  5.58741018e-02
  2.64598639e-03  1.89432278e-02  3.70021909e-02 -2.58760247e-02
  7.61699602e-02  9.75599810e-02  1.96192544e-02  5.06241210e-02
  5.24575971e-02  1.00551866e-01 -1.34174814e-02 -6.46728575e-02
 -2.61070170e-02 -2.74055321e-02 -1.58681516e-02  4.95248847e-03
  4.76593152e-03 -1.91211067e-02 -4.83198930e-03  1.76060069e-02
  5.87761961e-02  9.33762174e-03 -2.26534232e-02  8.54290277e-02
  1.62477363e-02  4.88346368e-02  4.61059902e-03 -4.95913103e-02
  3.19483280e-02 -9.84394997e-02 -4.57011312e-02 -9.12414044e-02
  4.28083874e-02  8.65210220e-02 -4.01252545e-02 -7.46155977e-02
  2.18118168e-02  5.94734214e-02 -3.59051898e-02  1.49991494e-02
  3.49400565e-02 -7.36500099e-02  1.30179757e-03  7.61051998e-02
 -6.93445131e-02  5.52491359e-02 -5.70829064e-02 -3.92405540e-02
  1.82937589e-02  7.86777809e-02  1.07157510e-03 -2.57797074e-02
 -1.40133791e-03  7.40675954e-03 -4.68317932e-03  4.84706797e-02
  1.56157892e-02 -2.01183651e-02 -8.26295838e-02  2.87165195e-02]"
46,Climate Change Vulnerability,Environment,disasters,2,0.4661,"[ 6.49626646e-03  3.05106342e-02  7.97505900e-02  6.29973412e-02
  8.75452906e-03  3.72294858e-02  1.87875032e-02  7.22671822e-02
  4.77086604e-02 -1.13407038e-02 -1.60836224e-02 -2.45024450e-02
  4.07726131e-02  2.97191832e-02 -5.64169809e-02 -3.64606269e-02
 -6.95492253e-02 -4.75412747e-03 -7.11276308e-02 -1.40699316e-02
 -6.86816638e-03  8.24937299e-02 -1.41965061e-01  5.02662454e-03
 -2.16603652e-02  8.13529640e-02 -1.40469326e-02  3.91548648e-02
 -5.29499501e-02 -6.26886562e-02  3.67402919e-02 -4.26841304e-02
 -2.53551193e-02 -2.53796000e-02  3.85929532e-02  9.33956131e-02
  5.19030690e-02  2.98659783e-02 -1.52697624e-03 -1.11916512e-02
 -1.34079931e-02 -2.17649397e-02  2.44417023e-02 -1.77233927e-02
 -7.90701422e-04 -1.69615988e-02  4.36128071e-03 -9.07400344e-03
 -1.74047370e-02  3.05240508e-03  7.45915920e-02  1.73854623e-02
 -3.33139598e-02 -2.81162541e-02  3.57016139e-02 -1.05099946e-01
  7.66521599e-03 -1.32756773e-02 -7.86075275e-03 -2.82348506e-02
  7.91486800e-02 -2.09385785e-03 -3.59554999e-02  1.57825032e-03
  5.26199006e-02  1.55496802e-02  9.14107449e-03  7.17317685e-02
  2.03483868e-02 -8.79176520e-03  6.69857673e-03 -1.92225184e-02
  4.86623049e-02 -1.13269510e-02  6.14455678e-02 -4.13200930e-02
  7.00604543e-02 -3.70470174e-02  1.53389329e-03  3.75688635e-02
  3.31410989e-02 -5.42774796e-02  4.88710124e-03 -3.69216315e-02
  3.11558805e-02  2.33734101e-02  9.34333424e-04  2.22681686e-02
  3.56514379e-02  7.02528805e-02 -6.16619401e-02 -5.99421598e-02
  1.50009811e-01  6.56627938e-02 -2.89092809e-02  3.48062925e-02
  1.04436036e-02 -1.30705222e-01  5.05198315e-02  1.88740805e-01
 -3.62928621e-02 -1.48002552e-02 -6.18542545e-03  3.41240577e-02
  2.42484324e-02 -7.40488395e-02 -9.42853391e-02 -3.85373905e-02
  8.72422662e-03  1.04294866e-02 -5.66043407e-02  1.55290868e-02
  3.67470458e-02 -7.32817799e-02  1.71960536e-02 -2.51294449e-02
 -4.04845811e-02 -3.27694230e-02 -4.47126999e-02 -2.40528490e-02
  8.34855996e-03 -3.77084682e-04 -6.45802692e-02  3.90385799e-02
 -5.33905402e-02 -1.60846729e-02  4.08085138e-02 -4.93003616e-33
  6.54527470e-02 -7.01886564e-02  1.29916798e-02  6.29994944e-02
  3.90821062e-02 -2.48920489e-02 -8.69171098e-02 -6.39600456e-02
  1.59349386e-02 -1.50382635e-03 -2.09606998e-03 -2.73083244e-03
 -1.47957522e-02  6.14624424e-03  6.99582398e-02  2.05756980e-03
 -2.36419793e-02  6.83888122e-02 -5.78466058e-02 -3.27494889e-02
 -9.39344019e-02 -2.45250203e-02  3.48609760e-02  3.78679335e-02
  4.18829508e-02  2.37165336e-02  1.75111871e-02 -1.13057792e-02
  1.43976994e-02  4.72479453e-03  1.12667410e-02  4.50008586e-02
 -7.72643927e-03 -4.02264223e-02 -1.76740456e-02  4.28231014e-03
 -7.51035810e-02 -1.32131288e-02 -4.74798214e-03 -2.31157076e-02
 -3.95788625e-02 -1.69246201e-03 -5.49220368e-02  5.80008663e-02
  1.08174443e-01 -3.78034799e-03  1.00189902e-01 -5.13921259e-03
 -3.76120657e-02 -6.05369359e-02 -9.11684185e-02 -3.26929847e-03
 -2.80848164e-02 -8.55393987e-03  5.71436398e-02  6.42103096e-03
  6.62666187e-02 -3.98844555e-02  6.54271618e-02 -7.00382167e-04
  2.06760708e-02  4.29228395e-02  1.18215960e-02 -1.20743774e-01
  1.33846000e-01 -5.40654138e-02  1.04742698e-01 -8.54766741e-03
  4.31396924e-02  6.08532270e-03 -5.33815362e-02  2.63587628e-02
  1.02321729e-02 -2.15582233e-02 -3.89014333e-02 -3.83540727e-02
  4.17729244e-02  1.23797473e-03 -3.04767173e-02  3.45982276e-02
 -4.59213071e-02 -6.50960729e-02  7.57751614e-02  4.80714105e-02
  4.77494895e-02  8.36580098e-02 -4.92347814e-02 -5.00312857e-02
 -7.88053647e-02  5.34372181e-02 -8.75668079e-02 -1.63136348e-02
  1.33350179e-01 -2.51970273e-02 -4.25548032e-02  4.03195921e-33
 -4.58404422e-02  2.95500234e-02 -9.59037319e-02  7.00138286e-02
  2.92394944e-02 -3.58973555e-02 -2.50245854e-02  2.62439884e-02
 -2.50462834e-02  6.61861077e-02 -1.47147357e-01 -1.18198544e-02
  6.64032698e-02  2.38260310e-02  5.36431186e-03 -2.68989019e-02
  5.26195131e-02  1.35711889e-04 -1.99213363e-02 -3.39649506e-02
 -7.16096116e-03 -1.86575260e-02 -5.70521355e-02 -8.25844407e-02
 -2.39266828e-02  8.89462382e-02 -3.64562427e-03 -2.17343979e-02
 -6.31868318e-02 -3.07153966e-02  3.70934941e-02  5.51587790e-02
 -6.92878291e-02  7.03309029e-02 -2.21659839e-02  1.36565313e-01
  2.45334841e-02 -3.05340141e-02 -4.90798764e-02 -4.39064279e-02
  5.12838103e-02  5.87238781e-02  4.05087881e-02  1.26585126e-01
  9.09209065e-03  3.57478261e-02  5.24106175e-02  6.75869584e-02
  3.25785242e-02 -1.14323078e-02 -6.73289821e-02 -1.04533527e-02
 -6.68415055e-02  4.90220897e-02  1.22735901e-02 -3.91204767e-02
 -3.08400113e-03 -6.13443665e-02 -4.18306217e-02 -4.12702188e-03
 -4.56450507e-02  2.36502159e-02 -4.68955673e-02  1.27365708e-01
 -7.23746270e-02 -2.73296069e-02 -8.39794800e-02 -2.76187323e-02
 -3.09458282e-02  5.49258851e-03  6.39218539e-02  3.05611007e-02
 -8.66382569e-02 -7.44785741e-02 -5.22976108e-02 -1.22817210e-03
 -1.33226141e-01  9.22080129e-02 -2.84859091e-02 -1.13116647e-03
 -1.62383309e-03 -1.52394408e-02 -3.41439084e-03  4.55142148e-02
  2.77415402e-05  1.73243880e-02  8.25378671e-02 -3.73274065e-03
  3.80214192e-02 -1.08716162e-02 -9.05997083e-02 -1.40787559e-02
  1.03135770e-02 -2.48232926e-03 -2.62280344e-03 -1.13832277e-08
  4.07966413e-02  4.60727997e-02 -8.01533908e-02 -7.93300644e-02
  3.08159422e-02  1.22279320e-02  2.55726893e-02  1.31300196e-01
  9.24442988e-03  4.34326716e-02 -8.34710002e-02  4.38216142e-02
  3.49824764e-02  7.05229342e-02  3.88828516e-02 -2.19520684e-02
  5.38585521e-02 -3.44234169e-04 -4.07397188e-02 -2.72613224e-02
  2.45366432e-02  1.19547788e-02  1.69924013e-02  1.20290769e-02
  6.91619143e-02 -2.08705701e-02 -1.41911600e-02  8.42880160e-02
 -4.08900715e-02  1.29097793e-03  9.92141291e-03 -3.37920263e-02
 -4.53121774e-02  1.06285252e-02 -9.20919119e-04  6.51083738e-02
  3.69796827e-02 -6.35035113e-02  4.17904817e-02 -8.53712410e-02
  2.71977168e-02  5.83512448e-02  8.87685418e-02  3.61426324e-02
 -6.22642078e-02 -4.75424975e-02 -7.58967875e-03  4.28966060e-02
  1.93133596e-02 -3.71225961e-02 -4.15862128e-02 -9.27248318e-03
 -2.04991410e-03  3.74706276e-02  1.32013246e-01 -5.51386736e-02
  2.00389493e-02  3.17841507e-02  1.32754333e-02  3.87950800e-02
  1.15463451e-01 -4.53056814e-03 -7.01639196e-03 -5.24690226e-02]"
47,Climate Change Vulnerability,Environment,resilience,1,0.3968,"[ 4.77059856e-02  1.78033225e-02 -4.26420085e-02  6.15114011e-02
  3.96200605e-02  4.67738509e-02  8.06669146e-02  5.68664372e-02
 -2.31064260e-02 -1.89392641e-02  1.21506192e-02  3.71001586e-02
  7.84512088e-02 -3.71483192e-02 -5.19271716e-02  1.03987539e-02
 -3.14953513e-02  3.57002504e-02 -1.81027502e-01  3.98189062e-03
 -3.54409143e-02 -2.46022199e-03 -9.67226475e-02  1.79290660e-02
 -2.98425984e-02  5.91440201e-02 -5.42815663e-02  4.08340991e-02
  4.50724401e-02 -6.30761832e-02  5.10527045e-02 -5.71401939e-02
 -2.68277582e-02  6.07127929e-03 -9.08579119e-03  1.46268055e-01
  8.25451016e-02 -1.63571641e-03  4.16583978e-02 -4.66639474e-02
 -8.84330422e-02  1.08987733e-03  1.37631211e-03 -6.59719035e-02
  3.03310459e-03 -6.56463131e-02  1.41509902e-02  2.11287513e-02
  1.11752748e-02 -9.34038088e-02  1.57562736e-02 -2.93376036e-02
 -2.47640982e-02  6.57231314e-03  6.12775460e-02  8.96838214e-03
  6.78125545e-02  4.23857756e-02 -6.44989219e-03  6.50838390e-02
  9.35494304e-02  1.23870827e-03  1.22422185e-02  3.38889956e-02
  8.21462423e-02  3.62005532e-02 -2.06982400e-02  6.42073750e-02
 -5.15927747e-03  3.57592292e-02 -2.79530440e-03 -1.07915308e-02
 -1.85305923e-02 -9.75100417e-03  3.35387327e-02 -8.65514576e-03
 -1.70198549e-02 -3.25545408e-02  7.23748431e-02  8.35130662e-02
  8.65438655e-02 -2.34737452e-02 -1.53326234e-02  1.09808445e-02
  1.38404248e-02 -4.66510467e-02  6.27046004e-02 -6.91386983e-02
  9.82808471e-02  1.47691965e-02 -6.48872927e-02  8.17780271e-02
  1.26820460e-01  2.31127832e-02 -5.07143773e-02  1.46725355e-02
 -2.80349404e-02 -7.20904320e-02 -8.76733959e-02  1.71040952e-01
 -2.04602741e-02  2.43277997e-02  5.60209826e-02  1.06713613e-02
 -1.08804870e-02 -6.68539479e-02  1.12547232e-02 -3.67826074e-02
 -7.95427933e-02  6.29518554e-02 -8.18984434e-02 -1.10477153e-02
  4.42662202e-02  1.20255696e-02  3.38935554e-02  5.00679854e-03
 -1.39297441e-01 -1.37592610e-02  4.93367948e-02 -2.23800298e-02
  8.38747248e-02  1.70312226e-02  2.46834606e-02 -6.33069053e-02
  3.24112102e-02 -6.51356429e-02 -1.12174693e-02 -9.08759346e-34
  5.16975336e-02 -2.31493358e-02  1.83425620e-02  6.35801330e-02
  7.57172927e-02 -3.03584002e-02 -7.31683597e-02 -4.47197706e-02
 -4.23545539e-02 -5.38364649e-02  9.71854255e-02 -1.19330715e-02
  5.93870645e-03 -4.23585996e-02  2.85939835e-02  5.13638034e-02
 -5.75724840e-02  2.79426873e-02  2.56388113e-02 -5.27783372e-02
 -8.49281475e-02 -2.01434419e-02  2.68938094e-02 -5.08741476e-03
  2.30539646e-02 -1.87104493e-02  5.02032973e-02  1.93871707e-02
 -2.48527005e-02  2.26966310e-02 -3.67693231e-02  7.64732361e-02
 -5.06134108e-02 -6.50054738e-02 -2.69313920e-02  5.26304170e-03
 -4.26632985e-02  1.33050838e-02 -2.39996687e-02 -1.83194634e-02
 -2.30993535e-02  9.05106813e-02  2.35520173e-02 -2.51130387e-02
  1.47134721e-01  2.20034849e-02  1.42830731e-02 -1.83128417e-02
 -2.99922675e-02 -4.53190366e-03 -4.90819588e-02  1.41561190e-02
 -1.22801615e-02 -7.40935057e-02 -5.64466342e-02 -5.95895573e-02
  1.75424037e-03  2.52795462e-02 -8.89498927e-03 -4.46002260e-02
  6.31225901e-03 -3.78899067e-03 -6.06790073e-02 -3.82213444e-02
  1.50340274e-01 -2.53545623e-02  2.10695863e-02 -3.47426557e-03
  1.49130281e-02  5.52862212e-02 -3.84165421e-02 -1.05519984e-02
  2.71117222e-02 -3.24169844e-02 -1.49265928e-02 -7.12359399e-02
  2.45012287e-02  9.73681733e-03 -4.60040122e-02 -6.24528863e-02
 -5.83813675e-02 -8.20914377e-03 -5.38211279e-02  8.87809396e-02
  5.86632825e-02  1.78970583e-02  1.07132550e-02 -9.55166370e-02
 -3.58124226e-02  1.52342359e-03  2.65217815e-02 -5.56510203e-02
  9.74789485e-02 -6.46093562e-02 -9.22626704e-02  9.55380830e-34
 -5.11498637e-02 -4.26776409e-02 -5.38945831e-02  9.47766006e-02
  4.35698181e-02 -4.83439676e-03 -4.88602370e-02  5.79236113e-02
 -8.32859799e-02  2.55213380e-02 -5.57029881e-02 -7.02112317e-02
  8.72204751e-02  9.05342400e-02 -5.46822697e-03 -4.72595580e-02
  4.28201072e-02 -3.99420410e-02 -1.79252122e-02 -8.45698640e-02
  6.71973675e-02 -9.53287911e-03 -1.86916552e-02  2.84600854e-02
 -4.06500185e-03  2.62393747e-02 -4.54239696e-02 -6.37894273e-02
 -1.69510394e-02 -7.40521252e-02  3.64149660e-02  2.98742810e-03
 -5.78335766e-03  7.53273666e-02 -2.03880221e-02  6.92293569e-02
 -5.72404684e-03 -7.95327276e-02 -6.26405701e-02 -1.71728153e-02
  2.18855813e-02  4.85914573e-02 -1.56259350e-02  1.07094394e-02
  3.80632700e-04  5.34919873e-02  5.89007549e-02 -7.09174108e-03
  5.52925803e-02 -2.69628037e-02  6.41623661e-02 -4.68465202e-02
 -1.07522666e-01  5.97341033e-03  6.45507649e-02  9.51013062e-03
  4.87948768e-02 -2.97821108e-02 -3.31031606e-02  1.37689812e-02
 -4.30261791e-02 -1.95270833e-02 -7.84315541e-02  1.07427649e-01
  1.39915794e-02  8.22105969e-04 -8.94904137e-02  3.50578986e-02
 -3.78865786e-02 -2.29135808e-03  8.84954929e-02  2.90499888e-02
  5.05042495e-03 -8.81741792e-02 -6.41855225e-02 -3.00018881e-02
 -1.04012214e-01  3.63727212e-02 -1.22769795e-01  2.97488123e-02
 -2.50241961e-02 -3.68764624e-02 -3.08149476e-02  1.35769816e-02
 -1.37980636e-02  1.74340159e-02  5.94135709e-02  4.74861749e-02
  5.15504293e-02  1.29579054e-02 -4.74042967e-02  1.03571462e-02
 -8.28138068e-02  4.89244014e-02  8.17026198e-03 -1.49191770e-08
  6.31610677e-02  4.74143997e-02 -9.49058011e-02 -1.76436305e-02
  2.55118925e-02  7.53963590e-02  1.85067356e-02 -3.04323658e-02
 -5.14965728e-02  7.69040957e-02 -4.57347147e-02 -7.11515322e-02
  3.11649200e-02  8.19943249e-02 -8.95246025e-03  5.51094748e-02
  2.41544768e-02 -1.07389437e-02 -5.19344993e-02 -2.09273398e-02
  6.16469011e-02 -8.43136851e-03  3.38493474e-02  2.07834523e-02
 -1.59203615e-02  7.13686168e-04  6.22873567e-03 -2.42977701e-02
 -4.64343876e-02  5.42892702e-02  1.09160570e-02  1.67975277e-02
 -1.67971216e-02 -7.41477637e-03 -4.62730341e-02  1.14868674e-02
  3.12175434e-02  5.23231085e-03  3.28284726e-02 -5.73460869e-02
  3.56191653e-03  5.86080030e-02  4.77298796e-02  4.60335389e-02
  2.94614285e-02  5.37530705e-03 -2.32687942e-03  3.92811261e-02
 -4.61290451e-03 -6.27706945e-02 -4.20264006e-02 -1.13476561e-02
  2.67162435e-02  9.93945543e-03  5.92441671e-02 -3.42085166e-03
  2.10450757e-02  8.38326961e-02 -2.69985665e-02 -1.67962126e-02
  1.39374673e-01  3.18884850e-02  3.02544869e-02 -1.50862969e-02]"
48,Climate Change Vulnerability,Environment,risk,4,0.3823,"[-6.69159112e-04  7.49283433e-02 -6.35853857e-02  2.86411401e-02
  7.55341351e-02  8.00967291e-02  1.19539931e-01  7.10849017e-02
  1.88079868e-02  2.57967580e-02  3.91368456e-02 -6.60719536e-03
  5.93567379e-02  1.89637952e-03 -5.21393679e-02 -4.34090458e-02
 -3.39976400e-02 -2.79848147e-02 -1.11524135e-01  6.56397194e-02
 -1.91511419e-02 -2.75303535e-02 -1.19463103e-02  1.11290989e-02
 -1.41612336e-03  1.61985960e-02  8.96383356e-03  9.15343463e-02
  2.25999057e-02 -8.95883739e-02  8.61687493e-03  3.41045856e-02
  6.02771118e-02 -5.78434207e-02 -7.04240203e-02  4.54232953e-02
 -2.60656383e-02 -8.12439341e-03  5.65467030e-02 -2.26097144e-02
 -8.28685705e-03 -5.73073216e-02  1.77354291e-02  4.06302586e-02
 -7.70167485e-02 -5.08961193e-02  5.08071855e-03 -8.38921070e-02
  4.97697517e-02 -1.54266357e-02 -6.94260513e-03 -5.01648821e-02
 -3.15173268e-02 -7.81013072e-02  1.88134834e-02 -8.24415088e-02
 -7.12411478e-02 -5.28994985e-02 -4.77348007e-02 -2.33162474e-02
  8.69855359e-02 -5.64830676e-02 -4.78720702e-02  1.69757158e-02
  5.41796423e-02 -4.24308963e-02  1.61360402e-03  6.77984729e-02
 -1.81098692e-02  2.88412143e-02  4.06257845e-02 -5.09167649e-02
 -9.96935740e-02 -1.86857935e-02  6.70203418e-02  1.06530096e-02
  4.20766063e-02 -6.12191483e-02  2.59672254e-02 -1.21517833e-02
  2.85296738e-02 -1.72209275e-05  6.05425127e-02  3.31112044e-03
  1.09436223e-02  3.64514552e-02  3.02060898e-02 -4.84239161e-02
  3.69031839e-02  6.84373314e-03 -2.53389422e-02 -1.09263472e-01
  7.78626204e-02  7.00408593e-02 -3.15561481e-02  4.20142487e-02
 -9.52097997e-02 -8.74507204e-02 -6.67511150e-02  2.05061719e-01
 -2.02915110e-02  7.58301374e-03 -5.65414801e-02  6.51195571e-02
 -3.95880938e-02 -7.27591813e-02 -4.59421426e-02 -5.39680272e-02
  6.72891270e-03  3.12453024e-02  2.40405686e-02  5.09932600e-02
  1.03436587e-02  3.65303010e-02 -1.56931039e-02  3.53811607e-02
 -7.05893412e-02 -4.02889661e-02 -2.20333971e-02  2.31640898e-02
  1.61083844e-02  2.35444936e-03  3.16962227e-02  9.96912457e-03
 -1.11287437e-01 -9.14669558e-02  1.69451237e-02 -5.14808228e-33
  5.22712916e-02 -9.10168365e-02  1.40096189e-03 -3.62800620e-03
  1.98452994e-02  1.34152425e-02 -3.59657686e-03 -3.08365878e-02
 -3.99379656e-02 -4.23774449e-03  3.73341292e-02 -2.67838705e-02
 -1.37974666e-02 -5.63407578e-02  6.84606582e-02  3.83455567e-02
 -4.21713330e-02  4.65083905e-02  9.87137482e-03 -4.99813370e-02
 -2.10347641e-02 -4.33896743e-02  3.96505445e-02  1.14845764e-02
 -1.32758021e-02 -3.84527743e-02 -5.18272119e-03 -7.21317232e-02
  7.12414384e-02  2.80131772e-02 -3.92376445e-02  9.27617699e-02
 -2.96989419e-02 -1.11352056e-01  1.41629530e-03  8.52064416e-02
 -8.93301219e-02 -2.47071795e-02 -2.63814740e-02 -3.66398282e-02
 -1.65736619e-02  2.56821085e-02  2.94609257e-04  8.62820446e-02
  6.35427758e-02  8.87608901e-03  2.98318900e-02 -2.79614776e-02
 -1.53525397e-01 -2.32956372e-02 -9.53010544e-02 -3.40209268e-02
 -5.26286401e-02  3.24275754e-02 -1.61466133e-02  6.87489379e-03
  2.73551419e-02  1.68418977e-02 -8.29331949e-02 -3.30454744e-02
  8.69207270e-03  3.53472717e-02 -1.77798979e-02  3.12806070e-02
 -2.05328632e-02  1.16169890e-02  6.56582192e-02 -5.75649254e-02
 -6.85978588e-03  2.47778706e-02 -7.12562427e-02 -3.74374688e-02
  7.32290884e-03 -5.50144650e-02 -3.30883674e-02  1.81657933e-02
 -6.95581036e-03  4.97915596e-03  6.65735155e-02 -1.25059048e-02
 -5.64107634e-02  6.65947935e-03  2.33021714e-02  5.64617217e-02
  1.54706277e-02  5.63210584e-02  3.65019552e-02 -5.59641533e-02
 -6.27924204e-02  8.36116597e-02  1.14248293e-02 -2.49427054e-02
  1.38797104e-01  3.75851467e-02 -2.82509699e-02  3.46523576e-33
 -1.40140459e-01  2.56277900e-02 -4.78905290e-02  3.80821042e-02
  2.09476072e-02 -5.54537661e-02  2.64286902e-02 -3.55637483e-02
  3.53733040e-02  5.41824847e-02 -1.18042551e-01  3.98915559e-02
  7.60780126e-02  1.75692700e-02  2.79510096e-02 -5.72733954e-03
  3.59962992e-02  1.87936332e-02 -4.80088517e-02 -7.84636959e-02
  4.75085489e-02 -2.19401885e-02 -3.23207565e-02  7.05730915e-02
 -4.68214452e-02  3.07796225e-02 -2.22584531e-02 -2.40626577e-02
 -6.29908815e-02  4.56154958e-04 -1.00239748e-02  7.61652887e-02
  3.49135622e-02  1.00330956e-01 -4.15293016e-02  7.50113875e-02
  5.38981371e-02 -6.66484833e-02 -8.46138503e-03  3.32161337e-02
  5.40646166e-02  2.44262908e-02  2.49151327e-02 -4.77175526e-02
 -2.37365551e-02  2.95521747e-02  1.14404880e-01  7.59017700e-03
  8.65725353e-02  4.28376608e-02  1.45031521e-02  4.25085388e-02
 -2.47412529e-02  3.07834335e-02 -5.08771911e-02 -5.08587845e-02
 -2.57193092e-02 -2.80262884e-02  3.93142477e-02  1.18573949e-01
  4.48672043e-04  1.14056572e-01 -2.72313207e-02  9.68011990e-02
 -5.17789200e-02  6.73337579e-02 -1.14177510e-01 -3.48937176e-02
  5.44633530e-02 -2.69647986e-02  7.05680177e-02  2.04557460e-02
 -2.93839667e-02 -2.77099032e-02 -6.93803206e-02 -7.55812153e-02
 -2.99294908e-02  4.58913930e-02 -1.90931987e-02 -2.49438807e-02
 -2.43047737e-02 -2.27106456e-02  1.73293892e-02 -1.00286103e-04
  2.44453941e-02  5.32404557e-02  4.00113128e-02 -2.49447338e-02
 -2.03396399e-02 -2.04067044e-02 -5.66217601e-02  4.95426469e-02
 -5.62655227e-03  2.09291540e-02 -3.77801768e-02 -1.21028192e-08
  5.36342897e-02 -9.56929196e-03  9.78784412e-02 -2.74206679e-02
  7.40651414e-02  6.94729481e-03 -4.89192978e-02  1.33919446e-02
 -7.86264194e-04  9.06453952e-02  5.95679693e-02  5.01920246e-02
  3.33644599e-02  2.67787874e-02 -3.10404096e-02  5.39087541e-02
 -6.61045015e-02  5.84662594e-02 -3.91367339e-02  6.15831167e-02
  8.53827074e-02  1.30953721e-03  3.04226036e-04 -1.17634162e-02
  1.34499453e-03 -2.26438679e-02  4.91409078e-02  1.04882747e-01
  7.07349926e-03  6.65272549e-02 -1.24952560e-02  4.81558498e-03
  1.47804376e-02  5.70442602e-02 -4.83548343e-02 -2.74622813e-02
  6.23126142e-02 -3.61787155e-02  4.87702228e-02  3.24875973e-02
  5.62438779e-02 -3.64557505e-02  8.07875693e-02  2.36606393e-02
 -5.26452698e-02 -2.04470172e-03 -6.19666949e-02 -1.29268477e-02
  8.58703703e-02 -1.69610027e-02 -5.68632148e-02 -1.57066714e-02
  1.70014743e-02  1.00697204e-01  4.98373955e-02 -2.03804504e-02
 -1.35350646e-02  3.05410530e-02 -1.89258624e-02  3.40573564e-02
  1.92059446e-02 -7.45701790e-02  2.41847914e-02 -1.48231620e-02]"
49,Climate Change Vulnerability,Environment,environment,12,0.3744,"[ 2.33644731e-02  2.18580198e-02  4.84402329e-02  2.53892560e-02
  9.61136594e-02 -5.16454242e-02  6.97700456e-02 -1.41005013e-02
 -3.41628045e-02  1.94270946e-02 -1.80527824e-03 -1.22163437e-01
  5.87061746e-04  2.41899900e-02  3.53952348e-02 -8.96298327e-03
 -3.78377736e-02 -1.04786418e-02 -6.04017824e-02  1.46315796e-02
 -8.17503706e-02  8.54109153e-02 -1.87415183e-02  4.12513007e-04
 -1.00401200e-01  6.98208660e-02  1.22120855e-02  8.91624540e-02
  3.49422768e-02 -1.38685942e-01  1.29033001e-02  1.06855422e-01
  5.68192303e-02 -4.38616201e-02  1.94474403e-02  1.23612463e-01
  3.45581844e-02 -3.53549533e-02  8.73706210e-03 -1.85381696e-02
 -4.21698317e-02 -6.35177419e-02 -2.88589089e-03 -6.79324567e-02
 -4.53753583e-02 -5.01465499e-02  3.68279815e-02 -7.81768784e-02
  4.09625545e-02 -6.07624538e-02  7.90585857e-03 -1.50915422e-02
 -1.08964741e-01 -1.88317359e-03  5.00403810e-03 -3.61914672e-02
  1.03831235e-02  5.69124660e-03  1.27366302e-03 -1.31937945e-02
  1.23778999e-01 -2.89570278e-04 -6.76719099e-02  9.64008197e-02
  1.14906214e-01  3.15997074e-03 -6.37826025e-02  1.12660810e-01
 -1.29361628e-02 -1.08178973e-01 -2.24746782e-02 -1.38711547e-02
 -3.07310931e-02 -8.17129463e-02 -1.01908408e-02 -1.44987917e-02
 -3.43085229e-02 -1.60658490e-02  1.09193616e-01 -8.87072994e-04
  8.14530626e-02 -2.56949719e-02 -1.11542843e-01  3.94444689e-02
 -9.65291914e-03 -8.16686824e-03  3.31681781e-02 -4.32622433e-03
  2.98048444e-02  7.05209151e-02 -2.06467118e-02 -6.68823868e-02
  9.65704247e-02  1.36720743e-02 -3.91561054e-02  5.08231334e-02
  2.76354328e-02 -6.18121438e-02  7.39366263e-02  2.06648201e-01
 -1.18304044e-02 -1.79128554e-02  1.61861070e-02  3.05576269e-02
  1.65510532e-02 -8.85703489e-02  1.16048930e-02  2.61527300e-02
  4.64541130e-02 -1.06099425e-02 -8.16501006e-02 -1.95546001e-02
 -2.64935251e-02  6.88949414e-03  6.85297921e-02 -3.63771692e-02
  6.51407242e-02 -3.79089639e-02  1.81040633e-02  5.48403803e-03
  4.22726534e-02 -2.95765847e-02  1.77190118e-02  7.02168047e-03
  2.20425446e-02 -3.82844545e-02  4.90661226e-02 -5.26335604e-33
  3.95574197e-02 -1.03494972e-01  5.49935289e-02 -1.52555518e-02
  6.25433326e-02  4.10627499e-02 -1.80450492e-02 -6.97509339e-03
 -2.21378393e-02  1.93453114e-02  2.09278520e-02  6.51206598e-02
 -6.19755052e-02  4.08728458e-02  1.40061140e-01 -8.89539067e-03
 -5.86254969e-02  8.38092491e-02 -4.02802378e-02  2.35806033e-02
 -6.18906543e-02  4.38132882e-03 -3.66587117e-02  1.41741587e-02
  4.78837416e-02 -5.16073518e-02  6.20960891e-02 -4.83354814e-02
 -2.39072833e-02  4.82434127e-03  7.42773041e-02  2.29782909e-02
 -4.74663340e-02  3.71650681e-02  3.35917361e-02  3.67151722e-02
 -2.46649534e-02  1.96771882e-02 -2.69506052e-02 -5.48793115e-02
 -4.42420617e-02  1.71992648e-02  5.32386042e-02 -1.93753503e-02
  6.57054782e-02  7.61341862e-03  1.09702006e-01  4.98276092e-02
 -3.27400230e-02  2.81997323e-02 -4.79887798e-02  1.27907014e-02
  6.72886334e-03 -1.70785841e-02  2.57480610e-02  1.77239580e-03
  5.27571738e-02 -1.37507869e-02 -2.70013120e-02 -4.22072178e-03
  3.19309048e-02  1.29968867e-01 -6.11014850e-03 -6.60958737e-02
  8.52966979e-02 -3.28664631e-02  5.83361555e-03  2.27541421e-02
  2.71526556e-02  1.59754381e-02 -1.10382475e-01 -4.36896086e-02
  9.96702630e-03  5.20829596e-02 -2.97340825e-02 -3.40342186e-02
 -5.93370236e-02 -1.50742475e-02 -7.59957507e-02  3.31646465e-02
 -8.03051069e-02  3.76475416e-02 -5.03134876e-02  1.40681509e-02
  8.85243155e-03  2.95624249e-02  7.97884725e-03 -7.77019709e-02
  2.27048863e-02  5.94608448e-02 -2.97099315e-02 -2.91036405e-02
  3.92825454e-02  1.71548780e-02 -6.01729155e-02  3.46829535e-33
 -3.18984203e-02 -2.65864879e-02 -4.55456637e-02  8.44374858e-03
  1.45142088e-02 -2.12465320e-02 -5.16113974e-02  4.26219031e-02
 -3.59162800e-02  4.24568094e-02 -7.53761902e-02  8.84887278e-02
  1.19863234e-01  3.75612266e-02 -1.22323940e-02 -3.76544409e-02
  3.20453867e-02  8.52147583e-03  1.62867587e-02  1.93882696e-02
 -4.90693860e-02  1.64304972e-02 -3.09050921e-02  2.09064279e-02
 -9.05316919e-02  7.90200233e-02  1.38924653e-02  1.87219214e-02
 -2.86406511e-03  2.83480790e-02 -4.26415317e-02  1.76433604e-02
 -5.08972481e-02  8.33589062e-02 -5.84149696e-02  2.79677194e-02
  4.45216186e-02 -1.12980381e-01 -8.94009620e-02 -2.94840559e-02
  7.47299418e-02 -4.07969467e-02  1.53344134e-02  6.01530783e-02
 -1.44062773e-03  3.27702761e-02 -4.52851206e-02 -4.28736676e-04
  1.70291904e-02 -1.78245623e-02  2.37181187e-02  1.95850413e-02
 -5.56834564e-02 -2.08660029e-02  3.14949676e-02 -4.81543317e-02
  2.97331391e-03  5.53190112e-02 -6.80504460e-03  2.68062786e-03
  4.83568124e-02  6.19467534e-02 -2.61719730e-02  4.28740606e-02
 -1.16639413e-01  3.17427740e-02 -2.40533501e-02  6.62343502e-02
 -7.50383735e-02 -4.30174582e-02  1.72801223e-02 -2.12994665e-02
 -1.08222477e-01 -4.84736972e-02 -4.74335849e-02 -4.91533503e-02
 -4.66140769e-02 -3.44758108e-02 -2.72409283e-02  1.64527632e-02
 -4.46931310e-02 -9.36014391e-03 -3.87573540e-02  2.07285676e-02
 -2.33777054e-02 -4.94104549e-02 -3.72339562e-02 -2.67811622e-02
  1.14253964e-02  3.74468416e-02 -3.14212888e-02  3.35009955e-02
 -1.31737918e-01  5.97790889e-02 -3.66999060e-02 -1.19952857e-08
  1.45915747e-02 -1.86945274e-02  8.24242383e-02  5.39038284e-03
 -3.81034240e-02  2.98110396e-03  9.74817649e-02  1.25247035e-02
  2.90639773e-02  1.17605813e-01 -2.24858578e-02  1.32963089e-02
  8.45004395e-02  1.16270021e-01  3.32873277e-02  4.63178335e-03
 -4.06811498e-02 -2.50607673e-02 -7.83652663e-02  1.06120519e-02
  4.05148380e-02  1.92327648e-02 -8.44392180e-03  3.48386876e-02
 -6.79071993e-03 -6.09513521e-02 -1.51927201e-02 -6.20927429e-03
  3.17065008e-02  4.04941551e-02  4.90804203e-02  8.48616660e-02
 -6.22213446e-02 -2.13269666e-02 -8.12063366e-02 -2.26048920e-02
  1.98088475e-02 -3.74044292e-03 -7.71847228e-03 -1.00763300e-02
 -8.04642886e-02  5.64307114e-03  1.27659822e-02 -4.18242253e-02
  1.64447073e-02 -3.60355265e-02 -2.57604825e-03 -3.12748551e-02
 -2.45842747e-02 -9.68676247e-03 -2.32992526e-02 -7.58328736e-02
  1.70359444e-02  3.99080999e-02  1.16938435e-01  1.17092254e-03
 -7.49916630e-03 -2.00981852e-02 -4.92538251e-02  6.69232383e-02
  2.91147456e-02  4.12308723e-02  2.07546111e-02  2.29336061e-02]"
50,Climate Change Vulnerability,Environment,environmentally,1,0.3702,"[ 8.41795560e-03  1.24931827e-01  8.03253800e-02  2.45253276e-02
  7.93462992e-02 -4.17729281e-02  6.46296144e-02 -1.54521549e-02
  1.11508146e-02  3.99401635e-02  1.51944198e-02 -9.23864841e-02
 -1.52761154e-02  3.75933051e-02 -1.78697202e-02  2.73128180e-03
 -6.80848435e-02 -1.23030525e-02 -1.35031894e-01  1.16881318e-02
 -9.42542404e-02  2.83009876e-02  2.89525837e-02  1.23692630e-03
 -7.32308701e-02  8.87071714e-02  9.96910594e-03  4.91764396e-02
  2.58818921e-02 -5.29144071e-02  2.81450301e-02  9.54565406e-02
  1.68870147e-02 -3.89022045e-02 -8.39521922e-03  6.40441924e-02
  5.76490909e-02 -4.75808494e-02  1.53394612e-02 -8.94675497e-03
 -7.07191080e-02 -8.08555782e-02 -3.62953506e-02 -4.86333035e-02
 -2.02300176e-02 -4.46801037e-02  1.70848668e-02 -5.79954162e-02
 -2.02409867e-02 -6.05678745e-02  6.37867376e-02  1.05568282e-02
 -4.61683050e-02 -9.33001935e-03 -2.69282274e-02 -6.97162673e-02
  4.12109718e-02 -5.60729019e-02  1.68788526e-03 -2.53934432e-02
  9.71883088e-02 -6.91710711e-02 -1.03627771e-01  2.94331331e-02
  8.39593858e-02  4.74121571e-02 -3.88035253e-02  1.00951426e-01
  2.67835683e-03 -6.60227984e-02  2.52205022e-02  4.58763586e-03
  1.05129527e-02 -5.14106415e-02  1.65117905e-02  2.74140928e-02
  4.16390523e-02  2.40963437e-02  5.16133495e-02 -3.27018462e-02
  7.63939247e-02 -3.82773727e-02 -2.49186959e-02 -1.57122966e-02
  5.85455783e-02  1.66997090e-02 -2.73325434e-03 -3.24183218e-02
 -8.96017998e-03  4.10278253e-02 -3.39407809e-02 -5.21334633e-03
  1.15246862e-01 -7.22489646e-03 -1.21311970e-01  4.39314097e-02
 -2.64507812e-02 -4.37832586e-02  1.86634567e-02  1.97473064e-01
 -3.85049582e-02  5.96512370e-02 -1.00554243e-01 -1.98782533e-02
 -2.00453326e-02 -3.17307897e-02 -3.46327312e-02  6.50811940e-02
  2.59036329e-02 -3.18647735e-02 -9.37932879e-02 -6.96717016e-03
 -4.14293557e-02  9.98071656e-02 -7.26916594e-03  2.32054330e-02
  8.29538181e-02 -3.37798037e-02  5.70683107e-02 -1.62292048e-02
  2.57706363e-02 -2.25382205e-02  1.15194097e-02  4.11961451e-02
  5.43339970e-03 -1.22215502e-01  4.22485322e-02 -6.32743483e-33
 -1.24236690e-02 -3.43979001e-02  9.82970670e-02 -7.82631114e-02
  6.65832078e-03  6.92618191e-02 -4.27295752e-02 -5.55733172e-03
 -1.93051100e-02  1.33670345e-02  5.19310907e-02  7.58323148e-02
 -3.49604823e-02  3.72340456e-02  1.25400066e-01 -4.55183350e-02
 -1.03530437e-01 -2.01367354e-03 -1.20276865e-02 -1.60023719e-02
 -1.36747593e-02  4.39650752e-02 -1.31169073e-02  6.62781075e-02
  3.99427488e-02 -8.80176201e-02  7.71675780e-02  2.21562851e-02
  3.33470516e-02  2.22038419e-04  5.97628132e-02  4.99781705e-02
 -3.25430408e-02 -3.18328515e-02  3.30632925e-02  3.47457193e-02
 -7.91298747e-02  4.64484431e-02 -1.74496640e-02  2.62050936e-03
 -1.95549447e-02 -1.93485878e-02 -4.10454988e-04 -1.09937065e-03
  5.64147271e-02 -1.49604175e-02  6.66694641e-02  2.12246906e-02
 -4.77088653e-02 -1.20670479e-02 -4.03557755e-02  6.30877614e-02
 -7.62714148e-02 -5.24078347e-02 -6.08732738e-03 -2.99450606e-02
  7.57885948e-02 -3.12770717e-02 -4.11605798e-02 -5.60339168e-02
 -3.19557898e-02  1.58047453e-01 -4.25735787e-02 -2.55826544e-02
  7.40225539e-02 -2.16442738e-02  1.40673630e-02  5.60982898e-02
 -3.50379422e-02 -1.30118579e-02 -2.03309022e-03 -5.38170934e-02
  3.03965751e-02  2.11555492e-02 -4.65331599e-02 -3.98085006e-02
  8.93663429e-03 -1.81602896e-03 -6.24714512e-03  6.39621466e-02
 -7.04901814e-02  4.03555334e-02 -1.12110106e-02 -4.84533533e-02
  1.45275798e-02 -3.07466816e-02  1.78928096e-02 -1.84036065e-02
  6.50404096e-02  5.08161448e-02  4.40139696e-03  3.15287113e-02
  5.58487438e-02 -3.50195169e-02 -9.57863629e-02  3.10305089e-33
  1.73052289e-02 -7.27206143e-03 -5.12308739e-02  6.27800152e-02
 -2.55618431e-02 -6.23423271e-02 -6.49525821e-02  3.95487025e-02
  2.06807703e-02  3.49196233e-02 -6.76320717e-02  1.17034450e-01
  7.48484284e-02  3.18603553e-02  4.56847511e-02 -2.94998102e-03
 -1.40905343e-02  4.28062975e-02 -2.98109073e-02 -3.65253426e-02
 -8.20733979e-03 -2.17134040e-02  5.12563661e-02  8.34508613e-02
 -7.90779069e-02  4.86647226e-02 -2.30536312e-02 -2.06884518e-02
  2.39535253e-02  1.39190617e-03 -4.44948040e-02  1.68381128e-02
 -4.82213423e-02  2.75233518e-02 -1.61756370e-02  4.26372280e-03
 -3.39422971e-02 -4.59293202e-02 -3.57614201e-03  4.41634394e-02
 -6.32687146e-03 -1.83621589e-02 -1.65332016e-02  2.60096937e-02
 -4.35513295e-02  4.11483161e-02 -7.78587759e-02  4.41770107e-02
  3.49924713e-02  1.02673611e-02  4.17899564e-02  5.18142954e-02
 -6.10631555e-02 -4.11970131e-02  2.77655665e-02 -1.66404005e-02
  5.18687768e-03  4.49243002e-02 -3.48460078e-02  1.01265861e-02
  1.07797869e-01  9.83127430e-02 -3.75204167e-04  8.08056965e-02
 -9.53243673e-02 -1.47328824e-02  1.43780466e-02 -1.19348280e-02
 -2.98011191e-02 -6.49639815e-02  1.94449425e-02  1.02034975e-02
 -1.09379098e-01 -5.24507575e-02 -1.04552463e-01 -3.28081404e-03
 -1.87670011e-02 -1.67606231e-02 -8.29121843e-02 -1.05998409e-03
 -5.60257249e-02  6.44858042e-03 -2.21749097e-02  3.18032280e-02
 -4.50259307e-03 -7.61502609e-02 -5.18955700e-02 -9.86995548e-02
 -2.83977948e-02  4.46897261e-02 -2.39000302e-02 -2.54403427e-02
 -7.19771236e-02  1.30759910e-01 -1.11361220e-02 -1.37753400e-08
  1.41333202e-02 -3.55283245e-02  7.74168596e-02  2.52260547e-02
 -3.08769848e-02 -3.34784226e-03  9.63913426e-02  3.28310803e-02
  2.91971788e-02  5.49014919e-02  1.10261003e-03  4.46566567e-03
  3.67313586e-02  1.07249022e-01  1.90721161e-03 -3.98320556e-02
  3.41808833e-02 -6.56529292e-02 -4.81333546e-02  3.85969356e-02
 -3.80542837e-02 -3.52188349e-02  1.42804533e-02  8.45834464e-02
 -5.69670647e-03 -6.72160089e-03  8.13937858e-02  3.27026262e-03
  2.94867828e-02  5.43959700e-02  2.58495957e-02  6.71447515e-02
 -2.45625321e-02 -1.64845295e-03 -8.29644948e-02 -7.90010616e-02
 -1.33639127e-02  2.04432029e-02 -6.62108958e-02 -1.78385135e-02
 -3.22915986e-02  4.38490175e-02 -5.29868864e-02  1.24783963e-02
  4.08829376e-02 -1.12866662e-01 -4.53029014e-03  7.70842209e-02
 -1.41113466e-02  1.11722462e-02  1.71338227e-02 -9.25147608e-02
  9.77493078e-03  6.10512728e-03  2.88824029e-02  1.23684602e-02
  1.55405595e-03  2.91493516e-02 -2.06545778e-02  2.62596961e-02
  8.86137933e-02 -4.09259349e-02  6.79454878e-02 -7.41952145e-03]"
51,Climate Change Vulnerability,Environment,sustainability,6,0.354,"[ 4.10689507e-03  1.18057869e-01  6.51803939e-03  2.01633498e-02
  6.49562180e-02  1.96664799e-02 -1.85424853e-02 -4.37019281e-02
 -1.89063288e-02 -1.94131453e-02  1.53809488e-02 -6.06852099e-02
 -1.38276825e-02  3.28618800e-04 -6.36824667e-02  2.99334037e-03
 -1.04614154e-01  2.85492968e-02 -3.15095522e-02 -4.46097665e-02
 -4.81216013e-02 -6.52997335e-03  1.40605820e-02  2.21560858e-02
 -8.52372646e-02  1.11566447e-01 -4.57940809e-02 -2.10122038e-02
  4.49358523e-02 -1.23077948e-02  5.49973845e-02  3.48152332e-02
  3.21664698e-02 -2.58470494e-02  2.86358260e-02  1.19534075e-01
  5.20595536e-02 -2.03274265e-02  2.81015281e-02 -2.32810434e-02
 -6.83358535e-02 -7.98003227e-02 -4.64179367e-02 -1.00554347e-01
 -7.92264845e-03 -1.70614310e-02  2.38624699e-02 -6.67935014e-02
 -1.94664653e-02 -6.41482174e-02  5.69883808e-02  4.96568438e-03
 -4.35719267e-02 -3.31956074e-02  2.76494138e-02 -5.71230128e-02
  3.60825062e-02 -4.36470918e-02 -2.71218270e-02 -1.86118484e-02
  9.56522152e-02 -5.97844645e-02 -8.24462697e-02  5.98447919e-02
  1.10988669e-01  7.28443936e-02 -4.51058634e-02  8.06766748e-02
 -4.17143255e-02  7.66098092e-04  2.54031504e-04 -4.89965454e-02
 -1.68374404e-02 -5.68989106e-02  4.61863130e-02 -2.02786867e-02
  8.67558178e-04  2.07630154e-02  7.54866377e-02  5.18056750e-02
  1.27711102e-01  8.13136250e-03 -5.79651557e-02  7.83111807e-03
  3.19172740e-02  6.83634123e-03  2.01919791e-03 -2.10548956e-02
  6.34308755e-02  1.18735246e-03 -7.18195587e-02 -8.37190729e-03
  1.05033174e-01  2.79798973e-02 -9.91501734e-02  2.13863533e-02
 -6.40910119e-02 -5.91606274e-02  2.31871270e-02  1.83625534e-01
  2.49900687e-02  4.18050513e-02 -3.45870480e-02 -3.95139167e-03
 -2.92633194e-02 -4.18800972e-02 -1.71870794e-02  3.42051722e-02
 -1.35479672e-02  2.66578258e-03 -3.91931571e-02 -2.45667831e-03
 -7.11034834e-02  7.49404877e-02  9.91136394e-03 -3.60299572e-02
  6.80260435e-02 -3.77253108e-02  9.10507813e-02 -3.24005559e-02
  3.60881872e-02  7.83036370e-03  3.09122149e-02 -3.12274341e-02
  1.36454022e-02 -4.14511263e-02  3.10804024e-02 -5.98822610e-33
 -4.20500524e-02 -1.78565402e-02  8.01837370e-02 -8.57156664e-02
 -1.33083006e-02  5.31694852e-02 -7.89119601e-02  3.44478600e-02
 -8.46165046e-03  2.05724277e-02  8.70055184e-02  2.44436786e-02
 -7.10748648e-03 -1.89742970e-03  1.38179630e-01 -9.92585793e-02
 -5.09803519e-02  4.41081151e-02  4.71809506e-02 -3.58645283e-02
 -1.36118464e-03  2.77733579e-02  3.82069685e-02  3.04933991e-02
  8.42381641e-02 -4.07830551e-02  3.70854661e-02  8.79490562e-03
 -2.12327819e-02  1.41759776e-02  3.11466996e-02  7.02301115e-02
 -7.29705319e-02 -6.94170818e-02  2.55425628e-02 -1.99947655e-02
 -9.79593322e-02  4.79331054e-02 -1.63562633e-02 -1.23301568e-02
 -5.16318791e-02 -5.06974123e-02  4.21300977e-02  5.05314767e-03
  4.15054448e-02  6.74985647e-02  9.22009274e-02  5.00938557e-02
 -2.88826711e-02  2.07776297e-02 -4.79130074e-02  4.39208932e-02
 -8.31002668e-02 -6.24812357e-02  1.73073858e-02 -1.01528555e-01
  1.83164570e-02 -3.51613900e-03 -6.25279173e-02 -1.44605532e-01
 -1.36677362e-02  2.85939407e-02 -8.93416107e-02 -1.55326920e-02
  1.05306983e-01  2.87281573e-02 -1.57866739e-02  6.30112216e-02
 -2.49732174e-02 -8.28966498e-03 -2.13319547e-02 -6.17742389e-02
  1.65235307e-02  6.55286899e-03 -2.29617842e-02  2.05614772e-02
 -4.35336754e-02  4.40217033e-02 -8.03454667e-02  7.44381398e-02
 -1.41673014e-01  7.06722066e-02 -4.18889932e-02 -7.51749799e-02
  1.03186227e-01  1.93275735e-02  4.31355387e-02  1.08621372e-02
  9.54525545e-02  3.83123048e-02 -3.55879515e-02  1.21105807e-02
  2.25081947e-02  3.22218500e-02 -7.48636425e-02  2.79944384e-33
  3.25182788e-02  2.34985016e-02 -4.78637964e-02  3.06359679e-02
 -6.10395242e-03 -8.10623467e-02 -9.82098579e-02 -2.94141676e-02
 -2.68473173e-03  2.71393508e-02 -6.33887947e-02  5.89787625e-02
  3.10018323e-02  6.72343895e-02 -3.28807160e-02  1.36332577e-02
 -3.73079367e-02 -2.97917593e-02 -8.66425633e-02  5.85598731e-03
 -2.99682515e-03  3.79549339e-02 -4.76750098e-02  5.01095653e-02
 -7.48546496e-02  6.92744404e-02  5.10856928e-03 -5.68971317e-03
  7.57188275e-02 -2.12913658e-02  4.27858764e-03 -2.84907781e-02
 -1.84576549e-02  1.42566133e-02 -3.53323705e-02  2.09281370e-02
 -3.94660793e-02 -3.51648666e-02  4.30891030e-02  6.67249784e-02
  4.99502644e-02 -2.14167349e-02 -6.37839139e-02  4.89172563e-02
  4.69128927e-03 -4.99444548e-03 -5.04739396e-02  8.53523891e-03
  3.34124304e-02 -4.96575749e-03  6.77503645e-02  5.44972010e-02
 -3.90525758e-02 -8.24177787e-02  3.97184007e-02  1.32149225e-02
  1.86213050e-02  2.54194140e-02 -6.60167411e-02 -9.51215625e-03
  1.43197849e-02  8.64928067e-02  2.12305300e-02  8.93448740e-02
 -2.26828121e-02  2.66648084e-02  2.99995728e-02 -1.08755883e-02
 -3.19220945e-02 -6.02898747e-02  1.65625028e-02  1.80757716e-02
 -1.45757645e-01 -4.21574414e-02 -4.54589203e-02  4.21647578e-02
 -3.56710106e-02  6.78186130e-04 -4.44627292e-02 -1.77351385e-02
 -5.96962683e-02 -2.24278811e-02 -3.22564912e-04  7.75204645e-03
 -1.73715688e-02 -2.26540715e-02 -3.13948318e-02 -7.20482990e-02
  1.71975996e-02  8.21701735e-02 -8.66613258e-03  1.56573858e-02
 -1.15967043e-01  9.11872014e-02  3.16167958e-02 -1.32017126e-08
  2.07300205e-02  1.22500118e-02 -3.06454371e-03  3.00273811e-03
 -3.45179737e-02  3.64696980e-03  7.94852003e-02 -4.69883867e-02
  5.96033363e-03  9.00167450e-02 -1.75083764e-02  3.34479809e-02
  2.58500688e-02  1.12780787e-01 -4.40019518e-02  1.01531390e-02
 -3.32500935e-02 -1.32103032e-02 -5.13426773e-02 -2.24831383e-04
  1.91717164e-03 -4.27011028e-02 -1.05918478e-02  3.16308923e-02
 -2.03408804e-02 -3.21624614e-02  2.82074530e-02  3.31844166e-02
  3.55366841e-02  4.60452512e-02  6.49938807e-02  5.83545789e-02
 -2.71341410e-02 -4.11916077e-02 -6.86965138e-02 -8.03319514e-02
  1.82563607e-02 -4.64409031e-03  3.45770679e-02 -3.82146686e-02
 -1.18916817e-02  5.36681898e-02 -5.57984747e-02  6.41106293e-02
 -3.50771062e-02 -3.54594998e-02 -1.59875322e-02  7.17699677e-02
 -3.90187204e-02  3.44157666e-02 -1.69636570e-02 -5.74314147e-02
 -4.18853760e-03  6.09898493e-02  1.32456943e-02 -5.35725728e-02
  4.08484973e-02  1.07771652e-02 -3.16101499e-02  2.92236749e-02
  1.02763079e-01 -6.16308041e-02  9.00010392e-02  2.76221950e-02]"
52,Climate Change Vulnerability,Environment,environmental,7,0.3539,"[ 2.94234902e-02  5.93595803e-02  4.65510637e-02  4.03250083e-02
  9.25535038e-02 -4.37608361e-02  9.30055305e-02 -2.79142596e-02
 -1.56695694e-02  4.91698682e-02  1.46241812e-02 -1.21006437e-01
 -3.04237474e-02  2.63481140e-02 -5.10410545e-03  5.66044182e-04
 -7.13069737e-02 -1.85578596e-02 -6.89479485e-02  1.00896778e-02
 -7.30881914e-02  9.15194973e-02  1.85075719e-02 -1.07861124e-02
 -1.04230046e-01  7.77317882e-02 -1.16722183e-02  6.19202703e-02
  4.40182984e-02 -6.36527315e-02  4.63096276e-02  1.35795444e-01
  7.58200958e-02 -6.41590282e-02  5.18101733e-03  8.27746168e-02
  4.76177000e-02 -3.58480364e-02  3.94728780e-02  4.79152752e-03
 -6.42248020e-02 -5.28732948e-02  5.73270023e-03 -6.61196038e-02
 -5.77181280e-02 -3.58366966e-02  2.54371241e-02 -1.10082909e-01
 -1.62164196e-02 -5.05823903e-02  2.88065579e-02  1.76714119e-02
 -9.06714574e-02  5.17519133e-04  7.01938290e-04 -9.29394811e-02
  1.48020955e-02 -1.67082194e-02 -7.69444276e-03 -2.37072427e-02
  1.29866913e-01 -4.48093787e-02 -1.06099740e-01  5.26965670e-02
  1.06077030e-01  3.21223363e-02 -4.66013290e-02  1.00679733e-01
  4.32769656e-02 -8.55781808e-02  5.51436283e-02 -3.06917331e-03
 -5.08446479e-04 -6.10806197e-02  1.47830890e-02  1.89991184e-02
 -1.33283818e-02  1.00695121e-03  5.42332865e-02 -4.69316542e-02
  9.74845588e-02 -4.55856994e-02 -7.38610104e-02 -1.03121130e-02
  8.22287276e-02 -1.22798595e-03  2.66994629e-02 -1.85170900e-02
 -2.11907700e-02  4.93032858e-02 -4.16678488e-02 -4.92380261e-02
  9.53871235e-02  1.01665733e-02 -9.53693241e-02  7.97835737e-02
  1.98846236e-02 -7.00567737e-02  2.11661849e-02  1.90571442e-01
 -4.41129096e-02  1.80129707e-02 -9.12160203e-02  2.78086774e-02
 -2.22663675e-03 -6.64783344e-02 -1.42638823e-02  3.96965295e-02
  2.63188872e-02  1.02832941e-02 -7.21670091e-02 -3.38842161e-02
 -3.14766541e-02  4.17146832e-02  3.38467099e-02  1.50637059e-02
  7.41173998e-02 -6.19875714e-02  4.97951359e-02 -1.73714161e-02
 -4.86150756e-03 -9.07943211e-03 -3.00881285e-02  3.37274820e-02
  4.05693194e-03 -8.36046636e-02  6.07936783e-03 -5.46133059e-33
  3.68937552e-02 -6.70837611e-02  8.19897130e-02 -6.14337921e-02
  2.70767137e-02  6.24167882e-02 -3.54157872e-02 -2.46629119e-02
 -6.25555031e-03  3.03228237e-02  2.62551736e-02  5.26719168e-02
 -6.63965270e-02  5.44198900e-02  1.51424214e-01 -1.69193372e-02
 -1.07613273e-01  3.02188937e-02 -2.79522454e-03  2.57840939e-03
 -2.31366828e-02  3.09065972e-02 -3.88305336e-02  5.96017949e-02
  5.74983917e-02 -6.55676201e-02  6.48263842e-02 -4.32679802e-02
 -2.42338162e-02  9.78320092e-03  7.95183107e-02  3.53806205e-02
 -4.30563688e-02 -9.09336656e-03  4.24328409e-02 -1.84061099e-02
 -4.89720814e-02  5.78875653e-02 -3.62631120e-02 -4.35453393e-02
 -2.11544838e-02  1.16679142e-03  2.90663149e-02  2.98514627e-02
  4.84351553e-02 -1.15346564e-02  4.62590046e-02  1.45283109e-02
 -3.13730463e-02  2.48040687e-02 -3.81848253e-02  4.39743400e-02
 -3.34139131e-02 -2.91978735e-02  7.10950699e-03 -6.28487673e-03
  7.14248046e-02 -2.07667667e-02 -3.75941768e-02 -1.34372786e-02
  2.66693849e-02  1.77349672e-01 -4.04703915e-02 -1.09065333e-02
  9.64723155e-02 -2.10637096e-02  3.57884094e-02  2.08221413e-02
  1.89184286e-02 -1.02257086e-02 -4.16537523e-02 -2.44810022e-02
  1.49678420e-02  2.68920287e-02 -5.72762378e-02 -2.22617146e-02
 -4.49381471e-02 -6.30477024e-03 -5.67882247e-02  5.21987006e-02
 -5.18746749e-02  2.06683632e-02 -6.46070391e-02 -2.15132236e-02
 -2.18314901e-02  8.30346067e-03 -2.32080044e-03 -5.64337857e-02
  7.04839602e-02  8.00417513e-02 -1.94831546e-02  1.05452454e-02
  1.23503404e-02  8.06189026e-04 -8.49922374e-02  3.32247344e-33
 -1.85735766e-02 -2.25647986e-02 -4.15043049e-02  2.13459246e-02
 -2.93566715e-02 -5.32729775e-02 -6.15489706e-02  2.52235439e-02
  5.56211583e-02  5.93355298e-02 -9.94036123e-02  1.09323934e-01
  9.50791091e-02  4.64330539e-02  2.44705863e-02 -5.82904853e-02
 -5.44509403e-02  5.39419614e-02  4.67187812e-04 -2.82340664e-02
 -3.01829111e-02  3.58304172e-03 -2.40244046e-02  2.49637384e-02
 -6.24447279e-02  6.91333562e-02 -3.58158462e-02 -1.99585035e-02
  2.31184792e-02  2.03754120e-02 -3.67810205e-02  3.91935818e-02
 -3.18603255e-02  6.22534230e-02 -3.80355641e-02  1.37951430e-02
  1.48286228e-03 -5.35822138e-02 -2.48922370e-02  1.18764089e-02
  2.41450090e-02  3.80402547e-03  4.24854569e-02  4.07686904e-02
 -2.21768748e-02  3.47569399e-02 -6.22857995e-02  2.74870656e-02
  2.75618676e-02 -2.35495456e-02  5.66889420e-02  5.10428436e-02
 -4.61455546e-02 -3.86656709e-02  8.24475214e-02 -1.13750910e-02
  1.25306370e-02  2.43886728e-02  3.13695753e-03  1.14133731e-02
  1.18067406e-01  9.68590677e-02 -2.37297397e-02  8.32712799e-02
 -8.81650075e-02  1.56793278e-02 -1.53318569e-02  2.54108254e-02
 -7.41499737e-02 -4.78495434e-02  6.14365505e-04  1.58856902e-02
 -9.72765237e-02 -6.27395213e-02 -7.27646202e-02 -5.65639092e-03
 -4.07611169e-02  2.63616946e-02 -3.50487866e-02  1.26121175e-02
 -4.38694954e-02  1.26560610e-02 -2.79752761e-02  2.06409711e-02
 -8.20602477e-03 -5.72121702e-02 -4.79213670e-02 -6.67885095e-02
 -6.51913229e-03 -1.23094385e-02 -1.61633715e-02  1.16000120e-02
 -1.15032032e-01  6.93974122e-02 -2.27947086e-02 -1.28662272e-08
  3.06701579e-04 -3.14678922e-02  5.92299774e-02  1.93422288e-02
 -5.51463105e-03  3.05357785e-03  1.06795311e-01  3.02069914e-02
  2.86450852e-02  6.34947568e-02 -1.41160553e-02  1.62381586e-02
  4.34507988e-02  1.06191196e-01 -1.95824225e-02 -5.16445152e-02
  5.22762677e-03 -8.68638307e-02 -4.94096614e-02  3.82326473e-03
  1.86009724e-02 -2.43300740e-02 -1.30977361e-02  4.12851274e-02
 -4.11151126e-02 -5.73971123e-02  4.89011891e-02  2.53267400e-03
  5.12218811e-02  4.92720641e-02  5.69865890e-02  9.14535522e-02
 -4.55191880e-02 -2.23763175e-02 -7.83428103e-02 -8.71393904e-02
  1.15007497e-02 -2.33703554e-02 -6.29855245e-02 -4.31614779e-02
 -5.10893613e-02  5.08135511e-03 -9.50673874e-03 -1.15847383e-02
  5.10271825e-02 -6.70967847e-02  1.27111189e-02  2.78030541e-02
  2.24319287e-03  1.70373041e-02 -3.66397686e-02 -9.30932015e-02
  3.07124555e-02  3.35388035e-02  3.71334627e-02 -1.68844108e-02
 -1.33052943e-02  1.24371490e-02 -1.88337881e-02  1.88166779e-02
  8.02235529e-02  1.68495364e-02  4.61320505e-02  4.82950173e-02]"
53,Climate Change Vulnerability,Environment,greenhouse,3,0.3508,"[ 2.24615559e-02  7.53499940e-02 -1.54952509e-02  1.28002269e-02
  9.46987793e-02 -3.58220711e-02  7.92173669e-03 -3.26931365e-02
  2.36453209e-02  6.27123117e-02  4.45852391e-02 -8.36820081e-02
 -6.24193205e-03 -2.24411968e-04  5.36655486e-02 -3.73779461e-02
 -5.48011251e-02 -1.40220188e-02 -4.10601720e-02 -8.17977041e-02
 -8.81969482e-02  1.99867040e-03 -2.52882093e-02  1.75891202e-02
 -1.22616421e-02  6.65960908e-02 -1.15648203e-01  1.25672013e-01
  2.09764037e-02 -3.63205075e-02  2.35258862e-02  5.49672581e-02
 -4.64675464e-02  1.98878087e-02  2.78606694e-02  3.46076190e-02
 -1.00106737e-02 -8.86390284e-02  9.07367747e-03  5.83779141e-02
 -1.64354015e-02 -8.79765004e-02  3.27678807e-02 -7.64228776e-03
 -8.16880316e-02  9.01531801e-03 -3.25437784e-02  1.89282633e-02
  5.68858646e-02 -9.56607163e-02  9.80106741e-03  1.31029825e-04
 -5.71297072e-02  1.57145094e-02 -5.59902713e-02  2.65607424e-02
  3.71910296e-02 -3.43240537e-02  3.50740515e-02 -1.07866963e-02
  1.27238035e-01 -7.93552473e-02 -7.73530975e-02  2.69707199e-02
  5.71890473e-02  2.35616714e-02 -8.81289393e-02  6.37405515e-02
  5.16144633e-02 -5.57653196e-02 -1.08380113e-02  2.32501719e-02
 -9.37359594e-03 -1.51372366e-02  4.84872982e-03 -1.32364770e-02
 -1.21054407e-02  1.77662186e-02  1.23763263e-01  9.93057899e-03
  1.36357263e-01  4.30771634e-02 -9.97649506e-02 -5.13038179e-03
 -3.29788551e-02 -2.28607599e-02  2.82224789e-02  3.38459201e-02
  5.04528210e-02 -1.72699464e-03 -2.24682931e-02 -2.30395142e-03
  2.17067413e-02  4.85051870e-02 -1.80033818e-01  2.63959207e-02
  1.69840269e-02 -1.45467564e-01  3.26044448e-02  1.43210575e-01
 -4.95884859e-04 -4.13387902e-02  1.85816586e-02 -1.98486373e-02
 -6.19265363e-02 -5.82437292e-02 -7.89813977e-03  5.58547154e-02
 -7.19373766e-03 -2.00515799e-02 -1.25943512e-01 -2.72763241e-03
 -6.23303764e-02  1.17245782e-02  3.05067073e-03 -2.56494023e-02
  1.26302719e-01 -4.19892222e-02  1.56459399e-03 -1.62999276e-02
  4.29317355e-02 -2.91199074e-03  3.04816011e-02  4.64285798e-02
 -3.80381830e-02 -5.58182187e-02 -9.41389892e-03 -4.27936882e-33
  4.73220367e-03  2.23628562e-02  7.34597221e-02 -5.36813075e-03
  1.31998166e-01  4.39024903e-02 -3.48749310e-02  1.65963955e-02
 -2.52653304e-02 -3.41144651e-02  6.21859282e-02  1.34546508e-03
 -4.55154143e-02  2.22597104e-02  7.64653981e-02 -3.46040092e-02
  5.44059835e-03  1.08883634e-01 -5.71641475e-02 -6.32587168e-03
 -6.44713566e-02  4.26398180e-02  1.76975727e-02  7.23491460e-02
  9.33447927e-02 -9.63444114e-02  4.94795404e-02 -2.66006347e-02
 -6.21283948e-02  1.12077314e-02  1.16029948e-01  1.96317509e-02
 -5.37137054e-02  7.52803087e-02  4.06279601e-02 -3.16077545e-02
 -5.88043779e-02 -4.06043231e-02  1.73889659e-02  2.31794547e-02
  1.99899580e-02  3.53742503e-02  1.17601931e-01  6.76679164e-02
  5.30120991e-02  3.25115323e-02  3.81186232e-02  7.09813386e-02
 -1.58270132e-02  3.95913720e-02 -3.18881683e-02  4.82355319e-02
 -1.46026284e-01 -4.61825839e-04  2.73378473e-02  3.30238719e-03
  8.23024884e-02 -1.67502835e-02 -4.07223254e-02 -7.24788010e-02
 -4.22561020e-02  1.28518268e-01 -9.41142663e-02 -5.83044030e-02
 -9.14750528e-03 -3.27972025e-02 -3.53320949e-02  6.62292615e-02
  2.48304405e-03  2.66506076e-02 -3.83553840e-02 -7.65489340e-02
  3.89566533e-02  1.62663870e-02  1.40292489e-03 -2.09444575e-02
 -2.89100669e-02  5.01030646e-02 -5.92473857e-02  6.65018335e-02
 -1.68650337e-02  3.90627887e-03 -7.04942495e-02 -5.45723699e-02
 -1.06195301e-01 -7.16411993e-02  8.20163544e-03  6.74091578e-02
  2.09945757e-02  3.88061069e-02  3.90791148e-02 -1.06591173e-02
  7.88392946e-02 -1.36661911e-02 -6.36148304e-02  3.03796909e-33
 -4.29352559e-02 -1.77526288e-02 -1.49048902e-02  6.46010414e-02
  6.53909966e-02 -4.22075093e-02 -5.36536463e-02 -7.27801099e-02
  4.38438216e-03 -8.70867539e-03  3.57825309e-03  7.25079626e-02
  1.66634154e-02  4.30707857e-02 -7.67267169e-03  2.29035178e-03
  4.61334921e-02 -1.85901113e-02 -3.68010881e-03  5.59803732e-02
 -6.25115484e-02 -4.31196056e-02 -8.42643378e-04  4.41993698e-02
 -5.42450622e-02  1.23819234e-02  4.97517586e-02  4.02959697e-02
  1.67458989e-02  3.58463936e-02 -9.20068771e-02 -3.76883596e-02
 -6.85647503e-02  4.02544253e-02  5.49760321e-03 -2.37987675e-02
  3.72918323e-02 -8.20419416e-02 -8.31062347e-02 -1.86842133e-03
  5.00297844e-02 -6.34506643e-02 -1.58414000e-03  4.30786461e-02
  1.09350514e-02  6.30284892e-04 -8.53662714e-02  5.69892637e-02
  4.38764691e-02  3.91581319e-02 -3.95036256e-03  3.55814807e-02
 -4.87883538e-02 -2.22816002e-02 -1.91547873e-03 -3.92882153e-02
 -2.03429591e-02  8.20575655e-02 -3.63829769e-02  1.37878060e-02
  7.96451271e-02  1.58633459e-02 -2.77980440e-03  5.60107678e-02
 -5.52058108e-02 -1.76602155e-02  1.42245013e-02  3.81090865e-02
  1.80457477e-02  6.08930248e-04  3.41856340e-03  6.99348152e-02
  3.27864438e-02 -8.26254711e-02 -7.65152425e-02 -4.78541013e-03
  5.67892753e-02 -5.86635098e-02 -5.00804838e-03  1.56089719e-02
 -7.26481155e-02  2.10678205e-02  1.63968299e-02 -6.61097793e-03
  7.55589232e-02 -7.25110099e-02 -2.40118820e-02 -5.26826680e-02
 -7.48649007e-04  7.22881705e-02  8.42604600e-03  2.63919607e-02
 -1.57739781e-02  1.32778650e-02  4.67015654e-02 -1.01778550e-08
 -1.89789012e-02 -6.19373168e-06  6.16026148e-02 -2.77451854e-02
  3.54463719e-02 -4.96819057e-02  1.20153561e-01 -5.79420142e-02
  3.92802246e-02  3.66442241e-02 -2.40655392e-02  7.15583861e-02
  1.07413761e-01  5.57986535e-02  9.89731168e-04 -6.42806962e-02
 -1.23774288e-02 -6.30416647e-02 -1.15314648e-02  5.89416251e-02
 -2.75676418e-02 -1.65427867e-02 -1.87336851e-03  1.48786383e-03
  4.69985139e-03 -3.83926835e-03  6.75443113e-02  6.41154125e-02
  1.71029158e-02  4.61505875e-02  4.69937474e-02 -1.62052847e-02
  1.30444467e-02 -5.90797979e-03 -3.00873816e-02 -4.28049937e-02
 -2.33165473e-02  1.68122668e-02 -6.48431927e-02 -9.36975926e-02
  2.65054721e-02  2.75862422e-02 -5.31664714e-02  1.85014680e-02
 -8.30843206e-03  1.99897755e-02 -3.48292850e-02 -4.93491767e-03
 -2.98312884e-02 -2.60447431e-03  1.37449857e-02 -5.62240668e-02
  2.88405232e-02 -6.20591640e-03 -1.85303632e-02 -1.25278877e-02
 -1.21802865e-02 -1.36487046e-02 -2.21947301e-02  7.02654719e-02
 -3.66489403e-02 -1.75184421e-02 -1.29061081e-02  5.14601618e-02]"
54,Climate Change Vulnerability,Environment,mitigate,1,0.3231,"[-8.17309693e-03  1.32986307e-01  5.85991405e-02 -6.15927577e-03
  9.23130810e-02  5.77541627e-02  8.27281997e-02  3.45107391e-02
 -4.35223728e-02  9.54347849e-03  2.31983401e-02  7.68281668e-02
  7.32754618e-02  1.15371728e-03 -4.17924151e-02  8.98240209e-02
  4.98514846e-02  8.31129700e-02 -6.83008954e-02 -2.88365763e-02
 -9.17939320e-02  5.90768782e-03 -4.83417325e-02  7.07889199e-02
 -1.07795477e-01 -1.13517884e-02  2.73663141e-02 -1.24911172e-03
 -1.41559439e-02 -9.43295211e-02  5.61063588e-02  4.52066101e-02
 -9.00445133e-02 -1.61358565e-02 -6.34026080e-02 -1.70454849e-02
 -2.94553656e-02 -4.39735316e-03 -1.34146214e-02 -5.30996770e-02
 -3.69547866e-02 -4.19404544e-02 -5.02980240e-02 -5.08425049e-02
  1.67405214e-02 -9.41906683e-03  4.66388389e-02 -6.87587494e-03
 -6.16436498e-03 -8.18541050e-02  3.83105641e-03 -8.64824373e-03
 -5.20401914e-03 -1.26453936e-02  5.78104183e-02 -6.71261251e-02
  9.78785381e-03  1.68703105e-02  8.82411934e-03  7.05959499e-02
  4.26828861e-03 -6.72975555e-02 -7.27099106e-02  2.41180360e-02
 -1.71813350e-02  4.34903689e-02  5.96586987e-02  6.77353218e-02
 -3.09429411e-02  1.39885783e-01  6.86344802e-02  1.26750767e-02
  1.79110765e-02 -2.78172884e-02  9.07040089e-02 -2.15540989e-03
 -2.10823789e-02 -6.50342554e-02  1.27962843e-01 -4.86368053e-02
  2.53236704e-02  2.61284038e-02  4.69201021e-02  2.71377433e-02
  1.75422691e-02 -4.29599062e-02  7.20562190e-02 -5.58072366e-02
  1.12112202e-01 -6.34479756e-03 -2.36866437e-02  8.80107563e-03
  1.11862049e-01  4.91211042e-02 -5.36360219e-02  3.18818376e-03
 -3.13110999e-03 -6.93653747e-02 -1.27764225e-01  2.57390201e-01
  3.98363806e-02 -6.92974404e-03 -1.28362700e-01 -2.55904682e-02
  5.56913763e-03 -1.03906520e-01  3.57437469e-02 -1.50149968e-02
 -1.65043287e-02  3.59719172e-02  7.09526357e-04  4.10737544e-02
 -7.03114048e-02 -6.09996822e-03 -4.85734381e-02 -8.23900104e-03
  9.44923162e-02 -2.94256974e-02 -3.53892520e-03 -4.95094843e-02
  5.33973239e-02  4.44044322e-02 -3.39462124e-02  2.65654717e-02
  1.42018860e-02 -1.60669871e-02 -5.16965240e-02 -2.58482667e-33
  1.44803552e-02 -6.63311407e-02  1.16253374e-02 -1.83365569e-02
  2.10365150e-02 -6.67959750e-02 -1.97453331e-02 -3.64760980e-02
 -5.81810288e-02 -2.92616244e-02  1.22760013e-02 -5.15836058e-03
 -3.19252834e-02 -2.12263651e-02  1.07929349e-01 -6.23043552e-02
 -3.88885736e-02  1.08256601e-01  9.95761901e-02 -2.94416472e-02
 -2.31743921e-02 -1.01805799e-01 -1.11407926e-02 -5.33800796e-02
 -1.70818698e-02  3.05742212e-03 -1.57300308e-02 -3.86318602e-02
  3.74057963e-02  6.65558428e-02 -7.68098608e-03  1.89894456e-02
 -5.13229147e-02  3.15973423e-02 -1.18317166e-02 -2.54162960e-02
 -6.72273934e-02 -1.53769851e-02 -4.95860651e-02 -6.56076521e-02
 -5.62424995e-02  8.09152052e-02 -9.22311284e-03  2.76736580e-02
  1.62209630e-01 -3.85850482e-02  3.26503664e-02 -4.07508314e-02
 -5.83811849e-02 -1.62088126e-02  2.58596186e-02  5.93914501e-02
  3.05211283e-02  1.30339824e-02 -3.40347476e-02 -9.64586511e-02
 -4.52385023e-02 -5.67086488e-02 -2.31479872e-02 -7.71811185e-03
  4.67819832e-02 -1.22340001e-01 -8.85573626e-02  5.84999993e-02
  3.60026024e-02  5.58675313e-03 -5.77557134e-04 -2.75602937e-02
 -5.82855754e-02 -1.54886395e-02 -8.37854296e-02 -4.18914109e-02
  9.48621035e-02  3.16050388e-02 -1.16776839e-01 -2.68759150e-02
  5.77113517e-02  7.89013281e-02 -1.37965223e-02 -8.78060982e-02
 -2.71428898e-02 -5.26812347e-03 -3.31995413e-02  9.91771836e-03
  2.18380298e-02 -2.76114251e-02  2.96326522e-02 -3.30396183e-02
  4.26101424e-02  9.07928275e-04 -4.94790822e-02  2.47353781e-02
  6.62697628e-02  9.62177217e-02 -3.86796072e-02  1.55329291e-33
 -8.13936293e-02  2.42515597e-02 -2.55055260e-02  2.39499267e-02
 -2.78724600e-02  4.82822917e-02  4.24998850e-02 -2.70461384e-02
 -5.79629000e-03  2.33599655e-02  6.55834517e-03 -9.37154423e-03
  4.45958264e-02  1.88778322e-02 -5.76349348e-02 -8.70813355e-02
  8.90018493e-02 -7.72528001e-04 -4.15420197e-02 -2.37025693e-02
 -9.34101408e-04 -6.02073595e-02 -3.36525515e-02  3.31749208e-02
 -2.48465165e-02  4.96392660e-02 -4.91340794e-02 -2.47632973e-02
  6.43406156e-03  1.44268358e-02  5.11805760e-03  3.27917859e-02
 -3.59799303e-02 -5.86930737e-02  5.72327990e-03  2.50363760e-02
  1.84442997e-02  4.09327894e-02 -6.47311956e-02  9.93474200e-03
  5.58553338e-02  2.32489035e-03 -4.35236543e-02 -2.97213439e-03
  3.62440273e-02  1.19179841e-02  3.09959557e-02 -5.62095866e-02
  5.51001467e-02  1.94345489e-02 -1.78654306e-02  7.24476250e-03
 -1.19026285e-02 -3.78072374e-02 -1.73661001e-02 -6.04657866e-02
  9.39971358e-02 -4.18336019e-02  2.78680641e-02  8.96297321e-02
 -1.34100616e-02  1.05281929e-02 -5.57611510e-02  4.00965549e-02
  1.62562113e-02 -1.28324935e-02 -6.89494759e-02  3.54548916e-02
  8.62645805e-02 -1.59118064e-02  6.26002178e-02  3.20540816e-02
 -6.45937696e-02 -6.98292851e-02 -2.60494254e-03 -9.40393470e-03
 -2.85231713e-02 -7.26130838e-03 -6.75090104e-02  9.64681953e-02
  4.19212505e-02 -3.57099324e-02 -8.35832488e-03 -3.82596739e-02
 -6.94022998e-02 -7.99607392e-03 -2.49446393e-03  9.73645505e-03
  4.23262455e-02  5.94356433e-02 -7.19495714e-02 -1.07399616e-02
 -2.85153035e-02 -2.25339700e-02 -6.84642270e-02 -1.55473767e-08
 -1.82721447e-02 -4.52772295e-03  4.67415936e-02  5.13599366e-02
 -4.19560149e-02 -1.59245767e-02 -1.34667428e-02  3.53176445e-02
  5.21878200e-03  1.36382715e-03  3.51391472e-02  4.78469431e-02
  5.82445301e-02  1.76955555e-02  3.80803794e-02  2.56210882e-02
 -2.21944116e-02  6.11877535e-03 -8.23617801e-02  8.97299591e-03
 -3.34057733e-02  1.29067549e-03 -5.86122051e-02 -3.14398408e-02
  7.80490285e-04 -1.67766381e-02  5.82715981e-02  7.12552890e-02
  6.00051470e-02  4.59973402e-02  1.83360167e-02 -1.09125895e-03
 -3.72327082e-02 -2.52015907e-02 -2.54426841e-02  6.46368340e-02
  3.07626035e-02 -1.00443708e-02  6.79958090e-02  7.77594671e-02
 -6.85222521e-02  1.20946141e-02  4.45460156e-02  1.78889278e-02
 -9.81941447e-03 -1.98683292e-02 -1.29704205e-02  1.81998014e-02
  1.99128613e-02 -2.55848859e-02  2.01765690e-02  4.98496071e-02
  1.84816085e-02  7.43960664e-02  4.59965803e-02  3.58249340e-03
  5.44373356e-02 -3.17962766e-02 -3.97607051e-02  2.55516749e-02
  3.83564867e-02 -8.35030079e-02  5.87609410e-02  5.86052015e-02]"
55,Climate Change Vulnerability,Environment,emissions,2,0.3152,"[ 1.68955065e-02  9.36585739e-02  7.92850479e-02  5.87679483e-02
  9.59585458e-02 -2.11120453e-02  1.03124231e-01 -9.04076546e-03
  8.36734101e-03  1.42491963e-02  3.71764321e-03 -6.95867911e-02
 -3.58618982e-02  2.06573494e-02  5.56268933e-05  4.00823615e-02
 -1.85057744e-02  2.34444160e-02 -7.75493085e-02 -5.21299280e-02
 -9.46655218e-03  4.97749262e-02 -9.04355384e-03  7.09303655e-03
 -1.86955724e-02  2.26828679e-02 -6.84679300e-02  3.14821042e-02
  4.08764780e-02 -4.44138832e-02  1.97886545e-02  2.14567240e-02
 -6.44464120e-02 -1.03730345e-04 -2.22288445e-03 -5.79683557e-02
  3.16489041e-02  3.43721770e-02 -2.84770736e-03 -9.81333572e-03
 -7.09313899e-02 -1.39297441e-01  2.83838157e-03 -7.16264248e-02
 -7.14841336e-02 -4.24277969e-03  5.04886881e-02 -5.25026508e-02
  1.42580131e-02 -7.90788531e-02  9.19329971e-02 -3.21160369e-02
 -7.57488385e-02 -1.13881761e-02  5.01472801e-02 -1.04409747e-01
  1.28818927e-02 -1.44954147e-02 -1.64189041e-02 -4.13138606e-02
  3.77394035e-02 -1.07944809e-01 -6.36491179e-02  8.87315813e-03
  8.60026479e-02  3.08571514e-02 -2.21264223e-03  1.18236654e-02
 -2.66484842e-02  4.52702589e-05 -4.68132261e-04 -5.38278930e-02
 -6.41406104e-02 -1.12312563e-01  9.17597394e-03 -4.02649418e-02
  8.24032817e-03  4.55933176e-02  1.24848716e-01 -5.01362346e-02
  5.13853617e-02  5.30596031e-03 -9.72677097e-02  1.25556430e-02
  8.75397325e-02  3.46321985e-03  7.73293315e-04 -4.42692786e-02
 -7.02242479e-02  3.89840938e-02 -5.56134991e-02 -2.84873080e-02
  1.61209628e-01  2.33280081e-02 -5.10408394e-02  5.07287495e-02
  8.83493721e-02  5.06951986e-03  7.52978027e-02  9.80228260e-02
 -5.11002773e-03  8.50361064e-02 -1.13648191e-01 -1.31362006e-02
 -1.06480390e-01 -2.03642529e-03 -1.39648682e-02  5.01670018e-02
  1.57648139e-02 -2.83980276e-02 -2.52152942e-02 -2.27715541e-02
 -4.13170345e-02 -2.99845599e-02  1.86950788e-02 -1.59726609e-02
  7.98784047e-02  1.46587018e-03 -4.97281663e-02 -7.54753640e-03
 -5.78167848e-02 -6.22134143e-03 -7.48370681e-03  4.51362096e-02
  4.25361842e-02 -1.05911195e-01  4.11083624e-02 -4.03622920e-33
 -8.01580176e-02 -8.82249605e-03  2.58626807e-02  3.99079500e-03
 -1.07474374e-02  1.74471121e-02 -8.24942589e-02  8.91010929e-03
  3.96371596e-02  4.33711037e-02  1.71084190e-03  4.10438180e-02
 -3.86927165e-02  1.53444577e-02  1.56267762e-01 -3.87740359e-02
 -7.03632832e-02 -1.49505530e-02 -3.49691957e-02 -2.89384406e-02
 -6.37384281e-02 -4.11337987e-02  1.19915530e-02  7.45342672e-02
  5.27810305e-02 -2.46155914e-02  4.26798873e-02 -1.63724890e-03
 -9.50283110e-02  1.19947707e-02  3.26365680e-02  8.74502510e-02
 -3.68860252e-02  2.58748699e-02 -3.76419388e-02 -1.92216877e-03
 -1.61358844e-02  3.07056941e-02 -3.70856412e-02  1.52472295e-02
  3.08919866e-02  1.48484502e-02 -2.02393681e-02 -3.86365992e-03
 -4.58324840e-03  8.97688419e-03  2.78690252e-02 -9.43525694e-03
  8.27844813e-02  1.45452488e-02 -8.76179636e-02  3.98810282e-02
 -6.05558194e-02 -1.77423973e-02  7.66019300e-02  5.36756329e-02
  5.71571514e-02 -4.85578589e-02 -2.40640398e-02 -1.87923573e-02
 -6.96137920e-02  7.14154989e-02  3.29254605e-02  4.22367677e-02
  2.85024215e-02  3.58256176e-02  7.40610342e-03 -1.51260542e-02
 -1.20405992e-02 -6.62453333e-03 -1.62074976e-02 -5.69734462e-02
  7.24248588e-02 -3.06412075e-02 -2.68080109e-03 -1.58471707e-03
 -6.80811778e-02  4.91506644e-02 -3.54331657e-02  3.78065854e-02
 -1.07762575e-01 -5.48428893e-02 -4.17008922e-02 -1.44113496e-01
 -2.60670241e-02 -4.27696630e-02 -3.38119082e-02 -1.20443571e-02
  4.54759076e-02  5.96925840e-02 -1.02688195e-02 -2.94105131e-02
  2.85600051e-02  1.06803337e-02 -4.75681238e-02  2.90520839e-33
  5.86491600e-02  7.17906058e-02 -3.64436652e-03  1.61312278e-02
  2.97669210e-02 -1.02900928e-02  2.58243568e-02 -1.25413472e-02
  2.84145717e-02  1.37754083e-01 -5.78869134e-03  7.16562420e-02
  9.23580397e-03  1.13509288e-02  1.37332771e-02 -3.16810720e-02
  4.06306200e-02 -1.00538461e-03  2.61178203e-02 -3.93486880e-02
 -3.19261998e-02 -4.79927436e-02  5.63296713e-02 -4.08565030e-02
 -9.09841880e-02  6.96890578e-02 -2.51269080e-02 -2.95662247e-02
  5.80557473e-02 -2.11701375e-02 -7.31572136e-02  1.08832136e-01
 -6.14476530e-03  4.86670509e-02 -2.07826737e-02 -2.65334118e-02
  7.49226063e-02  5.84191568e-02 -5.79240806e-02 -6.70488551e-02
  3.80960037e-03 -2.35985611e-02  4.93575707e-02  7.62301460e-02
 -3.86725776e-02 -1.22202942e-02 -2.99899057e-02  1.34216473e-02
  3.59554701e-02 -3.87959229e-03  1.57813936e-01  6.36052042e-02
 -6.46427944e-02  6.19406775e-02  3.03695742e-02  4.18223478e-02
  8.85644928e-02  4.08191532e-02  4.59139841e-03  1.43290032e-03
  3.84615175e-02  3.55848297e-02  7.39319064e-03  3.98963280e-02
 -5.88195063e-02 -5.69095723e-02 -4.30582054e-02 -7.83709227e-04
  1.00804381e-01 -2.30397992e-02 -6.40608370e-03 -9.75250266e-03
 -2.60512196e-02 -4.07902747e-02 -1.34591654e-01 -6.58121854e-02
 -1.32829072e-02 -5.53626455e-02  2.30558813e-02  2.18175162e-04
 -1.06555857e-01  2.64644157e-02 -5.58971707e-03  1.10736974e-02
  7.06984252e-02 -7.03143924e-02 -4.63924147e-02 -6.26177713e-02
  4.46129628e-02  4.72617261e-02 -5.18556722e-02  4.77744490e-02
 -4.46793474e-02  1.73444618e-02 -1.22672832e-02 -1.11590062e-08
 -3.30962501e-02 -9.18546878e-03  6.34665042e-02  1.87463034e-02
  2.08474398e-02 -1.20937144e-02  5.54541759e-02  6.37765527e-02
  5.44890203e-03  4.72123884e-02  5.30556813e-02  4.42856662e-02
  9.96803716e-02  8.04387778e-02  2.63877343e-02 -2.99395565e-02
 -2.50805877e-02 -4.82458845e-02 -2.66651046e-02 -1.28486920e-02
  1.81860209e-03  2.14413367e-02 -4.90340497e-03  2.09767073e-02
  5.87991029e-02  2.02212017e-02  4.88148779e-02  6.82656765e-02
  4.54451516e-02  3.16386335e-02 -1.39792105e-02  6.24164939e-02
  4.45418619e-03 -4.05980609e-02 -5.58887534e-02 -8.99389163e-02
  2.12466251e-03 -2.47388370e-02 -5.47521785e-02 -4.02570292e-02
 -6.00877311e-03 -1.54554844e-02 -5.19999443e-03  1.07448427e-02
 -2.60415860e-02 -3.24739739e-02 -1.03892863e-01  2.52809115e-02
 -2.69586630e-02  4.87369001e-02  1.98921748e-02 -1.18908435e-01
  3.79012488e-02 -4.37777583e-03 -1.90814063e-02 -1.77523065e-02
 -2.18102541e-02  3.23890969e-02 -9.58723761e-03  1.68321021e-02
  1.42426208e-01  3.90783288e-02  5.18226102e-02 -1.24866031e-02]"
56,Climate Change Vulnerability,Environment,nature,2,0.3052,"[ 1.95322447e-02  5.40046245e-02  3.54663804e-02  1.03292786e-01
  5.14745079e-02  4.15694155e-03  7.71602765e-02 -5.05582541e-02
  6.93019340e-03  7.32245371e-02  2.77080033e-02 -1.08296916e-01
 -6.74063340e-02  2.41845213e-02 -1.65841985e-03  1.10809440e-02
 -3.80373076e-02 -6.84375316e-03 -1.37348277e-02  6.88260570e-02
 -2.05916371e-02  9.73797962e-02 -5.66561380e-03  3.71259666e-04
 -9.53442380e-02  3.14026512e-02 -2.28273012e-02  3.81071493e-02
  6.39092997e-02 -9.15061608e-02  3.37812826e-02  1.55767515e-01
  8.66930485e-02 -2.17275713e-02 -6.53032586e-02  8.31414536e-02
  1.18761137e-02 -2.87479069e-02  5.33744916e-02  1.34954732e-02
 -2.87084412e-02 -7.68259689e-02  4.74585220e-02 -2.45633908e-02
  1.13078337e-02  2.24280208e-02  2.95502003e-02 -8.96472558e-02
  1.92662328e-02 -2.81886198e-02 -2.75328215e-02 -4.58369255e-02
 -1.11081801e-01  1.72486305e-02  2.58180965e-03 -1.99250355e-02
 -3.62575939e-03 -9.84847732e-03  2.50743814e-02 -5.70918433e-02
  1.44582495e-01 -3.75325675e-03 -7.19145909e-02  4.06802334e-02
  1.51375115e-01  1.21989439e-03 -3.90510522e-02  6.89371899e-02
  4.24973108e-02 -1.21776596e-01  8.11329633e-02  6.90687634e-03
 -6.65068533e-03  4.59560342e-02  3.44611332e-02  8.52653384e-03
 -3.72964889e-02 -2.28494834e-02  2.30837222e-02 -1.26663353e-02
 -1.44679332e-03 -2.27597076e-02 -2.57654786e-02  3.07590663e-02
  6.90797493e-02  2.58800760e-02  5.89509644e-02  1.65054947e-02
 -1.08654406e-02  5.73144555e-02 -8.97143856e-02 -1.52242370e-02
 -3.21496720e-03  1.88783985e-02 -9.70809162e-02  5.72322048e-02
 -1.38942245e-02 -1.20870188e-01  3.14925914e-04  1.96088284e-01
  2.38727536e-02  3.19620110e-02 -1.20691903e-01  1.07043169e-01
  5.86621091e-02 -7.28635564e-02 -6.97803572e-02 -4.03711908e-02
  4.16654572e-02  7.24530220e-02 -1.99162848e-02 -1.25681302e-02
 -6.63656145e-02  1.55159896e-02 -2.24989001e-02 -1.34860566e-02
 -1.10495910e-02 -3.85246094e-04 -8.30346625e-03 -3.71510796e-02
  1.88859589e-02  1.16092376e-02 -2.25391779e-02  1.65233314e-02
 -4.60636290e-03 -1.12001695e-01 -6.56847749e-03 -6.25304000e-33
  6.85849860e-02 -9.29235443e-02  8.43880549e-02 -2.01088022e-02
  1.53457895e-02  2.13336665e-03 -4.49831188e-02 -6.80439845e-02
 -1.36974566e-02  2.46551242e-02 -7.36308768e-02  3.81589718e-02
 -1.66065395e-02  1.37009388e-02  4.76200916e-02 -2.74083856e-02
 -1.99051760e-02 -6.35598972e-02  1.47917848e-02  1.51161402e-02
 -8.05955753e-02  3.34213823e-02 -3.10991388e-02 -4.13542613e-02
  1.33269839e-02 -1.80987939e-02  1.32937292e-02 -6.92930222e-02
 -1.77216921e-02  3.84843908e-03  8.60606879e-02 -9.23524518e-03
 -5.42646535e-02  1.57426689e-02  3.88456434e-02 -3.87301743e-02
 -2.87173185e-02  1.66495447e-03 -1.15094706e-02 -2.76822485e-02
 -6.10769307e-03  2.72626430e-02  2.32936093e-03 -3.32112424e-02
  6.54520765e-02  1.37796821e-02  9.26765054e-02  3.50619741e-02
 -1.62820786e-01 -5.13024686e-04 -7.10971877e-02  2.33536661e-02
  3.58586013e-02 -2.47946680e-02  1.67659018e-02  1.25393588e-02
  2.46889722e-02  1.16031365e-02 -9.97127071e-02  1.87277440e-02
  7.73996338e-02  6.18610084e-02  2.15009823e-02 -4.60424088e-02
  9.45450738e-02 -4.69440743e-02  1.17650740e-02 -1.41725214e-02
 -1.87982321e-02  5.73491538e-03 -5.13920262e-02  7.87934195e-03
 -1.56528614e-02 -2.88361274e-02  7.68772839e-03 -2.59103607e-02
  7.47663006e-02 -2.97463536e-02 -4.07513324e-03  3.11920736e-02
 -5.28566763e-02  1.14582069e-02 -1.71769727e-02  8.10360361e-04
 -8.50050151e-02  2.24533025e-02  6.34778710e-03 -9.95292738e-02
  2.79643163e-02  6.86646476e-02 -1.23184159e-01 -1.09749446e-02
  6.06774613e-02 -1.60638075e-02 -1.99085660e-02  3.80480742e-33
 -4.51748036e-02 -6.76620901e-02 -5.36075654e-03  7.82252774e-02
  1.41545339e-02 -2.50292011e-02 -1.00925341e-01  1.87622588e-02
 -2.22574286e-02  7.99206644e-02 -4.00230065e-02  5.04392944e-02
  1.05453752e-01 -1.89649332e-02  1.88117661e-02 -2.32595522e-02
 -1.07834358e-02  6.41174242e-02  5.34587987e-02 -1.33663360e-02
 -3.08281779e-02  4.16881032e-02 -2.45258585e-02 -9.11782980e-02
 -4.78813127e-02  7.60115534e-02  2.57019252e-02 -2.25258525e-02
 -5.44223972e-02  5.03699854e-02 -3.60142887e-02  1.90576650e-02
 -4.99553867e-02  2.42441967e-02 -1.12685496e-02  1.13596931e-01
  5.66125549e-02 -5.82043156e-02 -3.92561071e-02 -9.89883859e-03
  1.69523968e-03  7.42454380e-02  7.61239827e-02  4.71971370e-02
  7.48545537e-03 -1.85857620e-02  8.49944800e-02  8.88111442e-02
 -3.15755866e-02  3.26192193e-02  4.68399562e-02  8.85413587e-03
 -6.74516428e-03 -7.88378343e-02  3.53338197e-02 -6.04275316e-02
 -1.07278181e-02  3.32605951e-02  1.95605271e-02  4.63677431e-03
  4.98323236e-03  5.80818914e-02 -8.38018507e-02  6.47885427e-02
 -7.97161832e-02  4.49819788e-02 -2.90744808e-02  6.27446696e-02
 -5.64580336e-02 -5.37203103e-02 -4.66627022e-03 -1.43791204e-02
 -4.17523347e-02 -8.64289626e-02  1.86806510e-03  2.97626704e-02
 -9.56003368e-03 -3.17651890e-02 -3.37088294e-02  2.02660891e-03
 -3.94056505e-03  1.72725935e-02  1.82390232e-02  2.50793528e-02
  2.56991815e-02 -1.21747022e-02 -6.35988489e-02 -2.37893630e-02
  4.30712141e-02  1.96315325e-03 -5.53141534e-02 -3.76753276e-03
 -7.45591223e-02  1.56430565e-02 -5.69379963e-02 -1.39159315e-08
  3.22754644e-02 -3.35065722e-02 -1.32044191e-02 -3.01855840e-02
  7.72312805e-02  6.93236589e-02  6.08950891e-02  4.15926129e-02
 -2.77095269e-02  6.66965991e-02 -6.76518977e-02  5.53057678e-02
  5.45632727e-02  1.04007356e-01  6.73467666e-02 -4.70798165e-02
  1.40218977e-02 -9.28617269e-02 -8.42246786e-02  2.26420201e-02
  3.61030251e-02  1.39568206e-02 -9.27592721e-03  1.50610879e-02
 -3.30363698e-02 -6.74978942e-02 -2.61203907e-02 -6.02194667e-02
  1.38710532e-02  3.29722129e-02  6.11683652e-02  8.15450773e-02
 -4.83784303e-02  3.37760895e-02 -4.70083766e-02 -1.50831658e-02
  3.41536999e-02 -2.18288717e-03 -2.02166401e-02 -6.89226314e-02
  5.87317487e-03  7.13782236e-02  4.27433066e-02  2.91876458e-02
 -5.77460043e-02 -1.81695279e-02  3.13941017e-02 -1.74156632e-02
 -1.73202320e-03  2.73020435e-02 -2.28572227e-02 -6.68086484e-02
  3.18170451e-02 -5.27337333e-03  2.81597488e-02  1.00607716e-03
 -1.92955900e-02 -1.94843225e-02 -4.40279543e-02  4.87964265e-02
  4.15065549e-02 -4.45039012e-02  1.59825925e-02 -8.74069054e-03]"
57,Climate Change Vulnerability,Environment,sustainable,11,0.3041,"[ 9.22848657e-03  1.04225494e-01 -5.20337233e-03  5.47348708e-02
  6.56212270e-02  3.49341072e-02 -3.36268134e-02 -3.76468860e-02
 -3.96983027e-02  2.51432937e-02  1.69527251e-02 -6.44890815e-02
  3.16630933e-03 -1.16359778e-02 -6.44629896e-02  2.11503748e-02
 -7.73705691e-02 -1.85290948e-02 -5.18384688e-02 -3.76979560e-02
 -3.17952447e-02  2.19671428e-02  3.85503657e-02  2.70640347e-02
 -7.63282478e-02  1.03875540e-01 -2.92969681e-02 -1.91211142e-02
  4.23213653e-02  4.95439582e-03  4.85607237e-02  5.02502844e-02
  1.30012818e-02 -2.60172114e-02  2.93463916e-02  9.57414955e-02
  3.52528132e-02 -4.42201793e-02  1.43693034e-02 -2.51109973e-02
 -7.70237297e-02 -9.52913687e-02 -4.47366871e-02 -9.41595659e-02
 -2.59539764e-03 -1.26119899e-02  8.20878614e-03 -6.19556792e-02
 -2.95565594e-02 -4.27200533e-02  3.41579765e-02 -5.02084091e-04
 -3.00382003e-02 -1.89252812e-02  4.37179767e-02 -6.11736402e-02
  2.79853903e-02 -6.42527863e-02 -2.07235217e-02 -2.18733978e-02
  8.45526680e-02 -2.10564993e-02 -9.17030424e-02  2.87472475e-02
  1.00640893e-01  7.32735246e-02 -4.29532006e-02  9.35131684e-02
 -1.01452162e-02  1.78359766e-02 -2.33976170e-03 -1.58628561e-02
 -5.75798517e-03 -5.97963035e-02  4.22031507e-02 -1.17575238e-02
  3.97013128e-03  3.91095085e-03  7.51854256e-02  6.64167330e-02
  1.13268524e-01 -1.07284132e-02 -3.77447084e-02 -2.31292900e-02
  3.36776040e-02 -1.38704013e-03  1.88854020e-02 -2.25956254e-02
  6.18289635e-02  5.19074406e-03 -9.07039046e-02  4.43285704e-02
  6.67704120e-02  1.78690795e-02 -1.05950765e-01  3.86274932e-03
 -4.39076610e-02 -3.57128233e-02 -1.21811302e-02  1.94087461e-01
 -1.41280005e-03  5.02700917e-02 -2.97651440e-02 -2.10272409e-02
 -4.83780243e-02 -3.86787355e-02 -9.07786936e-03  6.36170655e-02
 -1.49172023e-02 -4.08357009e-03 -4.60484587e-02 -9.78361070e-03
 -5.33926673e-02  1.02120578e-01  3.39171961e-02 -1.53101832e-02
  7.39554167e-02 -5.02446443e-02  6.67683780e-02 -1.66818388e-02
  4.17237878e-02  1.31767010e-02  3.22599858e-02  9.48042329e-03
  6.20074454e-04 -2.80210432e-02  3.61135341e-02 -5.52840393e-33
 -1.48394601e-02 -3.34775522e-02  9.89520699e-02 -6.85551912e-02
 -2.94705592e-02  4.71741818e-02 -9.15629566e-02  1.37880892e-02
 -1.79847945e-02  5.16757928e-03  7.73872808e-02  2.91417111e-02
 -2.75963433e-02  1.77336913e-02  1.29787073e-01 -1.06546946e-01
 -4.13528904e-02  4.55355272e-02  2.12636534e-02 -2.50718109e-02
 -4.47093602e-03  6.01316430e-02  8.44855886e-03  3.08014601e-02
  9.07533020e-02 -3.71237732e-02  4.63145263e-02  9.65213217e-03
 -3.71443592e-02  1.91891808e-02  5.05467225e-03  5.53693138e-02
 -1.00778893e-01 -6.49165809e-02  1.78201981e-02 -2.91374754e-02
 -1.17507905e-01  7.11434931e-02 -3.52123342e-02  1.40156411e-03
 -4.16946560e-02 -2.99997497e-02  6.44450560e-02 -7.87003338e-03
  4.77563292e-02  4.65479232e-02  4.81169149e-02  5.75945191e-02
 -9.17959288e-02  1.41532915e-02 -3.60856541e-02  3.18858027e-02
 -1.17478035e-01 -5.55104725e-02 -1.34805748e-02 -9.49740931e-02
  1.08085293e-02  1.17899748e-02 -6.47198111e-02 -1.11516349e-01
 -4.49610082e-03  4.77622002e-02 -1.05567649e-01 -2.63494789e-03
  6.43549860e-02  1.48124760e-02 -8.25338997e-03  5.63167743e-02
 -1.48336114e-02 -1.08926147e-02  1.56978834e-02 -4.64977697e-02
  5.14241047e-02 -1.26619134e-02 -2.74164844e-02 -3.29976268e-02
 -2.37195287e-02  3.76674533e-02 -6.72404841e-02  8.07582885e-02
 -8.06140229e-02  8.10746402e-02 -3.86328474e-02 -7.41092637e-02
  1.20861135e-01  2.08178000e-03  2.19565239e-02 -6.61599543e-03
  8.28580037e-02  3.42445485e-02 -3.27432901e-02  2.21828036e-02
  4.93733808e-02 -1.77856088e-02 -7.77353570e-02  2.92105038e-33
  6.09750375e-02  3.88426259e-02 -6.63989782e-02  2.79159583e-02
 -5.53466603e-02 -6.01773188e-02 -1.09983422e-01  3.36026750e-03
 -9.33929550e-05  3.32125067e-03 -8.83268472e-03  5.21280505e-02
  5.92173524e-02  4.77920659e-02  1.07878400e-03 -9.70176980e-03
 -3.10023893e-02 -1.45024024e-02 -6.69280440e-02 -1.78756732e-02
 -3.16871330e-02  1.60111077e-02 -3.63075957e-02  4.25581224e-02
 -5.90747818e-02  5.28500564e-02 -5.77046629e-03  4.52349521e-02
  6.16407804e-02 -2.10503265e-02  1.42845968e-02 -3.18131484e-02
 -5.13933450e-02  7.18569942e-03 -2.67034210e-02  1.98693238e-02
 -2.73500197e-02 -4.33276743e-02  6.31152540e-02  5.41477688e-02
  5.77913448e-02 -6.60759211e-03 -1.04236215e-01  4.86186258e-02
  3.26525830e-02 -4.29465016e-03 -6.47674352e-02 -4.81524214e-04
  4.36642915e-02  2.74656573e-04  8.64008963e-02  4.58669178e-02
 -7.32465982e-02 -9.47188735e-02  1.20803146e-02 -5.71760722e-03
  1.09920511e-02  4.61515002e-02 -5.11154272e-02 -6.00319952e-02
  3.62726972e-02  5.81586920e-02  3.99780460e-02  1.01935655e-01
 -1.90357901e-02  1.56874415e-02  5.85634150e-02 -5.15712984e-03
  2.64164736e-03 -5.89668043e-02  2.02981811e-02  1.42573789e-02
 -1.51132405e-01 -2.72336490e-02 -3.34407575e-02  2.20838301e-02
 -2.90264077e-02 -3.90031259e-03 -3.15845162e-02 -1.64761264e-02
 -6.92284405e-02 -3.84390578e-02  1.87562115e-03 -2.44203433e-02
  6.09043380e-03 -6.55906275e-02 -5.36674410e-02 -7.88323507e-02
  4.57958458e-03  7.60348365e-02  9.78236739e-03 -1.57828536e-02
 -1.55801430e-01  9.45107788e-02  3.00860088e-02 -1.25546196e-08
  6.05057143e-02  2.95662526e-02 -1.74850374e-02  2.85795908e-02
 -1.44425500e-02 -2.65439674e-02  8.05598199e-02 -3.44175622e-02
  5.89632951e-02  1.07937708e-01  8.94644111e-03  1.78459845e-02
  2.18603462e-02  8.73749629e-02 -3.82472500e-02 -2.86708283e-03
 -6.67365361e-03 -1.20435245e-02 -6.73184097e-02 -2.14520749e-03
  1.76874567e-02 -3.53974216e-02 -3.22567560e-02  6.17222786e-02
 -3.87332439e-02 -3.67024839e-02  5.47896028e-02 -1.33393304e-02
  1.81088559e-02  3.96246165e-02  7.25238547e-02  5.66703342e-02
 -4.37665507e-02 -3.11234202e-02 -6.73405379e-02 -8.23970884e-02
  4.70331125e-02  3.90243419e-02  8.42126831e-03 -3.68036330e-03
 -2.35822760e-02  4.37031053e-02 -6.66967556e-02  5.79174720e-02
  1.87370982e-02 -4.97251078e-02  1.47886956e-02  5.74118495e-02
 -3.46751027e-02  4.61712368e-02 -5.07141091e-03 -1.56043917e-02
  2.25546844e-02  3.85336988e-02 -1.84016619e-02 -2.51526870e-02
  3.09344139e-02  4.52180319e-02 -6.07753582e-02  1.50869302e-02
  1.12989694e-01 -5.29464781e-02  4.81697209e-02  5.69882914e-02]"
58,Climate Change Vulnerability,Environment,conservation,5,0.3027,"[-4.15738896e-02  8.33809674e-02  5.40599339e-02  1.28684668e-02
  1.18110262e-01  4.87923212e-02  1.49793597e-02 -6.08010478e-02
  1.75172035e-02  5.04675396e-02  5.22019453e-02 -2.20274460e-02
 -5.43511771e-02 -1.93233620e-02 -6.56788573e-02  9.81768221e-03
 -4.73522060e-02  4.27370146e-02 -1.41457647e-01  1.39670745e-02
 -4.44462076e-02  3.35162617e-02  1.64996292e-02  6.07119389e-02
 -6.88031018e-02  1.85241196e-02 -2.18110774e-02  4.12862338e-02
  9.57148895e-02 -7.91357756e-02  7.09377741e-03  4.17637732e-03
 -7.78437480e-02 -4.92169484e-02 -1.65860541e-02  8.59802142e-02
 -3.02670039e-02 -3.60329300e-02  2.48539578e-02  4.94048186e-03
 -1.05422296e-01 -7.24403113e-02 -2.48447079e-02 -6.52846694e-02
 -1.11955442e-02  7.95668885e-02 -4.13152911e-02 -4.32870686e-02
  1.35753099e-02 -2.84119323e-02  5.63147776e-02 -4.94424580e-03
 -7.66676739e-02 -5.81253506e-02  6.31270558e-02 -5.27469292e-02
  3.46568190e-02 -4.44109738e-02 -5.69069386e-02 -5.98453842e-02
  8.45884085e-02  1.03904512e-02 -1.06913671e-01  9.84427053e-03
  2.73150746e-02 -2.08428614e-02 -6.65432885e-02  8.60309079e-02
  8.47039148e-02  3.92313339e-02  5.73873073e-02 -1.62792541e-02
 -6.80025667e-02 -8.71677697e-03  3.21397893e-02 -3.84641215e-02
  2.96505671e-02  5.92662431e-02  5.82162887e-02 -3.45396958e-02
  1.01287097e-01 -6.00866191e-02 -5.04068322e-02 -9.04113986e-03
  1.17598446e-02  5.04067820e-03  2.03688089e-02 -6.41818671e-03
  4.75116260e-02  3.23290750e-02 -4.33875173e-02  3.06627695e-02
  1.21534176e-01 -3.20967622e-02 -8.73440355e-02 -2.75635184e-03
 -7.80531298e-03 -2.02194396e-02  2.50428803e-02  2.11945325e-01
  3.78853902e-02  1.54776722e-02 -2.72981543e-02 -2.35676356e-02
 -3.93701193e-04 -8.22465271e-02 -1.95487011e-02 -3.22493128e-02
  6.78136721e-02  8.65661576e-02 -1.34042166e-02  5.53385243e-02
 -1.13905165e-02  9.10829976e-02 -1.18136033e-03  9.08803847e-03
  2.16152333e-02 -5.67995273e-02  3.80372182e-02 -2.95801070e-02
  6.84875026e-02 -3.21900845e-02  2.92639947e-03 -1.52013954e-02
 -5.21512842e-03 -6.94298446e-02  5.05822562e-02 -5.50138923e-33
 -3.07101198e-02 -6.35758266e-02  3.69301140e-02 -1.30282040e-03
 -4.39373255e-02 -3.96705568e-02 -3.44902985e-02 -2.33831033e-02
 -3.47912274e-02 -2.95069441e-02 -1.69642866e-02  2.98300735e-03
 -3.38166766e-02  7.31740380e-04  2.02945862e-02 -9.79338214e-02
  1.70668308e-02 -1.33635039e-02  7.99519345e-02 -5.65778129e-02
 -3.57719813e-03  7.22434223e-02  4.87286225e-03  7.91091844e-02
  5.71549162e-02 -4.93996441e-02 -1.78623535e-02 -6.84531033e-02
 -8.13528597e-02  3.77568677e-02  1.12058576e-02  1.26066757e-02
 -1.15891978e-01 -1.72250569e-02  4.97667193e-02  4.23698276e-02
 -1.54586360e-02 -3.55065502e-02  8.39294586e-03 -5.22065489e-03
 -6.04186282e-02  8.73722509e-03 -9.70604736e-03 -5.37151843e-03
  8.20112377e-02 -3.42799649e-02  7.55194351e-02  2.18587313e-02
 -1.41940966e-01  9.84942634e-03  4.02400196e-02  2.14390140e-02
 -3.62935327e-02 -5.77684529e-02 -2.83124279e-02 -5.32683805e-02
 -1.51207987e-02  1.41129410e-02 -4.48964424e-02 -1.88153656e-03
  7.13774860e-02  1.45162970e-01 -1.66294549e-03  2.81546637e-02
  5.81600070e-02  1.96278300e-02  2.89442134e-04  6.07054308e-03
 -4.01926748e-02 -3.60479727e-02 -8.51763263e-02 -5.15866913e-02
 -6.44342154e-02 -4.06628139e-02 -1.48849711e-02 -5.03058024e-02
 -1.62957944e-02  4.13174257e-02  5.84204458e-02 -2.17084978e-02
 -3.31850536e-02 -1.47692095e-02 -4.27959673e-02  2.47096512e-02
 -3.14351879e-02 -1.63728539e-02  5.97636588e-02 -7.69278258e-02
  6.64959475e-02  1.27460677e-02 -3.96883525e-02  6.43057097e-03
  4.28118668e-02  3.87508720e-02  4.34175953e-02  2.95267944e-33
  1.41054420e-02  1.22453868e-02 -3.06762513e-02  2.77092382e-02
 -6.39742911e-02  4.49985918e-03 -5.77459298e-02 -1.35653373e-02
 -5.11128455e-02 -8.13530535e-02 -9.05305073e-02  4.99537252e-02
  6.26350641e-02  3.15494053e-02  6.37457669e-02 -4.80932556e-02
  2.69930754e-02 -1.42827490e-02 -9.29940864e-02 -2.63272040e-02
 -2.27337070e-02  1.42967114e-02 -3.45328152e-02 -6.03099912e-02
 -8.29007253e-02  3.12196407e-02 -8.66678581e-02 -8.43753864e-04
  1.16085112e-01 -4.82709296e-02  6.87587168e-03 -6.43334612e-02
 -3.08660287e-02 -6.75036898e-03 -6.20389469e-02  3.52036022e-02
  6.82072416e-02  1.84288640e-02 -4.36802991e-02 -4.24872292e-03
  3.16038951e-02  2.34759673e-02  6.14424646e-02  5.39451316e-02
  2.01076064e-02  6.54633716e-02  2.12528137e-03  6.60619065e-02
  1.06357094e-02  3.81279625e-02  9.54370499e-02  2.04530172e-02
 -2.22534463e-02 -6.72244430e-02  9.16773546e-03 -7.86844920e-03
  1.07695840e-01  1.21040095e-03 -1.49768842e-02 -4.48399335e-02
 -7.64329312e-03  6.87685981e-02 -4.16815989e-02  7.57401809e-02
  1.57357510e-02  3.26289199e-02  5.02383523e-03  9.18117315e-02
 -5.27965911e-02 -7.23349079e-02 -4.96467995e-03  8.65778401e-02
 -7.20253885e-02 -9.84066948e-02 -1.47106238e-02 -2.29241489e-03
 -2.31732000e-02 -1.41764134e-02  1.83424950e-02  3.64447087e-02
 -6.48813695e-02  2.40599755e-02  3.85730006e-02 -2.32900064e-02
  3.71361673e-02 -6.59749210e-02 -1.00672886e-01 -1.23846143e-01
  4.81332578e-02 -1.93909669e-04 -4.20930572e-02 -3.90461050e-02
 -7.98970908e-02 -7.06535706e-04 -5.97887672e-03 -1.16941790e-08
  1.50470529e-02  3.85605693e-02  1.34145794e-02  5.98664023e-02
  2.12338567e-02 -2.53941286e-02 -1.23726437e-02  2.62981877e-02
  4.63038199e-02  5.55165485e-02  7.80458562e-03  5.42103760e-02
  4.72207442e-02  1.03755780e-01 -4.19795997e-02 -4.02969047e-02
  6.60732985e-02 -4.41558957e-02 -4.70053330e-02 -1.24135902e-02
 -3.47116031e-02  6.70081237e-03 -9.50598216e-04  4.06898446e-02
  1.25081092e-02 -8.60759872e-04  6.66885972e-02 -6.08365424e-02
  6.92920685e-02  1.61528271e-02  3.93347666e-02  7.85899460e-02
 -2.05600820e-02  3.05681191e-02 -2.15175804e-02  2.63215508e-02
  2.39224150e-03  7.31389821e-02  4.40704711e-02 -5.76068163e-02
 -4.58472185e-02  1.05682150e-01 -3.44162360e-02  5.64638972e-02
  2.66230293e-02 -1.30999386e-02  2.13508718e-02  3.18689249e-03
 -9.88043379e-03 -9.08741169e-03 -5.85548906e-03 -9.72077250e-02
  5.77170476e-02  9.12683979e-02  4.98314872e-02 -1.63130444e-02
  3.15164030e-02  1.26436967e-02  1.03939380e-02  1.99842616e-03
  7.55646974e-02 -4.67258058e-02  4.80838306e-02  4.51966077e-02]"
59,Climate Change Vulnerability,Environment,pollution,1,0.2932,"[-7.90520478e-03  5.44987097e-02  8.17528814e-02  1.91137437e-02
  1.00608595e-01  2.74925716e-02  1.43466786e-01 -2.74727121e-02
 -4.51329909e-02  4.21834812e-02  2.08130963e-02 -6.38899207e-02
 -2.43091397e-02  1.55049155e-03 -6.62720874e-02  8.76421016e-03
 -9.64731723e-03 -1.94084942e-02 -1.14794031e-01 -2.51973756e-02
 -1.29508702e-02  7.27783889e-02 -2.92377602e-02  4.10004548e-04
 -7.27999732e-02  7.35225305e-02 -3.55388187e-02 -2.51354817e-02
  3.98595631e-02 -7.19994232e-02  2.10516993e-02  1.04605816e-01
 -2.94946171e-02 -8.10663402e-02 -5.11522219e-02 -3.88816325e-03
  2.15115454e-02 -1.99262258e-02  1.28573654e-02 -6.91313669e-03
 -4.94945645e-02 -6.41008019e-02 -1.41691035e-02 -4.12137620e-02
 -6.75623417e-02 -1.89119279e-02  2.49290541e-02 -2.96633970e-02
  5.81166781e-02 -5.70107438e-02  3.54425646e-02  4.52658683e-02
 -7.68482462e-02 -3.46176103e-02  5.20046540e-02 -1.45308942e-01
 -7.31486082e-03 -3.18758413e-02 -1.48805240e-02 -4.09104861e-02
  2.59431247e-02 -6.41232356e-02 -4.46734317e-02  3.34370509e-02
  1.56137630e-01 -2.63866666e-03 -5.83651736e-02  1.07617222e-01
 -2.22573895e-02  1.70570128e-02  1.50221456e-02 -1.57974027e-02
 -4.11944278e-02 -8.84392038e-02  1.77244674e-02  1.17093325e-02
  1.22193042e-02 -7.06873136e-03  9.29541364e-02 -5.21070994e-02
  6.55326098e-02 -6.32334426e-02 -3.23255882e-02  1.79647673e-02
  7.15413764e-02  4.24959790e-03 -1.42274220e-02 -2.78596543e-02
 -3.75967771e-02  2.33813701e-03 -1.24364882e-03 -3.91537473e-02
  5.83998263e-02  2.82205883e-02 -7.66967908e-02  8.94793198e-02
  3.85941379e-02 -2.52992325e-02  4.70869280e-02  1.91226050e-01
 -2.07717381e-02  5.25664911e-02 -1.13676034e-01 -1.84558779e-02
 -6.80296635e-03 -3.46649401e-02 -3.63231041e-02 -5.23698097e-03
  2.21606903e-02  5.44490867e-05 -7.82308728e-02 -2.26146076e-02
  5.27908979e-03  1.62495840e-02  1.09869260e-02  1.48561383e-02
  1.39500573e-01 -8.15436170e-02 -7.38389567e-02 -4.67392132e-02
 -4.70905453e-02 -4.18295115e-02 -9.81084630e-02  7.31741562e-02
  2.53133681e-02 -6.59879074e-02 -5.70368208e-03 -5.57211579e-33
 -3.60236689e-02 -6.71105757e-02  9.03287828e-02  5.66231161e-02
 -5.28004356e-02  2.11957246e-02 -2.58772988e-02 -4.26854156e-02
  3.96507941e-02  7.59685552e-03 -1.54841994e-03 -1.45151373e-02
 -7.28385746e-02  3.75293009e-02  1.26638800e-01 -3.17501239e-02
 -3.39503102e-02 -3.49705890e-02  9.78368986e-03 -4.00683284e-02
 -3.40170600e-02 -2.81585641e-02 -5.22384532e-02  5.43373339e-02
  1.08368751e-02 -3.01967841e-02  5.09902872e-02 -1.04514612e-02
 -2.45615784e-02  2.52273250e-02  8.61447304e-02  8.48177895e-02
 -7.37610459e-02  1.29686603e-02 -1.92455314e-02 -3.63864824e-02
 -6.10596016e-02  4.24708948e-02 -2.62787882e-02 -1.73041392e-02
 -5.39123714e-02  1.91688421e-03 -5.79800382e-02  7.73337530e-03
  3.71160693e-02 -7.99147761e-04  1.79838482e-02 -1.22398604e-02
  1.06034549e-02 -4.22015451e-02 -4.70663607e-02  5.56428991e-02
 -4.98145185e-02 -2.68402640e-02  2.54878458e-02  4.94229607e-03
  6.56441301e-02 -8.80440027e-02 -9.32242349e-03  1.58920009e-02
 -1.41578633e-03  1.31097779e-01 -4.87660691e-02  4.58903201e-02
  1.04400262e-01  2.66095363e-02  6.36588410e-02  1.49942534e-02
  3.14726867e-02 -2.99647301e-02  2.02217028e-02 -4.14808057e-02
  1.45270927e-02  3.96846645e-02 -2.30471361e-02  1.57809164e-02
 -6.88521471e-03  1.40332791e-03 -3.62952128e-02  5.49958795e-02
 -4.21332978e-02 -1.17086880e-02 -2.19793674e-02 -6.20414354e-02
  2.21736962e-03 -3.71964229e-03 -2.47612670e-02 -9.67628509e-03
  7.42080202e-03  4.34576981e-02 -5.77940606e-03  6.66313525e-03
  2.72328872e-02 -3.49727124e-02 -6.56142682e-02  3.14645895e-33
  1.09393178e-02  3.25170048e-02 -1.97192188e-02  2.19352599e-02
 -3.76558106e-04 -4.86286953e-02 -7.35993497e-03  1.07036931e-02
  9.57945809e-02  1.29217371e-01 -6.19237497e-02  7.31460750e-02
  9.45756063e-02 -1.32908886e-02  3.67135368e-02 -3.41237038e-02
  9.18354932e-03  5.75912558e-02 -3.96092981e-02 -3.92990373e-02
 -5.12662940e-02 -4.70869280e-02  3.72802466e-02  1.69790499e-02
 -8.49820152e-02  5.46466783e-02 -9.21960995e-02 -2.96493713e-02
  7.06898421e-02 -3.55169736e-02 -1.65183265e-02  1.05418883e-01
 -4.22301404e-02  3.52311209e-02 -2.26922184e-02  3.76085006e-02
  3.27187628e-02  2.99328961e-03 -2.48505846e-02 -1.59115940e-02
 -9.29333456e-03 -4.73296419e-02  7.33585954e-02  6.56151846e-02
  1.63130481e-02 -6.94937306e-03 -4.85979691e-02  2.25522351e-02
  3.36373597e-02 -4.54320423e-02  1.08033799e-01  8.56010169e-02
 -4.45125811e-02  3.59510258e-02  6.98662400e-02  6.30282834e-02
  5.38665652e-02 -1.07228905e-02  1.67914275e-02  8.95270612e-03
  6.50654137e-02  6.89960793e-02 -8.05894509e-02  5.44816591e-02
 -1.05012089e-01  2.05840543e-02  2.62759044e-03  1.74792446e-02
  6.63980544e-02 -3.94092947e-02 -1.07516637e-02 -7.82206189e-03
 -6.57114238e-02 -3.52348685e-02 -1.08443439e-01 -2.21536998e-02
 -3.32501978e-02  8.97195712e-02  3.07587162e-02 -1.86818885e-03
 -2.12043449e-02  3.45546715e-02  7.55087938e-03  1.87940337e-02
  4.45252545e-02 -1.17251545e-01 -1.68662723e-02 -9.46245492e-02
  1.99276973e-02 -4.72733900e-02 -5.78265786e-02 -3.20362207e-03
 -1.27147853e-01  1.31719457e-02 -3.04598324e-02 -1.19493517e-08
  4.67641931e-03 -4.47406210e-02  5.23157939e-02 -2.85782269e-03
 -2.91659180e-02 -2.37885844e-02  6.64871931e-02  1.30100593e-01
  1.68028828e-02  7.11469427e-02  3.99089325e-03  4.46091481e-02
  5.95045313e-02  3.20710614e-02  1.75685100e-02 -2.72005349e-02
 -1.05131306e-02 -4.74207513e-02 -3.78597826e-02 -8.81875120e-03
  5.54702692e-02  1.71813574e-02 -4.27608239e-03  2.17462163e-02
 -1.11070145e-02 -1.53221618e-02  7.15392083e-02  1.32696573e-02
  3.84311415e-02  1.39276125e-02  2.27134153e-02  4.70850877e-02
 -7.09303319e-02 -2.36489903e-02 -6.00164123e-02 -7.24491924e-02
  3.65170352e-02 -6.15592673e-02 -2.59951837e-02 -4.16978374e-02
 -1.21531989e-02  5.99943362e-02 -2.31904238e-02  9.03758593e-03
  6.91594258e-02 -5.60587309e-02  7.75049161e-03  3.56948599e-02
 -5.59185259e-03  5.07639954e-03 -7.35345390e-03 -3.69453691e-02
  5.47187850e-02  1.83569323e-02  3.64365499e-03 -1.15846535e-02
 -1.05402190e-02  4.03815433e-02 -2.62166467e-02 -1.39888376e-02
  1.28721461e-01  5.93896247e-02  3.06126941e-02  5.73256984e-02]"
60,Water Stress,Environment,water,14,0.5542,"[-3.91429625e-02  5.51546849e-02  2.64263134e-02  7.00001791e-02
  1.02412533e-02 -1.28617482e-02  1.84062168e-01 -6.07781745e-02
  7.86195789e-03 -3.94551232e-02 -3.40636410e-02 -9.41818282e-02
 -3.07140332e-02  2.83802766e-02 -5.65223806e-02 -3.84419039e-02
 -3.75210755e-02  7.02310633e-03 -9.31023434e-02 -5.00048287e-02
 -7.05946237e-03  1.85380466e-02 -1.56315751e-02  1.12658953e-02
 -5.44905616e-03  1.19578414e-01  7.08554015e-02  4.04072739e-02
  7.73996860e-03 -1.07412457e-01  5.48758581e-02  4.44080941e-02
  1.70077235e-02 -1.30606383e-01 -3.47488895e-02  5.38676381e-02
  2.51360424e-02 -4.40974459e-02  1.85414143e-02 -8.29246044e-02
  1.28089460e-02 -8.14863220e-02  5.07144630e-02  2.56143697e-02
  1.47995995e-02  1.32189402e-02  1.38352169e-02  4.02001888e-02
  1.34606659e-02  7.36923367e-02  3.83207062e-03 -2.92850249e-02
 -9.51403379e-02  3.44374850e-02 -1.27716670e-02 -4.56372984e-02
 -7.64471339e-03  2.95910286e-03  1.98305827e-02  1.24463402e-02
  3.58328633e-02  2.97263991e-02 -7.31466785e-02  5.35109416e-02
  8.40341598e-02 -4.82423231e-02 -6.89077228e-02  1.10743977e-01
 -1.73003022e-02 -2.45376700e-03 -1.75053496e-02  8.50017592e-02
  6.67154565e-02 -4.49426621e-02 -3.81436455e-03 -1.18906192e-01
  2.51522642e-02 -5.64470030e-02  1.28246278e-01  3.31196226e-02
  4.41542920e-03 -7.43332207e-02 -4.78049507e-03  7.38744959e-02
  2.99536530e-02  4.59097922e-02  5.75873032e-02 -3.48036215e-02
 -1.06056795e-01 -2.37981882e-02 -6.22562654e-02 -3.83103229e-02
 -6.80289289e-04 -2.05492252e-03 -8.29823241e-02  1.02532960e-01
  6.20484678e-03 -8.33053589e-02 -3.07689961e-02  1.90955892e-01
 -3.28669325e-02  3.42688411e-02  1.59704555e-02  5.65290963e-03
  1.16122916e-01 -4.15948294e-02 -1.46638406e-02  1.05876498e-01
  6.05525933e-02 -8.98863655e-03 -6.91014901e-02 -1.49602899e-02
 -4.00787443e-02  4.90310527e-02 -3.34504507e-02 -1.22020673e-03
  4.10823040e-02 -1.70543958e-02 -5.67587540e-02  2.56091207e-02
 -4.89114895e-02 -1.89838726e-02  4.69825789e-03  7.81888980e-03
 -3.73917781e-02 -6.15503900e-02  6.76612277e-03 -4.07667355e-33
  1.07067702e-02 -1.72536358e-01  8.29083249e-02  3.05132177e-02
 -3.45859714e-02  1.18972538e-02 -2.71365102e-02 -5.15398309e-02
  1.32901222e-02  1.39375785e-02 -1.07364012e-02  1.19396951e-02
 -1.10671096e-01 -6.99294917e-03  7.09085390e-02 -6.45101815e-02
  4.08458896e-03  4.83612268e-04 -2.11396068e-02  7.38521013e-03
 -9.33695305e-03  2.37502623e-02 -3.37311067e-02  2.94626113e-02
 -1.62950642e-02 -5.28026745e-02 -1.91349462e-02 -7.10975006e-02
  1.95859317e-02  3.50973965e-03  1.13513162e-02  4.01300266e-02
  2.86139771e-02  2.19894629e-02  1.15314161e-03 -3.09931394e-03
  2.39405148e-02 -6.15791827e-02  2.46334113e-02 -3.33742052e-02
  1.20069785e-03 -3.28785437e-03  1.92014650e-02 -1.42805756e-03
  2.24380642e-02 -2.59555727e-02  3.39447893e-02  1.85415857e-02
 -5.44121712e-02 -8.94982927e-03  5.05530387e-02  2.89431009e-02
 -1.10718487e-02  7.87503570e-02 -3.88892926e-02 -9.48143899e-02
  4.38362733e-02 -1.03897108e-02 -1.22748353e-02  9.27082263e-03
 -2.30001919e-02  9.52829197e-02 -7.55495811e-03  9.89211444e-03
  5.25499322e-02 -2.35304423e-02  1.87169276e-02 -1.18072666e-02
  7.60070831e-02 -4.26860563e-02 -1.19353823e-01 -1.29734015e-03
  7.60523602e-02  2.79562529e-02 -3.43025848e-02 -1.92906689e-02
  6.25906363e-02 -3.79483514e-02 -4.92581241e-02  4.96142618e-02
  1.38434991e-02 -4.89227707e-04  3.99853289e-03  1.24003842e-01
  1.30386278e-02  4.10790183e-02 -6.00078776e-02 -4.08292077e-02
  9.87969339e-02  4.23313230e-02 -5.18609099e-02 -6.64476454e-02
  6.93586841e-02 -1.09925002e-01 -1.16069457e-02  2.95383363e-33
  2.41179764e-02 -5.33580557e-02 -2.21152566e-02  1.15552485e-01
  8.65849406e-02 -4.54357415e-02  3.98255177e-02 -2.50952821e-02
  4.78734858e-02  9.39635001e-03 -4.60206456e-02 -1.73151139e-02
  4.15255539e-02 -2.06035022e-02  4.90579987e-03  4.25660871e-02
  6.71155825e-02  6.15226924e-02  8.99048969e-02  8.09684210e-03
 -2.13398933e-02  1.45869823e-02  9.93336588e-02 -2.76726373e-02
 -8.71047005e-03  5.30019440e-02  8.24573115e-02 -2.34664548e-02
 -2.05218829e-02  5.11452556e-02 -6.41935691e-03  3.46959429e-03
  4.83799838e-02 -1.46209328e-02  2.55472027e-03  7.40339532e-02
  4.65529263e-02 -5.44638336e-02 -7.30007067e-02  2.62750369e-02
  6.61269426e-02 -7.29494020e-02  8.72336999e-02  1.11062430e-01
 -2.57797801e-04  7.55029172e-02  5.95187955e-03 -5.69958426e-03
 -3.75451259e-02  4.15002480e-02 -1.91065704e-03 -5.35386652e-02
 -6.37241378e-02  4.95103411e-02  9.14707314e-03 -6.40767291e-02
 -3.70173007e-02 -4.29823510e-02 -3.47788557e-02  2.73132119e-02
  2.75303442e-02  7.51154050e-02 -4.26376872e-02  4.12418991e-02
 -8.44992921e-02  5.08983880e-02 -2.81752124e-02  6.87076598e-02
 -3.43815424e-02 -1.91167947e-02  3.80714312e-02 -6.33071586e-02
  5.35638519e-02  2.66242512e-02  1.19055100e-02  1.08003439e-02
 -9.55502391e-02  4.72893864e-02 -6.08785301e-02 -9.42533743e-03
 -1.84084103e-02  6.12569489e-02 -9.92657095e-02  3.13009433e-02
  1.57952718e-02 -4.84355986e-02 -5.24023222e-03 -5.46614565e-02
 -9.63922497e-03  6.06561545e-03 -7.27100240e-04 -7.37707317e-03
 -6.31463006e-02  5.92905059e-02  1.66125447e-02 -1.15227046e-08
 -1.09179895e-02 -3.78879420e-02  3.37748863e-02 -5.59365526e-02
  2.38099936e-02  5.40841594e-02  4.87318374e-02  8.58175233e-02
  2.11036727e-02  1.49737895e-02 -5.65744527e-02  3.75445448e-02
 -1.06978947e-02  1.71070285e-02  1.77847650e-02 -1.07552223e-02
 -4.36240528e-03 -5.79164438e-02 -4.89905141e-02 -1.23783732e-02
 -5.92087321e-02 -4.10964601e-02 -1.78843446e-03  3.65282819e-02
 -2.78501343e-02 -4.31147218e-02  4.80519831e-02  5.02212048e-02
  5.99533208e-02  2.85944268e-02  6.65482134e-02  2.01717056e-02
 -3.51671875e-02  3.28997262e-02  1.44799529e-02 -6.76011443e-02
  3.49832177e-02 -2.51488648e-02 -2.91202888e-02 -4.73285886e-03
 -5.41398749e-02  5.75049073e-02 -4.32446133e-03 -8.74843672e-02
 -8.42663087e-03 -6.38383580e-03 -7.27780610e-02  6.93643047e-03
  8.73293448e-03  2.12119501e-02  2.82565746e-02  3.45417485e-02
  3.65845039e-02  7.38442689e-02  4.67628390e-02  4.33003791e-02
 -5.09113222e-02  5.71906753e-03 -7.03247935e-02  1.53243924e-02
  6.65961802e-02 -3.57886404e-02  7.50993565e-02  3.47990245e-02]"
61,Water Stress,Environment,wastewater,3,0.339,"[-2.02315021e-02 -1.58366486e-02  1.77794117e-02 -9.64475609e-03
  5.27726226e-02 -8.45334530e-02  1.04166105e-01 -3.99488397e-03
 -1.86845921e-02 -4.52115685e-02  1.41157012e-03 -5.03815785e-02
 -9.80958994e-03  7.85080045e-02 -1.32090017e-01 -5.94653934e-02
 -1.47081306e-02 -2.70798933e-02 -2.90559847e-02 -1.14037581e-02
  5.32797128e-02  1.06450403e-04 -1.11151207e-02 -4.36713770e-02
 -2.92043127e-02  1.04105778e-01  5.37005439e-02 -3.72367799e-02
 -3.85451950e-02 -7.01425299e-02  7.67813474e-02  3.98618020e-02
  7.86473751e-02 -1.58188760e-01  6.09117560e-02  9.06026587e-02
  6.82088314e-03 -3.37469541e-02  5.72895408e-02 -2.36427430e-02
 -6.01457395e-02 -1.04269817e-01  7.04210401e-02 -1.90731846e-02
 -5.79989813e-02 -6.34209951e-03  5.26939444e-02 -6.16704896e-02
 -3.66586470e-03 -6.68375269e-02  2.75740158e-02 -7.07426015e-03
 -4.96400110e-02 -1.42288078e-02  6.40749037e-02 -5.87983057e-02
  2.04705670e-02 -4.01507430e-02 -7.96960592e-02 -4.56323214e-02
  1.70197077e-02 -4.00760248e-02 -3.13088521e-02  4.80074696e-02
  7.90824965e-02  2.77320482e-02 -1.70677677e-02  1.72770638e-02
  9.73761827e-03 -8.32279995e-02 -6.44385368e-02 -3.36965248e-02
 -3.96256102e-03 -6.38388423e-03 -2.48175301e-02 -1.51086999e-02
  9.42097306e-02 -3.36110257e-02  7.14042857e-02  6.66021020e-04
  4.65850756e-02 -5.16822040e-02  2.18647369e-03 -8.01353343e-03
  4.71943878e-02  5.79354763e-02 -2.07399577e-02 -6.83871806e-02
 -1.21547934e-02  2.99929306e-02  1.68685317e-02  2.94758119e-02
  7.15492815e-02 -5.53941317e-02 -4.57368232e-02  4.91196439e-02
 -4.67182742e-03  1.04214819e-02 -4.74105543e-03  1.41019732e-01
 -8.03933218e-02  7.06502795e-02 -1.59425195e-02 -6.98754340e-02
  5.78028411e-02 -3.45035195e-02  1.86746344e-02  7.58394301e-02
  9.56833661e-02 -2.79943235e-02 -5.77906556e-02 -3.53612974e-02
  4.47596004e-03  4.94225845e-02  3.99513878e-02  1.66034363e-02
  1.09010875e-01 -7.23227784e-02 -6.90582320e-02  7.85129443e-02
 -6.41399994e-02 -7.73399994e-02 -6.72245100e-02 -1.51448557e-02
 -3.88871729e-02 -3.77773982e-03 -4.02751658e-03 -4.47901808e-33
 -1.10562705e-02 -7.66764060e-02  5.79827353e-02 -4.74884622e-02
 -4.62417044e-02 -2.83084586e-02  8.47398397e-03 -5.15885912e-02
  7.66676441e-02 -8.52803439e-02 -9.58230346e-03 -4.48461398e-02
 -6.19847551e-02  6.97888285e-02  2.91774515e-02 -1.33266365e-02
  7.65732024e-03  2.72591189e-02  2.61864122e-02 -6.93687564e-03
  1.93328168e-02  6.11166246e-02 -4.80275825e-02 -1.89721417e-02
  5.06412722e-02 -8.80911723e-02  7.52872508e-03 -6.39969856e-02
  1.94189306e-02 -2.84817332e-04  5.37950695e-02  2.22611427e-02
 -6.57921135e-02  7.48373717e-02 -6.90467805e-02  2.87530776e-02
 -6.38856441e-02  2.98304670e-02 -2.35851407e-02 -1.13331461e-02
 -2.78997123e-02  2.01250985e-02  2.05722800e-03  5.06082661e-02
  4.40435894e-02 -3.65542546e-02 -5.72657995e-02  2.65492797e-02
  3.46106254e-02  2.08547097e-02  8.87345336e-03  4.27839160e-02
 -4.69043702e-02 -3.02079832e-03 -2.95353085e-02 -2.65949257e-02
  3.97097170e-02 -1.83191989e-02  2.76394244e-02  1.59789771e-02
 -5.55961132e-02  6.98968619e-02 -7.65312910e-02  4.37035561e-02
  1.03761993e-01  2.95407996e-02  7.49962684e-03  6.75858855e-02
  5.43741360e-02  6.80937618e-02 -1.41790241e-01 -4.37322408e-02
  3.18516903e-02  3.61288972e-02 -6.74476177e-02  1.43933129e-02
 -2.98524611e-02 -5.48403747e-02 -5.73858172e-02  3.86285186e-02
 -6.73150569e-02  4.50598105e-04 -1.65620458e-03 -1.15108944e-03
 -2.60658488e-02  4.60455045e-02 -2.82739867e-02 -4.01445245e-03
  9.74921957e-02 -3.50153516e-03  6.84774071e-02 -1.90463345e-02
 -5.83308488e-02 -1.96865164e-02 -2.88440622e-02  2.88502221e-33
  1.43317387e-01  1.40220174e-04 -2.06188690e-02  6.39076233e-02
  3.01417075e-02 -2.37273574e-02  1.23582557e-02  2.97916271e-02
  5.05810231e-02  5.49232587e-02 -4.18784134e-02  5.45700267e-02
 -8.61443055e-04 -2.41471045e-02  4.16766144e-02  4.01906520e-02
  5.48163839e-02  2.34300643e-02  2.15845909e-02 -1.81251112e-02
 -2.52968241e-02  4.51574661e-02  4.95095253e-02 -3.70035018e-03
  1.49015514e-02  4.61061783e-02 -2.99182814e-02 -5.44004664e-02
  3.82151529e-02 -1.13944551e-02 -5.80093004e-02  4.46399860e-02
  5.13516590e-02  3.22086662e-02 -1.39206946e-02  2.95849517e-02
 -1.62958074e-02  1.08345011e-02 -3.06388941e-02  3.46024632e-02
  5.71955405e-02 -6.21559247e-02 -2.88531813e-03  8.59540999e-02
 -3.38982008e-02  3.45854647e-02 -6.41053170e-02 -2.65426282e-02
  1.17136240e-02  1.90207525e-03  2.13804301e-02  6.68310225e-02
 -6.50820732e-02  2.32131537e-02  2.45395843e-02  1.05635151e-02
  8.01704228e-02  2.31987070e-02 -4.77338471e-02  1.94772966e-02
  3.84039804e-02  9.59275663e-02 -7.82221090e-03 -3.18993255e-02
 -6.65238127e-02  5.03357239e-02  1.16810361e-02  2.51280405e-02
 -4.97291908e-02 -4.41514142e-02  9.63065252e-02  6.31710561e-03
  5.62045118e-03 -1.06506320e-02 -2.60921232e-02 -4.74631414e-02
 -8.24419931e-02  4.61268164e-02 -4.39845137e-02  5.99912442e-02
 -4.47776839e-02  8.75084177e-02 -3.05191763e-02  1.38789751e-02
  6.43552095e-02 -1.09480433e-01 -9.47761349e-03 -5.74410148e-02
  5.64806908e-03 -6.03506900e-03 -3.53213586e-03 -1.02054998e-02
 -1.93893071e-02  3.06191295e-02  6.01918809e-02 -1.10557528e-08
 -7.71627948e-02 -3.45027857e-02  7.56198317e-02  5.31809032e-02
 -4.79024253e-04  6.01288527e-02  2.32125577e-02  9.92581919e-02
  1.65269505e-02 -9.03832261e-03 -3.74213383e-02  4.47938852e-02
  2.45184582e-02 -2.30983598e-03  3.14335078e-02  2.08596047e-02
 -4.17959057e-02 -1.17492020e-01 -5.18149473e-02 -6.10007942e-02
 -3.56685258e-02 -2.68448517e-02 -5.07401153e-02  4.24155258e-02
 -1.73172671e-02  2.32599117e-03  3.16222534e-02  9.30500031e-02
 -3.38634402e-02 -3.10353432e-02  2.46841758e-02  3.73994820e-02
 -4.15590107e-02 -1.79052316e-02 -1.44253084e-02 -2.08072849e-02
  1.12946071e-01 -1.18132591e-01 -7.96980336e-02 -3.86118367e-02
 -2.84969397e-02 -2.75686868e-02 -2.67278571e-02 -4.37792949e-02
  8.77950937e-02  2.42384430e-02 -4.64596599e-02  2.50449758e-02
  9.12410021e-03 -3.57784666e-02  6.63051233e-02 -2.75461711e-02
  1.43431202e-02  9.71061364e-02  6.25336834e-04  4.11219634e-02
  8.67297780e-03 -3.23962718e-02 -4.66738082e-02  2.00744742e-03
  1.53843269e-01  1.38621414e-02  1.69335708e-01 -5.77506907e-02]"
62,Water Stress,Environment,causes,1,0.3212,"[-4.78480384e-02  2.24893745e-02  7.44639039e-02  8.18612948e-02
  7.14241117e-02  5.76247415e-03  4.65548635e-02  6.73946962e-02
 -8.74009542e-03  3.73384133e-02 -1.88458096e-02 -2.81005502e-02
 -1.29119484e-02 -1.34675875e-02 -2.92622764e-02 -3.50398682e-02
 -7.04675242e-02 -7.93480799e-02 -8.69444683e-02  3.07636429e-02
 -4.57644798e-02 -2.08285195e-03 -1.71825886e-02 -5.91309392e-04
 -1.49666995e-01 -1.99567676e-02  2.26025600e-02 -5.17713539e-02
  9.22451988e-02 -7.26158097e-02  1.62084177e-02  3.79111618e-02
 -1.59137808e-02  6.50196243e-03 -1.03483154e-02  2.32071374e-02
  1.05771758e-02  5.03069349e-02 -9.49329883e-03  3.61377001e-03
 -3.78216780e-03 -8.80171582e-02 -5.49484650e-03 -5.97974518e-03
 -4.51489585e-03 -1.68976467e-02  3.75531428e-02  4.55627330e-02
 -1.43759921e-02  7.26423867e-04 -5.45361415e-02 -5.01022004e-02
  3.27038765e-02 -2.88490932e-02  4.57405820e-02 -1.22042917e-01
  3.08287553e-02  4.26435582e-02  4.65919031e-03  1.68283265e-02
  3.41492444e-02  1.55939569e-03 -1.12183206e-01  2.10668035e-02
  1.21350519e-01  5.66760525e-02  3.31991948e-02  3.16966847e-02
 -1.94191597e-02  1.10369839e-01  8.63037854e-02 -2.11785343e-02
 -6.66367039e-02  1.22185154e-02  6.17351867e-02  1.43456096e-02
 -6.45950064e-02 -2.57900432e-02  4.35802042e-02  2.43583787e-02
  7.74805993e-02  3.65790315e-02 -1.69260819e-02  2.58010961e-02
  9.73968431e-02 -5.30371144e-02  8.33386257e-02 -6.69904575e-02
 -5.12378030e-02  6.15542643e-02 -3.70892175e-02 -6.97946772e-02
  9.53152850e-02  3.55142355e-02 -3.23907775e-03  4.74959426e-02
  1.76632237e-02 -8.56814757e-02  6.86667999e-03  1.72315106e-01
  4.62001516e-03  1.15881851e-02  2.90965810e-02  1.16797261e-01
  6.33375719e-02 -7.27842972e-02  5.97802317e-03 -3.84374075e-02
 -2.22432986e-02 -2.04119869e-02  2.29991339e-02  2.88302135e-02
  4.27228734e-02 -7.70636126e-02  6.84791356e-02 -3.47401276e-02
  7.84912258e-02 -1.20331002e-02 -8.36778358e-02 -1.07021863e-02
 -1.44319693e-02 -1.21133542e-03 -8.83712992e-02  4.01191637e-02
 -8.41982439e-02 -1.14494771e-01 -1.03890590e-01 -5.21986605e-33
  3.93855013e-02 -9.24685821e-02 -2.95729656e-02  4.23967876e-02
  2.54475661e-02  1.18714301e-02 -3.67933474e-02 -3.65893617e-02
  2.05416083e-02  1.10456748e-02  1.94345117e-02 -4.24773134e-02
  1.47010768e-02 -5.85583895e-02  5.95987663e-02 -1.04697105e-02
 -8.11941400e-02  9.41109145e-04 -4.55276519e-02  1.05157429e-02
 -1.91907175e-02 -4.74021547e-02 -3.79626732e-03 -2.24994905e-02
 -7.17083290e-02  1.52529897e-02 -5.34162931e-02 -5.24409898e-02
  3.91399637e-02  1.06807463e-02  4.86541688e-02  6.98895752e-03
 -2.69144936e-03 -2.18116157e-02 -3.52734961e-02 -2.31354926e-02
 -2.33202595e-02 -3.53067107e-02 -9.49629024e-03 -1.42356148e-02
 -8.63689929e-02  1.76926218e-02 -3.29231024e-02  8.46661255e-03
  9.05059725e-02 -5.97423594e-03  2.53614280e-02 -6.46516010e-02
 -9.04337615e-02  4.46840785e-02 -3.17361429e-02  3.58935893e-02
  1.77434215e-03  2.18757265e-03  1.67321637e-02 -1.30983405e-02
  1.86882168e-02 -5.77447489e-02 -9.43103619e-03  2.96781845e-02
  4.06268463e-02  3.08963340e-02 -1.33394320e-02  1.07303590e-01
 -1.53842494e-02 -7.97175542e-02  5.14735207e-02 -6.68457448e-02
 -6.19188510e-02  1.44627132e-02 -3.57363671e-02 -1.87306684e-02
 -2.47906242e-02 -3.29167172e-02 -4.57229093e-04  1.58999320e-02
 -5.89398779e-02  2.73877997e-02 -5.86256012e-02 -3.35909687e-02
 -5.14172353e-02 -3.36599760e-02  5.97863719e-02 -3.45860459e-02
 -1.58939231e-02  6.21102341e-02 -2.76726335e-02 -4.44674902e-02
 -2.27343962e-02  8.87307525e-03  5.98474070e-02 -5.85044548e-03
  6.17606081e-02  4.63503562e-02 -3.07809897e-02  2.26132254e-33
 -9.89264771e-02 -2.43669599e-02 -4.98137362e-02 -6.75317273e-02
  4.86011989e-02 -1.12603921e-02 -1.77596286e-02 -5.40274335e-03
  1.35965869e-02  1.61441080e-02 -4.01373208e-02 -5.33519164e-02
  9.09852050e-03  6.14322238e-02 -3.44412145e-03 -6.78158179e-02
  1.64732840e-02  7.51752108e-02  6.52147876e-03 -4.14849147e-02
 -2.58830115e-02  4.56481278e-02 -2.77162157e-02 -9.67576355e-02
 -5.24180420e-02  5.05686067e-02 -3.11845504e-02  4.40075211e-02
 -1.35067077e-02  5.71117289e-02  2.69813016e-02  9.72265676e-02
 -5.82804009e-02  4.74448130e-02  3.71249276e-03  1.26121730e-01
  9.12247412e-03  7.61149032e-03 -4.18600161e-03 -3.29572409e-02
  6.96659908e-02  2.11638468e-03  1.20517150e-01  6.43528253e-02
  4.76693287e-02 -1.72116011e-02  1.19163608e-02  3.81392017e-02
  1.15004927e-01  2.06189938e-02 -1.10636177e-02  5.13767067e-04
  5.39765805e-02  5.49880937e-02 -1.39813870e-02 -2.23193076e-02
 -5.49986549e-02 -2.10750159e-02 -5.41003188e-03  5.87510839e-02
 -1.09163150e-02  7.10395351e-02 -5.39529063e-02 -3.79015766e-02
  5.75590134e-02 -4.48081903e-02 -1.59545355e-02 -5.85644180e-03
  1.25916898e-01 -1.52643630e-02  1.07577839e-03  4.17061336e-02
 -1.45593792e-01 -4.70102625e-03 -5.68621419e-02  5.46194725e-02
 -1.23233736e-01  5.93378246e-02 -6.48913020e-03 -3.75095122e-02
 -5.41642569e-02 -3.46810780e-02  4.61412221e-02  3.06189265e-02
 -1.25029117e-01 -1.67091098e-03  4.32411879e-02  5.60960220e-03
  4.07006107e-02 -1.48790888e-02 -2.16202233e-02 -9.24472045e-03
 -5.81079349e-02  3.31592038e-02  9.27253440e-03 -1.19257715e-08
  1.89961419e-02 -6.07493967e-02 -4.99326698e-02  2.27593118e-03
  4.73748483e-02 -5.23270713e-03 -1.49780735e-02  7.00962469e-02
  2.73111258e-02  4.10055481e-02 -8.26221108e-02  9.07566771e-02
 -1.03706103e-02  4.89918701e-02  1.84535962e-02 -3.04148886e-02
 -2.99294479e-02  6.76843524e-02 -2.87265028e-03 -7.17070475e-02
  1.76715106e-02 -4.79475558e-02  3.52839269e-02  3.94939445e-02
 -2.08433568e-02 -2.92972438e-02  5.67726903e-02  5.49002402e-02
 -1.38112716e-02 -4.80560884e-02  4.87251282e-02  1.24630146e-02
 -5.26609346e-02  2.09940858e-02 -3.89170200e-02  1.60841309e-02
 -1.85186807e-02 -8.37961510e-02  1.35818301e-02 -9.36756134e-02
  3.97685803e-02  8.35240409e-02  8.41804370e-02 -6.14568312e-03
 -2.66695395e-02  1.26913916e-02 -1.16678318e-02  6.06178753e-02
  5.90728857e-02  2.87872404e-02 -1.07893057e-01  1.21357655e-02
  4.68338989e-02  4.12340276e-02  3.93463001e-02  4.12979051e-02
  4.18132581e-02  3.26073021e-02  2.95556318e-02  8.07474274e-03
  1.41352713e-01  6.23096079e-02  1.00149289e-01  7.02723302e-03]"
63,Water Stress,Environment,reservoir,1,0.3105,"[-3.27691920e-02  3.66884768e-02 -5.84249105e-03 -2.53634807e-02
 -3.77612114e-02 -7.13013811e-03  9.54440534e-02  2.08673514e-02
  7.44473338e-02 -6.42527267e-02 -8.92802998e-02 -7.10093454e-02
  2.57500671e-02  2.99046170e-02 -6.30652979e-02 -1.75930448e-02
  1.00113610e-02 -2.92130895e-02  1.70907583e-02 -5.26778288e-02
 -2.53796224e-02  2.75451820e-02 -4.59402688e-02 -4.20147330e-02
 -2.48255413e-02  1.39546305e-01 -4.18280587e-02  1.68449935e-02
  2.49987654e-02 -7.23494738e-02 -3.30789983e-02 -2.66830791e-02
 -4.27049473e-02 -8.95319059e-02  7.80526847e-02  3.96244228e-02
 -4.62044589e-02  1.98249109e-02  1.35758054e-02 -1.14061276e-03
 -5.57622267e-03 -7.76153803e-02 -8.59444682e-03 -3.09067691e-04
 -1.17564499e-02  5.00966273e-02 -3.11045609e-02 -1.29281674e-02
  6.89021349e-02 -1.69411264e-02 -7.74342939e-02 -3.23025957e-02
 -3.26413549e-02  3.09749432e-02 -1.31383231e-02  2.00560577e-02
 -4.95300256e-02  3.26449201e-02 -2.98873186e-02  2.87480000e-02
  3.66032422e-02 -2.60499883e-02 -4.66913693e-02  6.89541101e-02
  6.47306442e-02  9.03758779e-03 -6.26128316e-02  1.03047691e-01
  7.89426789e-02 -3.38588655e-02  3.41349393e-02  7.44550154e-02
  2.14934051e-02 -8.34340602e-02  2.18939483e-02 -4.75938059e-02
  3.57121490e-02  2.90488768e-02  4.89005111e-02 -3.92708890e-02
  4.81668450e-02 -3.46245617e-02 -2.26729247e-03 -1.48689083e-03
 -6.63634110e-03  1.08606843e-02  2.74005476e-02 -2.42418181e-02
 -9.28078964e-03 -1.73163824e-02 -7.10842758e-02  1.38221020e-02
 -1.64676905e-02  2.06517205e-02 -6.30024076e-02  8.34382512e-03
  1.46042258e-02  8.53882171e-03 -2.21975707e-02  1.91166490e-01
  9.12711397e-03  6.38931170e-02 -4.64051496e-03 -4.54642214e-02
  1.07485197e-01 -6.34401590e-02 -3.40669788e-03  1.17720954e-01
  6.56886771e-02 -3.45523395e-02 -3.71877439e-02 -6.02704622e-02
  4.83628362e-02  5.85477613e-02  1.32051408e-02 -4.86419126e-02
 -1.43780336e-02 -2.33645067e-02 -6.87907934e-02  5.10994829e-02
 -4.18665446e-02 -7.65313581e-02 -6.75237328e-02 -4.37199064e-02
 -4.14171293e-02 -4.44432683e-02 -3.48683111e-02 -4.98837668e-33
  3.77104431e-02 -1.27955064e-01  3.18537988e-02 -1.26371449e-02
  3.74789052e-02  5.54206036e-03  1.75921377e-02 -1.33004989e-02
 -6.58401996e-02  2.75158640e-02 -1.84232369e-03 -2.29929108e-02
 -6.98341578e-02  1.92436762e-02  3.59192230e-02 -4.63564023e-02
 -5.81074208e-02  9.86019373e-02 -4.46469383e-03 -7.26908222e-02
  4.92811091e-02  1.27532840e-01 -4.05239910e-02 -1.64121315e-02
  1.90517050e-03 -6.42485246e-02 -3.12421508e-02 -5.73510081e-02
 -3.43143874e-05  6.64322004e-02 -3.56273800e-02 -9.48369410e-03
  1.82171958e-03 -4.34423797e-03  1.50735937e-02 -5.04802540e-02
  2.30817944e-02 -5.12438267e-02  7.92300270e-04 -3.26620378e-02
  5.97366178e-03  2.58570593e-02 -2.44762911e-03  7.29379430e-02
 -5.15550748e-02 -3.67699601e-02  5.33207990e-02  3.00649181e-02
 -1.82685144e-02 -2.01658290e-02 -4.56026345e-02 -2.89618708e-02
 -4.91336435e-02  5.70684560e-02 -7.18656629e-02 -3.89100537e-02
 -2.12358236e-02  1.29397381e-02  4.18742187e-02  1.11826323e-02
 -7.38033932e-03  1.10144511e-01 -8.77151564e-02 -2.70464551e-02
  4.26717699e-02  7.35694601e-04  5.45882806e-02 -4.13282658e-04
  1.55431882e-01  3.49855721e-02 -3.09989341e-02 -2.47360095e-02
  7.33919395e-03  5.75753786e-02  3.19973119e-02 -3.70310135e-02
  3.77579214e-04  1.42167378e-02 -1.05909102e-01  2.96102092e-02
 -1.63596347e-02 -1.92070995e-02 -2.63978951e-02  1.49152413e-01
 -1.42728873e-02  4.66085374e-02  7.45648425e-03 -5.21347262e-02
  2.99538076e-02 -2.75615770e-02 -8.78162533e-02 -2.53446922e-02
  8.11089277e-02 -2.92856023e-02 -7.28099048e-02  4.51195250e-33
  9.26135629e-02 -3.62082422e-02 -9.86406952e-03  6.82104230e-02
  8.30415636e-02  1.93892159e-02  5.44055849e-02  1.45339901e-02
 -1.76098291e-02  9.89778899e-03 -5.31083085e-02  5.05531169e-02
  1.15431480e-01  3.30091938e-02 -6.01748601e-02  3.20578255e-02
  4.92173880e-02 -9.62674022e-02 -9.14569478e-03  6.86504841e-02
 -5.15342876e-02 -4.42977473e-02  1.95699390e-02  7.95608088e-02
 -6.71422016e-03  7.93945119e-02 -4.00222205e-02 -4.67760935e-02
 -7.74035826e-02  2.15265248e-02 -6.46093860e-02 -2.87584541e-03
 -2.93792412e-02 -1.06680514e-02 -7.61824921e-02  8.82791132e-02
  8.83520916e-02 -6.80797920e-02 -5.27417585e-02  2.03268062e-02
  1.00860462e-01 -5.78769669e-02  2.82739736e-02  1.41631424e-01
  4.11687307e-02  2.72190701e-02  8.81686527e-03  2.81149317e-02
 -4.93515953e-02  4.84527797e-02 -4.47802320e-02 -3.58722843e-02
 -4.83008251e-02  3.12760212e-02  2.98955981e-02 -6.73654601e-02
  5.79076968e-02  7.53788743e-03 -7.95954242e-02  3.69337574e-02
  5.37478141e-02  6.85326010e-02 -6.80424199e-02  9.30220587e-04
 -3.24070714e-02 -2.09783912e-02  1.33274421e-02  1.94135457e-02
  1.79520957e-02 -2.07192879e-02  5.01718409e-02  6.08370081e-03
  2.82220971e-02  6.66266754e-02  2.25081872e-02 -7.36512020e-02
 -6.26305044e-02  7.52671249e-03  1.28408205e-02  2.12826449e-02
 -3.92285772e-02  3.52155939e-02 -2.25359090e-02  2.60298699e-02
  1.06113411e-01 -8.28220975e-03  1.00730777e-01 -2.83815917e-02
 -1.95671357e-02 -2.81268694e-02  3.76391523e-02  7.64005957e-03
 -1.31413877e-01  5.32613508e-02  3.87179255e-02 -1.07716795e-08
  3.66232023e-02  2.88314093e-02  2.08398495e-02  3.57710272e-02
  8.68605170e-03 -8.13843235e-02  7.01441802e-03  9.97086912e-02
  3.38726826e-02  1.97940581e-02  4.89802174e-02 -5.96262217e-02
  1.54956791e-03 -6.56041142e-04 -1.26081286e-02  3.65869664e-02
 -6.40193885e-03  3.61184590e-02 -6.38448000e-02 -5.73426038e-02
  2.66871508e-02 -3.95876309e-03  2.30533145e-02  5.17149083e-03
  3.43166068e-02 -2.15659849e-02 -2.05394216e-02 -3.00740190e-02
 -6.82099536e-03 -5.74197061e-02  7.77971372e-03  3.56688984e-02
 -3.11529506e-02  1.86354797e-02  8.98834690e-02  6.43952712e-02
 -2.70766858e-02  1.34974644e-02 -5.44013046e-02 -4.60443944e-02
 -6.20953403e-02  7.90044293e-03  2.74698287e-02 -2.94792373e-02
 -8.08571174e-04  8.12302083e-02 -3.63867288e-03  7.53729045e-02
 -3.03426217e-02  6.36603218e-03 -9.58914636e-04 -2.45301910e-02
  6.29178658e-02  8.45779404e-02  9.93795618e-02  1.74911926e-03
 -5.94705716e-02 -2.01698747e-02 -1.10790953e-01  4.86225970e-02
  6.04920872e-02  1.25686944e-01  2.99696773e-02 -4.43590805e-02]"
64,Water Stress,Environment,resilience,1,0.2953,"[ 4.77059856e-02  1.78033225e-02 -4.26420085e-02  6.15114011e-02
  3.96200605e-02  4.67738509e-02  8.06669146e-02  5.68664372e-02
 -2.31064260e-02 -1.89392641e-02  1.21506192e-02  3.71001586e-02
  7.84512088e-02 -3.71483192e-02 -5.19271716e-02  1.03987539e-02
 -3.14953513e-02  3.57002504e-02 -1.81027502e-01  3.98189062e-03
 -3.54409143e-02 -2.46022199e-03 -9.67226475e-02  1.79290660e-02
 -2.98425984e-02  5.91440201e-02 -5.42815663e-02  4.08340991e-02
  4.50724401e-02 -6.30761832e-02  5.10527045e-02 -5.71401939e-02
 -2.68277582e-02  6.07127929e-03 -9.08579119e-03  1.46268055e-01
  8.25451016e-02 -1.63571641e-03  4.16583978e-02 -4.66639474e-02
 -8.84330422e-02  1.08987733e-03  1.37631211e-03 -6.59719035e-02
  3.03310459e-03 -6.56463131e-02  1.41509902e-02  2.11287513e-02
  1.11752748e-02 -9.34038088e-02  1.57562736e-02 -2.93376036e-02
 -2.47640982e-02  6.57231314e-03  6.12775460e-02  8.96838214e-03
  6.78125545e-02  4.23857756e-02 -6.44989219e-03  6.50838390e-02
  9.35494304e-02  1.23870827e-03  1.22422185e-02  3.38889956e-02
  8.21462423e-02  3.62005532e-02 -2.06982400e-02  6.42073750e-02
 -5.15927747e-03  3.57592292e-02 -2.79530440e-03 -1.07915308e-02
 -1.85305923e-02 -9.75100417e-03  3.35387327e-02 -8.65514576e-03
 -1.70198549e-02 -3.25545408e-02  7.23748431e-02  8.35130662e-02
  8.65438655e-02 -2.34737452e-02 -1.53326234e-02  1.09808445e-02
  1.38404248e-02 -4.66510467e-02  6.27046004e-02 -6.91386983e-02
  9.82808471e-02  1.47691965e-02 -6.48872927e-02  8.17780271e-02
  1.26820460e-01  2.31127832e-02 -5.07143773e-02  1.46725355e-02
 -2.80349404e-02 -7.20904320e-02 -8.76733959e-02  1.71040952e-01
 -2.04602741e-02  2.43277997e-02  5.60209826e-02  1.06713613e-02
 -1.08804870e-02 -6.68539479e-02  1.12547232e-02 -3.67826074e-02
 -7.95427933e-02  6.29518554e-02 -8.18984434e-02 -1.10477153e-02
  4.42662202e-02  1.20255696e-02  3.38935554e-02  5.00679854e-03
 -1.39297441e-01 -1.37592610e-02  4.93367948e-02 -2.23800298e-02
  8.38747248e-02  1.70312226e-02  2.46834606e-02 -6.33069053e-02
  3.24112102e-02 -6.51356429e-02 -1.12174693e-02 -9.08759346e-34
  5.16975336e-02 -2.31493358e-02  1.83425620e-02  6.35801330e-02
  7.57172927e-02 -3.03584002e-02 -7.31683597e-02 -4.47197706e-02
 -4.23545539e-02 -5.38364649e-02  9.71854255e-02 -1.19330715e-02
  5.93870645e-03 -4.23585996e-02  2.85939835e-02  5.13638034e-02
 -5.75724840e-02  2.79426873e-02  2.56388113e-02 -5.27783372e-02
 -8.49281475e-02 -2.01434419e-02  2.68938094e-02 -5.08741476e-03
  2.30539646e-02 -1.87104493e-02  5.02032973e-02  1.93871707e-02
 -2.48527005e-02  2.26966310e-02 -3.67693231e-02  7.64732361e-02
 -5.06134108e-02 -6.50054738e-02 -2.69313920e-02  5.26304170e-03
 -4.26632985e-02  1.33050838e-02 -2.39996687e-02 -1.83194634e-02
 -2.30993535e-02  9.05106813e-02  2.35520173e-02 -2.51130387e-02
  1.47134721e-01  2.20034849e-02  1.42830731e-02 -1.83128417e-02
 -2.99922675e-02 -4.53190366e-03 -4.90819588e-02  1.41561190e-02
 -1.22801615e-02 -7.40935057e-02 -5.64466342e-02 -5.95895573e-02
  1.75424037e-03  2.52795462e-02 -8.89498927e-03 -4.46002260e-02
  6.31225901e-03 -3.78899067e-03 -6.06790073e-02 -3.82213444e-02
  1.50340274e-01 -2.53545623e-02  2.10695863e-02 -3.47426557e-03
  1.49130281e-02  5.52862212e-02 -3.84165421e-02 -1.05519984e-02
  2.71117222e-02 -3.24169844e-02 -1.49265928e-02 -7.12359399e-02
  2.45012287e-02  9.73681733e-03 -4.60040122e-02 -6.24528863e-02
 -5.83813675e-02 -8.20914377e-03 -5.38211279e-02  8.87809396e-02
  5.86632825e-02  1.78970583e-02  1.07132550e-02 -9.55166370e-02
 -3.58124226e-02  1.52342359e-03  2.65217815e-02 -5.56510203e-02
  9.74789485e-02 -6.46093562e-02 -9.22626704e-02  9.55380830e-34
 -5.11498637e-02 -4.26776409e-02 -5.38945831e-02  9.47766006e-02
  4.35698181e-02 -4.83439676e-03 -4.88602370e-02  5.79236113e-02
 -8.32859799e-02  2.55213380e-02 -5.57029881e-02 -7.02112317e-02
  8.72204751e-02  9.05342400e-02 -5.46822697e-03 -4.72595580e-02
  4.28201072e-02 -3.99420410e-02 -1.79252122e-02 -8.45698640e-02
  6.71973675e-02 -9.53287911e-03 -1.86916552e-02  2.84600854e-02
 -4.06500185e-03  2.62393747e-02 -4.54239696e-02 -6.37894273e-02
 -1.69510394e-02 -7.40521252e-02  3.64149660e-02  2.98742810e-03
 -5.78335766e-03  7.53273666e-02 -2.03880221e-02  6.92293569e-02
 -5.72404684e-03 -7.95327276e-02 -6.26405701e-02 -1.71728153e-02
  2.18855813e-02  4.85914573e-02 -1.56259350e-02  1.07094394e-02
  3.80632700e-04  5.34919873e-02  5.89007549e-02 -7.09174108e-03
  5.52925803e-02 -2.69628037e-02  6.41623661e-02 -4.68465202e-02
 -1.07522666e-01  5.97341033e-03  6.45507649e-02  9.51013062e-03
  4.87948768e-02 -2.97821108e-02 -3.31031606e-02  1.37689812e-02
 -4.30261791e-02 -1.95270833e-02 -7.84315541e-02  1.07427649e-01
  1.39915794e-02  8.22105969e-04 -8.94904137e-02  3.50578986e-02
 -3.78865786e-02 -2.29135808e-03  8.84954929e-02  2.90499888e-02
  5.05042495e-03 -8.81741792e-02 -6.41855225e-02 -3.00018881e-02
 -1.04012214e-01  3.63727212e-02 -1.22769795e-01  2.97488123e-02
 -2.50241961e-02 -3.68764624e-02 -3.08149476e-02  1.35769816e-02
 -1.37980636e-02  1.74340159e-02  5.94135709e-02  4.74861749e-02
  5.15504293e-02  1.29579054e-02 -4.74042967e-02  1.03571462e-02
 -8.28138068e-02  4.89244014e-02  8.17026198e-03 -1.49191770e-08
  6.31610677e-02  4.74143997e-02 -9.49058011e-02 -1.76436305e-02
  2.55118925e-02  7.53963590e-02  1.85067356e-02 -3.04323658e-02
 -5.14965728e-02  7.69040957e-02 -4.57347147e-02 -7.11515322e-02
  3.11649200e-02  8.19943249e-02 -8.95246025e-03  5.51094748e-02
  2.41544768e-02 -1.07389437e-02 -5.19344993e-02 -2.09273398e-02
  6.16469011e-02 -8.43136851e-03  3.38493474e-02  2.07834523e-02
 -1.59203615e-02  7.13686168e-04  6.22873567e-03 -2.42977701e-02
 -4.64343876e-02  5.42892702e-02  1.09160570e-02  1.67975277e-02
 -1.67971216e-02 -7.41477637e-03 -4.62730341e-02  1.14868674e-02
  3.12175434e-02  5.23231085e-03  3.28284726e-02 -5.73460869e-02
  3.56191653e-03  5.86080030e-02  4.77298796e-02  4.60335389e-02
  2.94614285e-02  5.37530705e-03 -2.32687942e-03  3.92811261e-02
 -4.61290451e-03 -6.27706945e-02 -4.20264006e-02 -1.13476561e-02
  2.67162435e-02  9.93945543e-03  5.92441671e-02 -3.42085166e-03
  2.10450757e-02  8.38326961e-02 -2.69985665e-02 -1.67962126e-02
  1.39374673e-01  3.18884850e-02  3.02544869e-02 -1.50862969e-02]"
65,Water Stress,Environment,strengthening,1,0.2802,"[-2.12780144e-02  2.24764384e-02  1.08942576e-02  5.49417064e-02
 -4.67077419e-02 -1.08455215e-02  2.25617904e-02 -1.60216924e-03
 -9.97904316e-02 -4.70007211e-03 -3.54209356e-02  2.62344033e-02
  3.15686464e-02  1.27434144e-02  3.18520106e-02  5.38250729e-02
 -3.02847847e-02  8.28460678e-02 -1.49382755e-01 -4.56394926e-02
 -1.47265956e-01 -1.79600343e-02  5.12767350e-03  4.62939069e-02
 -9.10765305e-03  8.19553658e-02 -7.34241456e-02  2.12343950e-02
  1.37605041e-01 -9.21393633e-02  2.31309813e-02 -9.10971984e-02
  1.95745584e-02  4.30638082e-02 -4.81451303e-02  1.04123868e-01
  2.68020462e-02  4.75805812e-03 -8.83903131e-02  3.19126323e-02
 -7.11392388e-02 -5.24920076e-02  5.52385114e-02 -5.15803769e-02
  3.62213701e-02  4.38294783e-02  8.81225709e-03 -6.40059868e-03
  1.39779076e-02 -3.18471640e-02 -7.38755539e-02  2.14062687e-02
  2.05687452e-02 -3.72930840e-02  2.26029512e-02  7.48656243e-02
  2.73574553e-02  1.94901042e-02 -3.27225029e-02 -3.56492326e-02
  1.00609578e-01  5.22417538e-02 -1.25211468e-02  2.77059991e-02
  5.01075611e-02 -4.73320149e-02 -2.42840126e-02  7.72081465e-02
 -1.59301404e-02  8.83000568e-02  5.57545237e-02 -1.83908269e-02
 -3.25709931e-03 -3.68921608e-02  6.41349405e-02  4.11565229e-02
 -6.00553751e-02 -4.20151576e-02  7.32020810e-02 -4.59859613e-03
  1.10018915e-02  4.11829799e-02 -7.94662070e-03  1.63477641e-02
  7.25343823e-03  2.39855070e-02  5.84775992e-02 -1.89636499e-02
 -1.59954932e-02  5.68346977e-02  1.07294895e-01  3.77923734e-02
 -8.78968239e-02  9.53557566e-02  1.15953144e-02  4.01173942e-02
 -1.53175205e-01 -1.13025956e-01 -1.45825118e-01  2.09944025e-01
  1.00085652e-02  6.27487898e-02  5.99653386e-02 -2.37911623e-02
 -3.29554118e-02 -6.64919764e-02 -6.66095540e-02  4.14274037e-02
  5.12838922e-02  2.54682638e-02 -8.86120647e-03 -2.54472420e-02
 -7.10127130e-02 -1.96707924e-03 -6.23817928e-02  4.63065319e-03
  6.35256153e-03 -1.14189961e-03 -1.75409894e-02  3.48316766e-02
  9.66294035e-02 -1.32166725e-02 -3.43232416e-02 -2.93257348e-02
 -4.25609993e-03 -8.99674967e-02 -3.21911871e-02 -5.49401007e-33
  4.37178127e-02 -3.05820163e-02  3.18362713e-02  6.78170472e-02
  5.47109172e-03 -1.52030699e-02 -2.29512602e-02 -3.79824042e-02
 -4.65383902e-02 -2.05251407e-02 -3.97439636e-02  1.04333460e-01
  3.87595929e-02  1.09718721e-02  5.32095432e-02 -6.97310641e-02
 -6.93244785e-02  7.09567741e-02  1.63321812e-02  2.95737740e-02
  3.34659331e-02 -7.04696681e-03 -1.04591725e-02  2.29209941e-02
  5.55326082e-02 -4.91339043e-02  1.25989407e-01  2.30318829e-02
 -1.67206407e-01  6.53942395e-03 -1.54633820e-02  3.71003360e-03
 -6.43001348e-02 -5.18985204e-02 -3.32959853e-02  1.39505519e-02
  4.08125147e-02 -6.42799139e-02  9.23114456e-03 -3.14735174e-02
 -8.08348693e-03  4.78027994e-03  7.43572190e-02 -1.83355641e-02
  8.47365782e-02  8.02817717e-02  1.18737901e-02 -3.12291887e-02
 -1.12154961e-01 -1.92743558e-02  3.77052091e-02  4.73694243e-02
 -2.65724696e-02 -5.96053228e-02  2.59105721e-03  5.57834916e-02
 -2.61433180e-02  5.68835475e-02  4.79344249e-04 -1.18561350e-02
  1.32171512e-02 -2.68401764e-02 -3.25706340e-02  3.57144326e-02
 -7.38024116e-02 -2.10905746e-02 -2.07601283e-02  4.32687588e-02
  2.62502898e-02 -2.95213442e-02 -7.98347592e-02 -4.24605720e-02
  3.67327919e-03  2.32485645e-02 -6.79803044e-02 -3.36612873e-02
 -2.43430994e-02  2.67804153e-02  3.87707795e-03  1.20538985e-02
 -2.75296476e-02  2.38478724e-02  9.92213842e-03  5.22304177e-02
  1.71975829e-02  2.65114121e-02 -3.09523158e-02 -1.77123919e-02
  2.75471490e-02  2.75637638e-02 -9.26729068e-02 -9.97999981e-02
  3.38295698e-02  2.11845543e-02 -7.89435813e-04  3.32180487e-33
  1.91144701e-02  4.60413098e-03 -5.44665344e-02  5.32735698e-02
  7.18841776e-02 -2.89940387e-02 -3.95498425e-02 -4.87368815e-02
 -1.11934550e-01 -3.01860869e-02  1.93491857e-02  4.70041716e-03
 -2.44432744e-02  2.89092660e-02 -5.82964607e-02 -4.47917767e-02
 -3.54895405e-02  7.93133155e-02  8.39431304e-03  7.08399117e-02
  2.12859064e-02  5.09504452e-02  6.08594753e-02  5.53785712e-02
  8.31149668e-02  1.13788024e-02 -5.60497902e-02 -3.19730453e-02
  6.73656091e-02  5.65578155e-02  7.51176121e-05 -8.91466364e-02
 -6.49818629e-02  6.39497712e-02 -3.82073000e-02  7.38657340e-02
  8.40518717e-03 -3.04403510e-02  1.74111370e-02 -1.19747932e-03
  4.60673794e-02  4.42740284e-02  4.02902886e-02  3.50888930e-02
  2.86975987e-02 -9.06552002e-03  1.74877904e-02 -3.56352404e-02
 -1.03904657e-01  3.27049047e-02  6.77034110e-02 -2.60197315e-02
  8.20365082e-03 -3.45808417e-02  5.66421114e-02  3.05560976e-03
  3.58703807e-02 -6.05474561e-02 -1.00578681e-01 -5.13759675e-03
 -9.17808041e-02  2.26433612e-02 -2.11068951e-02 -4.24028956e-04
  3.24299596e-02  1.35280928e-02 -2.24279761e-02  2.19694320e-02
 -4.15478982e-02  3.47867771e-03 -1.65380109e-02  1.54314730e-02
  1.08532589e-02  5.76113872e-02 -3.82884927e-02  3.25846635e-02
 -2.04658303e-02 -5.58321327e-02 -4.72569391e-02  1.48280701e-02
 -1.21519819e-01 -8.50057229e-02  3.28314677e-02  4.90691420e-03
  6.26048818e-03  2.82648206e-02  5.54137565e-02  4.98696566e-02
  3.43869589e-02 -2.12702099e-02 -3.59212086e-02  8.28022696e-03
 -5.14915176e-02 -2.96026077e-02 -9.83879063e-03 -1.20649926e-08
 -3.48688141e-02 -1.96188800e-02 -6.93475902e-02 -4.44405293e-03
  2.89653726e-02 -6.90569868e-03  1.24425469e-02 -1.83924697e-02
  3.35325263e-02  1.11548125e-03  2.82691792e-02  1.83167737e-02
  8.29103142e-02  5.60831986e-02  2.07203925e-02 -2.78971773e-02
 -1.81790944e-02  6.39556497e-02 -9.61098820e-02 -9.73019823e-02
 -6.41720928e-03 -6.51407614e-03  6.40711114e-02  2.49279924e-02
  6.88236300e-03 -4.89895605e-02 -3.92557532e-02  1.25686713e-02
 -1.34529155e-02  2.92209741e-02  7.07270876e-02 -1.23242643e-02
 -1.55165736e-02  1.11152474e-02  2.11581811e-02  7.49730915e-02
  2.86148991e-02 -3.06451116e-02 -4.71922792e-02  1.02637811e-02
 -6.57670647e-02  3.00032143e-02  1.27592504e-01 -1.06639247e-02
 -7.68304197e-03  9.27874062e-04 -1.06596366e-01  5.84490411e-02
 -1.85080357e-02 -7.21043944e-02  3.89198698e-02 -1.67072739e-03
  1.12679126e-02  4.91269268e-02 -1.06720831e-02  3.59600224e-02
 -2.06809547e-02  5.56255765e-02 -1.50514841e-02  2.09970195e-02
  1.38246436e-02 -5.87091632e-02  1.53944995e-02  5.12974896e-02]"
66,Water Stress,Environment,climate,3,0.2785,"[-1.00735202e-02  8.01628828e-02  7.61619210e-02  9.00282189e-02
  3.14590102e-03  5.16346889e-03  2.63471678e-02 -7.41889253e-02
 -3.05862594e-02  1.10413134e-02 -8.47130734e-03 -1.67675972e-01
  1.16742719e-02  2.73796655e-02  4.27310392e-02 -3.86064202e-02
 -8.32662284e-02 -4.62331437e-02 -3.84987034e-02 -7.63885751e-02
 -6.74610659e-02  7.33133256e-02 -6.15982451e-02  4.38537151e-02
 -2.43654232e-02  2.25088000e-02 -2.14865338e-02  7.59544298e-02
 -5.49634807e-02  3.04567702e-02 -1.30236484e-02  1.28096521e-01
 -6.69074338e-03 -1.63438115e-02 -2.83007734e-02  3.14374268e-02
  1.19870845e-02 -1.67693589e-02 -4.10083309e-02  4.76454608e-02
 -2.68335771e-02 -5.01708277e-02  5.24844080e-02 -1.23227462e-02
 -2.92352308e-02  1.29571240e-02  1.04278056e-02  2.92868521e-02
 -1.82268745e-03 -1.21480376e-02  7.04775844e-03 -3.60883679e-03
 -4.19395901e-02 -1.60582308e-02 -3.73083539e-02 -1.50754536e-02
  1.12009663e-02 -1.22466646e-02 -1.19018899e-02 -3.22542316e-03
  5.65412417e-02 -1.84773691e-02 -1.35529786e-01  4.86044660e-02
  1.71857089e-01  1.51545824e-02 -1.10318819e-02  9.53152329e-02
  7.63152679e-03 -8.23638290e-02 -2.55587939e-02  4.46644500e-02
 -6.57173395e-02 -3.84187489e-03  5.38433157e-02 -2.73524243e-02
 -7.26096481e-02  2.97616180e-02  9.41255689e-02 -6.47051213e-03
  1.46966934e-01 -3.17380391e-02  9.56641044e-03  2.53987517e-02
  2.39543598e-02 -3.26916426e-02  6.73371926e-02  2.52375584e-02
  2.13109758e-02  1.07224574e-02 -3.08368430e-02 -7.57740736e-02
  8.88218060e-02  3.69200520e-02 -1.64488062e-01  1.08745523e-01
  5.42036258e-02 -5.16778715e-02 -1.61487889e-02  1.33941814e-01
  2.91425847e-02 -8.37187320e-02 -5.04487976e-02  5.11723794e-02
  2.68336646e-02 -3.99190299e-02 -3.30342092e-02 -4.25156765e-02
 -6.84771091e-02 -1.79343801e-02 -1.00360423e-01 -4.90208622e-03
 -4.03036661e-02 -9.01854225e-03  6.67714328e-02 -5.39897867e-02
 -1.86813660e-02  3.51647474e-02  1.04090935e-02 -2.89114751e-02
 -8.69517624e-02  1.66472699e-02  3.21630528e-03  1.02543399e-01
  2.22695619e-02 -5.58538288e-02  3.92387882e-02 -5.95323163e-33
  9.16888714e-02 -7.18442723e-02  2.97532827e-02  5.57787381e-02
  3.43118384e-02  6.98830336e-02 -6.22250624e-02 -7.15281591e-02
 -3.15425508e-02 -5.42548820e-02  2.91527808e-02  4.29827273e-02
 -6.63885698e-02  5.69718331e-02  1.18745841e-01  1.60009507e-02
 -1.24640847e-02  6.24913722e-02 -2.25803498e-02  5.67048863e-02
 -9.95102674e-02  7.14827999e-02  3.37071046e-02  4.57377620e-02
  9.59318038e-03 -4.75787222e-02  4.36368622e-02 -2.69519016e-02
 -5.67994975e-02  3.63498623e-03  5.53054661e-02 -3.04791089e-02
 -3.10277771e-02 -2.53382120e-02  7.26115182e-02 -2.46112235e-02
  2.02105884e-02  1.83962602e-02 -1.22778881e-02  2.58903727e-02
  1.93132162e-02  1.01797096e-02  1.50033357e-02 -1.50676090e-02
  7.13800117e-02 -1.42328441e-02  4.45256457e-02  3.69249173e-02
 -7.86821544e-02  3.94281037e-02 -8.46382082e-02  5.13642877e-02
 -2.49768458e-02 -6.78081661e-02  6.68366440e-03 -1.26776174e-02
  5.17337248e-02 -1.05001428e-03 -3.53380814e-02 -7.47469142e-02
 -7.07673002e-03  2.75499560e-02  7.39909708e-03 -6.17572181e-02
  9.73554626e-02  2.33137105e-02  1.98944509e-02  2.93446798e-02
 -6.46880940e-02  5.60223265e-03  2.17731390e-03 -3.19536813e-02
  6.15161806e-02  2.03437712e-02 -2.11052038e-02  1.64558981e-02
  6.34440705e-02  9.91234928e-03 -6.78253397e-02  2.25668270e-02
 -1.13383636e-01  5.24378195e-02 -6.74639195e-02 -2.38137357e-02
 -7.07303211e-02 -3.09580248e-02  1.99849121e-02 -4.17470495e-04
  7.60086179e-02  5.88629022e-02 -5.64389192e-02 -6.06922321e-02
  7.92319626e-02  3.60171981e-02  1.97497848e-02  2.74513526e-33
  3.37528288e-02 -2.83171162e-02 -7.64087820e-03  3.66573706e-02
 -2.39754841e-02 -3.97095978e-02  8.67570657e-03  2.77519394e-02
 -3.81836039e-03  3.42745818e-02 -2.32909583e-02  3.68264392e-02
  4.10791934e-02 -4.12497036e-02  3.87282595e-02 -3.90107706e-02
  2.27984991e-02  6.81212991e-02 -2.66078208e-02  2.07269285e-02
 -2.15827916e-02 -1.37475654e-01 -5.59583865e-02 -8.13256484e-03
 -1.28289178e-01  3.46413441e-03  9.57913417e-03 -2.72783618e-02
 -6.68545514e-02  2.31604539e-02 -2.35069022e-02  1.96292493e-02
 -6.28675744e-02  7.77619034e-02 -6.31812736e-02  6.30997568e-02
  1.50342360e-02 -1.10547677e-01 -6.29654294e-03  7.28623103e-03
  3.79291959e-02 -8.13052058e-02  6.24327697e-02 -3.95172536e-02
  5.25208004e-02 -3.55008268e-03  3.45353154e-03  2.68118195e-02
  5.00444807e-02 -5.22179268e-02  5.15014045e-02 -5.12494845e-03
 -6.05820678e-02  3.27748316e-03 -2.92170851e-04 -4.20511179e-02
 -4.10108417e-02  5.35930619e-02 -2.37730462e-02 -6.12052949e-03
 -2.22497862e-02  6.10207033e-04  1.00128194e-02  4.28485051e-02
 -4.96630222e-02 -2.91467067e-02 -6.24134950e-02  2.21458115e-02
  4.46426123e-02  3.01297214e-02  2.89700069e-02  8.97837337e-04
 -5.18241934e-02 -2.91491728e-02  1.05407285e-02 -6.64941920e-03
 -3.50648127e-02  3.08765620e-02 -1.41399736e-02  2.17261221e-02
 -1.17567532e-01  1.87184233e-02 -1.69367827e-02  7.04523996e-02
  4.46131863e-02 -1.54463463e-02  7.20620062e-03 -8.94487798e-02
  4.06387262e-02  1.72586348e-02 -9.13972408e-03  2.16100588e-02
 -8.29636753e-02  6.08674064e-02 -2.67469976e-02 -1.32276474e-08
  2.50753146e-02 -2.71488298e-02  7.07827732e-02  5.58741018e-02
  2.64598639e-03  1.89432278e-02  3.70021909e-02 -2.58760247e-02
  7.61699602e-02  9.75599810e-02  1.96192544e-02  5.06241210e-02
  5.24575971e-02  1.00551866e-01 -1.34174814e-02 -6.46728575e-02
 -2.61070170e-02 -2.74055321e-02 -1.58681516e-02  4.95248847e-03
  4.76593152e-03 -1.91211067e-02 -4.83198930e-03  1.76060069e-02
  5.87761961e-02  9.33762174e-03 -2.26534232e-02  8.54290277e-02
  1.62477363e-02  4.88346368e-02  4.61059902e-03 -4.95913103e-02
  3.19483280e-02 -9.84394997e-02 -4.57011312e-02 -9.12414044e-02
  4.28083874e-02  8.65210220e-02 -4.01252545e-02 -7.46155977e-02
  2.18118168e-02  5.94734214e-02 -3.59051898e-02  1.49991494e-02
  3.49400565e-02 -7.36500099e-02  1.30179757e-03  7.61051998e-02
 -6.93445131e-02  5.52491359e-02 -5.70829064e-02 -3.92405540e-02
  1.82937589e-02  7.86777809e-02  1.07157510e-03 -2.57797074e-02
 -1.40133791e-03  7.40675954e-03 -4.68317932e-03  4.84706797e-02
  1.56157892e-02 -2.01183651e-02 -8.26295838e-02  2.87165195e-02]"
67,Water Stress,Environment,disasters,2,0.278,"[ 6.49626646e-03  3.05106342e-02  7.97505900e-02  6.29973412e-02
  8.75452906e-03  3.72294858e-02  1.87875032e-02  7.22671822e-02
  4.77086604e-02 -1.13407038e-02 -1.60836224e-02 -2.45024450e-02
  4.07726131e-02  2.97191832e-02 -5.64169809e-02 -3.64606269e-02
 -6.95492253e-02 -4.75412747e-03 -7.11276308e-02 -1.40699316e-02
 -6.86816638e-03  8.24937299e-02 -1.41965061e-01  5.02662454e-03
 -2.16603652e-02  8.13529640e-02 -1.40469326e-02  3.91548648e-02
 -5.29499501e-02 -6.26886562e-02  3.67402919e-02 -4.26841304e-02
 -2.53551193e-02 -2.53796000e-02  3.85929532e-02  9.33956131e-02
  5.19030690e-02  2.98659783e-02 -1.52697624e-03 -1.11916512e-02
 -1.34079931e-02 -2.17649397e-02  2.44417023e-02 -1.77233927e-02
 -7.90701422e-04 -1.69615988e-02  4.36128071e-03 -9.07400344e-03
 -1.74047370e-02  3.05240508e-03  7.45915920e-02  1.73854623e-02
 -3.33139598e-02 -2.81162541e-02  3.57016139e-02 -1.05099946e-01
  7.66521599e-03 -1.32756773e-02 -7.86075275e-03 -2.82348506e-02
  7.91486800e-02 -2.09385785e-03 -3.59554999e-02  1.57825032e-03
  5.26199006e-02  1.55496802e-02  9.14107449e-03  7.17317685e-02
  2.03483868e-02 -8.79176520e-03  6.69857673e-03 -1.92225184e-02
  4.86623049e-02 -1.13269510e-02  6.14455678e-02 -4.13200930e-02
  7.00604543e-02 -3.70470174e-02  1.53389329e-03  3.75688635e-02
  3.31410989e-02 -5.42774796e-02  4.88710124e-03 -3.69216315e-02
  3.11558805e-02  2.33734101e-02  9.34333424e-04  2.22681686e-02
  3.56514379e-02  7.02528805e-02 -6.16619401e-02 -5.99421598e-02
  1.50009811e-01  6.56627938e-02 -2.89092809e-02  3.48062925e-02
  1.04436036e-02 -1.30705222e-01  5.05198315e-02  1.88740805e-01
 -3.62928621e-02 -1.48002552e-02 -6.18542545e-03  3.41240577e-02
  2.42484324e-02 -7.40488395e-02 -9.42853391e-02 -3.85373905e-02
  8.72422662e-03  1.04294866e-02 -5.66043407e-02  1.55290868e-02
  3.67470458e-02 -7.32817799e-02  1.71960536e-02 -2.51294449e-02
 -4.04845811e-02 -3.27694230e-02 -4.47126999e-02 -2.40528490e-02
  8.34855996e-03 -3.77084682e-04 -6.45802692e-02  3.90385799e-02
 -5.33905402e-02 -1.60846729e-02  4.08085138e-02 -4.93003616e-33
  6.54527470e-02 -7.01886564e-02  1.29916798e-02  6.29994944e-02
  3.90821062e-02 -2.48920489e-02 -8.69171098e-02 -6.39600456e-02
  1.59349386e-02 -1.50382635e-03 -2.09606998e-03 -2.73083244e-03
 -1.47957522e-02  6.14624424e-03  6.99582398e-02  2.05756980e-03
 -2.36419793e-02  6.83888122e-02 -5.78466058e-02 -3.27494889e-02
 -9.39344019e-02 -2.45250203e-02  3.48609760e-02  3.78679335e-02
  4.18829508e-02  2.37165336e-02  1.75111871e-02 -1.13057792e-02
  1.43976994e-02  4.72479453e-03  1.12667410e-02  4.50008586e-02
 -7.72643927e-03 -4.02264223e-02 -1.76740456e-02  4.28231014e-03
 -7.51035810e-02 -1.32131288e-02 -4.74798214e-03 -2.31157076e-02
 -3.95788625e-02 -1.69246201e-03 -5.49220368e-02  5.80008663e-02
  1.08174443e-01 -3.78034799e-03  1.00189902e-01 -5.13921259e-03
 -3.76120657e-02 -6.05369359e-02 -9.11684185e-02 -3.26929847e-03
 -2.80848164e-02 -8.55393987e-03  5.71436398e-02  6.42103096e-03
  6.62666187e-02 -3.98844555e-02  6.54271618e-02 -7.00382167e-04
  2.06760708e-02  4.29228395e-02  1.18215960e-02 -1.20743774e-01
  1.33846000e-01 -5.40654138e-02  1.04742698e-01 -8.54766741e-03
  4.31396924e-02  6.08532270e-03 -5.33815362e-02  2.63587628e-02
  1.02321729e-02 -2.15582233e-02 -3.89014333e-02 -3.83540727e-02
  4.17729244e-02  1.23797473e-03 -3.04767173e-02  3.45982276e-02
 -4.59213071e-02 -6.50960729e-02  7.57751614e-02  4.80714105e-02
  4.77494895e-02  8.36580098e-02 -4.92347814e-02 -5.00312857e-02
 -7.88053647e-02  5.34372181e-02 -8.75668079e-02 -1.63136348e-02
  1.33350179e-01 -2.51970273e-02 -4.25548032e-02  4.03195921e-33
 -4.58404422e-02  2.95500234e-02 -9.59037319e-02  7.00138286e-02
  2.92394944e-02 -3.58973555e-02 -2.50245854e-02  2.62439884e-02
 -2.50462834e-02  6.61861077e-02 -1.47147357e-01 -1.18198544e-02
  6.64032698e-02  2.38260310e-02  5.36431186e-03 -2.68989019e-02
  5.26195131e-02  1.35711889e-04 -1.99213363e-02 -3.39649506e-02
 -7.16096116e-03 -1.86575260e-02 -5.70521355e-02 -8.25844407e-02
 -2.39266828e-02  8.89462382e-02 -3.64562427e-03 -2.17343979e-02
 -6.31868318e-02 -3.07153966e-02  3.70934941e-02  5.51587790e-02
 -6.92878291e-02  7.03309029e-02 -2.21659839e-02  1.36565313e-01
  2.45334841e-02 -3.05340141e-02 -4.90798764e-02 -4.39064279e-02
  5.12838103e-02  5.87238781e-02  4.05087881e-02  1.26585126e-01
  9.09209065e-03  3.57478261e-02  5.24106175e-02  6.75869584e-02
  3.25785242e-02 -1.14323078e-02 -6.73289821e-02 -1.04533527e-02
 -6.68415055e-02  4.90220897e-02  1.22735901e-02 -3.91204767e-02
 -3.08400113e-03 -6.13443665e-02 -4.18306217e-02 -4.12702188e-03
 -4.56450507e-02  2.36502159e-02 -4.68955673e-02  1.27365708e-01
 -7.23746270e-02 -2.73296069e-02 -8.39794800e-02 -2.76187323e-02
 -3.09458282e-02  5.49258851e-03  6.39218539e-02  3.05611007e-02
 -8.66382569e-02 -7.44785741e-02 -5.22976108e-02 -1.22817210e-03
 -1.33226141e-01  9.22080129e-02 -2.84859091e-02 -1.13116647e-03
 -1.62383309e-03 -1.52394408e-02 -3.41439084e-03  4.55142148e-02
  2.77415402e-05  1.73243880e-02  8.25378671e-02 -3.73274065e-03
  3.80214192e-02 -1.08716162e-02 -9.05997083e-02 -1.40787559e-02
  1.03135770e-02 -2.48232926e-03 -2.62280344e-03 -1.13832277e-08
  4.07966413e-02  4.60727997e-02 -8.01533908e-02 -7.93300644e-02
  3.08159422e-02  1.22279320e-02  2.55726893e-02  1.31300196e-01
  9.24442988e-03  4.34326716e-02 -8.34710002e-02  4.38216142e-02
  3.49824764e-02  7.05229342e-02  3.88828516e-02 -2.19520684e-02
  5.38585521e-02 -3.44234169e-04 -4.07397188e-02 -2.72613224e-02
  2.45366432e-02  1.19547788e-02  1.69924013e-02  1.20290769e-02
  6.91619143e-02 -2.08705701e-02 -1.41911600e-02  8.42880160e-02
 -4.08900715e-02  1.29097793e-03  9.92141291e-03 -3.37920263e-02
 -4.53121774e-02  1.06285252e-02 -9.20919119e-04  6.51083738e-02
  3.69796827e-02 -6.35035113e-02  4.17904817e-02 -8.53712410e-02
  2.71977168e-02  5.83512448e-02  8.87685418e-02  3.61426324e-02
 -6.22642078e-02 -4.75424975e-02 -7.58967875e-03  4.28966060e-02
  1.93133596e-02 -3.71225961e-02 -4.15862128e-02 -9.27248318e-03
 -2.04991410e-03  3.74706276e-02  1.32013246e-01 -5.51386736e-02
  2.00389493e-02  3.17841507e-02  1.32754333e-02  3.87950800e-02
  1.15463451e-01 -4.53056814e-03 -7.01639196e-03 -5.24690226e-02]"
68,Water Stress,Environment,environment,12,0.2731,"[ 2.33644731e-02  2.18580198e-02  4.84402329e-02  2.53892560e-02
  9.61136594e-02 -5.16454242e-02  6.97700456e-02 -1.41005013e-02
 -3.41628045e-02  1.94270946e-02 -1.80527824e-03 -1.22163437e-01
  5.87061746e-04  2.41899900e-02  3.53952348e-02 -8.96298327e-03
 -3.78377736e-02 -1.04786418e-02 -6.04017824e-02  1.46315796e-02
 -8.17503706e-02  8.54109153e-02 -1.87415183e-02  4.12513007e-04
 -1.00401200e-01  6.98208660e-02  1.22120855e-02  8.91624540e-02
  3.49422768e-02 -1.38685942e-01  1.29033001e-02  1.06855422e-01
  5.68192303e-02 -4.38616201e-02  1.94474403e-02  1.23612463e-01
  3.45581844e-02 -3.53549533e-02  8.73706210e-03 -1.85381696e-02
 -4.21698317e-02 -6.35177419e-02 -2.88589089e-03 -6.79324567e-02
 -4.53753583e-02 -5.01465499e-02  3.68279815e-02 -7.81768784e-02
  4.09625545e-02 -6.07624538e-02  7.90585857e-03 -1.50915422e-02
 -1.08964741e-01 -1.88317359e-03  5.00403810e-03 -3.61914672e-02
  1.03831235e-02  5.69124660e-03  1.27366302e-03 -1.31937945e-02
  1.23778999e-01 -2.89570278e-04 -6.76719099e-02  9.64008197e-02
  1.14906214e-01  3.15997074e-03 -6.37826025e-02  1.12660810e-01
 -1.29361628e-02 -1.08178973e-01 -2.24746782e-02 -1.38711547e-02
 -3.07310931e-02 -8.17129463e-02 -1.01908408e-02 -1.44987917e-02
 -3.43085229e-02 -1.60658490e-02  1.09193616e-01 -8.87072994e-04
  8.14530626e-02 -2.56949719e-02 -1.11542843e-01  3.94444689e-02
 -9.65291914e-03 -8.16686824e-03  3.31681781e-02 -4.32622433e-03
  2.98048444e-02  7.05209151e-02 -2.06467118e-02 -6.68823868e-02
  9.65704247e-02  1.36720743e-02 -3.91561054e-02  5.08231334e-02
  2.76354328e-02 -6.18121438e-02  7.39366263e-02  2.06648201e-01
 -1.18304044e-02 -1.79128554e-02  1.61861070e-02  3.05576269e-02
  1.65510532e-02 -8.85703489e-02  1.16048930e-02  2.61527300e-02
  4.64541130e-02 -1.06099425e-02 -8.16501006e-02 -1.95546001e-02
 -2.64935251e-02  6.88949414e-03  6.85297921e-02 -3.63771692e-02
  6.51407242e-02 -3.79089639e-02  1.81040633e-02  5.48403803e-03
  4.22726534e-02 -2.95765847e-02  1.77190118e-02  7.02168047e-03
  2.20425446e-02 -3.82844545e-02  4.90661226e-02 -5.26335604e-33
  3.95574197e-02 -1.03494972e-01  5.49935289e-02 -1.52555518e-02
  6.25433326e-02  4.10627499e-02 -1.80450492e-02 -6.97509339e-03
 -2.21378393e-02  1.93453114e-02  2.09278520e-02  6.51206598e-02
 -6.19755052e-02  4.08728458e-02  1.40061140e-01 -8.89539067e-03
 -5.86254969e-02  8.38092491e-02 -4.02802378e-02  2.35806033e-02
 -6.18906543e-02  4.38132882e-03 -3.66587117e-02  1.41741587e-02
  4.78837416e-02 -5.16073518e-02  6.20960891e-02 -4.83354814e-02
 -2.39072833e-02  4.82434127e-03  7.42773041e-02  2.29782909e-02
 -4.74663340e-02  3.71650681e-02  3.35917361e-02  3.67151722e-02
 -2.46649534e-02  1.96771882e-02 -2.69506052e-02 -5.48793115e-02
 -4.42420617e-02  1.71992648e-02  5.32386042e-02 -1.93753503e-02
  6.57054782e-02  7.61341862e-03  1.09702006e-01  4.98276092e-02
 -3.27400230e-02  2.81997323e-02 -4.79887798e-02  1.27907014e-02
  6.72886334e-03 -1.70785841e-02  2.57480610e-02  1.77239580e-03
  5.27571738e-02 -1.37507869e-02 -2.70013120e-02 -4.22072178e-03
  3.19309048e-02  1.29968867e-01 -6.11014850e-03 -6.60958737e-02
  8.52966979e-02 -3.28664631e-02  5.83361555e-03  2.27541421e-02
  2.71526556e-02  1.59754381e-02 -1.10382475e-01 -4.36896086e-02
  9.96702630e-03  5.20829596e-02 -2.97340825e-02 -3.40342186e-02
 -5.93370236e-02 -1.50742475e-02 -7.59957507e-02  3.31646465e-02
 -8.03051069e-02  3.76475416e-02 -5.03134876e-02  1.40681509e-02
  8.85243155e-03  2.95624249e-02  7.97884725e-03 -7.77019709e-02
  2.27048863e-02  5.94608448e-02 -2.97099315e-02 -2.91036405e-02
  3.92825454e-02  1.71548780e-02 -6.01729155e-02  3.46829535e-33
 -3.18984203e-02 -2.65864879e-02 -4.55456637e-02  8.44374858e-03
  1.45142088e-02 -2.12465320e-02 -5.16113974e-02  4.26219031e-02
 -3.59162800e-02  4.24568094e-02 -7.53761902e-02  8.84887278e-02
  1.19863234e-01  3.75612266e-02 -1.22323940e-02 -3.76544409e-02
  3.20453867e-02  8.52147583e-03  1.62867587e-02  1.93882696e-02
 -4.90693860e-02  1.64304972e-02 -3.09050921e-02  2.09064279e-02
 -9.05316919e-02  7.90200233e-02  1.38924653e-02  1.87219214e-02
 -2.86406511e-03  2.83480790e-02 -4.26415317e-02  1.76433604e-02
 -5.08972481e-02  8.33589062e-02 -5.84149696e-02  2.79677194e-02
  4.45216186e-02 -1.12980381e-01 -8.94009620e-02 -2.94840559e-02
  7.47299418e-02 -4.07969467e-02  1.53344134e-02  6.01530783e-02
 -1.44062773e-03  3.27702761e-02 -4.52851206e-02 -4.28736676e-04
  1.70291904e-02 -1.78245623e-02  2.37181187e-02  1.95850413e-02
 -5.56834564e-02 -2.08660029e-02  3.14949676e-02 -4.81543317e-02
  2.97331391e-03  5.53190112e-02 -6.80504460e-03  2.68062786e-03
  4.83568124e-02  6.19467534e-02 -2.61719730e-02  4.28740606e-02
 -1.16639413e-01  3.17427740e-02 -2.40533501e-02  6.62343502e-02
 -7.50383735e-02 -4.30174582e-02  1.72801223e-02 -2.12994665e-02
 -1.08222477e-01 -4.84736972e-02 -4.74335849e-02 -4.91533503e-02
 -4.66140769e-02 -3.44758108e-02 -2.72409283e-02  1.64527632e-02
 -4.46931310e-02 -9.36014391e-03 -3.87573540e-02  2.07285676e-02
 -2.33777054e-02 -4.94104549e-02 -3.72339562e-02 -2.67811622e-02
  1.14253964e-02  3.74468416e-02 -3.14212888e-02  3.35009955e-02
 -1.31737918e-01  5.97790889e-02 -3.66999060e-02 -1.19952857e-08
  1.45915747e-02 -1.86945274e-02  8.24242383e-02  5.39038284e-03
 -3.81034240e-02  2.98110396e-03  9.74817649e-02  1.25247035e-02
  2.90639773e-02  1.17605813e-01 -2.24858578e-02  1.32963089e-02
  8.45004395e-02  1.16270021e-01  3.32873277e-02  4.63178335e-03
 -4.06811498e-02 -2.50607673e-02 -7.83652663e-02  1.06120519e-02
  4.05148380e-02  1.92327648e-02 -8.44392180e-03  3.48386876e-02
 -6.79071993e-03 -6.09513521e-02 -1.51927201e-02 -6.20927429e-03
  3.17065008e-02  4.04941551e-02  4.90804203e-02  8.48616660e-02
 -6.22213446e-02 -2.13269666e-02 -8.12063366e-02 -2.26048920e-02
  1.98088475e-02 -3.74044292e-03 -7.71847228e-03 -1.00763300e-02
 -8.04642886e-02  5.64307114e-03  1.27659822e-02 -4.18242253e-02
  1.64447073e-02 -3.60355265e-02 -2.57604825e-03 -3.12748551e-02
 -2.45842747e-02 -9.68676247e-03 -2.32992526e-02 -7.58328736e-02
  1.70359444e-02  3.99080999e-02  1.16938435e-01  1.17092254e-03
 -7.49916630e-03 -2.00981852e-02 -4.92538251e-02  6.69232383e-02
  2.91147456e-02  4.12308723e-02  2.07546111e-02  2.29336061e-02]"
69,Water Stress,Environment,air,6,0.2721,"[-3.22757028e-02 -1.25489535e-03 -2.13888250e-02  9.68559906e-02
  3.19232866e-02 -7.78222978e-02  1.63449422e-01 -5.11173680e-02
 -5.42190019e-03 -1.17913699e-02  5.69740832e-02  1.23247516e-03
 -4.76235040e-02 -3.50646600e-02 -1.61372665e-02  5.25396951e-02
 -2.47892421e-02 -7.40148127e-02 -9.86888781e-02  2.55344156e-02
 -2.55175773e-03  8.51656646e-02 -1.00564342e-02 -8.16598348e-03
 -5.99214202e-03  2.56981142e-02 -2.52640992e-02  4.54948619e-02
  3.34878750e-02 -1.09410942e-01  3.02578509e-02  2.58225892e-02
  1.71973500e-02  2.37793522e-03 -5.67080565e-02 -5.79020493e-02
  3.38723920e-02  1.08118877e-02 -4.73401994e-02 -3.43434587e-02
 -8.54132846e-02 -1.00399703e-01  1.83001086e-02  9.72017366e-03
 -1.77442618e-02  3.89752761e-02  2.26160605e-02  5.83535507e-02
  6.41928986e-02  7.60555342e-02 -2.19499059e-02 -2.09291205e-02
 -6.02212064e-02  7.04073906e-02  2.89392509e-02  2.59521627e-03
 -4.79283556e-02 -3.75337526e-02 -9.17161908e-03 -9.32321101e-02
  2.10438613e-02  4.07827795e-02 -5.67472391e-02  3.67156044e-02
  3.50537673e-02 -3.76157425e-02 -1.83337685e-02  2.74571609e-02
  2.08449811e-02  1.60062071e-02 -3.11703887e-03  2.53799744e-02
 -1.69998221e-02  1.92758243e-03  2.92665903e-02 -3.69228162e-02
  5.75387478e-02 -1.21251665e-01  5.72971590e-02  5.97776212e-02
  1.09810725e-01 -6.50232285e-02 -1.12466715e-01  1.99212786e-03
 -3.62814441e-02 -2.07295030e-04  4.38630842e-02 -3.45001258e-02
 -9.73345339e-02  4.06463258e-02 -1.25734448e-01 -9.07101110e-03
  6.56331107e-02  9.56397783e-03 -3.70035768e-02  1.92995667e-02
  3.21300514e-02 -1.62413511e-02 -6.96362033e-02  2.03864694e-01
 -1.92337893e-02  1.82251837e-02 -1.93991959e-02  2.78904568e-02
 -3.76500040e-02 -5.27069718e-02 -4.39536851e-03 -2.32511088e-02
  8.53642938e-04  2.51100734e-02 -5.81313930e-02 -3.34583074e-02
 -3.64894383e-02 -6.89942017e-02 -4.58708545e-03  5.90885319e-02
 -6.46287529e-03 -1.74521822e-02 -5.90744242e-02 -4.14616941e-03
 -5.07519543e-02  6.77947178e-02  2.14794721e-03  4.86264154e-02
 -1.01533309e-02 -1.44353911e-01 -5.36782108e-02 -4.41034497e-33
  1.17094535e-02 -5.47263548e-02  6.45438135e-02  4.47917357e-02
 -2.45604422e-02 -1.72571633e-02  1.02510927e-02 -5.10408022e-02
  1.96446925e-02  1.42276272e-01 -8.53328556e-02  5.87290525e-02
 -6.63638562e-02 -2.23018434e-02  1.32689640e-01 -6.97059780e-02
 -6.50132447e-02  8.83673970e-03 -6.18687570e-02  8.27998668e-03
 -7.71298036e-02  1.92896072e-02 -4.98306155e-02  2.48035118e-02
 -3.99823906e-03 -2.70803180e-02  1.83667839e-02 -6.47429749e-02
  7.55221583e-03  2.18004026e-02  4.45235223e-02  4.32202257e-02
  1.00404108e-02  3.51429451e-03 -9.43431258e-02 -1.70275231e-03
 -1.43922018e-02 -5.53515702e-02  2.40465943e-02 -1.52611937e-02
 -7.80650526e-02  2.63857674e-02 -2.97893453e-02  2.93252822e-02
  8.47016741e-03 -3.39110629e-05  6.43462176e-03  3.00412290e-02
 -4.30716164e-02  1.03460508e-03  1.57016348e-02  6.78209681e-03
 -1.84487235e-02  6.89546391e-02  3.60268466e-02  3.15515208e-04
  5.95635176e-02 -6.74919924e-03 -1.11635877e-02  1.57404896e-02
  4.05268334e-02  6.14155158e-02  3.37705389e-02  3.35303359e-02
 -5.22042774e-02 -2.95094121e-02  3.52107584e-02  5.28274057e-03
  4.78510521e-02 -1.73856765e-02 -8.57283399e-02 -5.10330722e-02
  7.06776902e-02 -2.46476289e-02 -1.27674406e-02 -3.99932936e-02
  1.56348813e-02 -3.97243164e-03 -2.52497327e-02 -3.07404809e-02
  2.51026684e-03 -3.73170227e-02  2.16651727e-02  8.51192605e-03
 -2.45535262e-02 -4.87804785e-02 -2.71751378e-02 -2.25947108e-02
 -3.48534412e-03 -2.31710318e-02 -1.23847485e-01 -1.51218604e-02
  7.06740990e-02 -6.05292879e-02  3.23349535e-02  3.21743567e-33
  8.51468090e-03 -6.03142520e-03 -9.65941250e-02  8.35848972e-02
  3.33316252e-02  5.88464402e-02  1.09483898e-02  9.65113565e-03
 -2.71026716e-02  1.86550654e-02 -9.48850960e-02 -9.14641714e-04
  6.52634501e-02  1.22296615e-02  9.81367454e-02  1.88866910e-02
  6.83217600e-04 -2.39497684e-02  4.88153398e-02  3.57657857e-02
 -4.43412922e-02 -4.69561368e-02  6.48356825e-02 -1.44156078e-02
 -5.49150854e-02  5.00216298e-02  6.60105124e-02  4.78889719e-02
 -4.35018074e-03  3.00306752e-02 -4.23366763e-03  4.17851470e-02
  5.75445294e-02  1.05054408e-01 -4.45759529e-03  4.53044176e-02
  1.08160913e-01 -5.54041297e-04 -6.97894096e-02 -1.10100932e-01
  6.12882897e-04 -1.60310138e-02  8.90897289e-02  1.04064390e-01
 -3.54186334e-02  7.57030919e-02  5.29440260e-03 -4.96202260e-02
 -2.63555385e-02 -7.73815811e-02  4.82205953e-03 -2.67519746e-02
 -8.59515294e-02  3.97152193e-02  6.12460859e-02  7.42092803e-02
 -2.59902831e-02 -1.36111537e-02  1.83673780e-02  2.10930482e-02
  1.06041647e-01  2.13614199e-02 -3.78807113e-02 -5.56031661e-03
 -6.71899244e-02  4.64119650e-02 -3.80129367e-03 -1.04771154e-02
 -1.16451094e-02  3.90888937e-02 -1.51652470e-02  1.17981359e-02
  1.37260146e-02  5.53840771e-02 -8.43442157e-02  1.99067723e-02
  5.95798455e-02  2.97234170e-02 -9.94592812e-03  3.32654640e-02
 -1.53418884e-01 -2.99968105e-03 -4.03568223e-02  4.42730896e-02
  1.63627397e-02 -2.99403165e-02 -2.10264269e-02 -1.53593197e-02
  8.75146966e-03  2.54829768e-02  8.08814913e-03  6.57737479e-02
  4.17754650e-02 -2.76594292e-02  3.03287432e-02 -1.18855343e-08
 -2.93769371e-02  4.15861432e-04  9.07075405e-02 -3.44352871e-02
 -7.23794848e-03  9.56416726e-02  3.37981768e-02  1.40409525e-02
  5.00672348e-02  3.47612612e-02  2.67772358e-02  6.32320270e-02
  8.27020183e-02  5.81503510e-02  1.20005488e-01 -6.38554916e-02
 -9.78594869e-02 -6.44101948e-03 -4.94776964e-02  6.28832495e-03
 -3.40025425e-02  4.84110862e-02 -1.45229092e-02  5.13230823e-03
  9.92291374e-04 -2.04629987e-03  3.72249410e-02  2.36285627e-02
  6.34295940e-02  5.01006022e-02 -2.29468383e-02  6.39908090e-02
 -5.35563044e-02 -6.85420260e-02 -7.53240213e-02 -3.22650187e-02
  5.82429692e-02  4.76565165e-03 -4.48622070e-02 -4.12017386e-03
 -1.78119037e-02  3.24591324e-02 -2.21202206e-02 -7.23729804e-02
  4.30061296e-02  3.55679914e-03 -3.15564051e-02 -7.81736523e-03
 -4.66188900e-02  1.10833067e-03  6.45873463e-03  1.73635837e-02
  4.04575951e-02  5.30357622e-02  6.94869533e-02  2.95697898e-02
 -1.12988420e-01  5.70458658e-02 -5.21874093e-02  1.53054902e-02
  7.63929486e-02  4.21223603e-02 -6.69464171e-02  1.00377634e-01]"
70,Water Stress,Environment,challenges,1,0.268,"[-5.05732149e-02  7.47011304e-02 -4.60982090e-03 -2.37128250e-02
  4.69251629e-03  9.62152183e-02  3.79012711e-02 -1.14842057e-02
 -4.87852991e-02 -1.59138460e-02  1.36538548e-02 -1.16197623e-01
 -3.37515734e-02  2.57926751e-02 -1.86902806e-02 -1.66812297e-02
 -1.63590293e-02  2.19654236e-02 -4.07807752e-02 -6.15294501e-02
 -8.28182045e-03 -3.05217262e-02 -4.66304198e-02  1.57444160e-02
 -2.32850704e-02  3.52690443e-02 -6.82463869e-03  8.23647063e-03
  8.66637975e-02 -1.16303109e-01  2.35272367e-02 -6.44637598e-03
  1.75317936e-03  2.47827563e-02  1.81620698e-02  4.74087447e-02
  1.60630122e-02  4.10943478e-02  6.25574142e-02 -5.00010252e-02
 -4.73746099e-02 -1.14543289e-01  1.74467955e-02 -1.66952573e-02
  1.35544930e-02  1.72510315e-02  4.10073102e-02 -1.90771930e-02
 -1.43334540e-02 -4.33048569e-02 -7.72396252e-02 -7.04741329e-02
 -3.06720901e-02 -2.62092818e-02 -2.70555038e-02 -5.11860587e-02
  1.52046327e-02 -2.71191765e-02  6.69053718e-02 -4.95558083e-02
  7.71226361e-02 -1.07199557e-01 -7.14350939e-02  7.67268017e-02
  3.61158699e-02  3.55412532e-03 -2.40225922e-02 -6.26673223e-03
 -2.46651974e-02  2.48133261e-02 -2.53851581e-02  2.85403151e-02
 -1.69465522e-04  3.21259089e-02  1.46360725e-01  5.38955852e-02
  1.09477760e-02 -1.68777872e-02  3.65125500e-02  6.14124292e-05
  3.64655368e-02 -1.02286197e-01 -3.70773822e-02  8.41882899e-02
  5.55406138e-02 -4.12733816e-02 -3.48193571e-02  3.24798785e-02
  1.02045266e-02  3.90283787e-03  1.49167581e-02 -7.08046407e-02
  2.75269188e-02  4.30843011e-02 -6.08228967e-02  2.93897502e-02
  1.54622346e-02 -4.94939834e-02 -1.64329465e-02  2.38459364e-01
  2.33828649e-02  4.15652320e-02  2.90858373e-02  2.63759103e-02
 -1.18583050e-02 -1.68942194e-02 -1.27072362e-02 -5.67404553e-02
  1.20892227e-02 -2.89248321e-02 -4.05953918e-03 -5.90284215e-03
  5.16782999e-02 -1.34745687e-02  4.02722973e-03 -1.48773426e-02
 -4.53611985e-02 -2.39677951e-02 -4.83220890e-02  1.57320555e-02
 -1.52519136e-03  5.04251942e-02  2.70995982e-02 -4.63453643e-02
  1.02490038e-02  7.35130301e-03 -2.08994355e-02 -6.48978750e-33
  2.54081506e-02  1.92913879e-02  1.03051402e-02  4.39425632e-02
 -9.96830408e-03  1.72690861e-03 -8.14303905e-02  4.00788262e-02
 -4.11465727e-02  1.91479046e-02 -2.60794256e-02  5.16888574e-02
 -2.15891376e-02 -6.29628301e-02  1.38557062e-01 -8.84398520e-02
 -6.81838542e-02  2.96547562e-02 -3.65387425e-02  3.21367495e-02
 -4.54323292e-02 -6.16313256e-02  4.73425612e-02  1.87430568e-02
  2.87539139e-02 -2.14473251e-02  6.77309036e-02 -1.54051751e-01
  5.27432971e-02  9.76535585e-03 -2.58116070e-02  7.26962602e-03
 -2.23358572e-02  3.47533934e-02  3.18930261e-02  8.18494633e-02
  4.11952138e-02 -1.10838927e-01 -2.29146820e-03  1.42866513e-02
 -5.64790629e-02 -1.04223862e-02 -6.92374073e-03  1.73706543e-02
  5.47775514e-02  5.93329743e-02  8.07508677e-02 -6.81606308e-02
 -1.06823251e-01  5.18322550e-02 -7.74856955e-02  4.87053543e-02
 -7.27890208e-02 -5.83513863e-02  8.15166458e-02 -2.79128575e-03
 -3.32888775e-02 -1.08283296e-01  1.21241547e-02  5.03679030e-02
  3.76855694e-02  4.90173139e-02 -2.83726025e-02  1.33261746e-02
 -1.16775408e-02  5.21470495e-02  1.64675135e-02  9.00453888e-03
  5.84031604e-02  3.36752683e-02 -2.56621204e-02 -5.93252108e-02
  5.56296147e-02 -6.25067651e-02  3.14884856e-02  4.90616560e-02
  4.81981933e-02  1.77370105e-02 -6.00637794e-02 -8.23680088e-02
 -4.35644574e-02 -2.14070883e-02  6.84743235e-03  2.28079539e-02
 -3.97781515e-03  8.29012785e-03  3.28760222e-02 -1.43608510e-01
 -2.59175040e-02 -1.65139548e-02 -6.41598478e-02  3.55704571e-03
  6.26892373e-02  6.26075789e-02  8.53484049e-02  5.81269981e-33
 -7.95252025e-02  1.87729523e-02 -8.44755173e-02  4.65678573e-02
  1.14791550e-01 -5.16313873e-03  2.62009576e-02  3.13298069e-02
  2.12561768e-02  3.64942220e-03 -6.25208244e-02 -1.83027610e-02
 -2.43078806e-02  3.00410129e-02 -4.29501906e-02 -1.28394574e-01
 -9.68516432e-03  3.95726785e-02  1.84611417e-02  3.63086835e-02
  2.29509454e-03  3.18215974e-02 -8.69159251e-02 -4.68892418e-02
  3.33174877e-03  1.08388469e-01  1.41873211e-02 -8.87944773e-02
 -2.48411912e-02 -1.32310567e-02  1.95777733e-02  2.35139183e-03
 -1.02317989e-01  5.01421094e-02 -1.47689283e-02  8.03713873e-02
  3.33143994e-02 -2.60181148e-02  2.76431777e-02  4.77978699e-02
  6.12527803e-02 -1.74062364e-02 -3.30647416e-02  8.29366297e-02
  2.83946050e-03  4.71924581e-02  2.60228775e-02 -4.96325158e-02
  1.40312063e-02  3.05593293e-02 -2.48560105e-02 -1.34134917e-02
 -1.57210557e-03 -2.70189755e-02  2.57490724e-02 -1.32616051e-02
 -8.11176747e-02 -3.54761183e-02  1.01677999e-01  4.66393121e-02
 -4.94647808e-02  5.74779101e-02 -5.01883402e-02  1.16943918e-01
  1.72097087e-02 -1.92766711e-02 -3.17571163e-02  6.25121519e-02
 -8.01457092e-02  3.78536135e-02 -1.06616989e-02  3.34437229e-02
 -8.58029164e-03  1.66149922e-02 -4.56154458e-02 -1.79992747e-02
 -1.35122135e-01  3.23128253e-02  4.34963622e-05 -5.55153657e-03
  2.16105431e-02 -4.03011404e-02 -8.94127227e-03  5.95053174e-02
 -3.88319418e-02  1.28821120e-01  3.45837548e-02  5.90698235e-03
  4.64608856e-02  3.17298621e-02 -4.70750816e-02  5.98134585e-02
  2.03986634e-02  6.10495657e-02  2.21848730e-02 -1.31453461e-08
 -4.00212780e-02 -1.61152205e-03 -7.25735202e-02 -1.47645287e-02
  2.19313204e-02  7.43759125e-02  1.18524991e-02  9.04919021e-03
 -2.20217891e-02  8.56384039e-02  8.63362383e-03 -3.03486753e-02
  5.89886680e-02  9.91467461e-02 -3.17124873e-02  1.60517357e-02
  1.30457273e-02  7.14855082e-03 -1.92421172e-02 -4.07548733e-02
 -6.33748900e-03  5.80905154e-02  3.71849164e-03  4.11743335e-02
 -6.03856556e-02  4.15790342e-02  6.48604855e-02  6.49697185e-02
  3.25116254e-02  4.66036424e-02 -1.36157696e-03  9.94371157e-03
 -3.85098462e-03 -2.33996753e-02 -7.32537955e-02  1.28137451e-02
 -5.85706010e-02 -2.47880388e-02 -1.85399596e-02 -5.18786982e-02
 -3.73597071e-02  1.83162093e-02  6.67943731e-02 -3.97577919e-02
 -7.55900294e-02  3.85525338e-02 -4.37623300e-02  5.88937066e-02
 -1.61017682e-02 -1.94629636e-02 -2.79332269e-02 -7.99418148e-03
  1.22201592e-02  1.12595409e-01  1.01551853e-01  4.40727547e-02
  2.88061406e-02  9.36063286e-03 -5.70703559e-02  5.70002832e-02
  1.54839545e-01 -8.64453614e-03 -2.10155156e-02  4.22923900e-02]"
71,Water Stress,Environment,severity,3,0.2654,"[ 3.41464169e-02  9.00985077e-02  2.82165129e-02  4.11203392e-02
 -3.56598087e-02  3.63240130e-02 -7.83473905e-03  1.64975703e-01
 -6.39095604e-02 -3.28411795e-02  5.68031967e-02  2.79353671e-02
  4.01389636e-02  9.26990956e-02 -9.22733024e-02 -1.57480799e-02
  4.81564663e-02 -2.78453697e-02 -9.63545293e-02  3.29424590e-02
 -1.33274915e-03  1.40846476e-01 -7.17544481e-02  2.57954262e-02
 -5.84095307e-02  3.62924603e-03 -2.14418750e-02  4.16922793e-02
 -1.12403957e-02 -4.50565480e-02 -5.50635979e-02  1.42745173e-03
  6.69753551e-02  8.18729773e-03 -3.36407237e-02  9.80851706e-03
 -2.75909882e-02 -1.11380918e-02  1.99848954e-02 -6.10773750e-02
  1.87355801e-02 -4.38967533e-02  1.32142175e-02 -1.51517959e-02
  4.12052963e-03 -4.52824198e-02 -1.91676393e-02 -4.80492320e-03
 -1.59966853e-02 -2.34034192e-02  1.93130374e-02 -2.03490071e-03
  1.70462579e-02  2.17061546e-02 -3.27695161e-02 -8.97782147e-02
 -7.22290501e-02 -4.53270636e-02 -2.31344756e-02  2.72176787e-02
 -1.72302462e-02 -5.83095178e-02 -3.26730981e-02  1.57881845e-02
  9.26450640e-02 -3.54830697e-02  4.05878164e-02 -9.44761485e-02
  7.98519030e-02  1.33664891e-01 -3.50510888e-02 -3.78283225e-02
 -2.66880542e-02  2.22358257e-02 -1.09198708e-02 -9.98227485e-03
  1.39732496e-03 -6.86622038e-02  5.92238344e-02 -2.33504386e-03
  2.35660132e-02 -5.21596894e-02  1.54026235e-02  9.11649689e-03
  5.91187105e-02 -3.26549783e-02  6.38836324e-02  2.15341467e-02
 -5.87115623e-02  6.93369508e-02 -1.35917570e-02 -5.18211387e-02
  9.75452214e-02  4.06329930e-02  2.75722146e-02 -1.84109658e-02
 -2.14229338e-02 -1.07388958e-01 -8.78722742e-02  1.99424952e-01
 -3.21401656e-02 -3.37628610e-02 -9.73824114e-02 -3.46182585e-02
  1.65297240e-02 -6.59209639e-02 -5.20116044e-03 -8.10496137e-02
 -9.51028690e-02 -7.60577014e-03 -1.13123162e-02  5.20113595e-02
  3.18931229e-02 -1.12422854e-01  3.66031937e-02 -2.88776383e-02
  2.44107135e-02  3.94864269e-02  2.70870812e-02 -1.29035290e-03
  6.03840575e-02 -3.79396491e-02 -7.66219124e-02  3.16951163e-02
 -2.08743988e-03  2.17090119e-02 -3.68574262e-03 -3.86836199e-33
  9.15741399e-02 -3.24246809e-02 -7.06946626e-02  4.53983098e-02
  4.59921472e-02  5.64984754e-02 -5.81811704e-02 -8.93387794e-02
  3.63917239e-02  4.42879498e-02  2.57928353e-02  5.46689630e-02
  3.50543112e-02 -6.65342286e-02  5.34497947e-03  3.04469280e-02
 -6.16747029e-02  1.21492922e-01 -9.04351175e-02  2.88650673e-02
 -7.59795425e-04 -1.15677593e-02 -2.43962044e-03  2.63273828e-02
  4.18266617e-02  1.22341504e-02  2.57808566e-02  4.12716996e-03
 -5.30243367e-02 -4.26287502e-02 -1.36875333e-02  2.07430311e-02
  1.33539159e-02 -1.63995642e-02 -1.89196561e-02  1.51186883e-02
 -3.83657627e-02  3.49089913e-02  3.06557566e-02 -4.19743843e-02
 -5.67420982e-02  2.62383781e-02 -6.71657622e-02  3.99639383e-02
  8.82047266e-02  3.95778194e-02  7.34953256e-03  8.85534938e-03
 -7.52413869e-02 -8.50398615e-02 -1.94991641e-02  7.95280002e-03
  3.07466486e-03 -1.52459871e-02 -2.83293221e-02  7.97936991e-02
  3.56628671e-02 -7.47198006e-03 -9.54343565e-03  3.04142814e-02
  9.76076275e-02  3.51528153e-02 -4.64567728e-03 -1.04120381e-01
  9.14553851e-02 -8.26165676e-02 -2.62058657e-02  1.92881189e-02
 -4.79195379e-02 -7.46329203e-02 -1.84248462e-02  1.77616403e-02
  7.75601044e-02 -5.61966151e-02 -2.04898342e-02  1.32715544e-02
  6.96010292e-02 -1.83762051e-02 -2.49176361e-02 -9.39270109e-02
 -1.17148221e-01 -1.66189317e-02  4.56924140e-02  4.59300205e-02
 -3.59068369e-03  4.92593013e-02  1.03516236e-03  4.09279913e-02
 -1.25672862e-01  5.44998273e-02 -3.00869904e-02  1.75416451e-02
  4.45522480e-02  4.90276553e-02  5.72082326e-02  2.00458227e-33
 -8.09832141e-02 -2.50687134e-02 -1.10415794e-01  4.98643294e-02
  1.52199576e-03  2.29200441e-02 -2.37031579e-02  1.37399256e-01
  1.48454849e-02 -2.71768812e-02 -2.03028452e-02 -2.67546549e-02
 -7.74818733e-02 -3.86932157e-02  2.07685791e-02  2.76528168e-02
 -8.18316340e-02  3.07105146e-02  1.16856527e-02  5.74024394e-02
  4.81533669e-02  4.70725680e-03 -3.17490585e-02 -4.77426336e-04
 -4.72981706e-02  3.09354831e-02  2.88665742e-02 -7.23410398e-02
 -7.70983472e-02 -3.99550013e-02  8.34225416e-02  1.49839476e-03
 -3.08858398e-02  6.68957382e-02  5.15664229e-03  3.65400389e-02
  5.27101718e-02 -1.07646272e-01 -5.23571298e-02  2.18943935e-02
  4.59123887e-02  2.60356143e-02 -1.96086010e-03  2.94969827e-02
  6.89179748e-02 -2.11277939e-02  7.47872442e-02 -5.88911287e-02
  2.11353581e-02  2.96708699e-02 -8.52784980e-03 -2.58883759e-02
 -3.38485092e-03  9.58143175e-02 -2.30425876e-02 -3.36949155e-02
 -3.26167420e-02 -1.21342577e-01 -1.08584188e-01  8.80022645e-02
  1.53674716e-02  3.30368169e-02 -7.66042247e-02  2.67776959e-02
  2.41856240e-02  4.21839952e-02 -6.81777531e-03 -2.20641792e-02
 -5.10393456e-02  2.49951985e-02  5.55380341e-03  6.61134627e-03
 -5.37111871e-02 -3.58467884e-02  4.72438112e-02 -4.43955176e-02
 -3.65753695e-02  2.32794527e-02 -2.51222998e-02  5.92255108e-02
 -3.08644362e-02  1.32636575e-03 -1.07940957e-02 -3.56321828e-03
  2.36912463e-02 -2.95221191e-02  5.94093651e-02  1.06852101e-02
  8.55869055e-02  3.82811017e-02 -5.41511508e-06  3.68041992e-02
 -5.29550128e-02 -6.39702976e-02 -6.85527036e-03 -1.26563213e-08
 -3.21256295e-02 -2.07973793e-02 -9.03714970e-02 -6.53916523e-02
  2.69866660e-02  5.24771288e-02 -8.47839266e-02  3.99362668e-02
  1.04675982e-02  4.60563451e-02 -1.93516854e-02  5.19105140e-03
 -1.86346807e-02 -2.33019255e-02  2.35976633e-02 -4.80268151e-02
  2.28232574e-02  1.10570937e-01 -1.45633183e-02 -3.51049304e-02
 -3.78750451e-02  6.56389864e-03  3.28027196e-02 -3.27831134e-02
  1.33094341e-02  2.95119639e-02  7.73741677e-02  6.73704296e-02
 -4.51754555e-02  4.93367203e-02  4.42523882e-03  6.20326251e-02
  1.73413530e-02 -8.50863103e-03 -7.67627656e-02  3.47349048e-02
  6.09376021e-02 -8.43940862e-03  3.89610492e-02  3.93660814e-02
 -7.59272696e-03  2.25772243e-02  8.86121690e-02  4.62872051e-02
  1.70112180e-03 -4.76203188e-02 -2.74463836e-02  1.23166095e-03
  1.54368719e-02 -5.33262454e-02  4.07659449e-03  5.62082641e-02
  2.63019316e-02  9.87220183e-02 -8.04786105e-03  2.63734609e-02
 -1.85977225e-03 -3.43793668e-02 -5.54065034e-02  1.94810331e-02
  1.12159327e-01 -1.84918344e-02  2.92519014e-02  1.04437210e-02]"
72,Water Stress,Environment,environmental,7,0.2653,"[ 2.94234902e-02  5.93595803e-02  4.65510637e-02  4.03250083e-02
  9.25535038e-02 -4.37608361e-02  9.30055305e-02 -2.79142596e-02
 -1.56695694e-02  4.91698682e-02  1.46241812e-02 -1.21006437e-01
 -3.04237474e-02  2.63481140e-02 -5.10410545e-03  5.66044182e-04
 -7.13069737e-02 -1.85578596e-02 -6.89479485e-02  1.00896778e-02
 -7.30881914e-02  9.15194973e-02  1.85075719e-02 -1.07861124e-02
 -1.04230046e-01  7.77317882e-02 -1.16722183e-02  6.19202703e-02
  4.40182984e-02 -6.36527315e-02  4.63096276e-02  1.35795444e-01
  7.58200958e-02 -6.41590282e-02  5.18101733e-03  8.27746168e-02
  4.76177000e-02 -3.58480364e-02  3.94728780e-02  4.79152752e-03
 -6.42248020e-02 -5.28732948e-02  5.73270023e-03 -6.61196038e-02
 -5.77181280e-02 -3.58366966e-02  2.54371241e-02 -1.10082909e-01
 -1.62164196e-02 -5.05823903e-02  2.88065579e-02  1.76714119e-02
 -9.06714574e-02  5.17519133e-04  7.01938290e-04 -9.29394811e-02
  1.48020955e-02 -1.67082194e-02 -7.69444276e-03 -2.37072427e-02
  1.29866913e-01 -4.48093787e-02 -1.06099740e-01  5.26965670e-02
  1.06077030e-01  3.21223363e-02 -4.66013290e-02  1.00679733e-01
  4.32769656e-02 -8.55781808e-02  5.51436283e-02 -3.06917331e-03
 -5.08446479e-04 -6.10806197e-02  1.47830890e-02  1.89991184e-02
 -1.33283818e-02  1.00695121e-03  5.42332865e-02 -4.69316542e-02
  9.74845588e-02 -4.55856994e-02 -7.38610104e-02 -1.03121130e-02
  8.22287276e-02 -1.22798595e-03  2.66994629e-02 -1.85170900e-02
 -2.11907700e-02  4.93032858e-02 -4.16678488e-02 -4.92380261e-02
  9.53871235e-02  1.01665733e-02 -9.53693241e-02  7.97835737e-02
  1.98846236e-02 -7.00567737e-02  2.11661849e-02  1.90571442e-01
 -4.41129096e-02  1.80129707e-02 -9.12160203e-02  2.78086774e-02
 -2.22663675e-03 -6.64783344e-02 -1.42638823e-02  3.96965295e-02
  2.63188872e-02  1.02832941e-02 -7.21670091e-02 -3.38842161e-02
 -3.14766541e-02  4.17146832e-02  3.38467099e-02  1.50637059e-02
  7.41173998e-02 -6.19875714e-02  4.97951359e-02 -1.73714161e-02
 -4.86150756e-03 -9.07943211e-03 -3.00881285e-02  3.37274820e-02
  4.05693194e-03 -8.36046636e-02  6.07936783e-03 -5.46133059e-33
  3.68937552e-02 -6.70837611e-02  8.19897130e-02 -6.14337921e-02
  2.70767137e-02  6.24167882e-02 -3.54157872e-02 -2.46629119e-02
 -6.25555031e-03  3.03228237e-02  2.62551736e-02  5.26719168e-02
 -6.63965270e-02  5.44198900e-02  1.51424214e-01 -1.69193372e-02
 -1.07613273e-01  3.02188937e-02 -2.79522454e-03  2.57840939e-03
 -2.31366828e-02  3.09065972e-02 -3.88305336e-02  5.96017949e-02
  5.74983917e-02 -6.55676201e-02  6.48263842e-02 -4.32679802e-02
 -2.42338162e-02  9.78320092e-03  7.95183107e-02  3.53806205e-02
 -4.30563688e-02 -9.09336656e-03  4.24328409e-02 -1.84061099e-02
 -4.89720814e-02  5.78875653e-02 -3.62631120e-02 -4.35453393e-02
 -2.11544838e-02  1.16679142e-03  2.90663149e-02  2.98514627e-02
  4.84351553e-02 -1.15346564e-02  4.62590046e-02  1.45283109e-02
 -3.13730463e-02  2.48040687e-02 -3.81848253e-02  4.39743400e-02
 -3.34139131e-02 -2.91978735e-02  7.10950699e-03 -6.28487673e-03
  7.14248046e-02 -2.07667667e-02 -3.75941768e-02 -1.34372786e-02
  2.66693849e-02  1.77349672e-01 -4.04703915e-02 -1.09065333e-02
  9.64723155e-02 -2.10637096e-02  3.57884094e-02  2.08221413e-02
  1.89184286e-02 -1.02257086e-02 -4.16537523e-02 -2.44810022e-02
  1.49678420e-02  2.68920287e-02 -5.72762378e-02 -2.22617146e-02
 -4.49381471e-02 -6.30477024e-03 -5.67882247e-02  5.21987006e-02
 -5.18746749e-02  2.06683632e-02 -6.46070391e-02 -2.15132236e-02
 -2.18314901e-02  8.30346067e-03 -2.32080044e-03 -5.64337857e-02
  7.04839602e-02  8.00417513e-02 -1.94831546e-02  1.05452454e-02
  1.23503404e-02  8.06189026e-04 -8.49922374e-02  3.32247344e-33
 -1.85735766e-02 -2.25647986e-02 -4.15043049e-02  2.13459246e-02
 -2.93566715e-02 -5.32729775e-02 -6.15489706e-02  2.52235439e-02
  5.56211583e-02  5.93355298e-02 -9.94036123e-02  1.09323934e-01
  9.50791091e-02  4.64330539e-02  2.44705863e-02 -5.82904853e-02
 -5.44509403e-02  5.39419614e-02  4.67187812e-04 -2.82340664e-02
 -3.01829111e-02  3.58304172e-03 -2.40244046e-02  2.49637384e-02
 -6.24447279e-02  6.91333562e-02 -3.58158462e-02 -1.99585035e-02
  2.31184792e-02  2.03754120e-02 -3.67810205e-02  3.91935818e-02
 -3.18603255e-02  6.22534230e-02 -3.80355641e-02  1.37951430e-02
  1.48286228e-03 -5.35822138e-02 -2.48922370e-02  1.18764089e-02
  2.41450090e-02  3.80402547e-03  4.24854569e-02  4.07686904e-02
 -2.21768748e-02  3.47569399e-02 -6.22857995e-02  2.74870656e-02
  2.75618676e-02 -2.35495456e-02  5.66889420e-02  5.10428436e-02
 -4.61455546e-02 -3.86656709e-02  8.24475214e-02 -1.13750910e-02
  1.25306370e-02  2.43886728e-02  3.13695753e-03  1.14133731e-02
  1.18067406e-01  9.68590677e-02 -2.37297397e-02  8.32712799e-02
 -8.81650075e-02  1.56793278e-02 -1.53318569e-02  2.54108254e-02
 -7.41499737e-02 -4.78495434e-02  6.14365505e-04  1.58856902e-02
 -9.72765237e-02 -6.27395213e-02 -7.27646202e-02 -5.65639092e-03
 -4.07611169e-02  2.63616946e-02 -3.50487866e-02  1.26121175e-02
 -4.38694954e-02  1.26560610e-02 -2.79752761e-02  2.06409711e-02
 -8.20602477e-03 -5.72121702e-02 -4.79213670e-02 -6.67885095e-02
 -6.51913229e-03 -1.23094385e-02 -1.61633715e-02  1.16000120e-02
 -1.15032032e-01  6.93974122e-02 -2.27947086e-02 -1.28662272e-08
  3.06701579e-04 -3.14678922e-02  5.92299774e-02  1.93422288e-02
 -5.51463105e-03  3.05357785e-03  1.06795311e-01  3.02069914e-02
  2.86450852e-02  6.34947568e-02 -1.41160553e-02  1.62381586e-02
  4.34507988e-02  1.06191196e-01 -1.95824225e-02 -5.16445152e-02
  5.22762677e-03 -8.68638307e-02 -4.94096614e-02  3.82326473e-03
  1.86009724e-02 -2.43300740e-02 -1.30977361e-02  4.12851274e-02
 -4.11151126e-02 -5.73971123e-02  4.89011891e-02  2.53267400e-03
  5.12218811e-02  4.92720641e-02  5.69865890e-02  9.14535522e-02
 -4.55191880e-02 -2.23763175e-02 -7.83428103e-02 -8.71393904e-02
  1.15007497e-02 -2.33703554e-02 -6.29855245e-02 -4.31614779e-02
 -5.10893613e-02  5.08135511e-03 -9.50673874e-03 -1.15847383e-02
  5.10271825e-02 -6.70967847e-02  1.27111189e-02  2.78030541e-02
  2.24319287e-03  1.70373041e-02 -3.66397686e-02 -9.30932015e-02
  3.07124555e-02  3.35388035e-02  3.71334627e-02 -1.68844108e-02
 -1.33052943e-02  1.24371490e-02 -1.88337881e-02  1.88166779e-02
  8.02235529e-02  1.68495364e-02  4.61320505e-02  4.82950173e-02]"
73,Water Stress,Environment,flow,1,0.2584,"[-5.49734607e-02  6.51849620e-03  1.83297675e-02 -9.53949895e-03
  1.29670408e-02  2.05222107e-02  8.17211419e-02 -4.15728800e-02
  9.35872272e-02 -6.49301782e-02 -2.04529595e-02 -4.55695428e-02
 -2.83348765e-02  3.00814770e-02 -3.06928158e-02 -6.21972512e-03
 -6.34213090e-02  4.68501784e-02 -6.29001111e-02 -8.08986574e-02
 -1.32069811e-02  1.48615194e-02 -4.29326594e-02  3.71554233e-02
 -2.72303075e-02  1.11132540e-01  3.17446771e-03  1.47385364e-02
  5.18459603e-02 -1.21391825e-01  2.87544541e-02  8.06109086e-02
 -2.33773869e-02  1.33651383e-02 -7.04159588e-02  5.01647219e-02
 -1.66122708e-02  3.63359228e-02 -6.36968464e-02  2.99158115e-02
 -3.03933397e-03 -7.42051005e-02  9.05948970e-03 -3.21927853e-02
  2.83552017e-02  5.55436686e-02 -1.04054669e-02 -3.32430750e-02
 -2.91578453e-02  1.79465786e-02 -4.85642850e-02 -5.47328480e-02
 -7.42573664e-02  4.87043969e-02  3.47119719e-02  2.17788890e-02
  4.71192040e-02 -6.11640513e-02  2.64854962e-03  3.45268578e-04
  3.54723185e-02 -5.79849333e-02 -4.68389168e-02  8.44825134e-02
  1.44121796e-02 -3.90025452e-02 -4.77647223e-02  1.17139801e-01
 -1.43613229e-02 -3.04717422e-02  9.91852209e-03  3.37759964e-02
 -8.03741533e-03 -5.90385273e-02  6.01138137e-02 -5.54559119e-02
  6.03247657e-02 -3.24472450e-02 -5.02195966e-04  2.12497301e-02
  5.17619364e-02 -3.64134908e-02 -3.25395577e-02 -7.66585954e-03
 -4.55160327e-02  5.92634454e-02  2.57941952e-04 -1.99515093e-02
 -1.55193880e-02  1.73858646e-02 -1.26670718e-01  2.04321761e-02
  1.54817163e-03 -4.79428321e-02  7.37780407e-02  1.25188464e-02
 -4.63908724e-02 -7.83255100e-02 -4.48491350e-02  2.17236549e-01
  2.99396017e-03  3.12025901e-02  2.98536429e-03  2.11175885e-02
  8.34111944e-02 -1.11136138e-02  1.68939203e-03  7.35252872e-02
  5.12049682e-02 -6.81435270e-03 -4.26758127e-03 -5.74370287e-02
  7.88415149e-02  2.21497379e-02  1.57899987e-02 -1.69079788e-02
 -2.15102155e-02  1.00814980e-02 -2.57550795e-02  1.01260386e-01
 -1.99915916e-02  2.04818491e-02 -7.03494996e-02 -6.39759302e-02
 -1.49476305e-02 -6.31034896e-02  4.82799672e-02 -4.77116663e-33
 -8.28932319e-03 -7.08081201e-02  5.35091534e-02  8.15873668e-02
  3.11721326e-03  1.16815148e-02  7.30637042e-03 -5.18489480e-02
 -1.54835992e-02  2.86526848e-02 -6.25804365e-02  2.88843177e-03
 -9.56896916e-02  8.01495388e-02 -3.52325626e-02 -9.18453932e-02
 -5.92442825e-02  5.49271405e-02 -5.50621655e-03  3.73548009e-02
  4.10227329e-02 -1.42494934e-02 -5.02029769e-02 -3.48653421e-02
 -3.60541977e-02 -4.62923869e-02 -3.00708711e-02 -2.97623295e-02
 -2.12429482e-02  2.05163229e-02 -2.28425004e-02  1.62215587e-02
  1.30176954e-02  1.66505296e-02 -2.64298636e-02 -2.93789823e-02
  1.84373148e-02 -1.49003053e-02  6.93442971e-02 -5.87085262e-02
 -5.99833429e-02  2.04712022e-02 -8.62049684e-02  2.77893320e-02
 -5.11938520e-02 -3.24002909e-03  6.27854024e-04  1.79353319e-02
 -1.26201445e-02  2.27990095e-02  5.89782186e-02  1.18531948e-02
  3.57323140e-03 -1.37932999e-02  1.53913219e-02 -5.33553809e-02
  4.83090011e-03  6.76474869e-02 -4.45010774e-02  5.27301878e-02
  7.08387867e-02  1.45716280e-01 -1.13353617e-01 -3.95451151e-02
  7.00277835e-02  8.40810779e-03  5.40499575e-03  4.87657124e-03
  7.44592920e-02 -2.82236859e-02 -1.49919897e-01 -1.20711802e-02
  3.73810194e-02 -9.57493763e-03  4.98095863e-02 -1.38905225e-02
  3.97717692e-02  6.37124330e-02 -1.49218328e-02  2.20053717e-02
 -1.71778113e-01 -2.55396068e-02  4.05577235e-02  8.03490281e-02
  5.91489039e-02  1.16135329e-02  3.14937532e-02 -1.04088254e-01
 -3.78612354e-02  1.60134208e-04 -1.76430345e-02  1.68392099e-02
  1.32365406e-01  3.75121608e-02  3.75893898e-02  3.98937216e-33
 -6.90684319e-02  4.11388688e-02 -1.03840716e-02  1.05636813e-01
  6.58254623e-02  9.29136574e-03  5.35130538e-02  1.29303252e-02
  5.66943549e-02  2.76326630e-02 -1.52380317e-02  2.59827618e-02
 -1.28334085e-03  7.12947501e-03  1.03680372e-01 -6.30894527e-02
  9.67483595e-02 -5.40845729e-02  1.20477481e-02  5.87312244e-02
 -3.62782888e-02  5.31982332e-02 -9.14043486e-02 -8.23270157e-02
 -6.99799955e-02  4.97017838e-02  9.66106821e-03  8.36091116e-03
 -1.33791752e-02 -1.46559663e-02  4.61310633e-02 -6.72082454e-02
 -5.47376163e-02  5.98361827e-02 -5.26979789e-02  4.47601564e-02
  5.07817864e-02  5.03116921e-02 -7.27204606e-02  8.26472137e-03
  4.89533283e-02 -3.19888629e-02 -7.32157892e-03  8.99826661e-02
 -5.18964715e-02  3.92721556e-02 -7.95319211e-03 -5.04678898e-02
 -4.68647853e-03  2.43428014e-02 -8.83544981e-02  5.25299683e-02
 -5.96241280e-02  6.65673241e-03  1.09906041e-03  2.11357214e-02
  5.92581108e-02 -2.37178002e-02  3.91939143e-03 -1.96751114e-02
 -3.18888314e-02  7.71302683e-03 -5.98101281e-02 -2.56611388e-02
 -2.47498453e-02  2.03507245e-02 -7.08546489e-02 -1.79432109e-02
  5.30676683e-04  1.20463539e-02  4.30775471e-02  5.07920086e-02
 -5.52582890e-02  9.15289205e-03  2.99050566e-02 -1.46847926e-02
 -8.77432376e-02  1.05447099e-02 -2.29372401e-02  4.10808995e-03
 -7.20929652e-02  8.91625881e-02  1.68391857e-02  6.75384328e-02
  8.79890174e-02 -3.28707173e-02  1.68040879e-02 -1.15315504e-01
  1.91643182e-02  1.85261723e-02 -1.42583959e-02  1.59009099e-02
 -1.04686553e-02 -4.87784185e-02 -5.33475019e-02 -1.18861063e-08
 -4.24626395e-02 -5.71775138e-02  3.58243696e-02 -5.52271791e-02
  3.54312025e-02  4.37811799e-02 -1.81960128e-02  9.39797461e-02
  1.19031454e-03  3.99047770e-02  3.02901734e-02  7.15466589e-02
  4.82424498e-02 -4.26165620e-03  6.68695197e-02  1.50663685e-02
 -4.50024344e-02  3.15358900e-02 -3.26803885e-02 -2.01226939e-02
  3.38467993e-02  4.16321680e-02 -4.96561863e-02  7.16990754e-02
 -4.32812842e-03 -3.44287343e-02  2.07698159e-02  9.72597953e-03
 -5.29551646e-03 -9.25703254e-03  4.22361121e-02  5.51402867e-02
  1.00634200e-03  3.55078429e-02  3.14160511e-02  7.34887039e-03
  3.23682837e-03  3.12032495e-02 -4.51967716e-02 -6.07764581e-03
 -2.62630060e-02  3.95915285e-02  2.49416400e-02 -6.90029711e-02
 -1.62189733e-02  4.07258496e-02  8.82308464e-03 -3.94931100e-02
 -6.47284538e-02  3.81619632e-02 -4.73688683e-03  8.64565745e-02
  3.10435444e-02  1.39532402e-01  1.00944072e-01 -3.58245820e-02
 -9.24215540e-02 -6.66911826e-02 -8.57425779e-02  4.09435406e-02
 -1.04731312e-02  8.99090171e-02  1.05429888e-01 -2.73629632e-02]"
74,Water Stress,Environment,injuries,2,0.2554,"[-3.51547934e-02  3.69394384e-02  4.43047695e-02  5.86166829e-02
  4.06835675e-02  9.25150737e-02  1.06195487e-01  1.14700757e-01
 -1.60265192e-02  4.22612280e-02 -2.03208886e-02  1.47573482e-02
 -1.34138186e-02  3.78733873e-02 -8.05800781e-02 -7.03628957e-02
 -3.12313698e-02 -3.19191478e-02 -1.19947866e-01 -3.90789732e-02
 -8.20078254e-02  9.89605859e-02 -6.67592436e-02  2.74735931e-02
 -6.07403293e-02  2.58659385e-02 -6.72935247e-02  3.91161852e-02
  1.58353411e-02 -9.54306275e-02 -6.02236725e-02 -5.33692427e-02
  4.73581441e-02  1.90882850e-02 -5.40311225e-02 -7.07728462e-03
  1.19325556e-02  7.20866118e-03 -3.52431349e-02 -4.26027849e-02
 -3.39042768e-02 -7.04956800e-02 -2.42780522e-02 -2.56554317e-02
  5.80308586e-02  2.25760639e-02  4.94823419e-02  2.13670172e-03
  4.29546461e-02  7.00169504e-02 -1.36101414e-02  1.07630976e-01
  1.83602981e-02  3.58702638e-03  7.62633383e-02 -2.52999496e-02
 -5.23400903e-02  1.29016191e-02 -3.09250038e-02  4.60216962e-02
  1.05085969e-01 -3.42624970e-02 -1.49036255e-02  3.67898159e-02
 -6.28790073e-03 -6.00190088e-02  1.27111794e-02 -5.40975668e-03
  3.65633406e-02  5.92434146e-02  4.32188213e-02 -2.30531190e-02
 -4.13139127e-02 -6.70691058e-02 -3.84964049e-03 -1.48022957e-02
  1.76376011e-02 -4.21595573e-02  6.51862770e-02  1.33905997e-02
 -1.94993615e-03 -7.16608390e-02 -2.28285007e-02  3.52460109e-02
  9.07559705e-04  4.74331826e-02  4.01216857e-02  3.18773612e-02
 -3.49777401e-03  8.76933634e-02 -1.27773713e-02 -7.41870003e-03
  2.30031963e-02  4.60974984e-02  4.03736942e-02  3.42098065e-02
 -3.23023759e-02 -8.67128596e-02 -9.20602530e-02  1.97912380e-01
  3.05974670e-02  5.29852398e-02  4.94132563e-02  6.07463159e-03
  1.61668018e-03 -5.74068837e-02  1.70933884e-02 -2.43070945e-02
 -7.39679299e-03  4.21491712e-02  5.20544276e-02  4.65332605e-02
 -7.54900509e-03 -7.27020111e-03 -3.14938650e-02  9.27951466e-03
 -3.24591771e-02 -4.29445878e-02  2.41769408e-03  4.11121286e-02
  2.22515091e-02  2.92037688e-02 -5.64145073e-02  2.13812888e-02
 -8.06935877e-02 -7.66975582e-02 -5.95725849e-02 -5.19109399e-33
  6.12179600e-02 -8.33624378e-02 -1.36692552e-02 -1.37286279e-02
 -2.33029462e-02 -1.13782391e-03 -4.45456505e-02 -1.16663121e-01
  7.70872086e-03 -4.68897894e-02  2.48840358e-02  5.75973463e-05
  9.10699889e-02 -1.07661270e-01  1.13211453e-01  8.87754932e-02
 -8.97304639e-02  7.69892558e-02 -2.57352889e-02  2.15632822e-02
  2.01831292e-03  5.24490438e-02  8.23257118e-03  1.05626583e-01
 -4.21844646e-02  5.98755255e-02 -1.82142830e-04 -6.89450800e-02
 -2.25941167e-05  4.23626555e-03 -1.48805408e-02  7.08565861e-02
  1.87398156e-03 -1.95846166e-02 -3.26411873e-02  4.24903177e-04
 -1.57719105e-02 -5.10672145e-02  1.18994270e-03 -3.32106389e-02
 -4.51618023e-02 -4.96831257e-03 -1.25302328e-02 -1.25257410e-02
  2.40237676e-02 -3.07378117e-02  1.45525355e-02  1.20134344e-02
 -7.61130378e-02 -6.85452670e-02 -9.91633534e-03  2.82577574e-02
  5.12700826e-02 -8.60162601e-02 -2.16150619e-02  9.44010839e-02
  4.28820029e-02 -2.93518323e-02 -4.67783585e-03  7.30782449e-02
  6.81344867e-02  4.74336706e-02 -3.77628617e-02 -1.49457902e-02
 -5.79249598e-02 -9.71395969e-02 -3.12662348e-02 -4.96636983e-03
  6.89090416e-03 -5.50923608e-02 -5.49188070e-02  2.31680548e-04
  4.95389290e-02  4.31477912e-02 -1.66357011e-02  4.14935537e-02
 -1.29493754e-02  2.47936118e-02 -4.52166013e-02 -2.51490045e-02
 -2.70814188e-02 -4.76846918e-02  5.11723496e-02  1.41509878e-03
  9.52890888e-03  2.92329770e-02 -4.39926125e-02 -2.36109085e-02
 -8.11156929e-02  2.04821136e-02 -3.68568935e-02  2.37412099e-02
 -2.38131657e-02  5.11433138e-03  2.81786826e-02  3.05975192e-33
 -7.90289566e-02 -1.67026576e-02 -2.56162435e-02  8.08560029e-02
  5.16288094e-02 -5.14576286e-02 -1.61323143e-04  1.44960567e-01
  5.01334444e-02 -1.70887820e-02 -8.04362521e-02 -8.39310363e-02
 -1.03294142e-01  2.27113590e-02 -3.35126407e-02 -6.08056523e-02
 -1.98279899e-02  3.06085758e-02  1.85694918e-02  1.47668123e-02
  5.26712835e-02  5.88961318e-02  3.50025371e-02  4.32576705e-03
  7.70122465e-03  9.66269001e-02 -8.67353007e-03 -5.84788509e-02
 -1.11540020e-01 -5.08126058e-03  6.58699423e-02 -2.51971390e-02
  3.34072998e-03  5.21525107e-02  1.48786251e-02  1.41748726e-01
  2.84948014e-02  2.88290642e-02 -7.89553896e-02  9.45984735e-04
  1.09739967e-01 -1.81623250e-02  4.19015810e-02  1.24972373e-01
  7.01510161e-02 -2.84972154e-02 -4.57893685e-02  4.71366756e-02
  1.63708236e-02  9.45202261e-03 -2.36233100e-02  9.88537166e-03
 -4.75936234e-02  5.81059381e-02  7.25046918e-02 -1.20537765e-02
 -4.41082194e-02 -5.86551055e-02 -5.23550063e-02  1.03034908e-02
 -9.11926199e-03  6.26316965e-02 -2.91864108e-02  3.46074663e-02
 -1.76475674e-03  5.94598725e-02 -8.17258805e-02 -6.83519021e-02
 -5.00232168e-02 -1.13968160e-02 -1.62811633e-02  5.42814396e-02
 -6.01082817e-02 -2.45770402e-02 -6.19039573e-02  3.79300788e-02
 -1.37898281e-01  2.83672418e-02 -1.47019345e-02  2.26585884e-02
 -3.18705402e-02 -3.72757837e-02  1.34691270e-02  8.87021869e-02
 -1.81527846e-02 -3.35752107e-02  1.16125487e-01  1.33981416e-02
  1.56567451e-02 -1.09140202e-01  2.33577359e-02  3.31749022e-02
 -6.13509007e-02  7.14529213e-03 -3.67201939e-02 -1.17927659e-08
 -3.26876193e-02  3.00936680e-02 -9.94363353e-02 -8.77911076e-02
 -2.25433297e-02  1.01926196e-02  1.45892445e-02  8.32719803e-02
  7.67818317e-02  4.43801284e-02 -3.43624689e-02  1.23686315e-02
  5.95943220e-02 -7.07604084e-03  2.09431816e-02  1.03620514e-02
 -2.68345624e-02  6.13413677e-02 -2.44502649e-02  6.93478249e-03
 -1.90384164e-02 -3.06192432e-02  6.87523708e-02  4.64560278e-02
 -2.96792798e-02 -2.74010077e-02 -5.00435606e-02  1.06027154e-02
 -2.77634468e-02  6.96761906e-03  1.49662374e-02 -1.24124540e-02
  3.62749696e-02 -3.40708881e-03 -2.31907852e-02  1.07259497e-04
  3.38870548e-02 -6.92050233e-02 -1.01688933e-02 -5.00980504e-02
 -1.90663431e-02  2.12837216e-02  1.37860566e-01  1.36112068e-02
  5.26578315e-02 -6.15483485e-02 -6.40921667e-03  4.40130048e-02
 -4.67380732e-02 -9.85022411e-02  9.97217931e-03  4.68197726e-02
  2.01699186e-05  5.20244911e-02 -2.60836165e-02  5.68956472e-02
 -2.28592325e-02  1.10987239e-02 -1.72484014e-02  5.51167119e-04
  5.26198968e-02  9.64767486e-03  9.23086628e-02  4.07239459e-02]"
75,Raw Material Sourcing,Environment,raw,1,0.5637,"[-8.88772756e-02 -1.29071102e-02 -1.81661453e-02  2.26406213e-02
  4.39289175e-02  2.05046181e-02  2.61067394e-02  6.75556809e-02
  2.98612546e-02  6.80680794e-04 -4.42000292e-02 -1.21626362e-01
 -3.06251422e-02 -1.17995590e-02 -1.86811350e-02 -1.15802296e-01
  7.55893886e-02  2.30756272e-02 -1.20368809e-01 -5.07445633e-02
  9.58136166e-04  6.58507869e-02  3.74130309e-02 -4.56778659e-03
  4.92369719e-02 -6.83979655e-04  2.28784308e-02  4.49443720e-02
  4.80058379e-02 -1.43108383e-01  6.24940842e-02 -7.83838928e-02
  5.67086339e-02  1.65954214e-02 -3.75877880e-03 -4.12033871e-03
 -3.12561840e-02 -3.29901613e-02  4.56818193e-02 -2.64176391e-02
 -2.09773798e-02 -4.80854735e-02 -2.45430209e-02  3.35731590e-03
  6.51171505e-02 -2.08774488e-02  3.11596692e-02  1.36777307e-04
  1.51505908e-02 -4.36825125e-04 -4.61793616e-02  4.85842898e-02
 -3.39950547e-02  5.25348037e-02  8.36120546e-02  2.31648162e-02
 -4.45996523e-02 -5.32946251e-02  2.53816117e-02 -3.56474034e-02
  5.22853748e-04 -5.22592925e-02 -3.05567998e-02 -7.94828683e-03
 -1.40314708e-02 -5.28652482e-02  4.50646207e-02  7.17866048e-02
  5.40192984e-02 -6.54073581e-02 -7.43425116e-02 -2.93807156e-04
 -3.61463334e-03 -1.78278312e-02 -4.45302343e-03  1.23516459e-03
 -1.60155855e-02 -7.06773177e-02 -2.37056054e-02  7.28824548e-03
  1.92214604e-02 -6.10952228e-02 -4.87621091e-02 -9.73123163e-02
  1.68192443e-02  4.81726490e-02  2.13686433e-02  5.67699894e-02
 -2.47376934e-02  6.92879483e-02 -5.88736832e-02  5.29416092e-02
  8.64686538e-03  1.92985293e-02 -9.42044929e-02  1.03508219e-01
  2.20004516e-03 -4.86181676e-02  3.64139937e-02  2.13289350e-01
 -7.17460737e-03  4.41865139e-02 -5.63021339e-02 -7.91123360e-02
  1.22639006e-02 -6.53051734e-02  9.53408796e-03  5.91290481e-02
 -1.92880351e-02  4.27638516e-02  4.96883225e-03  2.12554745e-02
 -8.23385343e-02 -4.65217158e-02  2.28500031e-02  9.51823127e-03
  3.43055464e-02  1.59285050e-02  1.42037019e-03 -3.37269194e-02
  2.74402611e-02 -2.06279811e-02 -7.39806914e-04  7.44871721e-02
 -5.05326353e-02 -6.58893883e-02  3.37936394e-02 -3.34207297e-33
 -2.92295478e-02 -7.31797889e-02 -3.05549428e-02 -2.22127233e-02
  1.22508882e-02  4.11395691e-02 -2.84970589e-02 -2.43045595e-02
 -5.83793484e-02  4.44536693e-02  2.03335360e-02  2.39039864e-02
 -6.54722005e-02  1.97440013e-02  4.09683175e-02  1.40910437e-02
  7.77116744e-03 -3.22842710e-02 -4.77254800e-02  8.02807324e-03
 -4.02368717e-02  8.74169469e-02  4.71354909e-02  2.35651992e-02
 -6.98762983e-02  2.41832510e-02 -1.33994492e-02 -8.48365128e-02
  5.63510805e-02 -2.77044903e-03 -7.75784701e-02 -4.75505143e-02
  1.63398758e-02 -1.78559404e-02  1.07876435e-02  5.61503991e-02
 -8.05608705e-02 -5.11239395e-02 -2.46093571e-02  2.89665107e-02
  3.28596495e-02 -6.65718224e-03 -4.14929762e-02 -8.44430272e-03
  7.07308110e-03  4.43112925e-02 -3.95685248e-02  1.61503609e-02
 -2.60187164e-02  6.43982813e-02  2.70869881e-02  2.10697446e-02
  5.01638725e-02 -4.46449332e-02  1.27378050e-02  5.25759868e-02
  6.02445155e-02 -1.58905461e-02  3.50667387e-02  4.65766340e-02
 -2.98140459e-02  7.62878507e-02 -8.03986844e-03 -1.02055194e-02
 -9.29298028e-02  3.84440571e-02  1.85125116e-02  1.68069992e-02
 -2.88843829e-02 -3.96992713e-02 -8.56689066e-02  2.10697874e-02
  3.93776223e-02  9.08058137e-03 -4.70172353e-02 -2.10377257e-02
  1.23933675e-02  2.94389892e-02  2.95830909e-02 -6.49954542e-04
 -7.28783160e-02  8.64318311e-02 -2.28021760e-02  9.77553427e-02
 -1.99888237e-02  5.01511209e-02 -1.17410854e-01  8.31422769e-03
  7.85933360e-02  9.07771513e-02 -6.64477870e-02 -5.95661402e-02
  3.66814286e-02 -5.11702932e-02 -2.32825447e-02  4.10416102e-33
 -9.37245041e-03  1.07013499e-02 -1.06687069e-01  1.35027111e-01
  4.02690321e-02 -5.52883223e-02 -2.92236470e-02  8.02037567e-02
  3.29733901e-02  1.17416186e-02  2.65985448e-02 -1.16501331e-01
 -2.26629316e-03 -2.59868223e-02  6.05182052e-02  2.90994458e-02
  5.05638495e-02  6.87648728e-02 -3.72482836e-03  5.37916310e-02
 -7.47659709e-03  2.68363897e-02 -3.05005834e-02  9.09225456e-03
  5.75525779e-03  8.69310722e-02  1.61112230e-02  1.75158307e-01
 -6.32873103e-02 -1.91030726e-02  6.90764636e-02 -2.02726349e-02
  1.74245685e-02  3.42498235e-02 -8.67890045e-02  8.19313079e-02
 -3.32347141e-03  2.27690805e-02 -1.45243974e-02  5.60252257e-02
  5.62038831e-02  6.14257194e-02 -7.91486278e-02  1.94245160e-01
 -7.37159513e-03  3.00492477e-02 -2.26848219e-02  1.04653342e-02
  4.82605733e-02  2.64336984e-03  8.45022779e-03  2.93943603e-02
 -9.67067666e-03 -1.09357089e-01  1.70565657e-02 -4.21289876e-02
  1.64836515e-02  2.83496324e-02  3.71248387e-02 -7.00583681e-03
  8.17813724e-03  9.74570308e-03 -2.19156239e-02 -2.25498294e-03
 -2.52567604e-02  2.29614396e-02  2.55463738e-02 -1.42304808e-01
 -1.10537000e-01  1.39949480e-02  4.86668199e-02  9.91212786e-04
 -4.09140773e-02 -7.86432624e-03  8.18803310e-02 -1.61020942e-02
 -1.69385150e-01  1.54267587e-02  3.41455750e-02  2.44830158e-02
 -1.46147367e-02  4.11932077e-03 -2.24914085e-02  5.91212995e-02
  9.27513018e-02  7.35834315e-02 -7.15013742e-02 -2.35681469e-07
 -6.06574602e-02 -3.81722413e-02  6.56949775e-03 -1.65122245e-02
 -2.63149720e-02  5.39517477e-02  1.08746784e-02 -1.07246887e-08
  1.80654060e-02 -4.54723304e-05 -7.02414215e-02  7.83565547e-03
  5.21274917e-02  7.73837790e-02 -3.20234708e-02 -6.42287806e-02
  7.75576532e-02  5.95177114e-02  6.34721592e-02 -6.26791120e-02
  1.47769144e-02  3.89127322e-02 -4.35535163e-02  4.71351519e-02
 -4.04375531e-02  1.70364510e-02 -2.84929853e-02  4.23504934e-02
  3.33033456e-03  5.43221720e-02  6.54657632e-02 -3.35977972e-02
  9.04928520e-02 -1.68639701e-02  1.98917221e-02  9.95357037e-02
  6.88166767e-02  1.08174793e-02  4.95298840e-02 -2.00004205e-02
  1.60199516e-02  5.58387823e-02 -7.62956077e-03  5.74362930e-03
  1.62561852e-02  3.81027814e-03 -5.26089128e-03 -1.87636504e-03
 -8.41069780e-03  2.55502835e-02 -6.73579937e-03 -3.32267880e-02
 -8.36713910e-02 -3.71762551e-02 -1.83843262e-02 -3.94025519e-02
 -4.32741735e-03 -2.93080471e-02 -3.05562895e-02 -5.55165969e-02
  3.62580344e-02  2.54766811e-02  4.70937267e-02 -2.97349561e-02
 -2.57929903e-03  2.63139885e-02 -5.21585345e-02  9.94862430e-03
  1.12131387e-01 -4.15595025e-02  2.36629918e-02  5.21792360e-02]"
76,Raw Material Sourcing,Environment,materials,1,0.4486,"[-6.84727579e-02 -7.24350475e-03 -4.02334798e-03  8.19670632e-02
  2.67401766e-02 -2.70582512e-02  1.56147614e-01  1.68449357e-02
 -3.00451294e-02  6.85884580e-02 -3.32954451e-02 -3.86930406e-02
 -2.37059500e-02  4.62963879e-02 -4.72266227e-02 -3.36101465e-02
  7.37686502e-03  7.46615557e-03 -4.29930836e-02  7.43332878e-02
  2.79158670e-02  1.97019819e-02  5.74815786e-03 -2.09055585e-03
 -1.88372806e-02  1.37837484e-01  6.24771509e-03  2.04922091e-02
  1.08207628e-01 -1.32483825e-01  3.21402438e-02  4.68164571e-02
  2.30556782e-02 -7.54039967e-04 -7.03224353e-03  3.00931651e-02
 -1.48903346e-03 -5.04442826e-02 -2.01748963e-02  1.90937147e-02
 -9.89007577e-02 -6.83869421e-02  3.30471806e-02 -3.36527005e-02
  7.24649280e-02  1.02708731e-02  7.48546198e-02 -2.05016192e-02
 -4.11139578e-02  1.09159788e-02 -2.71253120e-02 -1.23356357e-02
 -1.82943903e-02  2.75222845e-02 -1.89510863e-02  1.26183508e-02
  2.41429675e-02  5.04567362e-02  1.97042245e-02 -1.43147521e-02
  8.55462775e-02 -1.59859266e-02 -5.49887680e-02  4.42037210e-02
  1.18204646e-01  2.83551551e-02 -1.84838641e-02  5.72271161e-02
 -1.44703537e-02  1.41981675e-03  8.31353292e-02  2.22629961e-03
  1.11879967e-02  4.06530127e-02  5.86184599e-02 -3.12870033e-02
  3.75561304e-02 -5.22523150e-02  1.53840212e-02  2.91550253e-02
 -6.68013990e-02  4.44379402e-03 -1.15503035e-02  1.40895267e-04
 -4.99285571e-03  4.26128842e-02  2.90970001e-02 -3.22283944e-03
 -8.61788690e-02 -3.08293626e-02  1.72252320e-02  9.02363285e-02
 -1.04070321e-01 -2.82240342e-02 -6.87705353e-02  5.13227582e-02
 -3.68704461e-02 -2.59042270e-02  4.31380980e-02  1.56364590e-01
  3.76844965e-02  4.33056019e-02 -2.28175204e-02 -2.42090970e-03
 -9.33100209e-02 -1.00382812e-01 -3.31049375e-02  5.56233004e-02
  3.16445529e-02  4.62919101e-02 -5.20673878e-02  2.70646182e-03
 -9.59576592e-02 -1.15776889e-03 -5.02822883e-02 -7.45683312e-02
  2.77808849e-02  5.43328226e-02  3.24903801e-03  1.09730866e-02
  4.76558357e-02 -3.88653167e-02  2.51493026e-02 -8.99406150e-03
 -8.99163336e-02 -1.46698609e-01 -2.65260506e-02 -5.35282181e-33
  2.08867807e-02 -6.37273490e-02  2.76971627e-02  5.58833741e-02
 -3.65255177e-02 -7.14471750e-03 -1.66337343e-03 -2.37597916e-02
  2.83042975e-02  3.76151279e-02  1.42660821e-02  7.13850185e-02
 -4.43597361e-02  3.13114189e-02  8.55539143e-02 -6.14678077e-02
 -1.41765941e-02 -8.74010660e-03 -2.98705534e-03  7.33954506e-03
 -9.84236300e-02  8.13738182e-02  4.43755910e-02  8.53339657e-02
  3.21078189e-02 -3.21966745e-02  3.44330259e-03 -9.48480666e-02
 -8.12616050e-02 -7.32875615e-03  5.27194776e-02  4.15586196e-02
  3.19126844e-02  2.62181889e-02 -6.82175308e-02  7.30150640e-02
 -9.46243331e-02 -1.90046672e-02  5.50748222e-02 -4.11872901e-02
  4.14670538e-03 -2.15931959e-03  1.00961313e-01  7.31863081e-02
 -3.08911819e-02 -1.12298643e-02  3.58992107e-02  2.72977147e-02
 -6.41194955e-02 -2.81793661e-02  2.01571677e-02  3.70950066e-02
 -2.85821762e-02 -5.69326021e-02  2.38945032e-03  4.33458760e-02
  4.49636914e-02  1.47767234e-04 -2.79825050e-02 -3.63920368e-02
  6.31558225e-02  8.49041641e-02  1.47424964e-02  2.71883067e-02
 -1.50711164e-02 -1.32238877e-03 -4.14039716e-02  6.02321886e-02
  5.02740070e-02 -6.49454072e-02 -8.38464946e-02 -2.24134345e-02
  1.27273649e-01  1.59280971e-02 -1.77076012e-02  3.65445875e-02
  1.21492278e-02 -7.65971839e-02  8.74855556e-03  8.45743902e-03
 -1.33766338e-01  6.80954196e-03 -7.97818005e-02 -8.37513581e-02
 -1.46866515e-01  1.23905838e-02  3.88134047e-02 -5.30932732e-02
  6.42983615e-02  3.38313654e-02 -5.57312556e-02 -9.09325480e-02
 -2.70680152e-02 -5.95311597e-02 -4.40937728e-02  3.07492902e-33
  1.92242377e-02 -3.97169515e-02 -3.44167016e-02  1.21378213e-01
  4.59794812e-02 -6.92296848e-02 -2.92249173e-02 -2.57655941e-02
  3.65451202e-02  1.69767644e-02  5.36511056e-02 -1.75946407e-04
  6.68986887e-02 -1.67489126e-02 -3.11315767e-02  5.71278371e-02
  3.78587842e-02  2.59999149e-02  3.92823815e-02 -3.38152163e-02
 -7.65985623e-02  5.21348044e-02  9.67472326e-03 -4.18649614e-02
 -4.32967506e-02  3.94144170e-02  1.08810626e-02 -1.05945282e-01
 -4.09108885e-02  1.56988539e-02  1.58353953e-03 -1.12987168e-01
 -3.41372639e-02  4.81337607e-02 -1.38146095e-02 -1.39855798e-02
  9.37770009e-02  1.89420918e-03 -5.79720996e-02 -7.55698606e-02
  1.05218433e-01 -8.88287183e-03  1.11415379e-01  7.56294429e-02
 -5.10204807e-02  1.49236480e-02 -2.86194086e-02 -2.38731615e-02
  1.37109170e-02  1.54046807e-02  1.04717456e-01 -1.61870159e-02
  2.41376981e-02 -8.60843956e-02  4.17138748e-02  1.36712585e-02
 -1.07343227e-01 -1.34315621e-02  3.84820532e-03  4.68130894e-02
  4.56090532e-02  5.94198145e-02 -1.25520406e-02  1.13880970e-02
  2.44006675e-04  4.48113726e-03 -3.44773047e-02 -3.63421328e-02
 -5.23805767e-02 -1.43498667e-02  1.33245274e-01  3.99326161e-02
  1.07031707e-02  1.40535953e-02  2.85749510e-02 -7.64334127e-02
 -2.39382628e-02  1.49751296e-02 -2.83766631e-02 -5.50524779e-02
  8.09810031e-03  2.80140014e-03 -8.97043869e-02  6.72390461e-02
  4.75530885e-03  7.15273153e-03  1.40431970e-02  1.92714240e-02
  1.09276753e-02 -2.67148018e-02 -1.07617499e-02  4.31102552e-02
  6.70595542e-02  4.64003421e-02 -4.00393531e-02 -1.25978445e-08
 -2.44103279e-02 -6.36477489e-03  2.03616694e-02 -1.08462982e-01
 -5.53840830e-04  2.33151391e-02  8.50834027e-02 -1.53886795e-03
 -2.95944270e-02  1.95430294e-02 -3.25506032e-02 -1.67764015e-02
  4.91562635e-02  3.71537022e-02  6.98395520e-02  6.83425041e-03
 -6.37309477e-02  1.20197432e-02 -4.74118553e-02 -9.10611600e-02
  4.77161445e-02 -1.39078330e-02  2.73455288e-02  5.17436713e-02
  1.34606834e-03  2.12665480e-02  1.48202619e-02 -7.06321653e-03
 -1.89814214e-02  9.07231346e-02 -3.53283733e-02  3.51484679e-03
  1.28626274e-02 -1.89582817e-02 -6.02961378e-03 -1.68922003e-02
  6.92845881e-02 -9.15436447e-02 -4.98461686e-02 -7.41500221e-03
 -1.15680816e-02 -3.19583118e-02  9.72683541e-03 -3.45598976e-03
  5.12862094e-02 -2.19543185e-02 -9.38634053e-02  5.24242744e-02
 -3.04590426e-02 -4.50615818e-03  4.51570842e-03 -3.22705097e-02
  2.23225411e-02  4.16510589e-02 -6.97670039e-03  2.05017030e-02
 -6.05841284e-04 -1.00575704e-02  1.67139731e-02 -2.10845955e-02
  3.93432267e-02 -4.75962199e-02  1.09669961e-01  8.57573189e-03]"
77,Raw Material Sourcing,Environment,production,4,0.4414,"[-4.85331118e-02  3.74742015e-03 -4.07956988e-02  1.23152435e-02
 -1.61146056e-02 -2.13956386e-02  1.68367121e-02 -2.76802620e-03
 -3.23103741e-02  1.80922356e-02  5.18687777e-02 -3.41111496e-02
  1.44924577e-02  3.54465633e-03 -6.75041899e-02 -4.21610288e-02
  3.05834543e-02 -5.54555841e-02 -5.21838628e-02 -3.39927860e-02
 -2.31172349e-02 -1.73873436e-02 -1.16394218e-02  4.23422121e-02
  1.41968075e-02  8.82839598e-03 -3.02704461e-02  4.92771678e-02
  3.18025202e-02 -1.18956320e-01 -6.71513230e-02  8.03528503e-02
  8.66901129e-02 -1.31410891e-02  6.79805651e-02  3.86793166e-02
  1.83279980e-02 -1.99227855e-02  2.83094309e-02  9.03495681e-03
  7.41233490e-03 -9.40208212e-02 -5.82711436e-02 -2.00744700e-02
  1.40454257e-02 -1.13546615e-02  4.96152341e-02 -4.53470973e-03
 -3.13054658e-02  4.71556000e-02 -4.07894552e-02 -4.19758968e-02
 -9.81881842e-02 -3.06994002e-02  1.54919550e-02 -1.92449298e-02
 -6.50446105e-04 -6.30099028e-02 -6.81373291e-03  6.38679368e-03
  1.47089474e-02 -2.19593458e-02 -7.83582404e-02 -2.63745375e-02
  1.27679840e-01 -3.58587056e-02 -1.11860456e-02  5.34821153e-02
 -8.38811696e-02 -4.08993065e-02  4.14818600e-02 -3.57083715e-02
 -5.73413335e-02  1.30032897e-02 -4.35446342e-03 -2.48133242e-02
  5.85742705e-02 -4.96703796e-02  3.82120386e-02 -3.44526842e-02
  8.45680684e-02 -4.23073620e-02 -9.06426236e-02 -1.64715387e-02
 -7.69481659e-02  4.94713150e-03  5.00964969e-02  2.49373019e-02
  7.05395564e-02  1.19996695e-02 -6.08016662e-02 -1.78047419e-02
  1.10112159e-02  7.76803680e-03 -8.84338766e-02  7.31099322e-02
  3.14422175e-02 -4.77871969e-02  7.81624466e-02  2.01548949e-01
  2.06488110e-02  9.64123756e-03  4.34142314e-02 -1.18313871e-01
 -4.03443277e-02 -6.50478452e-02 -3.79969776e-02  1.22342512e-01
 -3.08067817e-02  3.10768187e-02 -1.37235047e-02  4.06433232e-02
 -9.31442603e-02  1.83520205e-02  4.95113023e-02  5.12708947e-02
  6.67181041e-04  1.06346037e-03 -1.96110122e-02  1.29558193e-03
  2.90500484e-02  2.78004631e-02 -1.96324419e-02  3.66170742e-02
 -1.11458920e-01 -6.22497797e-02 -5.44753799e-04 -3.47548496e-33
  2.41829697e-02 -9.61300358e-02  1.35484766e-02  4.76211235e-02
  7.08435057e-03  5.11531457e-02 -4.22658250e-02 -2.21000463e-02
  1.85777526e-02 -2.83733457e-02 -1.22559648e-02 -1.99997257e-02
 -2.50707213e-02  8.17067735e-03  9.41932425e-02 -5.46146557e-02
  3.77854072e-02  6.38349429e-02 -2.92540517e-05  5.99211715e-02
 -1.18105672e-01  1.69871319e-02 -1.80216786e-02  8.05375427e-02
  2.41598673e-02  1.53507451e-02  8.23490229e-03 -5.22563457e-02
 -2.23131981e-02 -9.75207612e-03  7.38901570e-02  6.25021681e-02
  1.15048531e-02  1.01350211e-02 -3.61900665e-02  8.44116439e-04
 -4.25457098e-02 -1.05672188e-01  4.62083519e-02  5.78239672e-02
 -5.65035343e-02  3.74659002e-02 -3.77272852e-02  7.30250636e-03
 -3.44418064e-02  1.07384562e-01  3.14139016e-02  3.81693915e-02
  8.03710893e-03  2.11084597e-02 -1.78662241e-02  8.06412250e-02
  5.97538315e-02 -4.02383320e-02  8.22049677e-02  2.59993374e-02
  1.03425374e-02 -9.61254314e-02  3.43422778e-02  2.57996228e-02
  1.57334097e-02  1.40903741e-01 -7.68708065e-02  6.32918179e-02
 -7.28904307e-02 -1.07720317e-02  4.01523300e-02 -1.20586576e-02
  8.54907408e-02 -2.20894609e-02 -9.68314707e-02 -6.63236007e-02
  6.08304925e-02 -3.26296948e-02  3.66190262e-02  3.61071751e-02
 -3.33844796e-02  1.35222459e-02 -2.92549096e-02  3.74266133e-02
 -1.90712456e-02  4.39990386e-02 -4.08481471e-02 -3.06984521e-02
  2.99883280e-02 -4.37124865e-03 -5.48554175e-02  1.86756272e-02
  6.45028800e-02  1.28620669e-01 -5.70851266e-02  2.58652004e-03
 -2.65831351e-02  5.55984676e-02  8.22409615e-03  2.96048234e-33
  1.00617642e-02  6.12196838e-03 -7.10628331e-02  5.49118482e-02
  7.87856115e-04 -4.60001603e-02 -1.73572986e-03 -5.95779419e-02
  8.74467380e-03  6.06941655e-02 -8.30091387e-02 -1.35826711e-02
 -5.03225997e-03  2.00204737e-02 -1.09656185e-01 -6.26645610e-02
  1.09103687e-01  8.09303205e-03 -1.24301082e-02  1.81194041e-02
 -3.19475047e-02  1.96467806e-02  1.43053876e-02 -4.93437005e-03
 -6.46664724e-02  4.68815155e-02 -3.59632932e-02  3.85191962e-02
 -7.57032931e-02 -1.87481847e-02  3.54055054e-02 -6.75295740e-02
 -1.06288372e-02  4.97209728e-02 -5.88135943e-02  3.89650986e-02
  5.24470098e-02  3.20756137e-02  1.51349008e-02 -3.80401015e-02
  6.15922585e-02 -2.30952967e-02  3.36592793e-02  1.58184201e-01
 -6.56735078e-02 -4.62137870e-02 -2.30596811e-02 -4.17972356e-02
  7.40920454e-02  3.64092528e-03 -2.81579830e-02  3.73254716e-02
 -2.77967639e-02 -8.72911960e-02 -2.76941005e-02  3.33773904e-03
 -5.12676919e-03 -4.08984087e-02 -6.02906048e-02  2.18700189e-02
 -3.86628741e-03 -9.03626496e-04  1.93256326e-02 -1.08269816e-02
 -7.57981697e-03  6.78915009e-02  4.07776795e-02  3.93501408e-02
  3.58177833e-02  3.64983082e-02  6.55788556e-02  5.97629771e-02
 -2.91488785e-02  3.07030194e-02 -7.07488805e-02 -4.82259039e-03
 -8.12889338e-02 -2.55874079e-02  3.68532650e-02  3.38583766e-03
 -2.83312146e-02 -2.45923065e-02  2.02453020e-03  3.92855480e-02
 -4.66932617e-02 -8.58244020e-03  4.53997180e-02  1.76953909e-04
 -1.65741034e-02  2.68489192e-03 -1.19109750e-02 -6.02564029e-03
 -4.89479750e-02  2.41944678e-02  3.58826444e-02 -1.20128218e-08
  5.75218210e-03 -4.48509417e-02  6.48116246e-02  1.53935077e-02
  4.15123664e-02  1.41975784e-03  6.75818920e-02  1.40027022e-02
  9.02927071e-02  8.69749635e-02 -8.49427879e-02 -1.72406957e-02
  2.79980376e-02  1.02257200e-01  6.89864233e-02 -1.13424901e-02
 -5.53604327e-02  6.10701516e-02 -1.14372663e-01 -9.03109461e-02
 -3.15074786e-03  4.63415757e-02  9.03340727e-02  2.88751014e-02
 -1.28252162e-02 -6.38706237e-02  5.49696386e-02  8.83551836e-02
  3.28057893e-02  5.86525984e-02  4.18619141e-02  2.33316943e-02
 -2.44314522e-02 -5.01794890e-02  7.99975172e-03 -9.75391194e-02
 -2.39654761e-02  1.87656796e-03  6.55927956e-02 -3.30359153e-02
 -8.80435407e-02  2.66893562e-02  6.88946545e-02  3.75116356e-02
  3.49228829e-02 -2.27270536e-02 -9.38469470e-02 -1.91820953e-02
 -4.80137914e-02 -7.49176741e-02  2.60867774e-02 -5.24852099e-03
  8.26877356e-02  1.95887201e-02  5.82110025e-02  2.35266797e-02
  1.48605667e-02 -1.33795300e-02 -5.10429312e-03  4.10690941e-02
  1.15963675e-01 -5.28081581e-02  1.19628914e-01  1.56313612e-03]"
78,Raw Material Sourcing,Environment,suppliers,21,0.4366,"[-4.69314530e-02 -1.47003476e-02 -1.76749267e-02  4.37354157e-03
 -1.14392554e-02 -5.34365233e-03  5.74073866e-02  3.72302457e-04
 -1.05951075e-02 -5.38046397e-02  5.24788871e-02 -2.82670725e-02
  1.49369491e-02 -1.73903108e-02 -4.92884591e-02 -4.49273596e-03
  3.71170143e-04  1.73602886e-02 -2.69910824e-02 -9.54058766e-02
 -1.42554909e-01 -4.25467826e-02 -4.06194944e-03  3.34845819e-02
 -2.18031816e-02  4.42879423e-02 -5.18365949e-02 -3.64341103e-02
  9.72913355e-02 -9.56821367e-02 -2.24655904e-02  1.72827933e-02
  9.84009076e-03 -3.85241164e-03 -2.18136143e-03  3.86854000e-02
 -1.26901301e-04 -4.44198586e-02  1.75442286e-02  2.28401013e-02
  8.54571234e-04 -3.51202451e-02 -3.52735780e-02  1.77354310e-02
  1.66557729e-02  1.20206401e-02  3.18634696e-02  5.24689928e-02
 -2.81253066e-02  4.80426885e-02 -1.42319733e-02 -1.71843544e-02
 -4.62085493e-02 -3.55672324e-03  1.87236778e-02  1.86258659e-03
 -3.41589376e-02 -6.29539117e-02 -8.30412563e-03 -6.43560812e-02
  3.23846266e-02 -8.01468641e-03 -9.76593047e-02  3.68016772e-02
  4.18401062e-02 -2.92694569e-02 -5.66261783e-02  1.18506938e-01
 -1.09292321e-01 -3.98525633e-02  9.20995325e-03 -7.40456954e-02
  4.61234897e-03  7.38658309e-02  1.26561616e-02  1.81424222e-03
  1.01032823e-01 -6.85437098e-02  2.88509149e-02 -5.19159883e-02
  1.20628895e-02  1.06916122e-01 -2.99123265e-02  7.24755786e-03
  1.91142410e-02 -1.97048858e-02  7.05155283e-02  5.55283315e-02
  3.71934734e-02 -1.80371199e-02 -1.35846892e-02 -6.10232688e-02
  9.23858304e-03  6.93348283e-03 -2.76162364e-02  5.09032644e-02
  2.68474803e-03  2.90608685e-02 -7.39025837e-03  1.76607683e-01
  1.12627335e-02  3.92673910e-02 -3.36159915e-02 -2.23563276e-02
 -8.16404819e-02 -8.00627749e-03 -1.04896352e-01  9.03170779e-02
  5.94092794e-02  8.51807967e-02 -6.82459548e-02  1.31848417e-02
 -7.63523653e-02 -4.59972471e-02 -4.54427488e-03 -1.97646376e-02
 -2.98928209e-02  1.45490263e-02  4.97128442e-02 -1.65715218e-02
 -8.84089991e-03  4.00513411e-02 -2.85537783e-02 -8.27183276e-02
 -6.82741627e-02 -5.00173355e-03 -5.79982400e-02 -4.43686743e-33
 -2.35317145e-02  4.24790680e-02 -2.83622872e-02  3.06352787e-02
  6.40252000e-03  6.54589459e-02  3.17473114e-02 -7.56520731e-03
 -1.73297115e-02  4.96650226e-02 -1.11382551e-01  3.77558060e-02
 -7.78042823e-02  4.78032976e-02  8.24537128e-02 -4.74502780e-02
  4.23058718e-02  3.48616242e-02  4.18274216e-02 -2.05210987e-02
 -9.06887576e-02  2.38061305e-02 -4.32916824e-03  1.00518912e-01
  4.45319340e-02 -4.57107164e-02  1.32510783e-02  6.65956065e-02
  4.21203822e-02  2.61303410e-02  7.42535591e-02  1.77328661e-02
  6.91337436e-02 -6.37551174e-02 -4.96454127e-02 -4.77175713e-02
 -8.89812782e-02 -9.18219015e-02  4.55418117e-02  2.66959565e-03
  3.36363949e-02  4.44290414e-02 -3.46758426e-03  6.66163936e-02
 -2.83880290e-02  2.78303567e-02  2.31000539e-02  2.44485028e-02
  1.04483590e-02  6.25763973e-03 -1.13291450e-01  3.72227319e-02
 -2.53764335e-02  1.12256203e-02  5.41080497e-02 -5.08580059e-02
 -1.00846626e-02 -4.35080118e-02  1.53666455e-02  5.43181077e-02
 -3.19037633e-03  1.09789312e-01 -2.33896114e-02  6.86574876e-02
  3.21827717e-02 -3.15511338e-02  1.87423863e-02 -4.97078188e-02
 -5.38056381e-02 -3.03656422e-02 -7.56818727e-02 -2.35161767e-03
  5.38664684e-02  3.46065126e-02 -4.57564108e-02 -8.90858937e-03
 -1.64593905e-02  1.22804202e-01  1.04101943e-02 -5.78451082e-02
 -1.26849994e-01  2.91637797e-02  2.44480707e-02  8.79539177e-02
 -3.64693888e-02 -4.73300703e-02 -9.22288373e-03  2.48468295e-03
  6.59437180e-02  1.26410071e-02 -1.01295896e-01  1.05426274e-02
  8.30021407e-03 -1.20806193e-03  4.69159242e-03  3.37332532e-33
 -1.83108672e-02  2.12353040e-02  5.20571657e-02  4.85103317e-02
  7.03093484e-02  2.72677522e-02  2.42113005e-02 -6.85770735e-02
  9.52088684e-02  8.29790756e-02 -3.32616679e-02  1.86852738e-02
  5.43623753e-02  1.66292991e-02  1.20977825e-02  1.85183727e-03
  7.70358518e-02 -8.25900212e-03 -4.17116936e-03 -3.31136845e-02
  2.34635249e-02  1.65206622e-02  4.42563891e-02 -9.17498842e-02
  1.42289698e-02  2.15027593e-02  2.84636975e-03 -1.38485525e-02
 -8.92315060e-02  1.38156326e-03 -3.53478407e-03 -6.65388256e-02
 -5.97925149e-02  1.03523307e-01 -6.53372183e-02  4.18092795e-02
 -4.94650342e-02  8.77870247e-02  4.53137830e-02 -3.08914334e-02
  7.00031072e-02 -9.57094412e-03  4.08180766e-02  1.12703107e-01
 -3.63699831e-02 -7.09686950e-02 -3.26007232e-03 -9.29088369e-02
  1.58987999e-01 -1.99546702e-02 -3.97054590e-02  5.49681447e-02
  3.82826515e-02 -3.83988619e-02 -5.23856506e-02  7.87254144e-03
 -1.76586155e-02  5.13421446e-02  4.31276672e-02 -1.98447071e-02
  4.61195819e-02  4.91622016e-02  2.12530941e-02  1.26602789e-02
  1.07325362e-02  7.31291100e-02  3.43855396e-02  7.62658613e-03
  4.96976599e-02 -5.32885920e-03  6.92142025e-02  4.28969041e-03
 -5.11427131e-03  5.40807471e-03 -6.47100955e-02 -1.80834271e-02
 -8.56951401e-02  5.05995099e-03 -3.06908563e-02  5.39919548e-03
  3.98018174e-02 -5.69309443e-02  3.96414623e-02  1.53816342e-01
 -1.43995071e-02 -3.75824352e-03  6.30049258e-02 -4.44603972e-02
  4.30888161e-02  3.06837307e-03 -4.88023087e-02  2.41073482e-02
 -3.16452794e-02 -5.34065301e-03 -1.70691423e-02 -1.12780985e-08
 -3.53380628e-02 -6.89681098e-02  2.05070842e-02  3.13601717e-02
 -5.63580031e-03 -3.57976370e-02  3.28431204e-02  3.00614163e-02
 -3.47550586e-02  1.11886889e-01 -2.38691568e-02 -2.14561285e-03
 -2.02101190e-02  2.54607759e-02  3.73011641e-02  1.64110283e-03
 -5.01114242e-02  7.23565668e-02 -7.23687559e-02 -1.06681772e-01
  8.43590591e-03  9.86630768e-02  1.59762949e-01  3.66474316e-03
 -3.49108465e-02 -5.59644401e-03  5.64458892e-02 -5.05809262e-02
  9.75101162e-03  4.68055829e-02  4.74397540e-02  3.57183330e-02
  1.76031068e-02 -1.16963446e-01 -3.12669985e-02 -7.44145215e-02
 -4.02486846e-02 -7.60246580e-03  8.65303632e-03 -3.59691791e-02
 -1.09486468e-01  1.31341340e-02  2.60466747e-02  2.78068986e-02
  2.88892370e-02 -3.11058685e-02 -8.87467414e-02  5.11403603e-04
 -5.63934259e-03 -2.32782606e-02  1.59890130e-02  2.19354667e-02
  5.06735817e-02 -8.32297374e-03 -3.80413756e-02 -7.13030249e-02
 -2.26162300e-02 -4.59552966e-02  1.24013321e-02  4.26817872e-03
 -2.61842683e-02 -3.67684402e-02  1.33888826e-01 -6.64003752e-03]"
79,Raw Material Sourcing,Environment,vendors,1,0.4292,"[-1.71366986e-02  5.75127685e-03 -4.53270040e-02  1.04648601e-02
 -4.95090112e-02 -2.21502706e-02  7.18239397e-02  1.19456137e-02
 -1.08926499e-03 -6.95589334e-02  1.65255461e-02 -4.63431119e-04
  9.92709212e-03  1.03841620e-02 -1.47092501e-02 -7.95633812e-03
  2.98122559e-02  2.63307467e-02  4.89075668e-02 -5.56678511e-02
 -1.34744570e-01 -3.90905216e-02 -6.47750795e-02  5.54225929e-02
 -1.06552467e-02  1.54396892e-02 -1.11773480e-02 -3.46671455e-02
  6.29763529e-02 -1.17250718e-01 -4.75012101e-02  3.21209542e-02
  4.73494716e-02  4.15194221e-03  1.95051096e-02  2.74796654e-02
 -1.12866731e-02 -5.10254800e-02  1.64267477e-02  1.13411509e-02
  5.06318584e-02 -3.47777791e-02 -1.18230507e-01  2.45364588e-02
  2.90103257e-02 -4.95041460e-02 -6.04274636e-03  3.90508249e-02
  1.02749327e-03  6.85600564e-02 -2.33986918e-02 -3.28966267e-02
 -4.79246192e-02 -7.34185742e-04 -4.63408139e-03 -7.53028616e-02
 -4.29068767e-02 -2.04277374e-02  1.94981899e-02 -4.65928726e-02
  5.99716380e-02 -3.78677286e-02 -6.97122514e-02  4.57959473e-02
 -1.54920649e-02  6.30226359e-02 -2.62386240e-02  9.89888981e-02
 -1.19413577e-01 -5.32288328e-02  1.12527004e-02 -7.45905340e-02
  1.91977769e-02  5.48610613e-02  5.16235456e-02 -6.05379529e-02
  6.16943054e-02 -8.22125524e-02  2.95907613e-02 -3.85579355e-02
 -2.04058494e-02  7.14800507e-02 -5.71140759e-02 -1.32423155e-02
 -4.14582193e-02 -7.54259527e-03  2.92657427e-02  1.25972822e-01
  1.88573934e-02 -3.19458917e-02  6.63327007e-03 -2.16308106e-02
 -1.11506283e-02 -2.39394642e-02  3.30904056e-03  5.87266944e-02
  2.08570026e-02  2.33350415e-03  7.83053041e-02  1.78630367e-01
  1.83107592e-02  4.12121639e-02 -1.22433398e-02 -1.21400901e-03
 -1.24284759e-01  2.38966234e-02 -7.30910450e-02  2.52086222e-02
  2.58501228e-02  6.56620413e-02 -8.76872540e-02  3.55019160e-02
 -1.41812533e-01 -5.85206784e-02 -4.73255888e-02  3.53331380e-02
 -3.05290837e-02  6.94328099e-02  1.07705137e-02 -5.14475852e-02
 -2.97198370e-02  4.45508584e-02 -7.18510384e-03 -8.42490420e-02
 -1.87700242e-02  2.61737350e-02 -7.15997117e-03 -5.04390226e-33
 -5.03039919e-02  6.26921374e-03 -2.56881341e-02  2.84095034e-02
  7.05879331e-02  2.85257939e-02  5.27239591e-02 -4.33748914e-03
 -2.95942388e-02  4.91282716e-02 -7.74373263e-02  3.76834013e-02
 -7.02346861e-02  3.76605876e-02  7.39058703e-02 -3.46091092e-02
  8.43593851e-03  6.28752634e-02 -9.99098457e-03 -5.08807339e-02
 -9.96791497e-02  1.98380034e-02  8.18276685e-03  1.24239475e-01
  1.20165842e-02  1.26600768e-02  1.89937477e-03  3.56052145e-02
  1.21879689e-01  2.43539624e-02  7.37884864e-02  1.82422518e-03
  7.33224228e-02 -3.31857055e-03 -4.30719182e-02  6.13295734e-02
 -5.40810935e-02 -5.54845780e-02  7.03526884e-02 -9.65402648e-03
 -8.89675785e-03  6.51881024e-02  1.09206419e-03  5.41315563e-02
 -3.64861898e-02  2.07129195e-02 -1.97445322e-03 -7.77906459e-03
  3.28221843e-02  5.54030295e-03 -8.81291553e-02  5.05358949e-02
 -6.40620366e-02  2.30335053e-02  7.44032264e-02 -9.91452187e-02
 -1.38398232e-02 -4.00675274e-02 -4.37573493e-02  1.64853446e-02
  2.72477269e-02  1.05859183e-01 -3.27899284e-03  2.20365524e-02
 -1.21532357e-03 -1.86668355e-02 -3.88991064e-03 -3.86819914e-02
 -1.67275444e-02  9.16548260e-03 -4.69947010e-02  4.50219661e-02
  8.89821872e-02  1.32542755e-02 -2.38598529e-02  4.54315655e-02
 -3.53417024e-02  5.49640059e-02  1.27652697e-02 -2.25761887e-02
 -7.75710642e-02  1.00471433e-02  3.48590761e-02  7.68397897e-02
 -4.27767038e-02 -1.34622063e-02 -3.26393582e-02 -2.36390699e-02
  1.85187031e-02  2.12519374e-02 -1.41522080e-01  4.47405688e-02
  7.48371147e-03  2.77139489e-02  1.18167391e-02  3.53803633e-33
 -4.29010093e-02 -5.29539865e-03  3.86997946e-02  8.54772255e-02
  2.71914043e-02  6.11706451e-03 -8.31716415e-03 -3.36694419e-02
  4.01673838e-02  2.58607976e-02 -4.37233932e-02 -2.24475954e-02
  1.81036964e-02 -3.13957315e-03  4.30375077e-02 -4.05248106e-02
  2.94752251e-02  4.05742601e-02  3.98949236e-02  2.25570262e-03
 -1.88680664e-02  3.41473334e-02 -1.65339370e-05 -2.36963984e-02
 -1.42282061e-02  4.57621366e-02 -1.08430609e-02 -4.11474593e-02
 -8.14251322e-03  9.18787904e-03  1.28712067e-02 -6.23463280e-02
 -3.07166036e-02  6.16973341e-02 -4.58300523e-02  7.41999075e-02
 -2.09697504e-02  7.67828450e-02  7.87789654e-03 -6.26608208e-02
  1.03401363e-01 -3.55888605e-02 -6.07997172e-05  8.14825222e-02
 -4.18589525e-02 -1.03244998e-01 -7.29200803e-03 -4.40181941e-02
  1.66487023e-01 -4.81751598e-02 -5.08095473e-02  7.72515908e-02
  4.04292457e-02 -8.15953016e-02 -5.80789447e-02  3.92232798e-02
 -3.22952829e-02  1.47444671e-02  5.12043573e-02  3.87390740e-02
  4.00299504e-02  5.94369099e-02  2.81272437e-02  6.60398081e-02
 -1.38899311e-02  4.18052487e-02  6.64264187e-02  3.48497070e-02
 -2.63769720e-02 -3.88096808e-03  1.00545682e-01  5.66254463e-03
 -7.25846812e-02 -9.25392285e-03 -7.20502511e-02 -2.81872787e-02
 -8.93652663e-02 -2.42785588e-02  2.06110645e-02 -1.39178466e-02
  7.19251931e-02 -6.65914118e-02  4.17188229e-03  1.36300996e-01
 -3.92663218e-02 -1.21340677e-02  2.94038560e-02 -4.53174748e-02
  1.08481450e-02  9.98426229e-04 -6.14727698e-02  3.52178887e-02
 -2.19204556e-02 -5.02535980e-03 -1.40974335e-02 -1.14285426e-08
 -4.83074896e-02 -2.70449207e-03 -2.31298823e-02  3.10895983e-02
  4.50481055e-03 -7.54912123e-02  8.87482427e-03  5.36957383e-02
 -3.79356556e-02  1.16703242e-01 -1.67205278e-02 -8.60762149e-02
 -4.21625525e-02  3.44523080e-02  4.50879708e-02 -1.31833507e-02
 -3.67254503e-02  5.30052036e-02 -3.90703045e-02 -7.18730390e-02
  1.72724221e-02  8.86455178e-02  1.38929099e-01 -5.17733432e-02
 -2.17776485e-02 -1.32768760e-02  3.98098268e-02  9.57320258e-02
  5.54955304e-02  5.53432107e-02 -4.16690484e-03  3.51029225e-02
  4.35859896e-02 -5.14688678e-02  2.39362977e-02 -1.12489849e-01
 -6.57671615e-02  3.48489322e-02 -2.44915895e-02  9.79696214e-03
 -9.54958946e-02 -1.55339260e-02  1.08278543e-02 -2.78917281e-03
 -1.02842003e-02 -5.63434279e-03 -5.07374816e-02  3.94831300e-02
  1.59995928e-02 -2.46388093e-02 -8.42922740e-03 -5.53145967e-02
  6.87167794e-02 -9.67093371e-03 -6.35634363e-02 -2.74534840e-02
  3.95790301e-02 -5.04166521e-02  4.03772071e-02 -1.82945188e-02
 -3.36679257e-03 -9.37065333e-02  1.08703598e-01  3.72288413e-02]"
80,Raw Material Sourcing,Environment,manufacturing,6,0.4143,"[-5.04827537e-02  1.07648177e-02 -2.13245694e-02  7.44454842e-03
 -3.19682881e-02 -1.99924465e-02  6.48205429e-02  1.47770979e-02
 -4.29868586e-02 -2.32265368e-02  4.22115028e-02 -2.84769088e-02
  1.97285265e-02 -5.39339613e-03 -9.26234871e-02 -3.38307917e-02
  2.55211373e-03 -1.55422809e-02 -3.76534685e-02 -7.81760737e-02
 -4.48908992e-02 -3.46912593e-02  7.42144475e-04  3.97888683e-02
  1.09842364e-02  8.78757834e-02 -6.37926441e-03  3.61939147e-03
  8.65998790e-02 -1.22562505e-01 -5.43107092e-02  6.50579035e-02
  7.30821639e-02 -2.27453280e-02  6.87257051e-02  2.10593697e-02
  3.60077992e-02 -1.78646930e-02  4.19754870e-02 -4.37454768e-02
 -1.05717797e-02 -8.62351730e-02 -4.58751507e-02 -2.39024982e-02
  4.72841077e-02  4.96466830e-02  6.23537004e-02 -8.79024435e-03
 -3.35683711e-02  7.21000582e-02 -4.11893837e-02 -1.36763453e-02
 -4.21999916e-02 -2.87880674e-02  1.64690726e-02  2.70096492e-02
 -2.73070205e-02 -4.82567139e-02 -5.46458922e-03 -1.95131656e-02
  5.31545691e-02 -2.23965030e-02 -7.54126608e-02  2.62599587e-02
  1.24683075e-01  1.79213204e-03 -5.53376451e-02 -8.02986976e-03
 -9.67917666e-02 -1.67294182e-02  7.16470107e-02 -4.25838307e-02
 -5.06838746e-02  7.95268938e-02  2.36942377e-02 -6.06377274e-02
  5.22143990e-02 -4.64545824e-02  3.95100005e-02  5.09117637e-03
  6.19877204e-02  6.11307621e-02 -7.28256479e-02  1.94072537e-02
 -5.22544831e-02 -1.83366500e-02  5.81617579e-02  8.16008747e-02
  5.62787615e-02 -5.51164374e-02 -2.48011928e-02  1.39548065e-04
 -4.83928435e-02 -8.62480234e-03 -8.13401043e-02  6.23223223e-02
 -1.17642898e-02  3.72009426e-02  3.56056243e-02  1.61455050e-01
 -2.07952596e-03  8.20355397e-03 -6.43783668e-03 -5.23826815e-02
 -5.62200882e-02 -4.02110554e-02 -7.72876516e-02  7.74608329e-02
 -3.84403504e-02  5.26274033e-02 -1.95424519e-02  1.32818986e-02
 -6.98416531e-02  3.65284719e-02  3.17582232e-03 -1.45949284e-03
  2.19508819e-02  2.74308361e-02  3.09540667e-02 -2.92711463e-02
  8.64933990e-03  3.79666425e-02 -4.90501150e-02  1.61821526e-02
 -1.00339569e-01 -7.72371441e-02 -6.02168180e-02 -4.09283219e-33
 -6.47446979e-03 -3.35912071e-02  1.34333922e-02  6.84612021e-02
 -3.43195386e-02  4.44018692e-02  1.17229512e-02  8.87886435e-03
  3.38051207e-02  2.55741328e-02 -4.26478460e-02 -4.84644510e-02
 -3.20215747e-02  1.73304528e-02  1.24330111e-01 -5.80845401e-02
 -1.12204417e-03  3.53559889e-02 -1.46842375e-02 -1.04996655e-02
 -1.11520648e-01 -1.36686796e-02  5.76966675e-03  7.34904781e-02
  2.73646340e-02  2.74451803e-02  3.49690788e-03 -3.61503437e-02
 -4.41987105e-02  9.02137719e-03  7.48741701e-02  5.89683130e-02
  4.67558717e-03 -1.70722846e-02 -7.04723457e-03  2.30629202e-02
 -6.35486022e-02 -1.05002299e-01  3.50331739e-02  2.39212811e-02
 -4.10008157e-04  3.07039823e-02 -4.15874086e-03  4.09557931e-02
 -4.85159792e-02  6.93369210e-02  9.70776193e-03  4.03552838e-02
  1.78538095e-02  1.72111634e-02 -7.72458836e-02  5.34175932e-02
  5.47867864e-02 -4.83899862e-02  7.66159520e-02  8.47877527e-04
 -5.82836494e-02 -6.92158267e-02  2.16564313e-02  4.76338342e-02
 -1.33762127e-02  1.34708360e-01 -6.47180006e-02  1.15130842e-01
 -1.09253991e-02  1.49234766e-02  4.21651118e-02  1.39327804e-02
  5.97457439e-02 -4.14076596e-02 -6.78504035e-02 -5.33197932e-02
  7.25290701e-02 -2.47301180e-02 -1.95536520e-02  6.74920529e-02
 -2.39212587e-02  1.34570338e-02 -3.83527391e-02 -1.61183234e-02
 -1.03684239e-01  5.50563745e-02 -4.23122868e-02 -3.24532501e-02
  1.47150643e-02  1.99687388e-02 -8.19378346e-03 -7.76281813e-03
  4.22812514e-02  8.37805793e-02 -1.01286657e-01 -1.94616597e-02
  3.23163986e-04  5.44838905e-02 -4.94246818e-02  2.40733070e-33
 -3.30535173e-02 -5.89864887e-02  1.12282969e-02  3.10458839e-02
 -4.40462343e-02 -8.04150626e-02  1.27488980e-02 -6.51052520e-02
  1.73024908e-02  6.15735129e-02 -5.65406680e-02 -4.92682606e-02
  2.87480988e-02  2.35739518e-02 -6.99132159e-02  4.45125857e-03
  9.98242870e-02  7.60561135e-03 -2.22016871e-02 -3.12785581e-02
  1.91368647e-02  4.55230894e-03 -1.62054822e-02 -1.69397499e-02
 -2.32943203e-02  4.66206037e-02 -2.90888958e-02 -3.70566845e-02
 -1.72493681e-02  1.13840755e-02  3.80011648e-03 -8.34142640e-02
  1.68213267e-02  9.78378803e-02 -5.14273085e-02  8.32190178e-03
  6.92473054e-02  5.22281863e-02  7.28857592e-02 -9.84745100e-02
  8.88181105e-02 -1.23652248e-02 -4.23121378e-02  1.66468069e-01
 -3.97784486e-02 -7.46871084e-02  8.07757583e-03 -6.28802404e-02
  8.97955894e-02 -6.54010754e-03  1.45463608e-02  2.32200827e-02
  1.48304030e-02 -7.16948286e-02 -5.55379391e-02  3.75477001e-02
 -2.06769400e-04 -5.86104766e-02 -5.23248427e-02  1.20841525e-02
  4.10137214e-02  6.07220549e-03  5.40511236e-02  3.69853303e-02
  3.37756053e-02  4.35030013e-02  5.86797446e-02  4.66712052e-03
  2.50030681e-02 -1.31533563e-03  1.29620939e-01  6.69310167e-02
 -1.85390227e-02  2.32584029e-02 -2.82776803e-02 -2.68787723e-02
 -3.66925895e-02 -1.16926408e-03 -3.56110409e-02  5.64464414e-03
  2.66671292e-02 -2.69962009e-02 -1.23250214e-02  1.12197228e-01
 -6.48318827e-02 -1.67972047e-03  6.27248138e-02 -2.05251854e-02
 -5.43282665e-02 -3.24634314e-02 -1.11930743e-02  2.91108433e-02
 -5.64539246e-02  1.25842616e-02 -5.68876369e-03 -1.21153274e-08
 -1.15339952e-02 -8.63988101e-02  1.43925752e-02 -5.70504069e-02
 -6.34262105e-04 -7.46863836e-04  6.22293912e-02  4.76423185e-03
  1.33408513e-02  3.26049514e-02 -1.28626963e-02 -2.81081051e-02
 -1.38636352e-02  5.90204857e-02  5.73344193e-02  8.71489197e-03
 -5.18397056e-02  9.32631642e-02 -8.41340572e-02 -9.10545439e-02
  4.23691459e-02  4.64955643e-02  1.33490130e-01  3.08084693e-02
 -6.83494583e-02 -2.33052932e-02  5.18668965e-02  9.71927948e-04
  4.13411520e-02  7.13197514e-02  8.12759716e-03  3.01318057e-02
  3.49014252e-02  6.59114262e-03 -2.49156021e-02 -1.35924488e-01
  1.52933626e-02 -2.69696470e-02  3.09862308e-02 -1.09047100e-01
 -4.92508300e-02  7.49276280e-02 -3.05402931e-03  8.13021045e-03
  8.65569413e-02 -3.51241045e-02 -7.54333064e-02  6.04137173e-03
 -5.63313030e-02 -1.82137103e-03  2.79223570e-03  3.75939496e-02
  8.07612762e-02  3.40272412e-02 -4.56818350e-04 -1.81543035e-03
 -9.77271004e-04 -6.71172142e-02  8.09934642e-03 -1.07244905e-02
  1.06006920e-01 -5.15545607e-02  1.57987401e-01  3.52598280e-02]"
81,Raw Material Sourcing,Environment,material,3,0.3887,"[-5.87220788e-02  2.23537814e-02 -8.56944360e-03  6.03480637e-02
  8.62029847e-03 -4.82765175e-02  2.06276223e-01  3.49735469e-02
 -1.41750481e-02  8.25156718e-02 -3.79802026e-02 -4.01729457e-02
 -1.11737885e-02  2.80840695e-02 -3.48029882e-02 -1.48787061e-02
  2.05729064e-02 -2.71384511e-02 -4.39731888e-02  4.75704111e-02
 -2.47743484e-02  6.18006587e-02 -3.53322621e-03 -1.36660719e-02
 -1.87055543e-02  1.11467578e-01  1.03830139e-03  2.59517692e-02
  8.66673216e-02 -1.27881289e-01  3.53309326e-03  6.43546879e-02
  2.53264718e-02  2.16518883e-02 -5.53481393e-02  2.11018845e-02
  1.76635832e-02 -4.51911092e-02 -2.33341139e-02  6.51323749e-03
 -7.15547204e-02 -6.93877339e-02  1.42925307e-02 -4.77320775e-02
  3.94324176e-02  1.44524192e-02  7.87913576e-02 -6.12839824e-04
 -2.31131613e-02  3.33126895e-02 -1.25540597e-02 -4.62048389e-02
 -5.11877378e-03  3.25199403e-02 -8.65156017e-03  4.77419198e-02
  2.80800238e-02  3.77325676e-02  2.46374886e-02 -2.63565965e-02
  7.20916092e-02 -3.03837620e-02 -5.69842346e-02  4.32594344e-02
  1.21580966e-01  4.06740606e-02 -2.08019204e-02  2.26968732e-02
 -9.49723739e-03 -2.82678138e-02  7.14999661e-02  2.80184411e-02
 -7.71605293e-04  1.45123554e-02  4.86115776e-02 -6.89629167e-02
  5.27870655e-02 -3.58466357e-02  4.48877327e-02  5.22100851e-02
 -5.59312887e-02  2.39901580e-02 -2.13991944e-02  1.05583128e-02
 -9.42256860e-03  3.23595330e-02  4.06463258e-02 -2.03961171e-02
 -7.28830621e-02  2.15539825e-03 -2.13116268e-03  6.97915554e-02
 -9.81966928e-02 -3.05944998e-02 -1.23269767e-01  3.06126494e-02
 -4.27501984e-02 -4.52043675e-02  3.55374813e-02  2.11598113e-01
  3.50648537e-02  4.99290638e-02  2.10935213e-02  1.68328881e-02
 -6.75806999e-02 -1.21724680e-01 -3.61074694e-02  2.12735906e-02
  3.71566005e-02  2.72445865e-02 -6.26328662e-02 -7.79959979e-03
 -1.03602819e-01 -1.47904342e-04 -4.80844900e-02 -4.41633798e-02
  3.71781848e-02  8.19456130e-02  2.28204578e-02  1.95821766e-02
  4.63376269e-02 -3.15470807e-02  2.84094978e-02 -1.30617060e-02
 -8.73730704e-02 -1.66805059e-01 -3.12648192e-02 -4.71232653e-33
  3.49496566e-02 -9.40347761e-02  1.80485882e-02  3.53444889e-02
 -2.43215654e-02  1.53421080e-02 -1.02398600e-02 -3.28196436e-02
  1.25418790e-02  3.89152840e-02  2.18074694e-02  6.58103824e-02
 -4.27860767e-02  8.73786956e-03  1.37876466e-01 -5.59220538e-02
 -4.32175361e-02 -1.55753084e-02 -4.74238060e-02  2.16885796e-03
 -9.90150794e-02  1.07900776e-01  4.88192402e-02  8.02760273e-02
  3.53513728e-03 -6.28573895e-02  1.33589730e-02 -9.80095789e-02
 -4.89289537e-02 -4.80480166e-03  1.84399150e-02  2.13182755e-02
  7.56056830e-02  2.12812386e-02 -3.74412872e-02  5.20835891e-02
 -4.49281894e-02 -3.53412442e-02  6.92121163e-02 -2.68653855e-02
 -4.72778641e-03  1.14621886e-03  9.89271402e-02  3.01737301e-02
 -4.92811874e-02 -9.79177887e-04  8.96998271e-02  6.62780879e-03
 -8.71265531e-02 -2.89362855e-02  4.61657755e-02  5.65934600e-03
 -1.41520528e-02 -6.50844052e-02 -1.04262363e-02  2.11211257e-02
  4.19909954e-02 -1.25920800e-02 -1.33702904e-02 -3.73843648e-02
  9.98559371e-02  4.65018339e-02  3.87276858e-02  7.69164704e-04
 -2.95474138e-02 -3.48839238e-02 -3.32105532e-02  5.31454943e-02
  6.86687753e-02 -4.38725911e-02 -5.66388294e-02  2.01146863e-03
  1.09968223e-01  3.81469466e-02 -2.62537971e-02  2.31112465e-02
  7.01476727e-03 -4.74226773e-02  1.23347919e-02 -1.18880831e-02
 -1.30400747e-01  1.23732528e-02 -8.10790285e-02 -6.53695911e-02
 -9.42710415e-02  3.62892486e-02  1.10597666e-02 -5.37472554e-02
  4.28693742e-02  1.77634433e-02 -6.43452853e-02 -4.19026427e-02
  2.24971282e-03 -5.10777682e-02 -3.23392153e-02  3.54396669e-33
 -1.74615048e-02 -4.46234457e-02 -1.24184061e-02  1.49911568e-01
  5.63176125e-02 -4.89047691e-02 -3.87647515e-03  4.81601134e-02
  2.62210835e-02  4.93125543e-02  1.96339227e-02 -6.80899620e-03
  5.43461516e-02  6.27579540e-03 -6.34420756e-03  7.57126138e-02
  4.41033542e-02  4.18489650e-02  4.23701406e-02 -3.06975469e-02
 -3.80412415e-02 -6.69257808e-03  1.21867182e-02 -3.58300768e-02
 -8.41826424e-02  3.29792872e-02  1.85032450e-02 -7.96219110e-02
 -5.43230288e-02  7.44935591e-03  1.36666158e-02 -1.03137322e-01
 -3.07624079e-02  5.71087487e-02  1.21733546e-02  2.35621091e-02
  9.25952494e-02  8.90608784e-03 -5.96272536e-02 -8.07052776e-02
  8.13578889e-02 -2.23374479e-02  9.19606239e-02  6.54246956e-02
 -5.60423955e-02  2.34097484e-02  7.81991519e-03  4.95705707e-03
  3.84086855e-02  2.95779668e-02  5.98331355e-02 -7.17751449e-03
  2.21398324e-02 -5.56288697e-02  7.53887929e-03  7.01515144e-03
 -1.23090178e-01 -9.62579856e-04 -2.28169151e-02  3.55264507e-02
  1.13004800e-02  7.43001774e-02 -1.56271849e-02  7.48819346e-03
  2.45890953e-02  2.59207580e-02 -4.22010757e-02 -6.80769980e-02
 -1.01037115e-01  2.07579024e-02  1.31769508e-01  4.59340066e-02
 -1.91892218e-02  2.13905629e-02  6.55146968e-03 -6.96228221e-02
 -2.79039014e-02  2.33366783e-03 -4.32276204e-02 -2.94366535e-02
 -1.94916185e-02 -2.96990070e-02 -9.63003710e-02  5.90687580e-02
 -9.83963534e-03 -3.50532238e-03  2.97764968e-02  3.21601555e-02
  1.07720839e-02 -2.83126868e-02 -2.84303678e-03  6.74048737e-02
  3.62485722e-02  4.63272296e-02 -5.50590158e-02 -1.32829809e-08
 -7.90007319e-03 -3.46125253e-02 -1.48613285e-02 -1.01201929e-01
  2.49845069e-02  7.48709310e-03  4.38831262e-02 -4.31640483e-02
 -5.95880719e-03 -5.67901600e-03  1.60543490e-02 -1.09414598e-02
  9.64960828e-03  4.86102700e-02  4.90329228e-02  6.37399498e-03
 -6.74229413e-02  1.56797543e-02 -5.78626320e-02 -4.51476760e-02
  2.91486904e-02 -1.22701917e-02  5.75427245e-03  4.44796830e-02
 -1.28863491e-02 -1.70717819e-03  4.33490751e-03  7.49869272e-02
 -2.94915549e-02  1.18103936e-01 -2.24662945e-03  3.10200546e-02
 -4.94587906e-02 -4.06127563e-03 -6.15676343e-02 -7.13190855e-03
  8.78866762e-02 -7.98310488e-02 -6.28691725e-03  1.88034289e-02
 -1.23770572e-02 -1.59221925e-02  3.07829678e-02  5.89498541e-06
  4.53617200e-02 -1.82903428e-02 -6.74657077e-02  3.17807198e-02
 -1.43171363e-02 -9.78586078e-03  1.51148755e-02 -1.96022708e-02
  2.62364410e-02  7.61153698e-02  2.44644545e-02 -4.46194457e-03
 -4.47408063e-03  5.15806768e-03 -1.91191528e-02  1.29365036e-02
  4.69588675e-02 -6.97053522e-02  7.56474435e-02  2.34184843e-02]"
82,Raw Material Sourcing,Environment,produced,1,0.3826,"[-4.51077260e-02 -8.07273667e-03 -5.50052039e-02  3.13961394e-02
 -1.03317248e-03 -7.64867943e-03  2.99308654e-02  1.09048989e-02
 -3.93828331e-03 -2.12904941e-02  2.52752230e-02 -7.53221810e-02
  4.68901768e-02 -5.17866090e-02 -8.93379301e-02  4.89805061e-05
  2.21622940e-02 -5.26497029e-02 -8.96520019e-02 -2.21878495e-02
 -1.67235285e-02  2.88242828e-02  1.75161064e-02  4.66106497e-02
  2.00395025e-02  4.96757254e-02 -1.33002661e-02  2.97111440e-02
  1.13151111e-01 -9.92719904e-02 -3.55444737e-02  3.06727700e-02
  7.33992755e-02 -6.10707179e-02  3.73174772e-02  7.71388505e-03
  1.74191128e-02 -6.32394385e-03  1.88944936e-02 -3.32237668e-02
  1.07930275e-03 -1.08558513e-01 -1.33297490e-02 -1.88003182e-02
 -5.14979521e-03  2.90363319e-02  5.05665913e-02  3.81968031e-03
 -7.82475099e-02  6.40965551e-02 -5.71233183e-02 -3.67611006e-04
 -6.48440868e-02 -5.47696389e-02 -2.03184900e-03 -2.64380164e-02
 -3.31041105e-02 -5.91878034e-02 -1.63237080e-02 -2.44061183e-03
  3.15918075e-03  1.43305091e-02 -8.41539577e-02 -8.35960452e-03
  9.07284617e-02 -9.46086459e-03  2.68253568e-03 -3.29969749e-02
 -2.04631165e-02 -4.77653556e-02  4.50220034e-02  3.16865109e-02
 -4.17338870e-02 -1.80640407e-02 -8.06903187e-03 -2.41429619e-02
  5.34965210e-02 -5.46612814e-02  5.25498986e-02  1.47864297e-02
  7.63284266e-02  2.32057218e-02 -1.04134709e-01 -8.96315835e-03
 -3.47929783e-02 -1.85043048e-02  6.24190420e-02  4.69562672e-02
  1.35466401e-02  4.28167060e-02 -6.59817159e-02  7.66276196e-02
  3.56120951e-02 -2.42001005e-02 -1.17850572e-01  4.30545248e-02
  3.24917026e-02  8.97073001e-03  5.42382561e-02  1.82924330e-01
 -1.20197982e-02  6.01833835e-02 -3.03252190e-02 -8.63012299e-02
 -6.22076914e-03 -2.41406802e-02 -7.42980093e-02  1.13187268e-01
 -7.12701399e-03  5.33272214e-02  9.95797943e-03  2.74039265e-02
 -7.76460171e-02  2.40930133e-02  5.25351800e-02  5.54594882e-02
 -1.76215637e-02  1.02904122e-02  1.16814142e-02  1.26940375e-02
  3.95882502e-02  2.08189804e-02 -2.48100073e-03  4.35664058e-02
 -1.05813824e-01 -9.91178378e-02  2.94223595e-02 -4.32532220e-33
  2.15138309e-02 -6.67120218e-02  4.45762128e-02  4.22907174e-02
 -2.63808873e-02  6.60132915e-02 -3.94395590e-02 -2.18510088e-02
 -1.76299736e-02 -1.65122747e-02 -3.60647589e-02 -2.07677390e-02
 -7.24382978e-03  2.48134080e-02  1.00795321e-01 -5.20808026e-02
  2.08933484e-02 -1.22219454e-02 -5.43932281e-02  3.19023319e-02
 -1.16095163e-01  1.13889813e-01 -2.11226996e-02  6.02312647e-02
 -4.21817377e-02 -1.76195074e-02 -1.60073675e-02 -4.45228629e-02
 -4.46940549e-02 -1.07714850e-02  8.50408003e-02  4.61062789e-02
  3.85011174e-02 -1.13976207e-02 -3.65695171e-02  1.02980807e-02
 -6.15575947e-02 -8.53044987e-02  3.35849985e-03  5.37823737e-02
  2.82130949e-02  3.17582972e-02 -3.61661264e-03  9.40132514e-03
 -3.70145105e-02  5.08888327e-02 -2.47033371e-04  5.16688712e-02
  3.58611755e-02  2.33491194e-02 -2.71047987e-02  3.44930254e-02
  6.24770150e-02 -2.49085464e-02  3.31275724e-02  1.03161130e-02
 -1.08842356e-02 -2.36696489e-02  6.78071305e-02  2.28574704e-02
  9.51716094e-04  1.82969540e-01 -5.62739708e-02  7.25443363e-02
 -5.23973182e-02 -3.79581414e-02  7.48252571e-02 -2.26799231e-02
  3.54752615e-02 -3.12540121e-02 -7.71888867e-02 -4.74763922e-02
  9.80730802e-02 -4.52763494e-03  3.21287550e-02 -1.34085324e-02
 -6.66187629e-02  6.13473123e-03 -4.59401496e-03  1.47700803e-02
 -4.90579568e-02  2.64170207e-02 -2.01278999e-02 -5.08834384e-02
  6.70398325e-02  3.18568945e-02 -9.58634987e-02 -2.92510875e-02
  6.96037561e-02  7.69760683e-02 -6.32584989e-02 -4.16415855e-02
  1.01182181e-02 -3.00579751e-03 -6.03556670e-02  2.85889961e-33
  3.91609669e-02 -2.63766618e-03 -4.11044620e-02  1.28071057e-02
 -5.20460047e-02 -3.84752266e-02 -1.39997071e-02 -5.69087006e-02
 -4.04111445e-02  3.58721353e-02 -4.49473523e-02 -3.54810394e-02
  1.68053843e-02  3.77008356e-02 -3.99672426e-02 -4.05322760e-03
  1.13573477e-01 -1.11455447e-03 -8.22424516e-03 -1.43639427e-02
 -1.15225834e-04 -6.64448016e-04  3.48072685e-02 -9.96017363e-03
 -9.41989105e-03  3.96548063e-02  3.84921953e-02  6.85966685e-02
 -1.16679491e-02  2.11615278e-03  3.41091156e-02 -7.80950859e-02
 -4.66957726e-02  1.75220203e-02 -6.18658997e-02  1.74422599e-02
  5.12660071e-02 -8.09670705e-03  3.67401280e-02 -2.34356485e-02
  4.51489687e-02  2.18595229e-02  1.85903441e-02  2.37376273e-01
 -3.63460891e-02 -4.11575586e-02 -1.44700985e-03 -4.13258150e-02
  7.86479190e-02  1.21102743e-02  2.42542885e-02  5.75535670e-02
 -4.87237871e-02 -7.45512992e-02 -5.96539862e-02 -6.31693304e-02
  3.47568430e-02 -2.69827768e-02 -2.40788492e-03 -9.26643517e-03
 -4.18227986e-02 -6.09185128e-03  2.68655382e-02 -7.81169981e-02
  4.24710847e-02  4.70032506e-02 -1.73753388e-02  7.17605948e-02
  6.01680987e-02  1.52246356e-02  7.32119456e-02  4.20568027e-02
 -3.32815051e-02 -1.92091353e-02 -4.04089577e-02  5.68430824e-03
 -5.43150082e-02 -2.66199559e-02  4.57501747e-02 -3.91518418e-03
 -3.74183729e-02 -2.00034287e-02  1.55205894e-02  2.77942028e-02
 -4.20118794e-02 -8.46099183e-02  3.80620956e-02 -2.48966110e-03
 -1.57134067e-02  5.11990599e-02  4.08452339e-02  3.60880122e-02
 -5.99714480e-02  8.43670741e-02  2.78057344e-02 -1.25056134e-08
  1.14628719e-02 -2.20172424e-02  2.58652661e-02  5.03090620e-02
  4.77201380e-02  5.06735034e-02  2.83347946e-02 -2.49865577e-02
  4.04258594e-02 -1.01296892e-02 -5.21250330e-02 -6.29956201e-02
 -2.52996851e-02  5.74880354e-02  1.38085008e-01 -4.95768115e-02
 -7.78146312e-02  9.60162729e-02 -7.39349648e-02 -9.99066532e-02
 -5.89052099e-04  5.64754335e-03  7.02440813e-02  2.08706222e-02
 -8.34521949e-02 -4.73775305e-02  3.54686715e-02 -3.98589857e-03
  1.69921909e-02  2.60156132e-02  4.88661155e-02  5.35459816e-02
 -6.15007468e-02 -5.34394905e-02  7.91187398e-03 -1.02581196e-01
 -5.85537776e-02 -2.31440198e-02  5.44971451e-02 -4.09526974e-02
 -7.32737482e-02  7.56191537e-02  3.95633727e-02 -3.74848745e-03
  1.28646125e-03 -1.43829640e-02 -5.38600124e-02 -6.21658526e-02
 -1.49167357e-02 -2.22576652e-02  2.80725826e-02 -2.05839481e-02
  1.06376901e-01  1.90535951e-02  4.59794700e-02 -7.21070031e-03
  2.34423345e-03 -1.06203230e-02  8.63913354e-03 -1.59684103e-02
  1.13987796e-01 -2.54086405e-02  1.88573360e-01  3.98244187e-02]"
83,Raw Material Sourcing,Environment,products,5,0.3789,"[-5.87913357e-02  5.05784247e-03 -6.29593991e-03 -2.94913945e-04
  2.92562190e-02  1.99584719e-02  1.38282418e-01  6.79567680e-02
  6.56253775e-04 -2.83715483e-02  3.41378711e-02 -2.56551038e-02
  4.59173545e-02  5.76226646e-03 -1.00596966e-02  3.05401757e-02
  2.07552724e-02  3.79177257e-02 -1.25621870e-01 -6.06186800e-02
 -7.28496397e-03  6.41287304e-03  8.39665160e-03  5.42301200e-02
 -8.56025293e-02  7.43322894e-02 -1.33064929e-02 -1.59609038e-02
  4.60798889e-02 -1.18433610e-01  1.52246095e-02  8.41979031e-03
  7.53208026e-02 -2.54178364e-02  1.10035166e-02  3.45772654e-02
  2.63042282e-02 -3.71195227e-02 -3.92483994e-02 -2.24796589e-02
  4.42869402e-03 -1.08235694e-01 -8.57023671e-02  3.89705063e-03
  3.86006050e-02  8.60821363e-03  8.20965618e-02  7.28881657e-02
  4.32228036e-02  5.17166629e-02 -8.25196505e-02 -4.85871918e-04
 -6.70826882e-02  2.88107432e-03 -3.64170969e-02 -4.28003632e-02
 -5.53584583e-02  2.20860597e-02  3.98463244e-03 -2.38562766e-02
  9.49507430e-02 -4.96065877e-02 -1.08241200e-01  3.51700559e-02
  4.24488969e-02 -1.69612803e-02 -2.48049032e-02  2.13293582e-02
 -9.03966799e-02  1.70463286e-02  5.86300157e-04 -1.27536210e-03
 -2.24868413e-02  6.82208538e-02  4.35889550e-02  1.12020178e-02
  5.67344315e-02 -8.82405415e-02  4.10690792e-02 -1.65865645e-02
 -2.84322388e-02 -2.65328516e-03 -4.99750488e-02  2.31047329e-02
  1.21408151e-02 -6.21322542e-03 -1.95582304e-02 -2.62412913e-02
 -1.82994939e-02  2.60397643e-02 -4.49213237e-02 -1.24452589e-02
  7.11170305e-03 -1.13891503e-02 -8.42933133e-02  2.90408381e-04
  3.25418264e-02 -6.24311641e-02  7.72041380e-02  2.31964335e-01
 -1.82481613e-02  1.40482001e-02 -1.08634951e-02 -7.38154054e-02
 -9.81313139e-02 -4.13343906e-02 -7.02061877e-02  2.19719801e-02
  8.35304111e-02  7.15231672e-02 -9.95503142e-02 -3.71970311e-02
 -1.14582904e-01  5.39069921e-02 -2.78846733e-02 -3.29778008e-02
 -4.89294995e-03  7.40281958e-03  8.34732503e-03 -3.41384038e-02
  6.37566997e-03  3.47481854e-02  8.10906515e-02  3.10127647e-03
 -1.08969800e-01 -2.58888621e-02 -7.87114026e-04 -4.20454346e-33
 -2.97429152e-02 -3.85809988e-02  1.13645033e-03  6.64131716e-02
 -8.15990567e-02  4.39429730e-02  1.67678180e-03 -3.68564762e-02
  8.76355264e-03  7.96671286e-02 -6.31898716e-02  7.99446926e-02
 -2.59430264e-03  6.20856993e-02  1.78350702e-01  1.90827586e-02
  1.13450112e-02 -6.95854053e-03  2.45807339e-02 -3.13063636e-02
 -8.27919990e-02  5.46061806e-02 -1.25468774e-02  9.71486792e-02
 -2.50470024e-02 -9.07849595e-02  9.01378877e-03 -3.12269293e-02
  2.12602615e-02  1.98972169e-02  6.97747171e-02  5.76270185e-02
  2.31784210e-02 -9.64603871e-02 -7.53384680e-02  6.71351627e-02
 -8.46114289e-03 -1.17853515e-01  5.65705746e-02  3.50609533e-02
  1.03656510e-02  1.57099366e-02 -1.21717826e-02  6.26092628e-02
 -3.80541780e-03  1.64744351e-02  6.34852331e-03  3.17829177e-02
 -2.16419902e-02  1.74175445e-02 -5.55488877e-02  2.51100883e-02
  5.99516928e-03 -4.68748100e-02 -9.36649833e-03 -4.02480364e-02
 -2.09080242e-02 -1.37429545e-02  6.69837669e-02  4.94872332e-02
 -1.08493175e-02  1.43434182e-01  7.39389844e-03  8.76487140e-03
 -7.97489360e-02  1.05029391e-02  4.07329872e-02 -4.95124385e-02
 -7.79371848e-03  3.57479341e-02 -7.83483014e-02 -1.95087539e-03
  8.14457610e-02 -3.47083956e-02  3.08610573e-02  4.66724252e-03
 -2.33827680e-02  2.13317052e-02 -4.50165682e-02  5.68664819e-03
 -1.31411189e-02  6.48043538e-03  5.74321859e-03  8.48789588e-02
 -4.45373133e-02 -1.56600438e-02 -3.76028754e-02 -5.97748570e-02
  2.63609327e-02  1.98626928e-02 -4.37735505e-02  2.78287586e-02
  7.77304592e-03  5.77724278e-02 -6.01051413e-02  3.58644539e-33
 -5.91884777e-02 -6.69890046e-02  8.19309335e-03  6.01980314e-02
  6.37301803e-02 -1.64224431e-02 -2.16548648e-02 -7.01072365e-02
  6.46224665e-03  6.41157627e-02 -4.24025208e-02 -5.20214215e-02
  5.77171445e-02  3.73884924e-02 -6.20742403e-02  7.43120760e-02
  1.32989243e-01  1.28603168e-03  3.40608992e-02 -5.21378778e-02
 -2.17238348e-02  5.41472547e-02 -2.18338333e-02 -1.78782549e-02
 -6.58266693e-02  1.49474367e-02  2.64405869e-02 -1.90107692e-02
 -1.14661371e-02  7.82959908e-03  7.69097954e-02 -8.75754356e-02
 -3.87074947e-02  8.75517800e-02 -1.02202883e-02  4.84825037e-02
  4.45219763e-02  8.55367817e-03  1.82808544e-02 -7.79630616e-02
  1.06717736e-01 -4.22311760e-02  9.02870018e-03  1.09298334e-01
 -1.45963104e-02 -5.32791875e-02 -1.42916851e-02 -4.00865860e-02
  6.00570925e-02  2.43710913e-02 -3.49113792e-02  5.96650094e-02
  2.06061658e-02 -8.37164074e-02 -5.58129251e-02  6.31493004e-03
  2.33588144e-02 -1.76936407e-02 -1.15406364e-02 -1.88886020e-02
 -2.72861719e-02  5.46115749e-02 -1.02473916e-02 -4.94879670e-03
  3.33762802e-02  1.71909928e-02  3.61813419e-02 -1.91942248e-02
  4.62450534e-02  1.00281499e-02  7.66607448e-02  6.95745647e-02
 -6.89038932e-02 -8.13895836e-03 -5.56591712e-02 -1.71434190e-02
 -9.99706313e-02  1.80050246e-02  5.15326438e-03 -3.95756252e-02
  1.62003059e-02 -7.07692280e-02 -2.77959555e-03  3.90002131e-02
 -4.63363938e-02 -2.05045734e-02  1.65116030e-03 -2.48833820e-02
 -2.23649908e-02  1.35789961e-02 -4.91139404e-02  1.55882044e-02
 -6.45454600e-02  1.15772404e-01  7.58028403e-02 -1.26144268e-08
  1.67553257e-02 -1.70318559e-02  9.34164748e-02  4.48675677e-02
  6.43385062e-03  4.76558916e-02 -2.73258127e-02  7.23163784e-02
 -7.04928860e-03  5.18812723e-02  7.36039924e-03  5.08121289e-02
 -5.09647951e-02  9.54032391e-02  6.91088587e-02 -1.76308267e-02
 -5.84158674e-02 -1.50837307e-03 -3.56648676e-02 -4.24275361e-02
  1.04608750e-02  5.81135154e-02  8.41344371e-02 -1.53219057e-02
 -7.03619719e-02 -5.30223399e-02  7.76519626e-02  7.26070628e-02
  2.55656298e-02  5.71256271e-03  1.62227731e-02  2.02338062e-02
  1.28194597e-02 -3.01092230e-02  4.09353971e-02 -1.09295040e-01
  8.79311468e-03  2.16824771e-03 -9.13234800e-03 -3.79719096e-03
 -4.53203991e-02 -1.67809781e-02 -4.18937160e-03 -2.40199529e-02
 -1.70076694e-02 -3.72735336e-02  1.65155611e-03 -2.62649674e-02
 -3.41138057e-02  3.71059589e-02 -7.89362588e-04  2.30737124e-02
  4.94264290e-02 -3.34206969e-02  8.91670468e-04  4.69275611e-03
  5.13696484e-02 -6.97694346e-02 -1.87531430e-02  3.45401913e-02
  7.26866201e-02 -4.61827926e-02  1.20344140e-01  3.38946544e-02]"
84,Raw Material Sourcing,Environment,supplier,28,0.3623,"[-7.20599368e-02  1.79816801e-02 -1.33760246e-02  6.59618527e-04
 -5.79906777e-02 -3.02387625e-02  9.82655808e-02  1.07606128e-02
  7.88590219e-03 -2.61518750e-02  6.71963170e-02 -3.85829657e-02
  1.87508799e-02 -1.25031127e-02 -8.37484226e-02 -1.24250855e-02
 -1.70444530e-02 -1.44485217e-02 -3.78487930e-02 -8.48170742e-02
 -1.42003596e-01 -4.22353633e-02 -2.43242644e-02  9.83554590e-03
  3.72559368e-03  4.13066186e-02 -5.24625070e-02 -3.20973322e-02
  9.57927853e-02 -9.16862488e-02 -9.21035931e-03  2.42601093e-02
  1.89835150e-02 -2.20267009e-02 -3.81711242e-03  7.88103882e-03
 -8.36479198e-03 -5.11510782e-02  1.93610638e-02  8.22274480e-03
  7.61957653e-03 -1.35766892e-02 -1.73175260e-02  3.05852387e-02
  2.74300650e-02  2.58169062e-02  2.79771816e-02  3.94032858e-02
  8.04819074e-03  7.44938776e-02 -3.58686671e-02  5.65794017e-03
 -4.58506607e-02  1.76189234e-03  2.25348603e-02  2.99056806e-02
 -3.46006267e-02 -4.50221151e-02 -3.19788903e-02 -7.18134046e-02
  1.54851768e-02 -1.00693544e-02 -6.65658861e-02  1.34285102e-02
  6.89647645e-02 -3.06901392e-02 -5.60922027e-02  4.94799316e-02
 -9.95945483e-02 -2.97359414e-02  4.82717380e-02 -6.84941635e-02
  1.83225181e-02  5.51599450e-02 -5.45426458e-03 -1.52515722e-02
  1.17625706e-01 -3.03181559e-02  4.42713164e-02 -5.06885499e-02
  1.24575710e-02  1.07149370e-01 -4.06471640e-02 -8.01047496e-03
  1.99785177e-02 -1.98038928e-02  7.28907287e-02  6.13791682e-02
  2.07835231e-02 -9.61528160e-03 -5.15063852e-03 -7.60789439e-02
  1.38600627e-02  5.47878863e-03 -4.30509932e-02  4.34591100e-02
  1.61343068e-02  2.50687986e-03 -6.92752302e-02  1.91654667e-01
  3.19207199e-02  4.45276052e-02 -4.47886176e-02 -2.69468203e-02
 -7.27434158e-02 -5.29437186e-03 -9.67823938e-02  8.52192119e-02
  6.04151227e-02  6.41628727e-02 -6.43328354e-02  1.42315235e-02
 -7.22677410e-02 -4.03127447e-02  2.15777429e-03 -7.97284674e-03
 -2.96070427e-02  1.51363006e-02  5.50577529e-02 -7.37265199e-02
 -2.40474963e-03  3.85190845e-02 -5.57379797e-02 -7.36648217e-02
 -8.41464475e-02 -3.75279374e-02 -2.46348269e-02 -4.72441612e-33
 -1.12718502e-02  5.89887612e-02 -1.21539058e-02  2.99678985e-02
  4.85905260e-03  7.85750970e-02  2.41545886e-02  3.49746388e-03
 -4.20227423e-02  1.72456317e-02 -1.20241567e-01  1.77848991e-02
 -4.55117747e-02  1.78551357e-02  8.31580982e-02 -5.28910346e-02
  1.49585176e-02  3.22636589e-02  6.20420016e-02 -2.58230306e-02
 -8.37135315e-02  2.00876989e-03 -1.33852297e-02  8.66436064e-02
  5.76953627e-02 -6.39574900e-02  2.18927730e-02  4.93049435e-02
  3.75802107e-02  2.38843448e-02  9.00266096e-02  1.91663317e-02
  4.21506055e-02 -7.26803914e-02 -3.24401595e-02 -7.83786029e-02
 -8.07082877e-02 -9.43969265e-02  2.56651323e-02 -7.98458979e-03
  4.54528257e-02  2.99232192e-02 -1.54463248e-02  6.16198406e-02
 -3.66389900e-02  5.10349171e-03  3.19876000e-02  2.85489094e-02
  7.75089161e-03  1.07285706e-02 -1.29808113e-01  1.76556185e-02
 -3.02936081e-02  1.31849491e-03  3.65797356e-02 -4.79497761e-02
  9.98558011e-03 -2.84450855e-02  1.35843763e-02  3.96754704e-02
  2.91290525e-02  9.29304287e-02 -2.05606353e-02  9.30800512e-02
  1.72111988e-02 -4.86092083e-02  2.04738341e-02 -5.18095791e-02
 -3.67672332e-02 -5.00335358e-02 -4.70086187e-02  5.60479332e-03
  4.37492020e-02  3.04543376e-02 -3.79747227e-02  3.18226614e-03
 -2.75013596e-02  1.00961708e-01  3.88775277e-03 -4.46636379e-02
 -1.21500783e-01  2.44880896e-02  4.14438918e-02  9.31779742e-02
 -2.94074360e-02 -1.18417675e-02 -2.65254807e-02 -3.04399291e-03
  7.63287395e-02  2.21219696e-02 -1.18200883e-01  1.63367689e-02
 -4.51601855e-03  1.85151715e-02  2.31506638e-02  3.43149393e-33
 -2.02498026e-02  1.23626608e-02  3.88803259e-02  5.26511017e-03
  9.91721451e-02  1.38204610e-02  3.87139767e-02 -7.04425201e-02
  7.34286532e-02  8.68152902e-02 -4.09140848e-02  2.93743815e-02
  5.57705797e-02  2.10239328e-02  5.00581190e-02  1.67302545e-02
  4.92965952e-02 -8.86532199e-03 -1.73095129e-02 -1.49633270e-02
  1.06369506e-03  2.01970097e-02  1.61657371e-02 -7.42401555e-02
  1.80533081e-02  4.52603735e-02  2.55148560e-02  5.61563857e-03
 -7.74820149e-02  5.46297245e-03 -2.55435500e-02 -4.84425314e-02
 -5.03429286e-02  6.77456558e-02 -4.56840135e-02  6.51076436e-02
 -3.10729481e-02  8.96039605e-02  2.38433667e-02 -7.71942455e-03
  6.29196763e-02 -1.29464071e-03  6.80364966e-02  1.33496031e-01
 -2.63330732e-02 -7.30474293e-02  3.72669566e-03 -7.45230019e-02
  1.61420867e-01 -1.09584434e-02 -4.11703289e-02  4.39021029e-02
  3.67105044e-02 -1.14287287e-02 -5.19285798e-02  2.44351216e-02
 -4.09202389e-02  6.50657713e-02  4.35533598e-02 -1.55489892e-02
  3.81938256e-02  5.57016023e-02  3.35065350e-02  2.24051159e-02
  1.75019708e-02  8.48634616e-02  2.89367195e-02  1.25137558e-02
  5.04362360e-02 -4.86953072e-02  6.82435259e-02 -7.10869534e-03
  9.12118237e-03 -1.95990712e-03 -4.57815304e-02 -1.20528778e-02
 -8.54204968e-02  1.90521730e-03 -3.11421547e-02 -5.70575474e-03
  5.68352714e-02 -4.66316640e-02  5.78755550e-02  1.46373808e-01
 -5.51636219e-02 -4.77574095e-02  9.57872048e-02 -3.00955903e-02
  1.40019348e-02 -1.05524762e-02 -2.34909933e-02  7.47178029e-03
 -6.91226572e-02 -2.35929135e-02  3.50431190e-03 -1.12480576e-08
 -2.60455683e-02 -6.77267835e-02  2.15498414e-02  1.17314560e-03
  3.38239819e-02 -4.32709791e-02  3.68321277e-02  2.82153971e-02
 -4.59584035e-02  9.34775695e-02 -2.98294052e-02 -1.72425415e-02
 -1.75160524e-02  2.38611978e-02  2.90546138e-02  7.39293871e-03
 -4.76365760e-02  5.07293306e-02 -8.29458237e-02 -1.02924548e-01
  1.15384888e-02  8.11275691e-02  1.44960254e-01  1.73852500e-02
 -5.08043505e-02  2.01389473e-03  6.84851408e-02 -4.08795848e-02
  3.50789800e-02  6.07283898e-02  5.20345680e-02  4.78927270e-02
  2.13916861e-02 -1.04994856e-01 -2.31329165e-02 -9.01016891e-02
 -4.44842763e-02 -1.95946842e-02  1.53226908e-02 -3.28630731e-02
 -1.06584176e-01  3.66967805e-02  3.04340012e-02  5.43951392e-02
  3.95991281e-02 -1.43031618e-02 -9.64519680e-02 -4.26508859e-02
  7.30630010e-03 -3.31957899e-02  6.89063687e-03  1.52443023e-02
  4.11623530e-02  9.09452047e-03 -6.15483224e-02 -6.73926100e-02
 -1.56150395e-02 -3.65668312e-02 -6.29207538e-03 -1.78127910e-03
  5.22771338e-03 -3.76891904e-02  1.26464397e-01 -4.00443748e-03]"
85,Raw Material Sourcing,Environment,minerals,1,0.3427,"[-7.18233436e-02 -9.47699137e-03  1.21215601e-02  1.03444263e-01
  2.93320175e-02 -4.79760841e-02  1.57610267e-01 -3.78934783e-03
 -6.02654591e-02  1.43009436e-03 -2.85806283e-02 -8.98543149e-02
  3.74212526e-02  2.31828969e-02 -4.09203023e-02  8.60753376e-03
  4.36592922e-02  1.04946252e-02 -7.20052645e-02  3.60662490e-02
  1.99482311e-02  5.25429212e-02 -2.51199566e-02  2.63002589e-02
  2.32043322e-02  1.16287008e-01 -5.41814901e-02  1.02538010e-03
  3.53160501e-02 -5.80494031e-02 -2.17112782e-03  5.34501821e-02
  5.04288003e-02 -8.11134949e-02 -7.24876625e-03  8.79987404e-02
 -4.34193127e-02 -1.73516050e-02 -1.08427696e-01  1.00702159e-02
 -5.28707504e-02 -4.98195775e-02  3.91945690e-02 -1.03521040e-02
 -1.23897102e-02 -7.34779537e-02  8.86450633e-02 -5.87044433e-02
  1.96498930e-02  4.51281294e-02 -4.58188653e-02 -1.95075553e-02
 -1.11078747e-01  1.23811942e-02  4.48470330e-03  1.39713949e-02
  1.51563762e-03  4.82647121e-02  1.69750936e-02 -1.73596723e-03
  9.61138606e-02 -2.11790055e-02 -8.37755017e-03  1.67004894e-02
  1.43119320e-01  6.12005256e-02  1.08500058e-02  8.65168869e-03
 -5.23659438e-02 -3.97806652e-02  9.85179767e-02  1.42470479e-03
  1.23316497e-02 -2.16689790e-04  2.27880273e-02  1.07213877e-01
  4.30473089e-02 -5.90943582e-02 -1.86950918e-02  1.66091751e-02
 -4.07240726e-02 -4.56652883e-03  5.65758441e-03  2.06297189e-02
  7.78898820e-02  5.74653149e-02 -2.16881540e-02  5.55834454e-03
 -2.67566796e-02 -5.50226457e-02  8.71015619e-03  2.83479355e-02
 -4.24920246e-02  3.65440175e-02 -4.36198339e-02  6.48792684e-02
  2.14777887e-02 -1.01355091e-02 -2.85361204e-02  1.42792583e-01
  6.47446886e-02  7.30669200e-02 -4.84015681e-02  1.54436659e-02
 -2.97111385e-02 -4.76758219e-02 -1.43499859e-02  1.15462348e-01
  3.09524015e-02  1.18859030e-01 -1.19239977e-02  3.18596959e-02
 -3.84346582e-02 -3.44589842e-03  4.23728861e-03  4.78962697e-02
  6.68067560e-02  1.04202125e-02 -4.82779257e-02  5.07893488e-02
  2.30459701e-02 -1.19942185e-02  7.69068161e-03  1.57517586e-02
  2.65371706e-02 -9.23750475e-02 -5.12999631e-02 -4.29057348e-33
 -4.88432962e-03 -2.68979426e-02  7.53128231e-02  2.48581935e-02
 -5.05597070e-02  4.30519693e-02 -5.32846712e-02 -3.55185270e-02
 -1.59264414e-03 -5.21225808e-03 -4.74670716e-02  1.04607530e-01
  1.24019627e-02  1.67406499e-02  2.62572039e-02 -6.74252259e-03
  2.24161875e-02 -5.17073907e-02  1.13377802e-01 -2.04247627e-02
 -5.63999489e-02  5.54121211e-02 -3.91679890e-02  1.04875602e-01
 -4.15620431e-02 -2.20948029e-02  1.90756433e-02 -3.49770859e-02
 -5.49948737e-02 -2.42627738e-03  3.33623625e-02 -3.41756046e-02
 -5.10304747e-03 -1.82018746e-02 -1.12471553e-02  4.04423289e-02
 -7.69668445e-02  7.33772432e-03 -2.99912971e-02 -7.63558298e-02
  1.73155311e-02  1.00005278e-02  1.28412265e-02  7.95722902e-02
 -7.20816944e-03 -6.30063564e-02 -6.91859704e-03  2.68776659e-02
 -6.41101450e-02 -5.77158332e-02  5.76017192e-03  3.66164260e-02
 -3.26484293e-02  5.34999073e-02 -3.70084755e-02 -3.80935916e-03
  2.32258905e-02 -2.68011913e-03 -4.68921587e-02  1.65448897e-02
  8.03240687e-02  4.01794575e-02  8.93004332e-03  9.37664211e-02
  3.71716730e-02 -1.06341224e-02 -1.10400748e-02  4.42391895e-02
  2.08490640e-02 -2.36708857e-02 -8.05375427e-02  2.09049340e-02
  8.18625838e-02  5.61682880e-02 -7.70536065e-02 -1.07066007e-02
  3.72813046e-02 -6.94110394e-02 -1.19664101e-02  6.35271743e-02
 -4.11667265e-02 -4.46041115e-02 -3.33066098e-02 -3.60365072e-03
 -1.18151590e-01  4.86294739e-02  1.41395733e-03 -8.56987312e-02
  6.10152744e-02 -3.47880051e-02 -6.16300516e-02 -7.90852085e-02
 -2.63029453e-03 -8.82435143e-02 -1.21097930e-01  3.29367750e-33
  7.43522914e-03 -6.31621853e-02  4.03446518e-02  1.40066683e-01
  5.38621321e-02 -5.80109730e-02 -1.25076128e-02 -3.09318397e-02
  3.44117582e-02  2.61532385e-02  6.25951514e-02 -1.97856948e-02
  6.48561120e-02 -8.62937495e-02 -1.53826708e-02  8.90815854e-02
  3.67552675e-02  3.76058854e-02  6.26304448e-02  4.96422173e-03
 -1.27788588e-01  5.38028181e-02 -2.83905920e-02 -6.66438267e-02
 -5.23539670e-02  5.08956835e-02 -8.47383961e-02 -1.29547343e-01
 -3.25083248e-02  7.49683827e-02  2.08032783e-03  3.22205424e-02
 -3.37179899e-02 -5.14411367e-02 -7.78378025e-02  3.95535380e-02
  8.70189816e-03 -8.87557268e-02 -3.60248089e-02  5.33389561e-02
  3.29561420e-02  3.24274367e-03  9.76740345e-02  9.38938707e-02
 -3.62285525e-02  2.22391523e-02  8.57886299e-02  5.57844080e-02
 -2.77476069e-02  3.78153697e-02  9.85915139e-02  2.89277565e-02
 -2.97489110e-02 -8.43187943e-02  4.54588868e-02 -6.75384793e-03
 -3.12498156e-02  5.26695177e-02 -2.97444835e-02  6.91312039e-03
  6.98503181e-02  3.50044221e-02 -3.88634801e-02  3.77763212e-02
 -3.76042128e-02  9.54702124e-02  1.51418503e-02  3.38012800e-02
 -3.73639688e-02  2.97036115e-02  8.12286586e-02  1.51283043e-02
  1.61872581e-02  9.13820043e-03  1.17221242e-02 -9.55313537e-03
 -5.26035279e-02  4.78897803e-02 -2.52894964e-02 -7.21613243e-02
  1.45526174e-02 -1.44376010e-02  1.70827918e-02  1.67648084e-02
  4.55261692e-02 -1.88995637e-02  5.06467512e-03  2.89988462e-02
  9.54005495e-03 -5.94592467e-02 -8.86905566e-02 -7.62357265e-02
 -5.04105128e-02  1.60506219e-02  2.24073026e-02 -1.11918137e-08
  7.93067738e-03  1.71364695e-02 -6.01579510e-02 -7.05515966e-02
  1.71503145e-02 -8.69445130e-03  7.17744902e-02  6.82400167e-02
 -6.91455044e-03  7.92718008e-02 -3.22645046e-02  1.13588925e-02
 -7.23981205e-03 -2.23363154e-02  1.73716173e-02 -2.64745206e-03
  9.72292200e-03  2.95882095e-02 -3.83874997e-02 -4.07025367e-02
  5.62841520e-02  2.93460046e-03  1.48010897e-02 -3.04277763e-02
 -1.15257269e-03 -3.27604525e-02 -2.74893120e-02 -2.31603943e-02
  1.31923094e-04  2.49216985e-02  2.96792034e-02 -2.81591062e-02
  5.89804142e-04 -4.06653248e-02 -1.83558594e-02  3.86913009e-02
  7.71178305e-02 -5.53696379e-02 -3.63570191e-02 -1.68850813e-02
 -1.15656510e-01 -2.35075522e-02 -7.56226014e-03 -1.42277721e-02
 -8.68313909e-02 -5.35085686e-02 -4.66711745e-02  6.79952055e-02
  2.90209036e-02 -5.49541153e-02 -3.36221382e-02 -1.14094121e-02
  3.49716023e-02 -6.78108633e-02  2.29754131e-02  2.97609158e-02
  4.21517156e-02 -2.50388235e-02 -5.38617559e-02 -1.10790238e-03
  4.44867015e-02 -4.23623174e-02  1.04982093e-01 -9.25879329e-02]"
86,Raw Material Sourcing,Environment,resources,3,0.3389,"[-1.41965877e-02  4.47313264e-02 -5.77899739e-02  3.76586318e-02
  2.72213556e-02  5.02256025e-03  1.11230098e-01 -1.68209467e-02
 -1.13170622e-02  5.78431133e-03 -2.69692037e-02  1.95385106e-02
 -6.88432064e-03  1.79480370e-02 -4.58001681e-02 -1.09345897e-03
  5.84031567e-02  1.84495896e-02 -7.86731541e-02 -4.16469760e-02
  3.76333408e-02  7.74291763e-03  4.56749052e-02 -4.58778031e-02
  2.77297199e-02  3.68036106e-02 -1.06485570e-02  9.39585548e-03
  1.21545181e-01 -1.29365623e-01 -1.67378765e-02  2.84454357e-02
  1.36218695e-02 -1.18559105e-02  1.15573523e-03  7.57762343e-02
  3.89047153e-02 -1.19283507e-02  4.34404016e-02  4.17565145e-02
  1.84358074e-03 -2.67800223e-02  1.10962102e-02 -2.53954064e-03
 -1.78372655e-02  5.91114461e-02  2.93585025e-02 -4.74479981e-02
 -3.40371765e-02  2.33401526e-02 -7.31383413e-02 -1.14893951e-02
 -3.85063738e-02 -2.19345838e-02  4.91139777e-02 -5.64448126e-02
  2.68947128e-02  3.91628072e-02  1.05935084e-02  5.25410846e-03
  1.28634781e-01 -2.42190901e-02 -1.24498673e-01 -5.58164855e-03
  9.34520140e-02 -2.57004239e-02  2.89979391e-02  1.27732292e-01
 -4.39774506e-02 -1.38095096e-01 -2.79635703e-03 -9.07942839e-03
 -2.22145137e-03  6.40920401e-02  9.82665718e-02  4.00364632e-03
  5.34461327e-02  2.40725856e-02  4.93961982e-02 -1.27944171e-01
 -3.86825390e-02  1.00873895e-02 -4.39112686e-04  4.16314416e-03
  4.35734056e-02 -3.39603098e-03  2.21293792e-03  2.51797456e-02
  4.39016894e-02  4.37933914e-02  4.08799015e-02 -5.68679022e-03
  5.02210893e-02  1.32750459e-02 -9.07123613e-04  6.12700693e-02
  2.14991085e-02 -9.04738978e-02 -4.53412905e-02  1.96291983e-01
  1.76186189e-02  2.91919000e-02  5.06427400e-02 -9.08439420e-03
 -9.24880654e-02 -2.66568176e-02 -7.88066760e-02  1.33526534e-01
 -2.74061542e-02 -1.71561688e-02 -6.65368065e-02  2.71260515e-02
 -1.31794900e-01 -1.71283204e-02  5.18330857e-02 -9.34104621e-03
  2.45251693e-02  9.27039701e-03  4.64539602e-02 -5.04801655e-03
 -1.33715686e-03 -4.26818840e-02 -1.16048399e-02  8.19499046e-03
 -5.47457859e-02 -1.41638875e-01 -1.08283907e-01 -4.70432141e-33
  9.29210186e-02 -1.19159054e-02  6.52494561e-03  5.43348342e-02
 -8.51828139e-03 -3.56870629e-02  3.73563264e-03  5.58047835e-03
 -8.20808485e-02  2.27966011e-02 -5.39089460e-03  1.49082631e-01
 -7.95564055e-02  7.74103543e-03  2.95065790e-02 -3.23285386e-02
  1.46654909e-02  1.32158220e-01  6.85620457e-02  8.91994871e-03
 -2.37297956e-02  4.42644134e-02  4.16624285e-02 -1.13423606e-02
  2.80456748e-02 -2.56033950e-02  1.11827138e-03 -8.61087292e-02
  3.84257250e-02  8.62986501e-03 -9.78089869e-03  2.81482860e-02
  1.14583615e-02 -4.37727943e-02  2.41032913e-02  8.59558862e-03
 -1.82743222e-02 -3.61545533e-02  1.47823310e-02  1.23170223e-02
 -1.11584403e-02  1.23090576e-02 -9.99124162e-03 -1.79955438e-02
  2.84973346e-02  3.93614173e-03  4.65563796e-02 -3.37716080e-02
 -5.22501655e-02  3.97393567e-04  1.13279102e-02  3.26901823e-02
 -2.46614534e-02 -3.24335918e-02  1.19995605e-02 -1.35867102e-02
 -2.05363296e-02  7.78312609e-02  7.65090529e-03  7.24369055e-03
  5.46432212e-02  8.69132951e-02 -4.86931801e-02 -8.26837216e-03
 -3.17744650e-02  1.15756346e-02 -6.00766577e-02 -1.04852486e-02
  1.88702717e-02 -1.32368868e-02 -7.81300887e-02 -4.24031243e-02
  1.73322037e-01  1.26349060e-02 -1.09233018e-02  5.61852660e-03
 -2.74575409e-02 -1.79665517e-02 -1.04584418e-01  1.67942571e-03
 -3.76139209e-02 -1.59279304e-03  1.40973069e-02  4.07545194e-02
 -7.52795339e-02 -3.74187976e-02  3.03958077e-02 -6.39889017e-02
  5.20176515e-02 -1.55032640e-02 -7.14640915e-02 -1.18115428e-03
 -4.28874567e-02 -3.25836651e-02 -2.36591194e-02  4.01958677e-33
 -1.24442310e-03 -9.23465658e-03 -3.66287045e-02  6.59617707e-02
  1.33220972e-02  2.01289300e-02 -1.00668725e-02 -2.57864464e-02
  8.16566590e-03 -1.51609527e-02 -9.20848027e-02 -2.51426380e-02
  2.62416210e-02  5.63093834e-02 -5.18973432e-02 -6.48071989e-02
  4.65846844e-02 -2.82623079e-02 -5.83297834e-02  1.99851990e-02
 -8.61148462e-02  1.08146138e-01 -1.51623972e-02 -1.64342970e-02
 -8.41331016e-03  5.66627905e-02 -3.01325284e-02 -6.28155023e-02
 -4.70141768e-02  2.94851065e-02  1.60708390e-02 -4.97073084e-02
 -5.74489795e-02 -1.26882000e-02 -1.19228818e-01  2.77236570e-02
  2.54992917e-02  3.51308100e-02 -3.29210088e-02  2.29404774e-02
  1.07316807e-01 -2.70905085e-02  6.34304434e-02  2.92161237e-02
 -2.13367734e-02 -3.26683149e-02 -1.06882146e-02 -2.53886357e-02
 -1.28211230e-02 -1.04967384e-02  1.05010040e-01  3.86900990e-03
  2.38742977e-02 -1.15002431e-01  2.16104258e-02 -6.75872490e-02
  1.16757490e-03  4.11254689e-02  1.01821190e-02 -2.39021070e-02
 -4.52975444e-02  5.04787676e-02 -1.38468936e-01  4.23829667e-02
 -1.68640185e-02 -3.39955427e-02 -2.20003314e-02 -4.40822504e-02
  1.14384396e-02 -4.58819754e-02  3.17836180e-02  5.63535132e-02
  2.31050625e-02  2.90736556e-02 -3.94992307e-02  7.48438714e-03
 -3.31937335e-02  5.42757707e-03  1.43530117e-02  1.92914996e-03
 -8.44873786e-02 -5.57073168e-02 -3.27530392e-02  5.68488538e-02
  2.07901672e-02  1.36325076e-01 -9.57365334e-03 -3.09932940e-02
 -1.87944677e-02 -3.98852639e-02 -1.26232505e-01 -4.60018553e-02
  2.00222880e-02  1.27057627e-01 -6.50818199e-02 -1.26857147e-08
 -2.52381526e-02  6.17121086e-02  7.57209659e-02  2.28046048e-02
 -5.40342880e-03  2.15221681e-02  5.07514575e-04  8.41877982e-02
  2.77082417e-02  1.69282869e-01 -3.25871855e-02 -2.81812139e-02
  6.93651885e-02  4.64701764e-02  3.27979997e-02 -1.88614521e-02
  1.74040180e-02 -5.65110473e-03 -2.53636260e-02 -6.20958619e-02
  3.59832905e-02  3.36321667e-02 -8.87641963e-03  3.43654081e-02
  6.42773807e-02 -8.54317041e-04  2.49234084e-02  7.39990175e-02
 -3.17873284e-02  2.02664882e-02  2.53078323e-02  1.26051465e-02
  5.12709506e-02 -5.25111742e-02  2.24450212e-02  1.10162441e-02
 -5.38783222e-02 -4.80988286e-02  2.64672078e-02  1.30605819e-02
 -2.14822753e-03 -9.78432316e-03  4.17162925e-02  1.73894335e-02
  6.69847336e-03  2.21932679e-02 -9.41928476e-02  1.49189932e-02
 -6.44316524e-02 -4.69278768e-02 -1.19310599e-02 -4.14759442e-02
  1.23868370e-02  1.63934007e-02  5.87690137e-02  4.76967134e-02
  7.53171518e-02  3.37212570e-02  1.24716340e-02  4.17600460e-02
  1.11304700e-01  1.08452989e-02 -1.35051843e-04  1.68890634e-03]"
87,Raw Material Sourcing,Environment,make,1,0.3379,"[-9.74574462e-02  3.28652076e-02 -1.03152003e-02  6.80505931e-02
 -3.04345787e-02 -7.16242790e-02  5.54786026e-02 -6.97395345e-03
 -1.42522054e-02  2.30213933e-04 -3.88404429e-02 -1.45524219e-01
  8.03189725e-03 -6.31310940e-02 -1.59316789e-02  5.92489839e-02
 -1.16662891e-03  1.21642118e-02 -8.64354670e-02 -6.24105446e-02
 -3.25380340e-02 -3.49015184e-02  3.81867066e-02  2.22853590e-02
  3.54915485e-02  3.28928903e-02  4.46500480e-02 -6.59056753e-03
  7.44669437e-02 -5.91311380e-02 -2.33586645e-03  5.01180179e-02
  4.67681512e-02 -6.74360916e-02  1.14466203e-02  1.35615524e-02
  1.85817424e-02  5.59212081e-03  3.65035981e-02  9.72854160e-03
  1.43342847e-02 -1.36622712e-02  7.18977377e-02 -2.07858142e-02
 -1.80359501e-02  9.10132006e-03  7.70663396e-02  5.20780496e-03
 -5.70885977e-03  2.43604891e-02 -5.87255508e-02  2.16069892e-02
 -8.35236013e-02 -1.06028296e-01  5.35382964e-02  2.07096394e-02
 -1.25235811e-01  4.91304435e-02 -2.60663535e-02  4.41397130e-02
 -3.17357071e-02  2.66187675e-02 -4.72212508e-02  2.59257574e-02
  7.75235444e-02 -3.06430832e-02 -1.65133236e-03  1.83913279e-02
 -4.76684421e-02 -2.97229476e-02 -1.67725999e-02  3.92976999e-02
 -3.72458585e-02 -9.13083367e-03  2.63378136e-02  3.16216387e-02
  7.67350346e-02 -5.00929765e-02  4.63391021e-02  5.20544611e-02
 -6.54955432e-02  3.05036325e-02 -4.97715622e-02 -8.09095148e-03
 -5.53927086e-02 -1.32494392e-02  8.11578259e-02  5.97936548e-02
  5.14896363e-02 -1.30343363e-02 -4.62443233e-02 -1.94790363e-02
  5.62205948e-02 -4.77916077e-02 -6.18115142e-02  2.32802331e-02
  2.90182903e-02  8.86548776e-03  2.20576487e-02  3.00167233e-01
 -2.76680626e-02  2.06240229e-02 -2.13437993e-03 -6.97783604e-02
  3.17824930e-02 -3.18804011e-02 -2.03880761e-02  1.14577718e-01
 -1.55634973e-02  6.67961016e-02 -3.34243365e-02  2.79340916e-03
 -1.59135330e-02  5.82496524e-02  3.36121917e-02  3.55487643e-03
  5.16084135e-02 -2.02428317e-03  1.18968049e-02 -2.90668570e-02
  5.51864430e-02  5.97487437e-03 -8.48740991e-03  4.13165763e-02
 -5.85791618e-02 -1.00109495e-01  2.82565765e-02 -6.68735063e-33
  3.24976780e-02 -3.20191495e-02  2.25201212e-02  7.08398074e-02
  2.99455822e-02  6.50599450e-02  1.75977070e-02  1.62542686e-02
 -1.05161257e-02  4.58054431e-02  1.81368813e-02 -6.41850010e-02
 -1.54323559e-02  6.14529699e-02  1.12427898e-01 -7.32513666e-02
  6.07730821e-02 -5.61521240e-02 -2.25217044e-02 -4.18840982e-02
 -1.39333323e-01  4.75866161e-02  1.82063449e-02  2.76069827e-02
 -4.23597768e-02 -2.09317971e-02  3.63329314e-02 -7.91308954e-02
 -8.24016184e-02 -3.53012010e-02  3.30083966e-02  3.41160372e-02
  1.02688847e-02 -1.76670831e-02 -6.22148439e-02 -5.53301685e-02
 -6.42575249e-02 -8.83122627e-03  4.86576222e-02  5.10449447e-02
  3.68506298e-03  8.68046749e-03 -5.83979487e-02  2.26898734e-02
  1.37813366e-03  6.56733587e-02  7.65984431e-02  4.61854674e-02
  3.71681154e-02  2.69777644e-02  2.29682475e-02  1.97299458e-02
 -5.89428609e-03 -6.88945118e-04  1.29362680e-02 -4.99788076e-02
  1.16402274e-02 -4.15334366e-02  1.10401578e-01 -5.68460636e-02
  1.89852808e-02  1.35161415e-01 -5.21699823e-02  8.70109499e-02
 -8.26973990e-02 -1.51614309e-03  7.53918514e-02  1.07136220e-02
  5.67541495e-02 -3.84046696e-02 -3.56662571e-02 -4.27494608e-02
  3.60559560e-02 -3.69807258e-02 -3.00361160e-02 -4.23016213e-02
 -2.95816306e-02  9.20483377e-03  2.51789279e-02  7.59849027e-02
 -4.58564684e-02  5.52326776e-02 -1.66423228e-02 -2.83502750e-02
  1.29377425e-01  9.01020307e-04 -6.47851825e-02  1.23783732e-02
  5.69690540e-02  4.35665138e-02 -8.28145817e-02 -9.03893337e-02
  2.69634128e-02  1.33510856e-02 -1.13160975e-01  5.88131268e-33
 -4.59090769e-02 -4.01036553e-02 -5.32046929e-02 -5.56251826e-03
 -2.80735698e-02 -6.87201545e-02 -1.25518125e-02 -7.02606142e-02
  1.46647161e-02  5.37752695e-02  1.81110937e-03 -4.62060906e-02
  8.04269761e-02  2.66685616e-03 -6.23177215e-02  2.20258832e-02
  1.33084640e-01  5.73486164e-02 -2.88677644e-02 -3.36764976e-02
 -4.35318276e-02  4.88151424e-02 -3.49773131e-02  6.40118122e-02
 -9.20938700e-03  2.45877746e-02  8.42750147e-02  5.01686074e-02
 -2.93622650e-02  2.73906086e-02  2.55599916e-02 -1.14049748e-01
 -2.38672514e-02 -6.78174896e-03 -4.87584583e-02  2.82009970e-02
  1.46212820e-02  2.78908620e-03  7.08506536e-03 -1.63650680e-02
  7.11023957e-02 -3.86426002e-02 -1.78447533e-02  1.27299234e-01
  7.50458566e-03 -4.88866307e-02  2.63857655e-02 -1.08292671e-02
  5.60063198e-02  3.78665887e-02  7.49094561e-02  2.24584825e-02
 -7.46934190e-02 -4.81886752e-02 -2.76787002e-02 -3.64974998e-02
  1.66178588e-02 -1.03218202e-02  1.12092448e-03 -3.81168164e-02
 -6.02792911e-02  5.91602847e-02  3.70764919e-02 -6.05723485e-02
  4.96012792e-02  1.45262871e-02 -1.70916039e-02  3.54362652e-02
  2.42512655e-02  3.12124416e-02  2.21010093e-02  2.10993383e-02
 -2.02478785e-02  2.87065674e-02 -5.55025078e-02  5.14709903e-03
 -1.07864114e-02 -2.59319581e-02  4.33574542e-02 -2.36602183e-02
 -2.27959454e-02 -2.53593829e-02  9.49297193e-03  4.96149883e-02
  1.19675053e-02 -2.05739699e-02  4.02646735e-02  5.38188703e-02
 -3.78026366e-02  4.17141169e-02 -6.50577527e-03  8.80620778e-02
  3.26335505e-02  7.84859806e-02  2.44972203e-02 -1.70296897e-08
  4.32020873e-02 -7.81801343e-03 -4.86919470e-02  6.33546636e-02
  1.05035035e-02  4.04805169e-02 -1.89414360e-02 -7.74593428e-02
  2.34565418e-02  1.99752674e-03  4.53771353e-02 -1.21104922e-02
  2.19303202e-02  6.17192648e-02  3.81211229e-02 -6.59188703e-02
 -7.39972666e-02  3.92117873e-02 -9.06991810e-02 -8.09459910e-02
 -2.01135292e-03 -2.66752001e-02  5.25244325e-02  4.52765264e-02
 -7.66251162e-02 -6.39146864e-02 -1.47864288e-02  1.65208690e-02
 -1.78705566e-02  2.94094235e-02  2.44205594e-02  5.11479862e-02
 -6.79073185e-02  1.77513715e-02 -1.07134767e-02 -1.34147853e-01
 -1.04930978e-02 -1.31789586e-02  6.63239183e-03  1.06850648e-02
 -7.55983815e-02  3.28258537e-02  2.80475188e-02 -1.84537731e-02
 -5.07169478e-02 -1.38737382e-02 -3.74248587e-02 -8.55142325e-02
  1.27848061e-02 -3.31643224e-03  9.29220114e-03  1.92128923e-02
  9.03011262e-02 -1.39857791e-02  7.54044577e-02 -1.94916967e-02
  7.12555414e-03  3.45214792e-02 -1.80034023e-02 -1.59606691e-02
  7.84460381e-02 -3.12575437e-02  1.37292042e-01 -5.16218133e-03]"
88,Raw Material Sourcing,Environment,recycled,3,0.3329,"[-8.63743499e-02  4.25676815e-02 -1.51982512e-02  6.34150719e-03
  5.42356856e-02 -4.70050387e-02  1.09463796e-01 -4.22150493e-02
 -4.31784848e-03  1.18958242e-02  1.05494549e-02  5.49864843e-02
  5.50547411e-05  2.09815819e-02 -6.70840964e-02 -1.74543113e-02
 -4.01083604e-02  1.49277207e-02 -7.74012506e-02  3.26343402e-02
  1.07176658e-02 -9.87979351e-04 -1.17205596e-02 -3.59514216e-03
  5.80888130e-02  1.09081388e-01 -2.49206312e-02  3.00545851e-03
  4.91700917e-02 -1.04289904e-01  2.22318228e-02  6.07083738e-02
 -5.60767017e-03 -4.15831693e-02  1.09695476e-02  1.14196852e-01
  3.83579582e-02 -2.38253456e-02  2.98910365e-02 -3.96730974e-02
 -8.80203769e-02 -7.67216906e-02 -2.66267508e-02 -2.07253117e-02
 -2.98398454e-02 -8.40476062e-03  5.04033603e-02 -2.11954955e-02
  1.52798193e-02 -7.02547953e-02  1.37561947e-01 -7.82475248e-03
 -5.82576171e-02 -2.79231034e-02  1.81421079e-02 -3.42004783e-02
  3.23527828e-02 -1.41072720e-02 -2.35580206e-02  3.07235606e-02
  5.88802099e-02 -1.47260781e-02 -8.63191932e-02  7.88941458e-02
  9.72368196e-02  1.21461330e-02 -7.80905888e-04  2.44547818e-02
  1.65525135e-02 -7.51598030e-02  1.84008460e-02  3.46264578e-02
  2.29329173e-03 -3.11067305e-03  2.85387523e-02  1.95309613e-02
  7.99375623e-02 -3.93236540e-02 -5.51417097e-02  6.39766455e-02
 -1.89977325e-02  2.08183918e-02 -8.22917465e-03 -4.03138548e-02
 -3.22640128e-02 -3.23971696e-02 -2.41953824e-02 -5.52378707e-02
 -3.86238322e-02  2.74202656e-02 -1.68494582e-02  1.31725699e-01
  1.08224243e-01 -1.47859184e-02 -9.88017172e-02  1.27240997e-02
  6.11776998e-03  2.69429237e-02  3.47245745e-02  2.05675095e-01
 -6.78770170e-02  1.36919141e-01  2.23362651e-02 -7.12799281e-02
 -8.12581703e-02 -4.61365320e-02 -3.29756998e-02  2.58825645e-02
 -1.82356108e-02  3.17655094e-02 -7.92762190e-02  3.66078201e-03
  3.65549959e-02  5.29418141e-02  1.11270417e-02 -3.33013013e-04
 -4.63758893e-02 -2.31897552e-02 -4.66670580e-02  2.87484378e-02
 -1.26993062e-03 -2.21824702e-02  5.77442981e-02 -3.11936680e-02
 -7.91214406e-02 -1.68760754e-02  9.31488699e-04 -3.69091047e-33
 -4.57676575e-02  5.80177717e-02  4.85255048e-02 -1.05200391e-02
  4.67292368e-02 -4.86365296e-02  2.05989201e-02 -2.13417783e-03
 -1.39358258e-02 -4.44822721e-02  3.84637043e-02  6.37652725e-02
 -6.39436319e-02  3.78667191e-02  6.75960705e-02 -2.25328039e-02
 -6.33253679e-02  4.09217142e-02 -3.39829139e-02 -5.71280979e-02
 -5.22417277e-02  1.19403146e-01  1.45418653e-02  4.43689451e-02
  5.08408211e-02 -9.42596048e-02  3.32248807e-02 -3.17154191e-02
 -2.61035431e-02  6.88131666e-04  5.74726462e-02  5.67269884e-02
 -3.14252414e-02  1.33246242e-03 -4.25511673e-02  1.11129163e-02
 -4.60705906e-02  1.96172856e-03 -2.96704359e-02  2.40009166e-02
  7.48830438e-02  2.82783210e-02  3.42302136e-02  3.89750190e-02
  4.98620123e-02 -6.20056354e-02  6.14790507e-02  5.17302006e-02
 -5.84887229e-02  3.36042233e-02  3.76621336e-02  3.01920567e-02
 -8.36387947e-02 -2.93047950e-02 -8.10165480e-02 -3.70582268e-02
  7.78388232e-02 -3.20125110e-02  2.57336791e-03 -1.90317519e-02
  9.27695036e-02  1.40556008e-01 -1.79971140e-02  1.82146691e-02
  1.61187444e-02  3.08080558e-02 -3.79730165e-02  7.77031630e-02
  3.86027396e-02  1.60922036e-02 -3.92250307e-02 -3.08112316e-02
 -2.16755699e-02  5.63747957e-02 -1.19300224e-02 -4.33648229e-02
  1.08323684e-02 -9.20816883e-03 -6.27763802e-03 -4.95644361e-02
 -5.53943105e-02 -4.17043641e-02 -5.09210601e-02 -8.74596927e-03
 -4.46284525e-02 -9.80551727e-03  4.77350838e-02 -6.58492967e-02
  1.03264868e-01  5.92862396e-03 -1.05826079e-03 -3.64329852e-02
  2.50416733e-02 -8.49405080e-02 -5.21369502e-02  2.58296663e-33
  3.17216069e-02 -2.66560372e-02 -3.66833583e-02  9.59532559e-02
 -2.71478314e-02 -6.23616315e-02 -6.23746216e-02  3.90445292e-02
  2.95609795e-02 -3.99372503e-02 -6.13549054e-02  8.91886745e-03
  9.38889310e-02  5.40702902e-02  8.53442177e-02  4.74930443e-02
  2.74079200e-02 -1.20675135e-02 -1.02061413e-01 -5.38276695e-02
  3.59437964e-03  2.88973246e-02  4.00484949e-02 -8.56332295e-03
 -7.28883445e-02  2.06407588e-02 -4.44583073e-02 -1.20149245e-02
  1.22078918e-01 -2.69375816e-02 -4.79002483e-03 -1.14395641e-01
 -1.29669337e-02  3.45768780e-02 -1.45480148e-02  7.76497938e-04
 -1.61541104e-02 -2.94982772e-02 -3.09388503e-03 -5.23215625e-03
  4.97780219e-02  3.74582186e-02 -5.66663630e-02  1.43639788e-01
 -2.30143666e-02 -2.65332907e-02 -8.64887834e-02  9.38053895e-03
  9.95647833e-02  1.41439144e-03  5.45304455e-02  2.10884344e-02
 -5.10503575e-02 -7.47348368e-02 -3.60505981e-03  6.01183809e-02
  5.15642874e-02 -1.38368236e-03 -5.55306114e-03  8.46364629e-03
 -6.54244376e-03  4.62478139e-02 -4.47291434e-02 -5.08936122e-03
 -9.12157726e-03 -3.87407243e-02  4.34426256e-02 -2.28967089e-02
 -9.69986618e-02  9.38640814e-03  7.23140463e-02  6.22009970e-02
 -3.95890549e-02 -9.10368636e-02  1.58293918e-02  4.89299139e-03
 -4.53601778e-02  7.88961574e-02 -2.74202954e-02  7.13823922e-03
 -6.27651289e-02 -1.25008123e-02 -3.43451276e-02  2.15199292e-02
  3.70282084e-02 -1.11145660e-01 -2.86106020e-02 -3.54648270e-02
 -2.18845368e-03  1.07210129e-02  9.04610008e-03  2.79083177e-02
  8.39874242e-03  1.35073870e-01  6.21956140e-02 -1.09700187e-08
 -4.23407834e-03  2.42086314e-02  3.75237167e-02  9.23197269e-02
  4.71418984e-02  5.67474402e-03  5.33639714e-02  3.93814817e-02
  2.39941794e-02 -3.09848152e-02 -2.03704424e-02 -8.22190428e-04
 -7.02626109e-02  4.28963304e-02  2.91937287e-03 -1.91007070e-02
 -5.34805171e-02 -2.56736800e-02 -7.21532479e-02  3.28004584e-02
 -6.06661513e-02 -3.66647616e-02  2.90621575e-02  9.43157598e-02
 -3.96435000e-02 -1.15286652e-02  6.47151992e-02  6.87146038e-02
  3.91447078e-03  7.11980984e-02  2.97971908e-02  7.10440129e-02
 -3.52929793e-02 -1.08819678e-02 -8.31439644e-02 -5.37730418e-02
  2.32573468e-02 -1.45139657e-02 -3.25304903e-02 -5.17639630e-02
 -1.68124549e-02 -5.62941395e-02 -5.06901890e-02 -1.04854759e-02
  3.43991742e-02 -6.77476749e-02 -6.49030432e-02  2.72499528e-02
 -4.87358011e-02 -2.62810529e-04 -3.29064988e-02 -2.57596541e-02
 -1.65553503e-02  6.97993338e-02  2.03272570e-02  5.08679859e-02
  1.28136175e-02  4.16829400e-02  9.52167995e-03  1.59857646e-02
  1.09200180e-01 -4.18901742e-02  9.78833959e-02 -5.54252975e-02]"
89,Raw Material Sourcing,Environment,industrial,1,0.3309,"[-6.16531633e-02 -1.16422456e-02 -3.23341880e-03  2.79231723e-02
  1.81764290e-02  1.45375533e-02  6.89284056e-02  7.98397977e-03
 -7.37736002e-02 -6.63515776e-02  4.09278087e-02 -3.99600007e-02
  5.97417308e-03 -2.22226996e-02 -5.27296811e-02 -1.50614809e-02
 -4.77834279e-03 -4.50956970e-02 -6.65432736e-02 -9.94295925e-02
 -5.57682589e-02  3.56758088e-02 -4.73812670e-02  1.33928526e-02
  2.87173726e-02  1.38013765e-01 -3.49342846e-03  3.45161818e-02
 -2.35861074e-03 -9.61938649e-02 -6.25331178e-02  7.73405433e-02
  6.30722046e-02 -2.97208130e-03  6.69991747e-02  2.28319746e-02
  2.64164079e-02  2.80649234e-02  8.50984678e-02 -3.25523093e-02
 -1.23497481e-02 -1.01064369e-01  1.85071900e-02 -7.46309608e-02
  4.40300629e-02  1.16312783e-02  5.69868647e-02 -7.58223757e-02
  1.25806930e-03  3.19679976e-02 -6.28565997e-02 -7.22286478e-02
  2.22440884e-02  2.13980041e-02  4.32550944e-02 -2.12483890e-02
  1.61190592e-02 -3.34930345e-02 -2.43325960e-02 -2.11088452e-03
  2.22384259e-02 -7.74985999e-02 -3.58464569e-02 -4.89231013e-03
  6.18767999e-02 -5.31037804e-03 -3.15724462e-02  1.70970447e-02
 -7.79682323e-02 -9.12404880e-02  1.30019775e-02 -9.02939737e-02
 -5.00029288e-02  3.97048481e-02  3.81516851e-02 -4.49813381e-02
  2.19714339e-03 -6.61644936e-02  4.56277281e-02 -6.73911497e-02
  2.68594828e-02  4.71277582e-03 -7.78481439e-02  7.81312585e-03
 -4.36418429e-02 -3.47339222e-03  2.75729336e-02 -3.90501483e-03
  7.04654604e-02  9.21661872e-03 -8.25843140e-02  4.41854441e-04
 -2.38470826e-02  1.84528697e-02  1.83035508e-02  4.44906577e-02
 -1.88366156e-02  2.19160877e-02 -1.22797536e-02  2.06868783e-01
  8.77959610e-06  3.65524292e-02 -5.79221696e-02 -1.20940125e-02
 -6.50960654e-02 -2.96164975e-02 -6.95119202e-02  8.67101625e-02
  1.12631619e-02 -1.11934990e-02 -1.35014001e-02  1.50918420e-02
 -7.74771199e-02 -2.55644508e-02  1.81591194e-02 -2.67312210e-02
  1.96002014e-02 -7.94349355e-04 -2.26664413e-02 -7.51694385e-03
 -9.19647701e-03  4.69105169e-02 -7.20307305e-02  5.36808223e-02
 -5.12236916e-02 -3.08643468e-02  3.67619679e-03 -4.57744039e-33
 -7.12327193e-04 -1.20209819e-02 -1.00434311e-02  4.31885831e-02
 -7.09740259e-03  9.10198689e-03 -1.33851813e-02  5.12122288e-02
  2.79510990e-02  3.57784554e-02 -2.68397201e-02  4.74306345e-02
 -3.27615552e-02  9.71307606e-03  1.27828673e-01 -5.41182011e-02
 -1.89325660e-02  1.87776424e-03  3.06408685e-02  3.79559137e-02
 -1.99798327e-02  4.46505323e-02 -2.07978096e-02  3.62661444e-02
 -2.75944592e-03 -1.68847200e-02  1.90675128e-02 -2.66372785e-02
  5.33728637e-02  4.50594760e-02  6.30812719e-02  1.04060531e-01
  2.78015318e-03 -1.63337532e-02 -5.79761602e-02 -7.28837168e-03
 -5.34718707e-02 -6.95993826e-02  5.08390833e-03 -2.63287537e-02
 -4.07355912e-02  5.71212023e-02 -1.21199498e-02  3.11988201e-02
  4.63445783e-02  6.07660376e-02 -2.19180118e-02  8.18995163e-02
  9.35544912e-03  2.50031874e-02 -4.68741395e-02  6.89870715e-02
  8.93441215e-02 -1.03901606e-04  6.45383447e-02 -1.56969354e-02
 -1.02691387e-03  1.39302723e-02  4.88885120e-02  5.12548648e-02
 -3.79021093e-02  1.79754138e-01 -3.63553390e-02  7.02272356e-02
  2.89313681e-03  5.04506826e-02  6.58842251e-02  2.27820203e-02
  4.28397469e-02  7.16681220e-03 -3.41417827e-02 -4.30345945e-02
  4.03104313e-02  3.31481770e-02 -6.30157217e-02  6.96897432e-02
 -7.47259706e-02  5.04000969e-02 -3.73256020e-02 -3.29323784e-02
 -9.62676629e-02  4.91455533e-02 -8.45849107e-04  6.39329106e-03
  4.91760187e-02 -1.60971154e-02  4.60991054e-04  1.24452058e-02
  4.63601984e-02  3.83566180e-03 -8.59364197e-02  4.51434491e-04
  4.78353165e-03  1.09610341e-01 -1.25446934e-02  2.54373322e-33
  7.42471516e-02 -3.55545580e-02 -5.77064678e-02  8.83515030e-02
 -1.37198456e-02 -3.24595720e-02  1.11209918e-02 -2.90146656e-02
 -2.37016883e-02  9.94200036e-02  4.52967547e-03 -3.12536396e-02
  3.66704091e-02  1.97174624e-02  1.59262549e-02 -1.78556405e-02
  8.46891850e-03 -1.03091374e-02 -3.49826850e-02  9.69443750e-03
  1.36569729e-02 -1.31829539e-02 -4.34050821e-02 -2.36768294e-02
 -4.07523178e-02  6.48785755e-02 -1.17405005e-01  7.88361649e-04
 -5.75802326e-02  1.37323588e-02 -1.30743794e-02 -6.59238547e-02
 -1.42763963e-03  5.73120564e-02 -2.04767119e-02  3.24305370e-02
 -4.54533026e-02 -3.57534625e-02  1.08782891e-02 -5.29418811e-02
  2.81103961e-02 -2.01907307e-02 -3.77857089e-02  1.82828024e-01
 -4.50800322e-02 -7.72576258e-02 -6.11503385e-02 -4.18308489e-02
  8.13266039e-02 -6.33431086e-03 -3.16894799e-02  5.34845293e-02
  3.57840545e-02 -1.03486754e-01  1.16903279e-02 -1.49808580e-03
  5.37545606e-02 -2.11004671e-02 -1.29964948e-01  2.61233449e-02
  1.75210238e-02 -2.05786843e-02  6.15900196e-02  1.20999984e-01
 -1.78549290e-02  7.26246387e-02  9.49613750e-02 -3.22693284e-03
  2.66508441e-02 -3.74038815e-02  1.56830013e-01  1.10863835e-01
 -4.79063997e-03  2.59913802e-02 -2.61124372e-02 -3.09509132e-02
 -4.44424152e-03  5.41323349e-02 -5.54991625e-02 -9.92629770e-03
  2.08970327e-02 -5.33869080e-02  4.18063020e-03  8.38418826e-02
 -9.15603638e-02  7.92476069e-03  3.27251926e-02  2.19087563e-02
  3.54575971e-03 -2.25365553e-02 -5.47477789e-02 -2.94746142e-02
 -2.77636200e-02  1.52186723e-02 -4.57196832e-02 -1.21949606e-08
 -3.61908749e-02  1.15651367e-02  5.78393750e-02 -5.28053641e-02
  1.54874381e-02 -1.58047546e-02  2.13207193e-02  5.85977547e-02
  2.34289910e-03  1.44372890e-02 -1.55827273e-02 -3.08336560e-02
  2.23656581e-03  1.21096581e-01  4.68126535e-02 -3.59361842e-02
 -8.15659612e-02  2.83364896e-02 -5.32521978e-02 -9.53440070e-02
  1.04430668e-01  6.87964074e-03  5.50739057e-02  2.94280369e-02
 -4.48466130e-02 -2.13192906e-02 -8.47462658e-03 -8.34511593e-03
 -4.90376865e-03  9.82663259e-02 -1.75441820e-02  3.84282917e-02
  4.29201638e-03 -5.48796244e-02 -6.81905374e-02 -7.06811324e-02
  5.72044887e-02 -7.94273913e-02 -2.24387553e-02 -1.23914450e-01
 -4.64064777e-02 -5.17513826e-02 -3.93632017e-02 -5.19337654e-02
  8.88289511e-02 -5.12696430e-02 -1.52692832e-02 -4.85516973e-02
  1.37169985e-03 -2.01995466e-02 -1.44883143e-02  4.29720469e-02
  7.65301138e-02  6.30885661e-02 -3.68888257e-03 -7.54335709e-03
  1.90891884e-02 -7.74979964e-02 -4.48813848e-02 -9.26022790e-03
  9.56128687e-02 -4.34043854e-02  5.75330816e-02  5.37359202e-03]"
90,Biodiversity and Land Use,Environment,conservation,5,0.5224,"[-4.15738896e-02  8.33809674e-02  5.40599339e-02  1.28684668e-02
  1.18110262e-01  4.87923212e-02  1.49793597e-02 -6.08010478e-02
  1.75172035e-02  5.04675396e-02  5.22019453e-02 -2.20274460e-02
 -5.43511771e-02 -1.93233620e-02 -6.56788573e-02  9.81768221e-03
 -4.73522060e-02  4.27370146e-02 -1.41457647e-01  1.39670745e-02
 -4.44462076e-02  3.35162617e-02  1.64996292e-02  6.07119389e-02
 -6.88031018e-02  1.85241196e-02 -2.18110774e-02  4.12862338e-02
  9.57148895e-02 -7.91357756e-02  7.09377741e-03  4.17637732e-03
 -7.78437480e-02 -4.92169484e-02 -1.65860541e-02  8.59802142e-02
 -3.02670039e-02 -3.60329300e-02  2.48539578e-02  4.94048186e-03
 -1.05422296e-01 -7.24403113e-02 -2.48447079e-02 -6.52846694e-02
 -1.11955442e-02  7.95668885e-02 -4.13152911e-02 -4.32870686e-02
  1.35753099e-02 -2.84119323e-02  5.63147776e-02 -4.94424580e-03
 -7.66676739e-02 -5.81253506e-02  6.31270558e-02 -5.27469292e-02
  3.46568190e-02 -4.44109738e-02 -5.69069386e-02 -5.98453842e-02
  8.45884085e-02  1.03904512e-02 -1.06913671e-01  9.84427053e-03
  2.73150746e-02 -2.08428614e-02 -6.65432885e-02  8.60309079e-02
  8.47039148e-02  3.92313339e-02  5.73873073e-02 -1.62792541e-02
 -6.80025667e-02 -8.71677697e-03  3.21397893e-02 -3.84641215e-02
  2.96505671e-02  5.92662431e-02  5.82162887e-02 -3.45396958e-02
  1.01287097e-01 -6.00866191e-02 -5.04068322e-02 -9.04113986e-03
  1.17598446e-02  5.04067820e-03  2.03688089e-02 -6.41818671e-03
  4.75116260e-02  3.23290750e-02 -4.33875173e-02  3.06627695e-02
  1.21534176e-01 -3.20967622e-02 -8.73440355e-02 -2.75635184e-03
 -7.80531298e-03 -2.02194396e-02  2.50428803e-02  2.11945325e-01
  3.78853902e-02  1.54776722e-02 -2.72981543e-02 -2.35676356e-02
 -3.93701193e-04 -8.22465271e-02 -1.95487011e-02 -3.22493128e-02
  6.78136721e-02  8.65661576e-02 -1.34042166e-02  5.53385243e-02
 -1.13905165e-02  9.10829976e-02 -1.18136033e-03  9.08803847e-03
  2.16152333e-02 -5.67995273e-02  3.80372182e-02 -2.95801070e-02
  6.84875026e-02 -3.21900845e-02  2.92639947e-03 -1.52013954e-02
 -5.21512842e-03 -6.94298446e-02  5.05822562e-02 -5.50138923e-33
 -3.07101198e-02 -6.35758266e-02  3.69301140e-02 -1.30282040e-03
 -4.39373255e-02 -3.96705568e-02 -3.44902985e-02 -2.33831033e-02
 -3.47912274e-02 -2.95069441e-02 -1.69642866e-02  2.98300735e-03
 -3.38166766e-02  7.31740380e-04  2.02945862e-02 -9.79338214e-02
  1.70668308e-02 -1.33635039e-02  7.99519345e-02 -5.65778129e-02
 -3.57719813e-03  7.22434223e-02  4.87286225e-03  7.91091844e-02
  5.71549162e-02 -4.93996441e-02 -1.78623535e-02 -6.84531033e-02
 -8.13528597e-02  3.77568677e-02  1.12058576e-02  1.26066757e-02
 -1.15891978e-01 -1.72250569e-02  4.97667193e-02  4.23698276e-02
 -1.54586360e-02 -3.55065502e-02  8.39294586e-03 -5.22065489e-03
 -6.04186282e-02  8.73722509e-03 -9.70604736e-03 -5.37151843e-03
  8.20112377e-02 -3.42799649e-02  7.55194351e-02  2.18587313e-02
 -1.41940966e-01  9.84942634e-03  4.02400196e-02  2.14390140e-02
 -3.62935327e-02 -5.77684529e-02 -2.83124279e-02 -5.32683805e-02
 -1.51207987e-02  1.41129410e-02 -4.48964424e-02 -1.88153656e-03
  7.13774860e-02  1.45162970e-01 -1.66294549e-03  2.81546637e-02
  5.81600070e-02  1.96278300e-02  2.89442134e-04  6.07054308e-03
 -4.01926748e-02 -3.60479727e-02 -8.51763263e-02 -5.15866913e-02
 -6.44342154e-02 -4.06628139e-02 -1.48849711e-02 -5.03058024e-02
 -1.62957944e-02  4.13174257e-02  5.84204458e-02 -2.17084978e-02
 -3.31850536e-02 -1.47692095e-02 -4.27959673e-02  2.47096512e-02
 -3.14351879e-02 -1.63728539e-02  5.97636588e-02 -7.69278258e-02
  6.64959475e-02  1.27460677e-02 -3.96883525e-02  6.43057097e-03
  4.28118668e-02  3.87508720e-02  4.34175953e-02  2.95267944e-33
  1.41054420e-02  1.22453868e-02 -3.06762513e-02  2.77092382e-02
 -6.39742911e-02  4.49985918e-03 -5.77459298e-02 -1.35653373e-02
 -5.11128455e-02 -8.13530535e-02 -9.05305073e-02  4.99537252e-02
  6.26350641e-02  3.15494053e-02  6.37457669e-02 -4.80932556e-02
  2.69930754e-02 -1.42827490e-02 -9.29940864e-02 -2.63272040e-02
 -2.27337070e-02  1.42967114e-02 -3.45328152e-02 -6.03099912e-02
 -8.29007253e-02  3.12196407e-02 -8.66678581e-02 -8.43753864e-04
  1.16085112e-01 -4.82709296e-02  6.87587168e-03 -6.43334612e-02
 -3.08660287e-02 -6.75036898e-03 -6.20389469e-02  3.52036022e-02
  6.82072416e-02  1.84288640e-02 -4.36802991e-02 -4.24872292e-03
  3.16038951e-02  2.34759673e-02  6.14424646e-02  5.39451316e-02
  2.01076064e-02  6.54633716e-02  2.12528137e-03  6.60619065e-02
  1.06357094e-02  3.81279625e-02  9.54370499e-02  2.04530172e-02
 -2.22534463e-02 -6.72244430e-02  9.16773546e-03 -7.86844920e-03
  1.07695840e-01  1.21040095e-03 -1.49768842e-02 -4.48399335e-02
 -7.64329312e-03  6.87685981e-02 -4.16815989e-02  7.57401809e-02
  1.57357510e-02  3.26289199e-02  5.02383523e-03  9.18117315e-02
 -5.27965911e-02 -7.23349079e-02 -4.96467995e-03  8.65778401e-02
 -7.20253885e-02 -9.84066948e-02 -1.47106238e-02 -2.29241489e-03
 -2.31732000e-02 -1.41764134e-02  1.83424950e-02  3.64447087e-02
 -6.48813695e-02  2.40599755e-02  3.85730006e-02 -2.32900064e-02
  3.71361673e-02 -6.59749210e-02 -1.00672886e-01 -1.23846143e-01
  4.81332578e-02 -1.93909669e-04 -4.20930572e-02 -3.90461050e-02
 -7.98970908e-02 -7.06535706e-04 -5.97887672e-03 -1.16941790e-08
  1.50470529e-02  3.85605693e-02  1.34145794e-02  5.98664023e-02
  2.12338567e-02 -2.53941286e-02 -1.23726437e-02  2.62981877e-02
  4.63038199e-02  5.55165485e-02  7.80458562e-03  5.42103760e-02
  4.72207442e-02  1.03755780e-01 -4.19795997e-02 -4.02969047e-02
  6.60732985e-02 -4.41558957e-02 -4.70053330e-02 -1.24135902e-02
 -3.47116031e-02  6.70081237e-03 -9.50598216e-04  4.06898446e-02
  1.25081092e-02 -8.60759872e-04  6.66885972e-02 -6.08365424e-02
  6.92920685e-02  1.61528271e-02  3.93347666e-02  7.85899460e-02
 -2.05600820e-02  3.05681191e-02 -2.15175804e-02  2.63215508e-02
  2.39224150e-03  7.31389821e-02  4.40704711e-02 -5.76068163e-02
 -4.58472185e-02  1.05682150e-01 -3.44162360e-02  5.64638972e-02
  2.66230293e-02 -1.30999386e-02  2.13508718e-02  3.18689249e-03
 -9.88043379e-03 -9.08741169e-03 -5.85548906e-03 -9.72077250e-02
  5.77170476e-02  9.12683979e-02  4.98314872e-02 -1.63130444e-02
  3.15164030e-02  1.26436967e-02  1.03939380e-02  1.99842616e-03
  7.55646974e-02 -4.67258058e-02  4.80838306e-02  4.51966077e-02]"
91,Biodiversity and Land Use,Environment,environmental,7,0.4781,"[ 2.94234902e-02  5.93595803e-02  4.65510637e-02  4.03250083e-02
  9.25535038e-02 -4.37608361e-02  9.30055305e-02 -2.79142596e-02
 -1.56695694e-02  4.91698682e-02  1.46241812e-02 -1.21006437e-01
 -3.04237474e-02  2.63481140e-02 -5.10410545e-03  5.66044182e-04
 -7.13069737e-02 -1.85578596e-02 -6.89479485e-02  1.00896778e-02
 -7.30881914e-02  9.15194973e-02  1.85075719e-02 -1.07861124e-02
 -1.04230046e-01  7.77317882e-02 -1.16722183e-02  6.19202703e-02
  4.40182984e-02 -6.36527315e-02  4.63096276e-02  1.35795444e-01
  7.58200958e-02 -6.41590282e-02  5.18101733e-03  8.27746168e-02
  4.76177000e-02 -3.58480364e-02  3.94728780e-02  4.79152752e-03
 -6.42248020e-02 -5.28732948e-02  5.73270023e-03 -6.61196038e-02
 -5.77181280e-02 -3.58366966e-02  2.54371241e-02 -1.10082909e-01
 -1.62164196e-02 -5.05823903e-02  2.88065579e-02  1.76714119e-02
 -9.06714574e-02  5.17519133e-04  7.01938290e-04 -9.29394811e-02
  1.48020955e-02 -1.67082194e-02 -7.69444276e-03 -2.37072427e-02
  1.29866913e-01 -4.48093787e-02 -1.06099740e-01  5.26965670e-02
  1.06077030e-01  3.21223363e-02 -4.66013290e-02  1.00679733e-01
  4.32769656e-02 -8.55781808e-02  5.51436283e-02 -3.06917331e-03
 -5.08446479e-04 -6.10806197e-02  1.47830890e-02  1.89991184e-02
 -1.33283818e-02  1.00695121e-03  5.42332865e-02 -4.69316542e-02
  9.74845588e-02 -4.55856994e-02 -7.38610104e-02 -1.03121130e-02
  8.22287276e-02 -1.22798595e-03  2.66994629e-02 -1.85170900e-02
 -2.11907700e-02  4.93032858e-02 -4.16678488e-02 -4.92380261e-02
  9.53871235e-02  1.01665733e-02 -9.53693241e-02  7.97835737e-02
  1.98846236e-02 -7.00567737e-02  2.11661849e-02  1.90571442e-01
 -4.41129096e-02  1.80129707e-02 -9.12160203e-02  2.78086774e-02
 -2.22663675e-03 -6.64783344e-02 -1.42638823e-02  3.96965295e-02
  2.63188872e-02  1.02832941e-02 -7.21670091e-02 -3.38842161e-02
 -3.14766541e-02  4.17146832e-02  3.38467099e-02  1.50637059e-02
  7.41173998e-02 -6.19875714e-02  4.97951359e-02 -1.73714161e-02
 -4.86150756e-03 -9.07943211e-03 -3.00881285e-02  3.37274820e-02
  4.05693194e-03 -8.36046636e-02  6.07936783e-03 -5.46133059e-33
  3.68937552e-02 -6.70837611e-02  8.19897130e-02 -6.14337921e-02
  2.70767137e-02  6.24167882e-02 -3.54157872e-02 -2.46629119e-02
 -6.25555031e-03  3.03228237e-02  2.62551736e-02  5.26719168e-02
 -6.63965270e-02  5.44198900e-02  1.51424214e-01 -1.69193372e-02
 -1.07613273e-01  3.02188937e-02 -2.79522454e-03  2.57840939e-03
 -2.31366828e-02  3.09065972e-02 -3.88305336e-02  5.96017949e-02
  5.74983917e-02 -6.55676201e-02  6.48263842e-02 -4.32679802e-02
 -2.42338162e-02  9.78320092e-03  7.95183107e-02  3.53806205e-02
 -4.30563688e-02 -9.09336656e-03  4.24328409e-02 -1.84061099e-02
 -4.89720814e-02  5.78875653e-02 -3.62631120e-02 -4.35453393e-02
 -2.11544838e-02  1.16679142e-03  2.90663149e-02  2.98514627e-02
  4.84351553e-02 -1.15346564e-02  4.62590046e-02  1.45283109e-02
 -3.13730463e-02  2.48040687e-02 -3.81848253e-02  4.39743400e-02
 -3.34139131e-02 -2.91978735e-02  7.10950699e-03 -6.28487673e-03
  7.14248046e-02 -2.07667667e-02 -3.75941768e-02 -1.34372786e-02
  2.66693849e-02  1.77349672e-01 -4.04703915e-02 -1.09065333e-02
  9.64723155e-02 -2.10637096e-02  3.57884094e-02  2.08221413e-02
  1.89184286e-02 -1.02257086e-02 -4.16537523e-02 -2.44810022e-02
  1.49678420e-02  2.68920287e-02 -5.72762378e-02 -2.22617146e-02
 -4.49381471e-02 -6.30477024e-03 -5.67882247e-02  5.21987006e-02
 -5.18746749e-02  2.06683632e-02 -6.46070391e-02 -2.15132236e-02
 -2.18314901e-02  8.30346067e-03 -2.32080044e-03 -5.64337857e-02
  7.04839602e-02  8.00417513e-02 -1.94831546e-02  1.05452454e-02
  1.23503404e-02  8.06189026e-04 -8.49922374e-02  3.32247344e-33
 -1.85735766e-02 -2.25647986e-02 -4.15043049e-02  2.13459246e-02
 -2.93566715e-02 -5.32729775e-02 -6.15489706e-02  2.52235439e-02
  5.56211583e-02  5.93355298e-02 -9.94036123e-02  1.09323934e-01
  9.50791091e-02  4.64330539e-02  2.44705863e-02 -5.82904853e-02
 -5.44509403e-02  5.39419614e-02  4.67187812e-04 -2.82340664e-02
 -3.01829111e-02  3.58304172e-03 -2.40244046e-02  2.49637384e-02
 -6.24447279e-02  6.91333562e-02 -3.58158462e-02 -1.99585035e-02
  2.31184792e-02  2.03754120e-02 -3.67810205e-02  3.91935818e-02
 -3.18603255e-02  6.22534230e-02 -3.80355641e-02  1.37951430e-02
  1.48286228e-03 -5.35822138e-02 -2.48922370e-02  1.18764089e-02
  2.41450090e-02  3.80402547e-03  4.24854569e-02  4.07686904e-02
 -2.21768748e-02  3.47569399e-02 -6.22857995e-02  2.74870656e-02
  2.75618676e-02 -2.35495456e-02  5.66889420e-02  5.10428436e-02
 -4.61455546e-02 -3.86656709e-02  8.24475214e-02 -1.13750910e-02
  1.25306370e-02  2.43886728e-02  3.13695753e-03  1.14133731e-02
  1.18067406e-01  9.68590677e-02 -2.37297397e-02  8.32712799e-02
 -8.81650075e-02  1.56793278e-02 -1.53318569e-02  2.54108254e-02
 -7.41499737e-02 -4.78495434e-02  6.14365505e-04  1.58856902e-02
 -9.72765237e-02 -6.27395213e-02 -7.27646202e-02 -5.65639092e-03
 -4.07611169e-02  2.63616946e-02 -3.50487866e-02  1.26121175e-02
 -4.38694954e-02  1.26560610e-02 -2.79752761e-02  2.06409711e-02
 -8.20602477e-03 -5.72121702e-02 -4.79213670e-02 -6.67885095e-02
 -6.51913229e-03 -1.23094385e-02 -1.61633715e-02  1.16000120e-02
 -1.15032032e-01  6.93974122e-02 -2.27947086e-02 -1.28662272e-08
  3.06701579e-04 -3.14678922e-02  5.92299774e-02  1.93422288e-02
 -5.51463105e-03  3.05357785e-03  1.06795311e-01  3.02069914e-02
  2.86450852e-02  6.34947568e-02 -1.41160553e-02  1.62381586e-02
  4.34507988e-02  1.06191196e-01 -1.95824225e-02 -5.16445152e-02
  5.22762677e-03 -8.68638307e-02 -4.94096614e-02  3.82326473e-03
  1.86009724e-02 -2.43300740e-02 -1.30977361e-02  4.12851274e-02
 -4.11151126e-02 -5.73971123e-02  4.89011891e-02  2.53267400e-03
  5.12218811e-02  4.92720641e-02  5.69865890e-02  9.14535522e-02
 -4.55191880e-02 -2.23763175e-02 -7.83428103e-02 -8.71393904e-02
  1.15007497e-02 -2.33703554e-02 -6.29855245e-02 -4.31614779e-02
 -5.10893613e-02  5.08135511e-03 -9.50673874e-03 -1.15847383e-02
  5.10271825e-02 -6.70967847e-02  1.27111189e-02  2.78030541e-02
  2.24319287e-03  1.70373041e-02 -3.66397686e-02 -9.30932015e-02
  3.07124555e-02  3.35388035e-02  3.71334627e-02 -1.68844108e-02
 -1.33052943e-02  1.24371490e-02 -1.88337881e-02  1.88166779e-02
  8.02235529e-02  1.68495364e-02  4.61320505e-02  4.82950173e-02]"
92,Biodiversity and Land Use,Environment,environmentally,1,0.46,"[ 8.41795560e-03  1.24931827e-01  8.03253800e-02  2.45253276e-02
  7.93462992e-02 -4.17729281e-02  6.46296144e-02 -1.54521549e-02
  1.11508146e-02  3.99401635e-02  1.51944198e-02 -9.23864841e-02
 -1.52761154e-02  3.75933051e-02 -1.78697202e-02  2.73128180e-03
 -6.80848435e-02 -1.23030525e-02 -1.35031894e-01  1.16881318e-02
 -9.42542404e-02  2.83009876e-02  2.89525837e-02  1.23692630e-03
 -7.32308701e-02  8.87071714e-02  9.96910594e-03  4.91764396e-02
  2.58818921e-02 -5.29144071e-02  2.81450301e-02  9.54565406e-02
  1.68870147e-02 -3.89022045e-02 -8.39521922e-03  6.40441924e-02
  5.76490909e-02 -4.75808494e-02  1.53394612e-02 -8.94675497e-03
 -7.07191080e-02 -8.08555782e-02 -3.62953506e-02 -4.86333035e-02
 -2.02300176e-02 -4.46801037e-02  1.70848668e-02 -5.79954162e-02
 -2.02409867e-02 -6.05678745e-02  6.37867376e-02  1.05568282e-02
 -4.61683050e-02 -9.33001935e-03 -2.69282274e-02 -6.97162673e-02
  4.12109718e-02 -5.60729019e-02  1.68788526e-03 -2.53934432e-02
  9.71883088e-02 -6.91710711e-02 -1.03627771e-01  2.94331331e-02
  8.39593858e-02  4.74121571e-02 -3.88035253e-02  1.00951426e-01
  2.67835683e-03 -6.60227984e-02  2.52205022e-02  4.58763586e-03
  1.05129527e-02 -5.14106415e-02  1.65117905e-02  2.74140928e-02
  4.16390523e-02  2.40963437e-02  5.16133495e-02 -3.27018462e-02
  7.63939247e-02 -3.82773727e-02 -2.49186959e-02 -1.57122966e-02
  5.85455783e-02  1.66997090e-02 -2.73325434e-03 -3.24183218e-02
 -8.96017998e-03  4.10278253e-02 -3.39407809e-02 -5.21334633e-03
  1.15246862e-01 -7.22489646e-03 -1.21311970e-01  4.39314097e-02
 -2.64507812e-02 -4.37832586e-02  1.86634567e-02  1.97473064e-01
 -3.85049582e-02  5.96512370e-02 -1.00554243e-01 -1.98782533e-02
 -2.00453326e-02 -3.17307897e-02 -3.46327312e-02  6.50811940e-02
  2.59036329e-02 -3.18647735e-02 -9.37932879e-02 -6.96717016e-03
 -4.14293557e-02  9.98071656e-02 -7.26916594e-03  2.32054330e-02
  8.29538181e-02 -3.37798037e-02  5.70683107e-02 -1.62292048e-02
  2.57706363e-02 -2.25382205e-02  1.15194097e-02  4.11961451e-02
  5.43339970e-03 -1.22215502e-01  4.22485322e-02 -6.32743483e-33
 -1.24236690e-02 -3.43979001e-02  9.82970670e-02 -7.82631114e-02
  6.65832078e-03  6.92618191e-02 -4.27295752e-02 -5.55733172e-03
 -1.93051100e-02  1.33670345e-02  5.19310907e-02  7.58323148e-02
 -3.49604823e-02  3.72340456e-02  1.25400066e-01 -4.55183350e-02
 -1.03530437e-01 -2.01367354e-03 -1.20276865e-02 -1.60023719e-02
 -1.36747593e-02  4.39650752e-02 -1.31169073e-02  6.62781075e-02
  3.99427488e-02 -8.80176201e-02  7.71675780e-02  2.21562851e-02
  3.33470516e-02  2.22038419e-04  5.97628132e-02  4.99781705e-02
 -3.25430408e-02 -3.18328515e-02  3.30632925e-02  3.47457193e-02
 -7.91298747e-02  4.64484431e-02 -1.74496640e-02  2.62050936e-03
 -1.95549447e-02 -1.93485878e-02 -4.10454988e-04 -1.09937065e-03
  5.64147271e-02 -1.49604175e-02  6.66694641e-02  2.12246906e-02
 -4.77088653e-02 -1.20670479e-02 -4.03557755e-02  6.30877614e-02
 -7.62714148e-02 -5.24078347e-02 -6.08732738e-03 -2.99450606e-02
  7.57885948e-02 -3.12770717e-02 -4.11605798e-02 -5.60339168e-02
 -3.19557898e-02  1.58047453e-01 -4.25735787e-02 -2.55826544e-02
  7.40225539e-02 -2.16442738e-02  1.40673630e-02  5.60982898e-02
 -3.50379422e-02 -1.30118579e-02 -2.03309022e-03 -5.38170934e-02
  3.03965751e-02  2.11555492e-02 -4.65331599e-02 -3.98085006e-02
  8.93663429e-03 -1.81602896e-03 -6.24714512e-03  6.39621466e-02
 -7.04901814e-02  4.03555334e-02 -1.12110106e-02 -4.84533533e-02
  1.45275798e-02 -3.07466816e-02  1.78928096e-02 -1.84036065e-02
  6.50404096e-02  5.08161448e-02  4.40139696e-03  3.15287113e-02
  5.58487438e-02 -3.50195169e-02 -9.57863629e-02  3.10305089e-33
  1.73052289e-02 -7.27206143e-03 -5.12308739e-02  6.27800152e-02
 -2.55618431e-02 -6.23423271e-02 -6.49525821e-02  3.95487025e-02
  2.06807703e-02  3.49196233e-02 -6.76320717e-02  1.17034450e-01
  7.48484284e-02  3.18603553e-02  4.56847511e-02 -2.94998102e-03
 -1.40905343e-02  4.28062975e-02 -2.98109073e-02 -3.65253426e-02
 -8.20733979e-03 -2.17134040e-02  5.12563661e-02  8.34508613e-02
 -7.90779069e-02  4.86647226e-02 -2.30536312e-02 -2.06884518e-02
  2.39535253e-02  1.39190617e-03 -4.44948040e-02  1.68381128e-02
 -4.82213423e-02  2.75233518e-02 -1.61756370e-02  4.26372280e-03
 -3.39422971e-02 -4.59293202e-02 -3.57614201e-03  4.41634394e-02
 -6.32687146e-03 -1.83621589e-02 -1.65332016e-02  2.60096937e-02
 -4.35513295e-02  4.11483161e-02 -7.78587759e-02  4.41770107e-02
  3.49924713e-02  1.02673611e-02  4.17899564e-02  5.18142954e-02
 -6.10631555e-02 -4.11970131e-02  2.77655665e-02 -1.66404005e-02
  5.18687768e-03  4.49243002e-02 -3.48460078e-02  1.01265861e-02
  1.07797869e-01  9.83127430e-02 -3.75204167e-04  8.08056965e-02
 -9.53243673e-02 -1.47328824e-02  1.43780466e-02 -1.19348280e-02
 -2.98011191e-02 -6.49639815e-02  1.94449425e-02  1.02034975e-02
 -1.09379098e-01 -5.24507575e-02 -1.04552463e-01 -3.28081404e-03
 -1.87670011e-02 -1.67606231e-02 -8.29121843e-02 -1.05998409e-03
 -5.60257249e-02  6.44858042e-03 -2.21749097e-02  3.18032280e-02
 -4.50259307e-03 -7.61502609e-02 -5.18955700e-02 -9.86995548e-02
 -2.83977948e-02  4.46897261e-02 -2.39000302e-02 -2.54403427e-02
 -7.19771236e-02  1.30759910e-01 -1.11361220e-02 -1.37753400e-08
  1.41333202e-02 -3.55283245e-02  7.74168596e-02  2.52260547e-02
 -3.08769848e-02 -3.34784226e-03  9.63913426e-02  3.28310803e-02
  2.91971788e-02  5.49014919e-02  1.10261003e-03  4.46566567e-03
  3.67313586e-02  1.07249022e-01  1.90721161e-03 -3.98320556e-02
  3.41808833e-02 -6.56529292e-02 -4.81333546e-02  3.85969356e-02
 -3.80542837e-02 -3.52188349e-02  1.42804533e-02  8.45834464e-02
 -5.69670647e-03 -6.72160089e-03  8.13937858e-02  3.27026262e-03
  2.94867828e-02  5.43959700e-02  2.58495957e-02  6.71447515e-02
 -2.45625321e-02 -1.64845295e-03 -8.29644948e-02 -7.90010616e-02
 -1.33639127e-02  2.04432029e-02 -6.62108958e-02 -1.78385135e-02
 -3.22915986e-02  4.38490175e-02 -5.29868864e-02  1.24783963e-02
  4.08829376e-02 -1.12866662e-01 -4.53029014e-03  7.70842209e-02
 -1.41113466e-02  1.11722462e-02  1.71338227e-02 -9.25147608e-02
  9.77493078e-03  6.10512728e-03  2.88824029e-02  1.23684602e-02
  1.55405595e-03  2.91493516e-02 -2.06545778e-02  2.62596961e-02
  8.86137933e-02 -4.09259349e-02  6.79454878e-02 -7.41952145e-03]"
93,Biodiversity and Land Use,Environment,nature,2,0.4311,"[ 1.95322447e-02  5.40046245e-02  3.54663804e-02  1.03292786e-01
  5.14745079e-02  4.15694155e-03  7.71602765e-02 -5.05582541e-02
  6.93019340e-03  7.32245371e-02  2.77080033e-02 -1.08296916e-01
 -6.74063340e-02  2.41845213e-02 -1.65841985e-03  1.10809440e-02
 -3.80373076e-02 -6.84375316e-03 -1.37348277e-02  6.88260570e-02
 -2.05916371e-02  9.73797962e-02 -5.66561380e-03  3.71259666e-04
 -9.53442380e-02  3.14026512e-02 -2.28273012e-02  3.81071493e-02
  6.39092997e-02 -9.15061608e-02  3.37812826e-02  1.55767515e-01
  8.66930485e-02 -2.17275713e-02 -6.53032586e-02  8.31414536e-02
  1.18761137e-02 -2.87479069e-02  5.33744916e-02  1.34954732e-02
 -2.87084412e-02 -7.68259689e-02  4.74585220e-02 -2.45633908e-02
  1.13078337e-02  2.24280208e-02  2.95502003e-02 -8.96472558e-02
  1.92662328e-02 -2.81886198e-02 -2.75328215e-02 -4.58369255e-02
 -1.11081801e-01  1.72486305e-02  2.58180965e-03 -1.99250355e-02
 -3.62575939e-03 -9.84847732e-03  2.50743814e-02 -5.70918433e-02
  1.44582495e-01 -3.75325675e-03 -7.19145909e-02  4.06802334e-02
  1.51375115e-01  1.21989439e-03 -3.90510522e-02  6.89371899e-02
  4.24973108e-02 -1.21776596e-01  8.11329633e-02  6.90687634e-03
 -6.65068533e-03  4.59560342e-02  3.44611332e-02  8.52653384e-03
 -3.72964889e-02 -2.28494834e-02  2.30837222e-02 -1.26663353e-02
 -1.44679332e-03 -2.27597076e-02 -2.57654786e-02  3.07590663e-02
  6.90797493e-02  2.58800760e-02  5.89509644e-02  1.65054947e-02
 -1.08654406e-02  5.73144555e-02 -8.97143856e-02 -1.52242370e-02
 -3.21496720e-03  1.88783985e-02 -9.70809162e-02  5.72322048e-02
 -1.38942245e-02 -1.20870188e-01  3.14925914e-04  1.96088284e-01
  2.38727536e-02  3.19620110e-02 -1.20691903e-01  1.07043169e-01
  5.86621091e-02 -7.28635564e-02 -6.97803572e-02 -4.03711908e-02
  4.16654572e-02  7.24530220e-02 -1.99162848e-02 -1.25681302e-02
 -6.63656145e-02  1.55159896e-02 -2.24989001e-02 -1.34860566e-02
 -1.10495910e-02 -3.85246094e-04 -8.30346625e-03 -3.71510796e-02
  1.88859589e-02  1.16092376e-02 -2.25391779e-02  1.65233314e-02
 -4.60636290e-03 -1.12001695e-01 -6.56847749e-03 -6.25304000e-33
  6.85849860e-02 -9.29235443e-02  8.43880549e-02 -2.01088022e-02
  1.53457895e-02  2.13336665e-03 -4.49831188e-02 -6.80439845e-02
 -1.36974566e-02  2.46551242e-02 -7.36308768e-02  3.81589718e-02
 -1.66065395e-02  1.37009388e-02  4.76200916e-02 -2.74083856e-02
 -1.99051760e-02 -6.35598972e-02  1.47917848e-02  1.51161402e-02
 -8.05955753e-02  3.34213823e-02 -3.10991388e-02 -4.13542613e-02
  1.33269839e-02 -1.80987939e-02  1.32937292e-02 -6.92930222e-02
 -1.77216921e-02  3.84843908e-03  8.60606879e-02 -9.23524518e-03
 -5.42646535e-02  1.57426689e-02  3.88456434e-02 -3.87301743e-02
 -2.87173185e-02  1.66495447e-03 -1.15094706e-02 -2.76822485e-02
 -6.10769307e-03  2.72626430e-02  2.32936093e-03 -3.32112424e-02
  6.54520765e-02  1.37796821e-02  9.26765054e-02  3.50619741e-02
 -1.62820786e-01 -5.13024686e-04 -7.10971877e-02  2.33536661e-02
  3.58586013e-02 -2.47946680e-02  1.67659018e-02  1.25393588e-02
  2.46889722e-02  1.16031365e-02 -9.97127071e-02  1.87277440e-02
  7.73996338e-02  6.18610084e-02  2.15009823e-02 -4.60424088e-02
  9.45450738e-02 -4.69440743e-02  1.17650740e-02 -1.41725214e-02
 -1.87982321e-02  5.73491538e-03 -5.13920262e-02  7.87934195e-03
 -1.56528614e-02 -2.88361274e-02  7.68772839e-03 -2.59103607e-02
  7.47663006e-02 -2.97463536e-02 -4.07513324e-03  3.11920736e-02
 -5.28566763e-02  1.14582069e-02 -1.71769727e-02  8.10360361e-04
 -8.50050151e-02  2.24533025e-02  6.34778710e-03 -9.95292738e-02
  2.79643163e-02  6.86646476e-02 -1.23184159e-01 -1.09749446e-02
  6.06774613e-02 -1.60638075e-02 -1.99085660e-02  3.80480742e-33
 -4.51748036e-02 -6.76620901e-02 -5.36075654e-03  7.82252774e-02
  1.41545339e-02 -2.50292011e-02 -1.00925341e-01  1.87622588e-02
 -2.22574286e-02  7.99206644e-02 -4.00230065e-02  5.04392944e-02
  1.05453752e-01 -1.89649332e-02  1.88117661e-02 -2.32595522e-02
 -1.07834358e-02  6.41174242e-02  5.34587987e-02 -1.33663360e-02
 -3.08281779e-02  4.16881032e-02 -2.45258585e-02 -9.11782980e-02
 -4.78813127e-02  7.60115534e-02  2.57019252e-02 -2.25258525e-02
 -5.44223972e-02  5.03699854e-02 -3.60142887e-02  1.90576650e-02
 -4.99553867e-02  2.42441967e-02 -1.12685496e-02  1.13596931e-01
  5.66125549e-02 -5.82043156e-02 -3.92561071e-02 -9.89883859e-03
  1.69523968e-03  7.42454380e-02  7.61239827e-02  4.71971370e-02
  7.48545537e-03 -1.85857620e-02  8.49944800e-02  8.88111442e-02
 -3.15755866e-02  3.26192193e-02  4.68399562e-02  8.85413587e-03
 -6.74516428e-03 -7.88378343e-02  3.53338197e-02 -6.04275316e-02
 -1.07278181e-02  3.32605951e-02  1.95605271e-02  4.63677431e-03
  4.98323236e-03  5.80818914e-02 -8.38018507e-02  6.47885427e-02
 -7.97161832e-02  4.49819788e-02 -2.90744808e-02  6.27446696e-02
 -5.64580336e-02 -5.37203103e-02 -4.66627022e-03 -1.43791204e-02
 -4.17523347e-02 -8.64289626e-02  1.86806510e-03  2.97626704e-02
 -9.56003368e-03 -3.17651890e-02 -3.37088294e-02  2.02660891e-03
 -3.94056505e-03  1.72725935e-02  1.82390232e-02  2.50793528e-02
  2.56991815e-02 -1.21747022e-02 -6.35988489e-02 -2.37893630e-02
  4.30712141e-02  1.96315325e-03 -5.53141534e-02 -3.76753276e-03
 -7.45591223e-02  1.56430565e-02 -5.69379963e-02 -1.39159315e-08
  3.22754644e-02 -3.35065722e-02 -1.32044191e-02 -3.01855840e-02
  7.72312805e-02  6.93236589e-02  6.08950891e-02  4.15926129e-02
 -2.77095269e-02  6.66965991e-02 -6.76518977e-02  5.53057678e-02
  5.45632727e-02  1.04007356e-01  6.73467666e-02 -4.70798165e-02
  1.40218977e-02 -9.28617269e-02 -8.42246786e-02  2.26420201e-02
  3.61030251e-02  1.39568206e-02 -9.27592721e-03  1.50610879e-02
 -3.30363698e-02 -6.74978942e-02 -2.61203907e-02 -6.02194667e-02
  1.38710532e-02  3.29722129e-02  6.11683652e-02  8.15450773e-02
 -4.83784303e-02  3.37760895e-02 -4.70083766e-02 -1.50831658e-02
  3.41536999e-02 -2.18288717e-03 -2.02166401e-02 -6.89226314e-02
  5.87317487e-03  7.13782236e-02  4.27433066e-02  2.91876458e-02
 -5.77460043e-02 -1.81695279e-02  3.13941017e-02 -1.74156632e-02
 -1.73202320e-03  2.73020435e-02 -2.28572227e-02 -6.68086484e-02
  3.18170451e-02 -5.27337333e-03  2.81597488e-02  1.00607716e-03
 -1.92955900e-02 -1.94843225e-02 -4.40279543e-02  4.87964265e-02
  4.15065549e-02 -4.45039012e-02  1.59825925e-02 -8.74069054e-03]"
94,Biodiversity and Land Use,Environment,sustainability,6,0.4233,"[ 4.10689507e-03  1.18057869e-01  6.51803939e-03  2.01633498e-02
  6.49562180e-02  1.96664799e-02 -1.85424853e-02 -4.37019281e-02
 -1.89063288e-02 -1.94131453e-02  1.53809488e-02 -6.06852099e-02
 -1.38276825e-02  3.28618800e-04 -6.36824667e-02  2.99334037e-03
 -1.04614154e-01  2.85492968e-02 -3.15095522e-02 -4.46097665e-02
 -4.81216013e-02 -6.52997335e-03  1.40605820e-02  2.21560858e-02
 -8.52372646e-02  1.11566447e-01 -4.57940809e-02 -2.10122038e-02
  4.49358523e-02 -1.23077948e-02  5.49973845e-02  3.48152332e-02
  3.21664698e-02 -2.58470494e-02  2.86358260e-02  1.19534075e-01
  5.20595536e-02 -2.03274265e-02  2.81015281e-02 -2.32810434e-02
 -6.83358535e-02 -7.98003227e-02 -4.64179367e-02 -1.00554347e-01
 -7.92264845e-03 -1.70614310e-02  2.38624699e-02 -6.67935014e-02
 -1.94664653e-02 -6.41482174e-02  5.69883808e-02  4.96568438e-03
 -4.35719267e-02 -3.31956074e-02  2.76494138e-02 -5.71230128e-02
  3.60825062e-02 -4.36470918e-02 -2.71218270e-02 -1.86118484e-02
  9.56522152e-02 -5.97844645e-02 -8.24462697e-02  5.98447919e-02
  1.10988669e-01  7.28443936e-02 -4.51058634e-02  8.06766748e-02
 -4.17143255e-02  7.66098092e-04  2.54031504e-04 -4.89965454e-02
 -1.68374404e-02 -5.68989106e-02  4.61863130e-02 -2.02786867e-02
  8.67558178e-04  2.07630154e-02  7.54866377e-02  5.18056750e-02
  1.27711102e-01  8.13136250e-03 -5.79651557e-02  7.83111807e-03
  3.19172740e-02  6.83634123e-03  2.01919791e-03 -2.10548956e-02
  6.34308755e-02  1.18735246e-03 -7.18195587e-02 -8.37190729e-03
  1.05033174e-01  2.79798973e-02 -9.91501734e-02  2.13863533e-02
 -6.40910119e-02 -5.91606274e-02  2.31871270e-02  1.83625534e-01
  2.49900687e-02  4.18050513e-02 -3.45870480e-02 -3.95139167e-03
 -2.92633194e-02 -4.18800972e-02 -1.71870794e-02  3.42051722e-02
 -1.35479672e-02  2.66578258e-03 -3.91931571e-02 -2.45667831e-03
 -7.11034834e-02  7.49404877e-02  9.91136394e-03 -3.60299572e-02
  6.80260435e-02 -3.77253108e-02  9.10507813e-02 -3.24005559e-02
  3.60881872e-02  7.83036370e-03  3.09122149e-02 -3.12274341e-02
  1.36454022e-02 -4.14511263e-02  3.10804024e-02 -5.98822610e-33
 -4.20500524e-02 -1.78565402e-02  8.01837370e-02 -8.57156664e-02
 -1.33083006e-02  5.31694852e-02 -7.89119601e-02  3.44478600e-02
 -8.46165046e-03  2.05724277e-02  8.70055184e-02  2.44436786e-02
 -7.10748648e-03 -1.89742970e-03  1.38179630e-01 -9.92585793e-02
 -5.09803519e-02  4.41081151e-02  4.71809506e-02 -3.58645283e-02
 -1.36118464e-03  2.77733579e-02  3.82069685e-02  3.04933991e-02
  8.42381641e-02 -4.07830551e-02  3.70854661e-02  8.79490562e-03
 -2.12327819e-02  1.41759776e-02  3.11466996e-02  7.02301115e-02
 -7.29705319e-02 -6.94170818e-02  2.55425628e-02 -1.99947655e-02
 -9.79593322e-02  4.79331054e-02 -1.63562633e-02 -1.23301568e-02
 -5.16318791e-02 -5.06974123e-02  4.21300977e-02  5.05314767e-03
  4.15054448e-02  6.74985647e-02  9.22009274e-02  5.00938557e-02
 -2.88826711e-02  2.07776297e-02 -4.79130074e-02  4.39208932e-02
 -8.31002668e-02 -6.24812357e-02  1.73073858e-02 -1.01528555e-01
  1.83164570e-02 -3.51613900e-03 -6.25279173e-02 -1.44605532e-01
 -1.36677362e-02  2.85939407e-02 -8.93416107e-02 -1.55326920e-02
  1.05306983e-01  2.87281573e-02 -1.57866739e-02  6.30112216e-02
 -2.49732174e-02 -8.28966498e-03 -2.13319547e-02 -6.17742389e-02
  1.65235307e-02  6.55286899e-03 -2.29617842e-02  2.05614772e-02
 -4.35336754e-02  4.40217033e-02 -8.03454667e-02  7.44381398e-02
 -1.41673014e-01  7.06722066e-02 -4.18889932e-02 -7.51749799e-02
  1.03186227e-01  1.93275735e-02  4.31355387e-02  1.08621372e-02
  9.54525545e-02  3.83123048e-02 -3.55879515e-02  1.21105807e-02
  2.25081947e-02  3.22218500e-02 -7.48636425e-02  2.79944384e-33
  3.25182788e-02  2.34985016e-02 -4.78637964e-02  3.06359679e-02
 -6.10395242e-03 -8.10623467e-02 -9.82098579e-02 -2.94141676e-02
 -2.68473173e-03  2.71393508e-02 -6.33887947e-02  5.89787625e-02
  3.10018323e-02  6.72343895e-02 -3.28807160e-02  1.36332577e-02
 -3.73079367e-02 -2.97917593e-02 -8.66425633e-02  5.85598731e-03
 -2.99682515e-03  3.79549339e-02 -4.76750098e-02  5.01095653e-02
 -7.48546496e-02  6.92744404e-02  5.10856928e-03 -5.68971317e-03
  7.57188275e-02 -2.12913658e-02  4.27858764e-03 -2.84907781e-02
 -1.84576549e-02  1.42566133e-02 -3.53323705e-02  2.09281370e-02
 -3.94660793e-02 -3.51648666e-02  4.30891030e-02  6.67249784e-02
  4.99502644e-02 -2.14167349e-02 -6.37839139e-02  4.89172563e-02
  4.69128927e-03 -4.99444548e-03 -5.04739396e-02  8.53523891e-03
  3.34124304e-02 -4.96575749e-03  6.77503645e-02  5.44972010e-02
 -3.90525758e-02 -8.24177787e-02  3.97184007e-02  1.32149225e-02
  1.86213050e-02  2.54194140e-02 -6.60167411e-02 -9.51215625e-03
  1.43197849e-02  8.64928067e-02  2.12305300e-02  8.93448740e-02
 -2.26828121e-02  2.66648084e-02  2.99995728e-02 -1.08755883e-02
 -3.19220945e-02 -6.02898747e-02  1.65625028e-02  1.80757716e-02
 -1.45757645e-01 -4.21574414e-02 -4.54589203e-02  4.21647578e-02
 -3.56710106e-02  6.78186130e-04 -4.44627292e-02 -1.77351385e-02
 -5.96962683e-02 -2.24278811e-02 -3.22564912e-04  7.75204645e-03
 -1.73715688e-02 -2.26540715e-02 -3.13948318e-02 -7.20482990e-02
  1.71975996e-02  8.21701735e-02 -8.66613258e-03  1.56573858e-02
 -1.15967043e-01  9.11872014e-02  3.16167958e-02 -1.32017126e-08
  2.07300205e-02  1.22500118e-02 -3.06454371e-03  3.00273811e-03
 -3.45179737e-02  3.64696980e-03  7.94852003e-02 -4.69883867e-02
  5.96033363e-03  9.00167450e-02 -1.75083764e-02  3.34479809e-02
  2.58500688e-02  1.12780787e-01 -4.40019518e-02  1.01531390e-02
 -3.32500935e-02 -1.32103032e-02 -5.13426773e-02 -2.24831383e-04
  1.91717164e-03 -4.27011028e-02 -1.05918478e-02  3.16308923e-02
 -2.03408804e-02 -3.21624614e-02  2.82074530e-02  3.31844166e-02
  3.55366841e-02  4.60452512e-02  6.49938807e-02  5.83545789e-02
 -2.71341410e-02 -4.11916077e-02 -6.86965138e-02 -8.03319514e-02
  1.82563607e-02 -4.64409031e-03  3.45770679e-02 -3.82146686e-02
 -1.18916817e-02  5.36681898e-02 -5.57984747e-02  6.41106293e-02
 -3.50771062e-02 -3.54594998e-02 -1.59875322e-02  7.17699677e-02
 -3.90187204e-02  3.44157666e-02 -1.69636570e-02 -5.74314147e-02
 -4.18853760e-03  6.09898493e-02  1.32456943e-02 -5.35725728e-02
  4.08484973e-02  1.07771652e-02 -3.16101499e-02  2.92236749e-02
  1.02763079e-01 -6.16308041e-02  9.00010392e-02  2.76221950e-02]"
95,Biodiversity and Land Use,Environment,pollution,1,0.4107,"[-7.90520478e-03  5.44987097e-02  8.17528814e-02  1.91137437e-02
  1.00608595e-01  2.74925716e-02  1.43466786e-01 -2.74727121e-02
 -4.51329909e-02  4.21834812e-02  2.08130963e-02 -6.38899207e-02
 -2.43091397e-02  1.55049155e-03 -6.62720874e-02  8.76421016e-03
 -9.64731723e-03 -1.94084942e-02 -1.14794031e-01 -2.51973756e-02
 -1.29508702e-02  7.27783889e-02 -2.92377602e-02  4.10004548e-04
 -7.27999732e-02  7.35225305e-02 -3.55388187e-02 -2.51354817e-02
  3.98595631e-02 -7.19994232e-02  2.10516993e-02  1.04605816e-01
 -2.94946171e-02 -8.10663402e-02 -5.11522219e-02 -3.88816325e-03
  2.15115454e-02 -1.99262258e-02  1.28573654e-02 -6.91313669e-03
 -4.94945645e-02 -6.41008019e-02 -1.41691035e-02 -4.12137620e-02
 -6.75623417e-02 -1.89119279e-02  2.49290541e-02 -2.96633970e-02
  5.81166781e-02 -5.70107438e-02  3.54425646e-02  4.52658683e-02
 -7.68482462e-02 -3.46176103e-02  5.20046540e-02 -1.45308942e-01
 -7.31486082e-03 -3.18758413e-02 -1.48805240e-02 -4.09104861e-02
  2.59431247e-02 -6.41232356e-02 -4.46734317e-02  3.34370509e-02
  1.56137630e-01 -2.63866666e-03 -5.83651736e-02  1.07617222e-01
 -2.22573895e-02  1.70570128e-02  1.50221456e-02 -1.57974027e-02
 -4.11944278e-02 -8.84392038e-02  1.77244674e-02  1.17093325e-02
  1.22193042e-02 -7.06873136e-03  9.29541364e-02 -5.21070994e-02
  6.55326098e-02 -6.32334426e-02 -3.23255882e-02  1.79647673e-02
  7.15413764e-02  4.24959790e-03 -1.42274220e-02 -2.78596543e-02
 -3.75967771e-02  2.33813701e-03 -1.24364882e-03 -3.91537473e-02
  5.83998263e-02  2.82205883e-02 -7.66967908e-02  8.94793198e-02
  3.85941379e-02 -2.52992325e-02  4.70869280e-02  1.91226050e-01
 -2.07717381e-02  5.25664911e-02 -1.13676034e-01 -1.84558779e-02
 -6.80296635e-03 -3.46649401e-02 -3.63231041e-02 -5.23698097e-03
  2.21606903e-02  5.44490867e-05 -7.82308728e-02 -2.26146076e-02
  5.27908979e-03  1.62495840e-02  1.09869260e-02  1.48561383e-02
  1.39500573e-01 -8.15436170e-02 -7.38389567e-02 -4.67392132e-02
 -4.70905453e-02 -4.18295115e-02 -9.81084630e-02  7.31741562e-02
  2.53133681e-02 -6.59879074e-02 -5.70368208e-03 -5.57211579e-33
 -3.60236689e-02 -6.71105757e-02  9.03287828e-02  5.66231161e-02
 -5.28004356e-02  2.11957246e-02 -2.58772988e-02 -4.26854156e-02
  3.96507941e-02  7.59685552e-03 -1.54841994e-03 -1.45151373e-02
 -7.28385746e-02  3.75293009e-02  1.26638800e-01 -3.17501239e-02
 -3.39503102e-02 -3.49705890e-02  9.78368986e-03 -4.00683284e-02
 -3.40170600e-02 -2.81585641e-02 -5.22384532e-02  5.43373339e-02
  1.08368751e-02 -3.01967841e-02  5.09902872e-02 -1.04514612e-02
 -2.45615784e-02  2.52273250e-02  8.61447304e-02  8.48177895e-02
 -7.37610459e-02  1.29686603e-02 -1.92455314e-02 -3.63864824e-02
 -6.10596016e-02  4.24708948e-02 -2.62787882e-02 -1.73041392e-02
 -5.39123714e-02  1.91688421e-03 -5.79800382e-02  7.73337530e-03
  3.71160693e-02 -7.99147761e-04  1.79838482e-02 -1.22398604e-02
  1.06034549e-02 -4.22015451e-02 -4.70663607e-02  5.56428991e-02
 -4.98145185e-02 -2.68402640e-02  2.54878458e-02  4.94229607e-03
  6.56441301e-02 -8.80440027e-02 -9.32242349e-03  1.58920009e-02
 -1.41578633e-03  1.31097779e-01 -4.87660691e-02  4.58903201e-02
  1.04400262e-01  2.66095363e-02  6.36588410e-02  1.49942534e-02
  3.14726867e-02 -2.99647301e-02  2.02217028e-02 -4.14808057e-02
  1.45270927e-02  3.96846645e-02 -2.30471361e-02  1.57809164e-02
 -6.88521471e-03  1.40332791e-03 -3.62952128e-02  5.49958795e-02
 -4.21332978e-02 -1.17086880e-02 -2.19793674e-02 -6.20414354e-02
  2.21736962e-03 -3.71964229e-03 -2.47612670e-02 -9.67628509e-03
  7.42080202e-03  4.34576981e-02 -5.77940606e-03  6.66313525e-03
  2.72328872e-02 -3.49727124e-02 -6.56142682e-02  3.14645895e-33
  1.09393178e-02  3.25170048e-02 -1.97192188e-02  2.19352599e-02
 -3.76558106e-04 -4.86286953e-02 -7.35993497e-03  1.07036931e-02
  9.57945809e-02  1.29217371e-01 -6.19237497e-02  7.31460750e-02
  9.45756063e-02 -1.32908886e-02  3.67135368e-02 -3.41237038e-02
  9.18354932e-03  5.75912558e-02 -3.96092981e-02 -3.92990373e-02
 -5.12662940e-02 -4.70869280e-02  3.72802466e-02  1.69790499e-02
 -8.49820152e-02  5.46466783e-02 -9.21960995e-02 -2.96493713e-02
  7.06898421e-02 -3.55169736e-02 -1.65183265e-02  1.05418883e-01
 -4.22301404e-02  3.52311209e-02 -2.26922184e-02  3.76085006e-02
  3.27187628e-02  2.99328961e-03 -2.48505846e-02 -1.59115940e-02
 -9.29333456e-03 -4.73296419e-02  7.33585954e-02  6.56151846e-02
  1.63130481e-02 -6.94937306e-03 -4.85979691e-02  2.25522351e-02
  3.36373597e-02 -4.54320423e-02  1.08033799e-01  8.56010169e-02
 -4.45125811e-02  3.59510258e-02  6.98662400e-02  6.30282834e-02
  5.38665652e-02 -1.07228905e-02  1.67914275e-02  8.95270612e-03
  6.50654137e-02  6.89960793e-02 -8.05894509e-02  5.44816591e-02
 -1.05012089e-01  2.05840543e-02  2.62759044e-03  1.74792446e-02
  6.63980544e-02 -3.94092947e-02 -1.07516637e-02 -7.82206189e-03
 -6.57114238e-02 -3.52348685e-02 -1.08443439e-01 -2.21536998e-02
 -3.32501978e-02  8.97195712e-02  3.07587162e-02 -1.86818885e-03
 -2.12043449e-02  3.45546715e-02  7.55087938e-03  1.87940337e-02
  4.45252545e-02 -1.17251545e-01 -1.68662723e-02 -9.46245492e-02
  1.99276973e-02 -4.72733900e-02 -5.78265786e-02 -3.20362207e-03
 -1.27147853e-01  1.31719457e-02 -3.04598324e-02 -1.19493517e-08
  4.67641931e-03 -4.47406210e-02  5.23157939e-02 -2.85782269e-03
 -2.91659180e-02 -2.37885844e-02  6.64871931e-02  1.30100593e-01
  1.68028828e-02  7.11469427e-02  3.99089325e-03  4.46091481e-02
  5.95045313e-02  3.20710614e-02  1.75685100e-02 -2.72005349e-02
 -1.05131306e-02 -4.74207513e-02 -3.78597826e-02 -8.81875120e-03
  5.54702692e-02  1.71813574e-02 -4.27608239e-03  2.17462163e-02
 -1.11070145e-02 -1.53221618e-02  7.15392083e-02  1.32696573e-02
  3.84311415e-02  1.39276125e-02  2.27134153e-02  4.70850877e-02
 -7.09303319e-02 -2.36489903e-02 -6.00164123e-02 -7.24491924e-02
  3.65170352e-02 -6.15592673e-02 -2.59951837e-02 -4.16978374e-02
 -1.21531989e-02  5.99943362e-02 -2.31904238e-02  9.03758593e-03
  6.91594258e-02 -5.60587309e-02  7.75049161e-03  3.56948599e-02
 -5.59185259e-03  5.07639954e-03 -7.35345390e-03 -3.69453691e-02
  5.47187850e-02  1.83569323e-02  3.64365499e-03 -1.15846535e-02
 -1.05402190e-02  4.03815433e-02 -2.62166467e-02 -1.39888376e-02
  1.28721461e-01  5.93896247e-02  3.06126941e-02  5.73256984e-02]"
96,Biodiversity and Land Use,Environment,sustainable,11,0.4087,"[ 9.22848657e-03  1.04225494e-01 -5.20337233e-03  5.47348708e-02
  6.56212270e-02  3.49341072e-02 -3.36268134e-02 -3.76468860e-02
 -3.96983027e-02  2.51432937e-02  1.69527251e-02 -6.44890815e-02
  3.16630933e-03 -1.16359778e-02 -6.44629896e-02  2.11503748e-02
 -7.73705691e-02 -1.85290948e-02 -5.18384688e-02 -3.76979560e-02
 -3.17952447e-02  2.19671428e-02  3.85503657e-02  2.70640347e-02
 -7.63282478e-02  1.03875540e-01 -2.92969681e-02 -1.91211142e-02
  4.23213653e-02  4.95439582e-03  4.85607237e-02  5.02502844e-02
  1.30012818e-02 -2.60172114e-02  2.93463916e-02  9.57414955e-02
  3.52528132e-02 -4.42201793e-02  1.43693034e-02 -2.51109973e-02
 -7.70237297e-02 -9.52913687e-02 -4.47366871e-02 -9.41595659e-02
 -2.59539764e-03 -1.26119899e-02  8.20878614e-03 -6.19556792e-02
 -2.95565594e-02 -4.27200533e-02  3.41579765e-02 -5.02084091e-04
 -3.00382003e-02 -1.89252812e-02  4.37179767e-02 -6.11736402e-02
  2.79853903e-02 -6.42527863e-02 -2.07235217e-02 -2.18733978e-02
  8.45526680e-02 -2.10564993e-02 -9.17030424e-02  2.87472475e-02
  1.00640893e-01  7.32735246e-02 -4.29532006e-02  9.35131684e-02
 -1.01452162e-02  1.78359766e-02 -2.33976170e-03 -1.58628561e-02
 -5.75798517e-03 -5.97963035e-02  4.22031507e-02 -1.17575238e-02
  3.97013128e-03  3.91095085e-03  7.51854256e-02  6.64167330e-02
  1.13268524e-01 -1.07284132e-02 -3.77447084e-02 -2.31292900e-02
  3.36776040e-02 -1.38704013e-03  1.88854020e-02 -2.25956254e-02
  6.18289635e-02  5.19074406e-03 -9.07039046e-02  4.43285704e-02
  6.67704120e-02  1.78690795e-02 -1.05950765e-01  3.86274932e-03
 -4.39076610e-02 -3.57128233e-02 -1.21811302e-02  1.94087461e-01
 -1.41280005e-03  5.02700917e-02 -2.97651440e-02 -2.10272409e-02
 -4.83780243e-02 -3.86787355e-02 -9.07786936e-03  6.36170655e-02
 -1.49172023e-02 -4.08357009e-03 -4.60484587e-02 -9.78361070e-03
 -5.33926673e-02  1.02120578e-01  3.39171961e-02 -1.53101832e-02
  7.39554167e-02 -5.02446443e-02  6.67683780e-02 -1.66818388e-02
  4.17237878e-02  1.31767010e-02  3.22599858e-02  9.48042329e-03
  6.20074454e-04 -2.80210432e-02  3.61135341e-02 -5.52840393e-33
 -1.48394601e-02 -3.34775522e-02  9.89520699e-02 -6.85551912e-02
 -2.94705592e-02  4.71741818e-02 -9.15629566e-02  1.37880892e-02
 -1.79847945e-02  5.16757928e-03  7.73872808e-02  2.91417111e-02
 -2.75963433e-02  1.77336913e-02  1.29787073e-01 -1.06546946e-01
 -4.13528904e-02  4.55355272e-02  2.12636534e-02 -2.50718109e-02
 -4.47093602e-03  6.01316430e-02  8.44855886e-03  3.08014601e-02
  9.07533020e-02 -3.71237732e-02  4.63145263e-02  9.65213217e-03
 -3.71443592e-02  1.91891808e-02  5.05467225e-03  5.53693138e-02
 -1.00778893e-01 -6.49165809e-02  1.78201981e-02 -2.91374754e-02
 -1.17507905e-01  7.11434931e-02 -3.52123342e-02  1.40156411e-03
 -4.16946560e-02 -2.99997497e-02  6.44450560e-02 -7.87003338e-03
  4.77563292e-02  4.65479232e-02  4.81169149e-02  5.75945191e-02
 -9.17959288e-02  1.41532915e-02 -3.60856541e-02  3.18858027e-02
 -1.17478035e-01 -5.55104725e-02 -1.34805748e-02 -9.49740931e-02
  1.08085293e-02  1.17899748e-02 -6.47198111e-02 -1.11516349e-01
 -4.49610082e-03  4.77622002e-02 -1.05567649e-01 -2.63494789e-03
  6.43549860e-02  1.48124760e-02 -8.25338997e-03  5.63167743e-02
 -1.48336114e-02 -1.08926147e-02  1.56978834e-02 -4.64977697e-02
  5.14241047e-02 -1.26619134e-02 -2.74164844e-02 -3.29976268e-02
 -2.37195287e-02  3.76674533e-02 -6.72404841e-02  8.07582885e-02
 -8.06140229e-02  8.10746402e-02 -3.86328474e-02 -7.41092637e-02
  1.20861135e-01  2.08178000e-03  2.19565239e-02 -6.61599543e-03
  8.28580037e-02  3.42445485e-02 -3.27432901e-02  2.21828036e-02
  4.93733808e-02 -1.77856088e-02 -7.77353570e-02  2.92105038e-33
  6.09750375e-02  3.88426259e-02 -6.63989782e-02  2.79159583e-02
 -5.53466603e-02 -6.01773188e-02 -1.09983422e-01  3.36026750e-03
 -9.33929550e-05  3.32125067e-03 -8.83268472e-03  5.21280505e-02
  5.92173524e-02  4.77920659e-02  1.07878400e-03 -9.70176980e-03
 -3.10023893e-02 -1.45024024e-02 -6.69280440e-02 -1.78756732e-02
 -3.16871330e-02  1.60111077e-02 -3.63075957e-02  4.25581224e-02
 -5.90747818e-02  5.28500564e-02 -5.77046629e-03  4.52349521e-02
  6.16407804e-02 -2.10503265e-02  1.42845968e-02 -3.18131484e-02
 -5.13933450e-02  7.18569942e-03 -2.67034210e-02  1.98693238e-02
 -2.73500197e-02 -4.33276743e-02  6.31152540e-02  5.41477688e-02
  5.77913448e-02 -6.60759211e-03 -1.04236215e-01  4.86186258e-02
  3.26525830e-02 -4.29465016e-03 -6.47674352e-02 -4.81524214e-04
  4.36642915e-02  2.74656573e-04  8.64008963e-02  4.58669178e-02
 -7.32465982e-02 -9.47188735e-02  1.20803146e-02 -5.71760722e-03
  1.09920511e-02  4.61515002e-02 -5.11154272e-02 -6.00319952e-02
  3.62726972e-02  5.81586920e-02  3.99780460e-02  1.01935655e-01
 -1.90357901e-02  1.56874415e-02  5.85634150e-02 -5.15712984e-03
  2.64164736e-03 -5.89668043e-02  2.02981811e-02  1.42573789e-02
 -1.51132405e-01 -2.72336490e-02 -3.34407575e-02  2.20838301e-02
 -2.90264077e-02 -3.90031259e-03 -3.15845162e-02 -1.64761264e-02
 -6.92284405e-02 -3.84390578e-02  1.87562115e-03 -2.44203433e-02
  6.09043380e-03 -6.55906275e-02 -5.36674410e-02 -7.88323507e-02
  4.57958458e-03  7.60348365e-02  9.78236739e-03 -1.57828536e-02
 -1.55801430e-01  9.45107788e-02  3.00860088e-02 -1.25546196e-08
  6.05057143e-02  2.95662526e-02 -1.74850374e-02  2.85795908e-02
 -1.44425500e-02 -2.65439674e-02  8.05598199e-02 -3.44175622e-02
  5.89632951e-02  1.07937708e-01  8.94644111e-03  1.78459845e-02
  2.18603462e-02  8.73749629e-02 -3.82472500e-02 -2.86708283e-03
 -6.67365361e-03 -1.20435245e-02 -6.73184097e-02 -2.14520749e-03
  1.76874567e-02 -3.53974216e-02 -3.22567560e-02  6.17222786e-02
 -3.87332439e-02 -3.67024839e-02  5.47896028e-02 -1.33393304e-02
  1.81088559e-02  3.96246165e-02  7.25238547e-02  5.66703342e-02
 -4.37665507e-02 -3.11234202e-02 -6.73405379e-02 -8.23970884e-02
  4.70331125e-02  3.90243419e-02  8.42126831e-03 -3.68036330e-03
 -2.35822760e-02  4.37031053e-02 -6.66967556e-02  5.79174720e-02
  1.87370982e-02 -4.97251078e-02  1.47886956e-02  5.74118495e-02
 -3.46751027e-02  4.61712368e-02 -5.07141091e-03 -1.56043917e-02
  2.25546844e-02  3.85336988e-02 -1.84016619e-02 -2.51526870e-02
  3.09344139e-02  4.52180319e-02 -6.07753582e-02  1.50869302e-02
  1.12989694e-01 -5.29464781e-02  4.81697209e-02  5.69882914e-02]"
97,Biodiversity and Land Use,Environment,environment,12,0.4041,"[ 2.33644731e-02  2.18580198e-02  4.84402329e-02  2.53892560e-02
  9.61136594e-02 -5.16454242e-02  6.97700456e-02 -1.41005013e-02
 -3.41628045e-02  1.94270946e-02 -1.80527824e-03 -1.22163437e-01
  5.87061746e-04  2.41899900e-02  3.53952348e-02 -8.96298327e-03
 -3.78377736e-02 -1.04786418e-02 -6.04017824e-02  1.46315796e-02
 -8.17503706e-02  8.54109153e-02 -1.87415183e-02  4.12513007e-04
 -1.00401200e-01  6.98208660e-02  1.22120855e-02  8.91624540e-02
  3.49422768e-02 -1.38685942e-01  1.29033001e-02  1.06855422e-01
  5.68192303e-02 -4.38616201e-02  1.94474403e-02  1.23612463e-01
  3.45581844e-02 -3.53549533e-02  8.73706210e-03 -1.85381696e-02
 -4.21698317e-02 -6.35177419e-02 -2.88589089e-03 -6.79324567e-02
 -4.53753583e-02 -5.01465499e-02  3.68279815e-02 -7.81768784e-02
  4.09625545e-02 -6.07624538e-02  7.90585857e-03 -1.50915422e-02
 -1.08964741e-01 -1.88317359e-03  5.00403810e-03 -3.61914672e-02
  1.03831235e-02  5.69124660e-03  1.27366302e-03 -1.31937945e-02
  1.23778999e-01 -2.89570278e-04 -6.76719099e-02  9.64008197e-02
  1.14906214e-01  3.15997074e-03 -6.37826025e-02  1.12660810e-01
 -1.29361628e-02 -1.08178973e-01 -2.24746782e-02 -1.38711547e-02
 -3.07310931e-02 -8.17129463e-02 -1.01908408e-02 -1.44987917e-02
 -3.43085229e-02 -1.60658490e-02  1.09193616e-01 -8.87072994e-04
  8.14530626e-02 -2.56949719e-02 -1.11542843e-01  3.94444689e-02
 -9.65291914e-03 -8.16686824e-03  3.31681781e-02 -4.32622433e-03
  2.98048444e-02  7.05209151e-02 -2.06467118e-02 -6.68823868e-02
  9.65704247e-02  1.36720743e-02 -3.91561054e-02  5.08231334e-02
  2.76354328e-02 -6.18121438e-02  7.39366263e-02  2.06648201e-01
 -1.18304044e-02 -1.79128554e-02  1.61861070e-02  3.05576269e-02
  1.65510532e-02 -8.85703489e-02  1.16048930e-02  2.61527300e-02
  4.64541130e-02 -1.06099425e-02 -8.16501006e-02 -1.95546001e-02
 -2.64935251e-02  6.88949414e-03  6.85297921e-02 -3.63771692e-02
  6.51407242e-02 -3.79089639e-02  1.81040633e-02  5.48403803e-03
  4.22726534e-02 -2.95765847e-02  1.77190118e-02  7.02168047e-03
  2.20425446e-02 -3.82844545e-02  4.90661226e-02 -5.26335604e-33
  3.95574197e-02 -1.03494972e-01  5.49935289e-02 -1.52555518e-02
  6.25433326e-02  4.10627499e-02 -1.80450492e-02 -6.97509339e-03
 -2.21378393e-02  1.93453114e-02  2.09278520e-02  6.51206598e-02
 -6.19755052e-02  4.08728458e-02  1.40061140e-01 -8.89539067e-03
 -5.86254969e-02  8.38092491e-02 -4.02802378e-02  2.35806033e-02
 -6.18906543e-02  4.38132882e-03 -3.66587117e-02  1.41741587e-02
  4.78837416e-02 -5.16073518e-02  6.20960891e-02 -4.83354814e-02
 -2.39072833e-02  4.82434127e-03  7.42773041e-02  2.29782909e-02
 -4.74663340e-02  3.71650681e-02  3.35917361e-02  3.67151722e-02
 -2.46649534e-02  1.96771882e-02 -2.69506052e-02 -5.48793115e-02
 -4.42420617e-02  1.71992648e-02  5.32386042e-02 -1.93753503e-02
  6.57054782e-02  7.61341862e-03  1.09702006e-01  4.98276092e-02
 -3.27400230e-02  2.81997323e-02 -4.79887798e-02  1.27907014e-02
  6.72886334e-03 -1.70785841e-02  2.57480610e-02  1.77239580e-03
  5.27571738e-02 -1.37507869e-02 -2.70013120e-02 -4.22072178e-03
  3.19309048e-02  1.29968867e-01 -6.11014850e-03 -6.60958737e-02
  8.52966979e-02 -3.28664631e-02  5.83361555e-03  2.27541421e-02
  2.71526556e-02  1.59754381e-02 -1.10382475e-01 -4.36896086e-02
  9.96702630e-03  5.20829596e-02 -2.97340825e-02 -3.40342186e-02
 -5.93370236e-02 -1.50742475e-02 -7.59957507e-02  3.31646465e-02
 -8.03051069e-02  3.76475416e-02 -5.03134876e-02  1.40681509e-02
  8.85243155e-03  2.95624249e-02  7.97884725e-03 -7.77019709e-02
  2.27048863e-02  5.94608448e-02 -2.97099315e-02 -2.91036405e-02
  3.92825454e-02  1.71548780e-02 -6.01729155e-02  3.46829535e-33
 -3.18984203e-02 -2.65864879e-02 -4.55456637e-02  8.44374858e-03
  1.45142088e-02 -2.12465320e-02 -5.16113974e-02  4.26219031e-02
 -3.59162800e-02  4.24568094e-02 -7.53761902e-02  8.84887278e-02
  1.19863234e-01  3.75612266e-02 -1.22323940e-02 -3.76544409e-02
  3.20453867e-02  8.52147583e-03  1.62867587e-02  1.93882696e-02
 -4.90693860e-02  1.64304972e-02 -3.09050921e-02  2.09064279e-02
 -9.05316919e-02  7.90200233e-02  1.38924653e-02  1.87219214e-02
 -2.86406511e-03  2.83480790e-02 -4.26415317e-02  1.76433604e-02
 -5.08972481e-02  8.33589062e-02 -5.84149696e-02  2.79677194e-02
  4.45216186e-02 -1.12980381e-01 -8.94009620e-02 -2.94840559e-02
  7.47299418e-02 -4.07969467e-02  1.53344134e-02  6.01530783e-02
 -1.44062773e-03  3.27702761e-02 -4.52851206e-02 -4.28736676e-04
  1.70291904e-02 -1.78245623e-02  2.37181187e-02  1.95850413e-02
 -5.56834564e-02 -2.08660029e-02  3.14949676e-02 -4.81543317e-02
  2.97331391e-03  5.53190112e-02 -6.80504460e-03  2.68062786e-03
  4.83568124e-02  6.19467534e-02 -2.61719730e-02  4.28740606e-02
 -1.16639413e-01  3.17427740e-02 -2.40533501e-02  6.62343502e-02
 -7.50383735e-02 -4.30174582e-02  1.72801223e-02 -2.12994665e-02
 -1.08222477e-01 -4.84736972e-02 -4.74335849e-02 -4.91533503e-02
 -4.66140769e-02 -3.44758108e-02 -2.72409283e-02  1.64527632e-02
 -4.46931310e-02 -9.36014391e-03 -3.87573540e-02  2.07285676e-02
 -2.33777054e-02 -4.94104549e-02 -3.72339562e-02 -2.67811622e-02
  1.14253964e-02  3.74468416e-02 -3.14212888e-02  3.35009955e-02
 -1.31737918e-01  5.97790889e-02 -3.66999060e-02 -1.19952857e-08
  1.45915747e-02 -1.86945274e-02  8.24242383e-02  5.39038284e-03
 -3.81034240e-02  2.98110396e-03  9.74817649e-02  1.25247035e-02
  2.90639773e-02  1.17605813e-01 -2.24858578e-02  1.32963089e-02
  8.45004395e-02  1.16270021e-01  3.32873277e-02  4.63178335e-03
 -4.06811498e-02 -2.50607673e-02 -7.83652663e-02  1.06120519e-02
  4.05148380e-02  1.92327648e-02 -8.44392180e-03  3.48386876e-02
 -6.79071993e-03 -6.09513521e-02 -1.51927201e-02 -6.20927429e-03
  3.17065008e-02  4.04941551e-02  4.90804203e-02  8.48616660e-02
 -6.22213446e-02 -2.13269666e-02 -8.12063366e-02 -2.26048920e-02
  1.98088475e-02 -3.74044292e-03 -7.71847228e-03 -1.00763300e-02
 -8.04642886e-02  5.64307114e-03  1.27659822e-02 -4.18242253e-02
  1.64447073e-02 -3.60355265e-02 -2.57604825e-03 -3.12748551e-02
 -2.45842747e-02 -9.68676247e-03 -2.32992526e-02 -7.58328736e-02
  1.70359444e-02  3.99080999e-02  1.16938435e-01  1.17092254e-03
 -7.49916630e-03 -2.00981852e-02 -4.92538251e-02  6.69232383e-02
  2.91147456e-02  4.12308723e-02  2.07546111e-02  2.29336061e-02]"
98,Biodiversity and Land Use,Environment,consumption,9,0.3465,"[ 3.73255983e-02  7.01996982e-02 -3.87057625e-02  5.99251576e-02
  4.23469432e-02  1.35226185e-02  1.26850203e-01  2.20453888e-02
 -1.84991453e-02  4.26424369e-02  3.33917439e-02 -3.13596204e-02
 -5.00074215e-02 -2.33081244e-02  8.53228476e-03 -7.74639621e-02
  6.52294606e-02 -4.04347256e-02 -2.26187725e-02  1.32768489e-02
  9.83311012e-02 -4.54757325e-02  1.58010032e-02  3.12250014e-02
 -8.75027850e-03  6.10613078e-02  6.06812537e-03 -2.47200746e-02
  6.88487142e-02 -1.34425405e-02  6.76460266e-02  6.36160895e-02
  8.28558654e-02 -5.58575578e-02  8.21885373e-03  2.23254580e-02
  6.03381246e-02 -5.85601665e-03  1.80414636e-02  6.37566624e-03
 -5.05985133e-02 -1.00658260e-01  6.61359355e-03 -5.93755674e-03
 -1.41284317e-02 -8.46966822e-03 -4.53834459e-02  4.54528034e-02
  1.82908829e-02  6.40924945e-02 -1.51432725e-02  2.05106661e-02
 -2.08960678e-02 -4.41396087e-02  8.19592848e-02 -4.62061688e-02
 -9.73131228e-03  1.36573082e-02 -1.40452078e-02 -2.04734355e-02
  1.96830165e-02 -2.43371911e-02 -5.96230179e-02  3.55196483e-02
  9.53655764e-02 -2.61486811e-03 -6.80619329e-02  5.20691313e-02
 -1.00469321e-01  4.95365746e-02 -1.74526200e-02 -5.74865416e-02
 -1.71829276e-02 -7.08468482e-02 -5.38424328e-02 -9.04866755e-02
  9.49116945e-02 -2.60676648e-02  3.70581374e-02 -1.60652678e-02
  1.24074868e-03  1.14830667e-02 -1.96665172e-02  1.83513332e-02
  3.93859670e-02  4.78986010e-04 -2.71459762e-02 -1.09254485e-02
  1.05001973e-02  8.90415255e-03 -1.65505055e-02  5.72091043e-02
  4.59788367e-02 -4.13215579e-03 -3.85637209e-02  8.14147573e-03
 -9.15893726e-03 -2.40600575e-02 -8.05231684e-05  1.82260975e-01
 -9.70102847e-03  8.70753378e-02  7.61618465e-03 -3.27599309e-02
 -3.58680263e-02 -8.01771358e-02 -6.36971965e-02  1.11825369e-01
  6.36194348e-02  4.60919663e-02 -2.63479687e-02  3.36271524e-02
 -3.27459723e-02  1.88986827e-02  5.11646010e-02 -1.87224280e-02
  1.00283716e-02 -6.14984147e-02  8.56312290e-02  9.72269699e-02
 -2.74052465e-04  1.05790608e-02 -1.40848979e-02  2.01180577e-03
 -6.60729632e-02 -7.15244859e-02  6.29890189e-02 -5.11432760e-33
 -1.17393389e-01 -1.13407955e-01  5.29461466e-02 -3.23224850e-02
 -8.46740305e-02  1.53410984e-02 -4.88992743e-02  6.50784280e-03
  1.30815571e-02 -5.22556938e-02  9.01301503e-02  1.29660582e-02
 -7.01000541e-02  9.27247927e-02  1.57781392e-01 -3.48166749e-02
 -1.69042510e-03  3.02622151e-02  5.31326607e-02 -2.49450635e-02
 -2.07661968e-02 -4.16847244e-02  2.06568204e-02  2.76151206e-02
 -4.33787191e-03 -6.68865368e-02  7.80214136e-03 -3.48518901e-02
  5.89064397e-02  3.75111178e-02  8.47678334e-02  2.00292864e-03
 -6.94495142e-02 -5.22506088e-02 -4.19614278e-02 -1.78368445e-02
  1.89749096e-02  1.53293256e-02 -6.14848547e-02 -2.97812093e-02
 -2.86801979e-02  5.66360839e-02  1.13759480e-01  1.12279160e-02
 -1.06554680e-01  4.84947674e-02  4.50096987e-02  4.43251580e-02
 -3.79501097e-02  7.15541840e-02 -2.10538264e-02 -2.81174239e-02
 -4.34306376e-02 -2.95931473e-02 -6.66850582e-02 -7.47586563e-02
 -2.62110755e-02 -5.70917577e-02  2.46299133e-02 -7.37313330e-02
 -4.66999738e-03  1.57817882e-02  8.07059277e-03  1.12419557e-02
 -2.55837385e-02  3.18494514e-02  5.76703399e-02 -4.26731855e-02
 -7.38621056e-02  2.68911347e-02 -5.97819053e-02 -6.41984344e-02
  3.75546962e-02 -3.02339178e-02  3.50295901e-02  4.08104621e-02
  2.16965936e-02  1.28612136e-02 -7.88633823e-02  3.32756341e-02
 -4.45392728e-02 -3.82685997e-02  6.71176687e-02 -2.09490415e-02
 -2.06637308e-02  2.76943035e-02 -5.96326310e-03 -6.19883612e-02
  4.66721207e-02  1.91037897e-02 -2.05933731e-02 -2.85192151e-02
 -2.72904686e-03  2.98278686e-03 -4.45764586e-02  3.94981420e-33
 -4.15023863e-02  2.64983736e-02 -1.39563065e-02  2.40679421e-02
  6.54737651e-03 -5.70758097e-02 -5.55326119e-02 -7.85694644e-02
 -7.92587828e-03  2.13109218e-02 -9.64781940e-02  2.73344815e-02
  2.27656756e-02  6.61126226e-02 -1.19383801e-02 -1.03649050e-02
  1.29238501e-01 -2.45888811e-02 -3.68657634e-02 -7.07705244e-02
 -4.56120819e-02  4.79523242e-02  4.77690510e-02 -8.90608504e-02
 -4.04062830e-02  8.77074823e-02 -5.64220436e-02  1.98782235e-02
 -2.24484485e-02 -8.43366161e-02  1.94842815e-02 -3.24975476e-02
 -4.10347059e-03  7.26385741e-03 -2.82841865e-02  5.41297980e-02
 -3.17735337e-02  5.35607412e-02 -4.78238463e-02  1.65403623e-03
  8.07538182e-02  9.73738916e-03  2.11744732e-03  9.07694027e-02
  5.57611026e-02 -4.32905294e-02 -4.65657143e-03 -3.21541652e-02
  9.40894783e-02  2.70304698e-02  1.29287004e-01  3.00209940e-04
 -1.94001831e-02 -2.74523292e-02 -5.83553612e-02 -4.83847642e-03
  1.00562312e-01 -1.54317198e-02  3.79634462e-02 -8.94871652e-02
 -1.91433914e-02  4.05063741e-02 -1.02199130e-01  5.25680743e-02
 -4.10617962e-02 -5.01001701e-02  1.58658922e-02 -4.47901227e-02
  7.90373981e-02 -4.96430621e-02 -1.67328157e-02 -1.13327231e-04
 -5.05157560e-02 -1.18169244e-02 -5.92488647e-02  5.91020770e-02
 -4.43041846e-02  2.12105066e-02  1.35672931e-02  2.77447551e-02
 -7.16380998e-02  9.81097668e-03  2.53517255e-02 -9.38716009e-02
 -1.77510623e-02 -6.02049343e-02 -2.73165628e-02 -5.90505190e-02
 -7.59721696e-02  7.95797408e-02 -5.98594584e-02  2.73039937e-02
 -1.07887372e-01  4.42652367e-02  9.92689002e-03 -1.11149543e-08
  3.96059677e-02 -3.94564830e-02  6.50551021e-02  1.00980900e-01
 -4.71671484e-03 -4.25938703e-02  9.00050327e-02  3.21418382e-02
  4.81980667e-02  1.17007695e-01  4.88266461e-02  4.70282547e-02
  4.70937192e-02  4.60070372e-02 -2.61421725e-02  3.41420360e-02
  3.02004330e-02 -5.56226224e-02 -8.30830559e-02 -1.91316847e-03
  4.14920822e-02 -1.15171745e-02  4.13242653e-02  6.41487679e-03
 -3.48772965e-02  1.10489866e-02  3.12342066e-02  2.30902173e-02
  2.87486836e-02 -3.36632016e-03  2.73822248e-02  9.05409381e-02
 -3.09415646e-02 -3.34361605e-02 -2.07362249e-02 -1.10557847e-01
 -4.57819551e-02  1.55982552e-02  2.40781195e-02  3.08985971e-02
 -1.00403773e-02 -9.35875773e-02 -1.80167705e-02  4.31448519e-02
  4.49837558e-03 -1.32952416e-02 -6.62281662e-02  1.44978380e-02
  1.42412726e-02  4.02200222e-02  7.00019626e-03  4.38645831e-04
  3.26778293e-02  4.46645590e-03  5.15265809e-03 -4.50629145e-02
  5.43562211e-02  3.98352109e-02 -9.67810899e-02 -2.30191574e-02
  1.47477359e-01  1.41161662e-02  1.51255960e-02  2.29693912e-02]"
99,Biodiversity and Land Use,Environment,climate,3,0.339,"[-1.00735202e-02  8.01628828e-02  7.61619210e-02  9.00282189e-02
  3.14590102e-03  5.16346889e-03  2.63471678e-02 -7.41889253e-02
 -3.05862594e-02  1.10413134e-02 -8.47130734e-03 -1.67675972e-01
  1.16742719e-02  2.73796655e-02  4.27310392e-02 -3.86064202e-02
 -8.32662284e-02 -4.62331437e-02 -3.84987034e-02 -7.63885751e-02
 -6.74610659e-02  7.33133256e-02 -6.15982451e-02  4.38537151e-02
 -2.43654232e-02  2.25088000e-02 -2.14865338e-02  7.59544298e-02
 -5.49634807e-02  3.04567702e-02 -1.30236484e-02  1.28096521e-01
 -6.69074338e-03 -1.63438115e-02 -2.83007734e-02  3.14374268e-02
  1.19870845e-02 -1.67693589e-02 -4.10083309e-02  4.76454608e-02
 -2.68335771e-02 -5.01708277e-02  5.24844080e-02 -1.23227462e-02
 -2.92352308e-02  1.29571240e-02  1.04278056e-02  2.92868521e-02
 -1.82268745e-03 -1.21480376e-02  7.04775844e-03 -3.60883679e-03
 -4.19395901e-02 -1.60582308e-02 -3.73083539e-02 -1.50754536e-02
  1.12009663e-02 -1.22466646e-02 -1.19018899e-02 -3.22542316e-03
  5.65412417e-02 -1.84773691e-02 -1.35529786e-01  4.86044660e-02
  1.71857089e-01  1.51545824e-02 -1.10318819e-02  9.53152329e-02
  7.63152679e-03 -8.23638290e-02 -2.55587939e-02  4.46644500e-02
 -6.57173395e-02 -3.84187489e-03  5.38433157e-02 -2.73524243e-02
 -7.26096481e-02  2.97616180e-02  9.41255689e-02 -6.47051213e-03
  1.46966934e-01 -3.17380391e-02  9.56641044e-03  2.53987517e-02
  2.39543598e-02 -3.26916426e-02  6.73371926e-02  2.52375584e-02
  2.13109758e-02  1.07224574e-02 -3.08368430e-02 -7.57740736e-02
  8.88218060e-02  3.69200520e-02 -1.64488062e-01  1.08745523e-01
  5.42036258e-02 -5.16778715e-02 -1.61487889e-02  1.33941814e-01
  2.91425847e-02 -8.37187320e-02 -5.04487976e-02  5.11723794e-02
  2.68336646e-02 -3.99190299e-02 -3.30342092e-02 -4.25156765e-02
 -6.84771091e-02 -1.79343801e-02 -1.00360423e-01 -4.90208622e-03
 -4.03036661e-02 -9.01854225e-03  6.67714328e-02 -5.39897867e-02
 -1.86813660e-02  3.51647474e-02  1.04090935e-02 -2.89114751e-02
 -8.69517624e-02  1.66472699e-02  3.21630528e-03  1.02543399e-01
  2.22695619e-02 -5.58538288e-02  3.92387882e-02 -5.95323163e-33
  9.16888714e-02 -7.18442723e-02  2.97532827e-02  5.57787381e-02
  3.43118384e-02  6.98830336e-02 -6.22250624e-02 -7.15281591e-02
 -3.15425508e-02 -5.42548820e-02  2.91527808e-02  4.29827273e-02
 -6.63885698e-02  5.69718331e-02  1.18745841e-01  1.60009507e-02
 -1.24640847e-02  6.24913722e-02 -2.25803498e-02  5.67048863e-02
 -9.95102674e-02  7.14827999e-02  3.37071046e-02  4.57377620e-02
  9.59318038e-03 -4.75787222e-02  4.36368622e-02 -2.69519016e-02
 -5.67994975e-02  3.63498623e-03  5.53054661e-02 -3.04791089e-02
 -3.10277771e-02 -2.53382120e-02  7.26115182e-02 -2.46112235e-02
  2.02105884e-02  1.83962602e-02 -1.22778881e-02  2.58903727e-02
  1.93132162e-02  1.01797096e-02  1.50033357e-02 -1.50676090e-02
  7.13800117e-02 -1.42328441e-02  4.45256457e-02  3.69249173e-02
 -7.86821544e-02  3.94281037e-02 -8.46382082e-02  5.13642877e-02
 -2.49768458e-02 -6.78081661e-02  6.68366440e-03 -1.26776174e-02
  5.17337248e-02 -1.05001428e-03 -3.53380814e-02 -7.47469142e-02
 -7.07673002e-03  2.75499560e-02  7.39909708e-03 -6.17572181e-02
  9.73554626e-02  2.33137105e-02  1.98944509e-02  2.93446798e-02
 -6.46880940e-02  5.60223265e-03  2.17731390e-03 -3.19536813e-02
  6.15161806e-02  2.03437712e-02 -2.11052038e-02  1.64558981e-02
  6.34440705e-02  9.91234928e-03 -6.78253397e-02  2.25668270e-02
 -1.13383636e-01  5.24378195e-02 -6.74639195e-02 -2.38137357e-02
 -7.07303211e-02 -3.09580248e-02  1.99849121e-02 -4.17470495e-04
  7.60086179e-02  5.88629022e-02 -5.64389192e-02 -6.06922321e-02
  7.92319626e-02  3.60171981e-02  1.97497848e-02  2.74513526e-33
  3.37528288e-02 -2.83171162e-02 -7.64087820e-03  3.66573706e-02
 -2.39754841e-02 -3.97095978e-02  8.67570657e-03  2.77519394e-02
 -3.81836039e-03  3.42745818e-02 -2.32909583e-02  3.68264392e-02
  4.10791934e-02 -4.12497036e-02  3.87282595e-02 -3.90107706e-02
  2.27984991e-02  6.81212991e-02 -2.66078208e-02  2.07269285e-02
 -2.15827916e-02 -1.37475654e-01 -5.59583865e-02 -8.13256484e-03
 -1.28289178e-01  3.46413441e-03  9.57913417e-03 -2.72783618e-02
 -6.68545514e-02  2.31604539e-02 -2.35069022e-02  1.96292493e-02
 -6.28675744e-02  7.77619034e-02 -6.31812736e-02  6.30997568e-02
  1.50342360e-02 -1.10547677e-01 -6.29654294e-03  7.28623103e-03
  3.79291959e-02 -8.13052058e-02  6.24327697e-02 -3.95172536e-02
  5.25208004e-02 -3.55008268e-03  3.45353154e-03  2.68118195e-02
  5.00444807e-02 -5.22179268e-02  5.15014045e-02 -5.12494845e-03
 -6.05820678e-02  3.27748316e-03 -2.92170851e-04 -4.20511179e-02
 -4.10108417e-02  5.35930619e-02 -2.37730462e-02 -6.12052949e-03
 -2.22497862e-02  6.10207033e-04  1.00128194e-02  4.28485051e-02
 -4.96630222e-02 -2.91467067e-02 -6.24134950e-02  2.21458115e-02
  4.46426123e-02  3.01297214e-02  2.89700069e-02  8.97837337e-04
 -5.18241934e-02 -2.91491728e-02  1.05407285e-02 -6.64941920e-03
 -3.50648127e-02  3.08765620e-02 -1.41399736e-02  2.17261221e-02
 -1.17567532e-01  1.87184233e-02 -1.69367827e-02  7.04523996e-02
  4.46131863e-02 -1.54463463e-02  7.20620062e-03 -8.94487798e-02
  4.06387262e-02  1.72586348e-02 -9.13972408e-03  2.16100588e-02
 -8.29636753e-02  6.08674064e-02 -2.67469976e-02 -1.32276474e-08
  2.50753146e-02 -2.71488298e-02  7.07827732e-02  5.58741018e-02
  2.64598639e-03  1.89432278e-02  3.70021909e-02 -2.58760247e-02
  7.61699602e-02  9.75599810e-02  1.96192544e-02  5.06241210e-02
  5.24575971e-02  1.00551866e-01 -1.34174814e-02 -6.46728575e-02
 -2.61070170e-02 -2.74055321e-02 -1.58681516e-02  4.95248847e-03
  4.76593152e-03 -1.91211067e-02 -4.83198930e-03  1.76060069e-02
  5.87761961e-02  9.33762174e-03 -2.26534232e-02  8.54290277e-02
  1.62477363e-02  4.88346368e-02  4.61059902e-03 -4.95913103e-02
  3.19483280e-02 -9.84394997e-02 -4.57011312e-02 -9.12414044e-02
  4.28083874e-02  8.65210220e-02 -4.01252545e-02 -7.46155977e-02
  2.18118168e-02  5.94734214e-02 -3.59051898e-02  1.49991494e-02
  3.49400565e-02 -7.36500099e-02  1.30179757e-03  7.61051998e-02
 -6.93445131e-02  5.52491359e-02 -5.70829064e-02 -3.92405540e-02
  1.82937589e-02  7.86777809e-02  1.07157510e-03 -2.57797074e-02
 -1.40133791e-03  7.40675954e-03 -4.68317932e-03  4.84706797e-02
  1.56157892e-02 -2.01183651e-02 -8.26295838e-02  2.87165195e-02]"
100,Biodiversity and Land Use,Environment,nations,4,0.335,"[-1.29496008e-02  4.49682809e-02 -3.49829420e-02 -1.41774463e-02
  1.23978071e-02  5.17514069e-03  4.37845886e-02 -1.29765540e-01
 -2.24575717e-02 -3.87019366e-02 -1.16041247e-02 -7.98381045e-02
  1.71385109e-02  4.52050306e-02 -8.32026899e-02 -4.29654159e-02
 -9.52162072e-02 -4.87897247e-02 -7.45078623e-02 -4.30003554e-02
 -3.19693163e-02 -1.22854933e-02  7.36416206e-02 -1.64729301e-02
 -4.59832400e-02 -2.56996341e-02  2.01310907e-02 -1.46122379e-02
  6.14459179e-02 -4.24226448e-02  2.22966727e-02  2.24533509e-02
  6.84063137e-02  3.89916040e-02 -2.63828842e-04  1.47326095e-02
  1.94050260e-02  1.62488613e-02  2.03935094e-02 -2.87372898e-02
  4.53305691e-02 -3.60161513e-02  6.35377541e-02 -2.70884968e-02
  7.61393011e-02  4.42368276e-02  5.21704257e-02  6.17501140e-02
 -1.71162765e-02  6.09229691e-02  7.95277804e-02 -4.41717319e-02
 -1.74417887e-02  2.61110608e-02  5.73069528e-02 -3.94708365e-02
 -4.04349342e-02 -4.79956903e-02 -2.04461198e-02 -2.39916928e-02
  5.16432263e-02 -4.63348702e-02 -4.78916392e-02  5.60626155e-03
  8.71480554e-02  2.23008748e-02  3.84682491e-02  1.22355379e-01
 -8.08788538e-02 -3.52259129e-02  5.64986505e-02 -3.73263955e-02
  4.81624641e-02  3.77579257e-02  5.07734604e-02 -7.18247965e-02
 -1.45074381e-02  3.48131396e-02 -4.37456509e-03 -6.54158890e-02
  5.38303293e-02  8.31397995e-02 -1.07702324e-02 -1.07112760e-02
  8.33769888e-02 -2.76671089e-02  2.92385626e-03 -7.11365370e-03
 -1.13346828e-02  3.44502777e-02 -7.91226551e-02 -3.53012979e-02
  1.74149424e-01  4.31880318e-02 -4.06702049e-03  1.28945084e-02
  1.08107500e-01 -1.10450760e-02 -5.86094260e-02  2.22403884e-01
  2.93703992e-02 -6.97363960e-03 -4.01574448e-02  9.22074169e-03
 -7.89254159e-02  4.08132151e-02 -6.13158084e-02  3.34254205e-02
  3.91920209e-02  2.91943271e-02 -5.43275289e-02  5.99560626e-02
 -8.89857113e-02 -1.71742868e-02 -1.86109170e-02 -7.98457190e-02
 -4.66499068e-02  5.33985859e-03  3.49847451e-02 -2.04967763e-02
 -5.76223545e-02  7.46972254e-03 -6.05945773e-02  1.25328265e-02
  3.15149426e-02  3.26675586e-02 -4.46189716e-02 -4.79550671e-33
  4.23879363e-02 -3.97333428e-02  3.09394263e-02  3.49776037e-02
 -3.98867279e-02 -9.88588482e-03 -1.12470603e-02 -1.44326231e-02
 -1.17089346e-01  1.46344677e-03 -6.73582852e-02  8.77322480e-02
  1.25064272e-02 -1.07326023e-02  1.31825268e-01  1.24199176e-02
  5.39105721e-02  7.32148625e-03  5.46939336e-02  6.23119324e-02
 -2.20670868e-02  9.70972031e-02 -3.62820439e-02 -2.87035052e-02
 -5.11894636e-02 -4.06209156e-02 -3.95462252e-02 -7.50121614e-03
  5.48479334e-02  3.61540504e-02  4.13094386e-02  3.41589097e-03
 -5.22774644e-02 -3.30695324e-02  3.82475704e-02 -2.48500444e-02
 -1.38096663e-03 -1.23317949e-02  1.12477038e-02  6.31552283e-03
  9.77797247e-03  1.20306285e-02 -4.50635590e-02  4.63301055e-02
  8.35215151e-02 -2.34644040e-02  9.83492285e-03  2.19449643e-02
  4.02220106e-03  7.41063654e-02 -6.09545149e-02  1.06673036e-02
  6.84673258e-04 -1.14718303e-01  8.88857096e-02 -2.94493474e-02
  9.48018115e-03  5.78390993e-02 -7.84262829e-03 -4.30991612e-02
  1.22806802e-02  3.40615474e-02 -1.15359193e-02  2.78369673e-02
  2.94307470e-02  6.05327077e-02  4.53698337e-02 -2.47387215e-02
  2.34480482e-02 -9.65451971e-02 -5.69996424e-02  6.77328184e-02
  6.57901168e-02  8.86309296e-02  2.61586159e-02  8.24773386e-02
  5.03797159e-02  1.29578803e-02 -5.02411425e-02 -1.99838430e-02
 -5.31596877e-02  1.48229264e-02 -6.95430040e-02  1.26128905e-02
  6.02601981e-03  3.38883512e-02 -2.59343516e-02 -1.15030833e-01
  5.77094033e-02  1.06332926e-02 -1.39410883e-01 -1.88628081e-02
  5.75990044e-03 -6.24836348e-02 -5.02036847e-02  3.56940990e-33
  1.68802310e-02 -5.43430857e-02 -5.75495288e-02  3.90337482e-02
  2.11476479e-02 -4.38568695e-03  8.36280826e-03 -5.09454694e-04
 -1.95247829e-02  3.24561372e-02 -1.13113169e-02 -9.96746644e-02
  1.14555806e-01  5.82512841e-02  6.28916547e-02  5.90634067e-03
  3.25027332e-02 -1.50241461e-02  1.09611377e-02 -3.87070179e-02
 -1.59363891e-03 -9.66426507e-02 -2.12674122e-02 -2.41417848e-02
 -6.83071390e-02  2.21754611e-02 -3.14646102e-02 -1.21145733e-02
 -5.04081659e-02 -4.33327854e-02 -1.76374894e-02 -6.56964481e-02
 -1.13192104e-01  5.05271479e-02 -2.77766380e-02  3.21867503e-02
 -6.95619956e-02 -1.41461948e-02 -2.02700067e-02 -3.78472246e-02
  5.17224940e-03  1.23265013e-02  7.02683954e-03  9.83183533e-02
 -1.33493930e-01  2.87825856e-02 -4.52019311e-02  6.75216988e-02
 -2.64674034e-02  3.82152532e-04 -2.35106386e-02  7.82631338e-02
 -1.22034233e-02 -3.01634390e-02  1.91041548e-02  5.24499267e-03
 -3.92578542e-02  4.11936119e-02  4.49456982e-02 -3.59300189e-02
 -2.21566278e-02  1.15086623e-02 -7.70121366e-02  1.24999002e-01
  6.83656149e-03  5.62201440e-03 -1.54413404e-02  9.57115218e-02
  7.62177408e-02 -2.23343484e-02  3.51369642e-02 -3.25988680e-02
 -9.83111709e-02 -1.57966949e-02 -1.34032229e-02  6.19536191e-02
 -4.82638218e-02  7.12094270e-03 -2.34091543e-02 -2.90377475e-02
 -1.69963501e-02 -6.36922494e-02 -1.12127578e-02  4.79843356e-02
 -1.64757681e-03  1.15847088e-01  1.11553282e-01 -4.29135840e-03
  4.04835828e-02  4.89295796e-02  2.20569614e-02 -2.65933648e-02
 -2.14867964e-02 -1.78538505e-02 -4.12065908e-02 -1.19865327e-08
 -4.21753936e-02  3.48293856e-02  5.91928372e-03  2.75410861e-02
 -4.06288020e-02  2.71527679e-03  1.42058730e-02 -5.06443940e-02
 -4.16284762e-02  9.86912474e-02  1.06193237e-02  3.21390405e-02
  4.71638255e-02 -1.37310028e-02 -2.22723512e-03 -4.73563373e-02
 -4.92071956e-02  8.20615515e-02 -1.41616976e-02  1.02172298e-02
 -3.53650302e-02  2.48661116e-02  2.36004125e-02 -1.09975226e-01
 -1.20125916e-02 -5.88302501e-03  1.22289192e-02 -6.76746760e-03
  4.39166528e-04 -1.06436638e-02  7.58757517e-02 -1.16635552e-02
 -1.63856316e-02 -4.41356264e-02  1.49069133e-03 -2.54921410e-02
 -2.25709099e-02 -5.54829128e-02  6.51731491e-02 -1.31512403e-01
  5.78623917e-03  8.65774453e-02  2.42731087e-02  2.77721137e-03
  1.43089993e-02 -9.43487808e-02  1.21364621e-02  4.30997014e-02
 -3.16359773e-02 -2.44132802e-02 -8.16364661e-02  5.29866405e-02
 -6.94359839e-03  2.31344737e-02  4.35865335e-02 -2.25285366e-02
  4.00961526e-02 -1.02933468e-02  2.02522930e-02  9.42950696e-02
  1.01180553e-01 -3.42004225e-02  1.85029767e-02  3.53109054e-02]"
101,Biodiversity and Land Use,Environment,economy,2,0.3198,"[-3.20174657e-02  4.58573885e-02 -6.58578277e-02  2.80930661e-02
  6.37050271e-02  1.82745755e-02  8.78482908e-02 -4.82337028e-02
 -2.43608970e-02 -3.16795185e-02  3.56442779e-02 -2.03166660e-02
 -1.95266549e-02 -3.16317491e-02 -1.16060199e-02 -6.87182648e-04
 -3.09956484e-02 -5.95938750e-02 -8.17503408e-02 -3.32517512e-02
 -4.33762185e-02  4.57852054e-03 -2.84693390e-02 -3.26325782e-02
 -2.29248665e-02  6.38511851e-02 -2.47567482e-02  3.29201892e-02
 -2.40525939e-02 -1.01461165e-01 -2.62509882e-02  5.69949858e-02
  9.72543061e-02  1.52395647e-02 -2.01478302e-02  1.19772581e-02
  7.52224997e-02 -4.48249700e-03  3.89562435e-02 -2.53562629e-02
 -1.42526440e-02 -8.47115964e-02 -4.02645096e-02 -3.70153151e-02
  2.25848164e-02 -2.00036988e-02  4.15486842e-02  2.97849495e-02
  5.94760478e-02  5.91947585e-02  1.71841886e-02  4.40252200e-02
 -2.46755462e-02 -1.88149847e-02  3.42240222e-02  4.02570553e-02
 -2.08445489e-02 -5.76315820e-02  5.16649988e-03 -3.62905562e-02
  5.88152334e-02 -3.96554880e-02 -2.75276043e-02  1.24350470e-03
  1.41401112e-01 -3.59249450e-02 -5.95518798e-02  5.58521487e-02
 -1.64783716e-01  3.85884428e-03  5.05775623e-02 -9.81284529e-02
 -8.96998569e-02 -6.80130944e-02  1.68780629e-02 -6.75704926e-02
  4.53489199e-02  2.64761653e-02  4.67968248e-02 -3.41955014e-02
  7.98320323e-02 -6.79150373e-02 -1.10668108e-01 -3.90193821e-03
 -3.44474725e-02 -7.94118177e-03 -1.45566678e-02 -2.24277247e-02
  6.92863911e-02  5.80910454e-03 -1.04963016e-02 -3.54559980e-02
  3.73907224e-03  1.46874497e-02 -1.40674319e-02  4.06034477e-02
  1.22891022e-02 -3.64217311e-02  1.45679228e-02  2.57325858e-01
  6.09082021e-02  2.08994728e-02  6.15313500e-02  3.92584167e-02
 -5.47587462e-02 -8.59558582e-02 -2.35904269e-02  1.26156852e-01
  6.17103325e-03 -4.47431440e-03 -3.51380259e-02 -9.15644784e-03
 -3.43183242e-02  4.19592559e-02  3.73332016e-03 -2.06753090e-02
  5.45232035e-02 -4.47358191e-02  1.61934178e-02  5.83370849e-02
  1.39273554e-02  5.39132692e-02 -4.31928299e-02  3.54912318e-02
 -7.35832676e-02 -7.46397749e-02 -4.87976298e-02 -5.10947905e-33
 -4.00522910e-02 -6.00198135e-02  7.40105473e-03 -4.74608950e-02
 -8.39407668e-02  7.02858269e-02 -3.64100225e-02 -1.74625013e-02
 -4.79914024e-02  5.77602945e-02 -6.34219646e-02  6.82829693e-02
  2.62491629e-02  9.10056680e-02  1.36999190e-01  2.26088986e-02
 -1.01573579e-01  4.91397679e-02  7.29731470e-02  1.24103855e-02
  4.49734274e-03  1.01293679e-02  2.12130919e-02  1.58505868e-02
 -1.30168376e-02 -3.12223826e-02 -1.45247271e-02 -9.64501221e-03
  1.02491073e-01  1.91956982e-02  6.32545948e-02  6.42480627e-02
 -1.54605154e-02 -4.60917689e-02 -9.22018364e-02 -3.08435597e-02
  2.84205899e-02 -2.71326844e-02 -2.38028746e-02 -4.98752780e-02
 -9.43662822e-02  2.52976501e-03 -5.30481227e-02  4.12705131e-02
 -7.18646403e-03  2.57949028e-02  1.07576638e-01  2.41674203e-02
  4.05745916e-02  4.81609777e-02 -3.01118325e-02  1.68764521e-03
 -3.82584557e-02 -1.06931120e-01 -3.56334541e-03 -3.71516570e-02
 -4.11147289e-02  1.18356235e-02 -7.44770467e-03 -7.38587901e-02
  2.19352711e-02  2.11242791e-02 -1.42274415e-02 -1.11721270e-02
 -2.41065063e-02  8.20308700e-02  2.40692422e-02  6.85146824e-03
  1.23103037e-02  1.50293503e-02 -2.09853854e-02 -1.11295190e-02
  9.14338753e-02  4.17082794e-02  3.16469260e-02  1.27507344e-01
  1.21571012e-02  2.71597896e-02 -7.21539408e-02 -1.30386250e-02
 -3.87668572e-02  9.82614607e-03  3.83518189e-02 -1.50464205e-02
  6.75391555e-02  2.98569743e-02 -7.96024501e-03 -7.42431283e-02
  7.34283626e-02  2.81671397e-02 -1.33600280e-01  2.31874231e-02
  9.83738527e-03  5.09371273e-02  5.79223447e-02  2.61124223e-33
  2.51431693e-03  5.10834903e-02 -9.08710510e-02  6.07080832e-02
 -2.85892263e-02 -6.21447433e-03  3.20991911e-02 -3.14476565e-02
 -4.76066694e-02  1.56487245e-02 -1.18444048e-01  6.68003969e-03
  1.01198226e-01  6.94171339e-02  1.01883942e-02 -5.17054275e-02
  4.80163693e-02 -2.13287454e-02 -3.19482386e-02 -1.66233676e-03
 -5.49612269e-02 -2.23513246e-02  2.22467054e-02  1.95843671e-02
 -1.77861266e-02  7.36811608e-02 -1.11893572e-01 -6.05108403e-02
 -3.90969403e-02 -2.76438938e-03  1.07882358e-02 -5.45641547e-03
  1.65545382e-02  3.24208327e-02 -4.17313948e-02  5.90431280e-02
 -6.58182129e-02 -4.43508402e-02  1.29843857e-02  2.34846883e-02
  4.71139550e-02 -4.12917472e-02 -2.63265595e-02  1.27448782e-01
 -2.30564475e-02 -5.16549088e-02 -7.90376123e-03 -7.79134745e-04
  6.80325106e-02 -2.95377914e-02  4.32480127e-02  8.38918537e-02
 -1.46642802e-02 -4.89266478e-02 -5.43924235e-02  4.84086685e-02
  3.04616690e-02  2.30012904e-03 -6.72152415e-02  1.56981796e-02
 -3.30874920e-02  5.15479781e-02 -1.95379350e-02  7.31060803e-02
 -1.52770132e-02  3.13377157e-02  1.88878234e-02 -3.84519584e-02
  6.10409454e-02 -4.01815549e-02  4.31713015e-02  2.25908794e-02
 -7.63884485e-02  7.64832646e-02 -4.07392271e-02  8.32731947e-02
  2.98917964e-02  1.67196617e-02  5.83953261e-02  1.73594784e-02
 -6.24462701e-02 -6.18742444e-02  3.89788449e-02 -3.99653874e-02
 -1.01433568e-01 -2.82991584e-02 -1.32817812e-02 -2.84549966e-02
 -3.41236889e-02 -5.90770952e-02 -9.09244120e-02  9.30898543e-03
 -1.04575204e-02 -3.65703623e-03 -2.77768373e-02 -1.36177158e-08
  3.23325233e-03 -4.29558009e-02  5.52334003e-02  3.38146649e-02
 -5.20599522e-02 -1.26459785e-02  5.38734943e-02  6.56621605e-02
  7.07938522e-02  8.20101425e-02 -2.40276195e-02  3.73843536e-02
 -4.05255482e-02  6.75510466e-02 -2.32273117e-02  2.35411879e-02
 -2.92227603e-02  1.09676830e-02 -3.38245630e-02 -3.85010317e-02
  5.78410476e-02  3.90357263e-02  2.31518019e-02 -6.25197776e-04
 -5.79600409e-03 -5.27993962e-03  4.41738553e-02  3.74698602e-02
 -4.61821735e-04  1.67978816e-02 -1.71851572e-02  3.88537906e-02
 -6.21934608e-03 -6.44241124e-02 -3.96631658e-02 -2.97861863e-02
  2.09709406e-02  6.72344025e-03  3.68517861e-02 -9.02442336e-02
 -4.25658235e-03 -1.96059793e-02 -1.90536194e-02 -7.57817179e-02
  5.89310899e-02 -3.27941664e-02 -4.27922159e-02 -5.87553643e-02
  4.37370986e-02 -4.35824692e-02 -3.40202115e-02  1.71199758e-02
  4.84099202e-02  4.76504676e-03  4.94157150e-02 -7.37389252e-02
  1.36796581e-02 -1.28145022e-02 -9.98910740e-02  4.29379530e-02
  8.43494162e-02 -4.01008204e-02  5.55465110e-02 -3.06441560e-02]"
102,Biodiversity and Land Use,Environment,footprint,2,0.3184,"[ 4.67772298e-02  1.08594261e-01  2.08073277e-02  1.49811571e-02
  6.20255023e-02  2.07968825e-03  7.07679391e-02  9.76208076e-02
 -2.75169848e-03 -1.14924200e-02  3.57721816e-03 -3.06722168e-02
  9.37030278e-03  2.39180066e-02  1.08938683e-02 -6.03006892e-02
 -1.50113786e-02  6.23714663e-02 -2.73990743e-02  9.65293031e-03
  5.28582856e-02  1.95968896e-02  3.15678567e-02 -2.91591734e-02
 -2.49324776e-02  3.74454521e-02 -1.69022847e-02  4.68665063e-02
  8.82168859e-02 -1.01769835e-01  6.69790208e-02  7.07572475e-02
  5.10224625e-02 -4.00707275e-02  5.14674895e-02  2.64233761e-02
  2.45946627e-02  2.26652622e-02  1.20966125e-03  1.38221914e-02
 -5.13989329e-02 -5.22522591e-02  3.52292769e-02 -1.94257020e-03
  9.41742212e-03 -4.38486636e-02 -2.62994748e-02  2.34436858e-02
 -2.25941688e-02 -2.67756581e-02  4.91626598e-02 -7.72905797e-02
 -3.23113538e-02  1.64316557e-02  2.70077176e-02 -2.42116619e-02
  1.59634147e-02  1.48243725e-03 -2.35752277e-02 -7.31501281e-02
  1.35706604e-01 -2.98145637e-02 -5.36458902e-02 -5.56373596e-03
  7.51322135e-02 -4.67994921e-02 -5.97229414e-02 -8.11954886e-02
 -4.49087024e-02  5.70812039e-02 -1.68759320e-02 -3.02398447e-02
 -2.78327800e-03 -2.36881594e-03  1.03204763e-02 -3.91979851e-02
 -2.52358057e-02  4.70546074e-02  8.53627101e-02 -7.43137822e-02
  2.68612290e-03  8.04983005e-02 -1.38740977e-02  4.08980735e-02
  1.79750510e-02  8.00698716e-03  1.67917907e-02  7.71577135e-02
 -5.27991354e-02 -6.40264824e-02 -6.53317757e-03 -1.13695976e-03
 -4.27218806e-03  1.38807660e-02 -1.13285072e-01 -2.24972200e-02
  6.86168950e-03 -7.49847889e-02 -1.85981281e-02  1.71623811e-01
  2.64328811e-02  4.36727442e-02  3.78668569e-02  8.98108631e-03
 -1.11853322e-02 -1.30129233e-02 -5.55977002e-02  1.78931821e-02
  7.27342442e-02  2.85360087e-02 -7.50517007e-03 -5.79353645e-02
 -6.83560222e-02  1.03436485e-01  1.96182001e-02 -9.64780897e-02
 -6.95243664e-03 -2.78675929e-02  5.62251993e-02 -1.18270097e-02
 -8.03294219e-03  1.99485105e-02 -3.46467234e-02 -1.22337500e-02
 -3.69352289e-02 -6.80700317e-02  1.27952099e-02 -4.37187728e-33
 -2.35603061e-02  3.86476554e-02 -8.35255161e-03  1.78811159e-02
  8.97507519e-02 -2.30606403e-02 -1.26707433e-02  6.26361789e-03
  2.09410768e-03  6.63553923e-02  1.43039245e-02 -2.63156798e-02
  2.05845851e-02  6.50963634e-02  1.00589514e-01 -5.96309686e-03
 -2.68260054e-02  1.59473792e-01 -7.28645697e-02 -2.64649950e-02
 -5.50347194e-02  1.48778195e-02 -1.12506580e-02  8.91448371e-03
  8.02753791e-02 -4.45409380e-02 -3.88428569e-02 -6.39190003e-02
 -8.16163123e-02 -1.13541901e-03 -4.57993597e-02  5.14325798e-02
  3.54486480e-02  2.08215173e-02 -6.66057505e-03 -5.62634096e-02
  3.13701592e-02 -7.49333948e-02 -6.92240223e-02 -1.01543605e-01
  2.70542260e-02  4.31939447e-03  7.89596513e-02 -2.77979374e-02
 -3.20644118e-03  6.25045523e-02  9.84687284e-02 -4.61042076e-02
  2.94811651e-02 -3.93600343e-03  4.00677286e-02  9.28848237e-02
 -3.75355668e-02 -2.84468252e-02  2.43910035e-04 -7.15098903e-02
 -4.04980667e-02 -4.78868559e-02  6.81605861e-02  7.44193420e-02
 -7.67577952e-03  4.92639095e-02 -2.50139125e-02  5.03795408e-02
 -3.87891917e-03 -4.67922799e-02 -3.56538855e-02 -2.82188859e-02
  2.46456005e-02  6.10037595e-02 -2.81268805e-02 -3.78236063e-02
  1.40182748e-01  2.00729426e-02 -5.23817949e-02 -4.32383120e-02
 -1.57180373e-02  2.13015731e-02 -1.44758329e-01  5.60231879e-02
 -1.33248806e-01  1.42294564e-03  1.44739738e-02 -9.45792347e-02
  1.65303480e-02 -6.76571727e-02  5.90429716e-02 -4.01367247e-02
 -3.62004004e-02 -1.37927122e-02 -7.08297566e-02 -2.48638764e-02
  5.72896749e-03 -1.45706721e-02 -6.69673681e-02  3.86180824e-33
  9.85507481e-03  5.35917580e-02 -1.06204059e-02 -8.82111210e-03
 -3.73098813e-02  3.10451761e-02 -3.08946241e-03  1.59264896e-02
 -4.97199669e-02 -4.76547284e-03 -1.17253572e-01  4.48446050e-02
  6.85648993e-02 -2.46794634e-02 -1.10618286e-02  6.39816299e-02
  1.73691232e-02 -8.40582177e-02 -1.61905885e-02  3.19475643e-02
  2.89037265e-02 -9.36730802e-02 -4.94514033e-02  1.65597834e-02
 -5.00733070e-02  4.19106856e-02  4.14179936e-02 -8.05596635e-02
 -7.22086132e-02  1.01278042e-02 -3.57344118e-03 -7.49795362e-02
 -5.33117056e-02 -1.72836818e-02 -4.79601063e-02 -9.66339335e-02
 -5.75953051e-02  5.82298823e-03 -3.36671285e-02 -2.78368650e-04
  8.59057158e-02 -6.66078255e-02 -3.23304273e-02  9.59099308e-02
  5.45854587e-03 -9.91286784e-02 -1.02961240e-02 -1.99309736e-03
  7.93765485e-03 -4.94545661e-02  4.74511981e-02  4.89439331e-02
  5.59347356e-03 -3.65393376e-03  2.08423380e-02  6.66600168e-02
 -4.09922972e-02  1.09352693e-02  3.27404141e-02  2.03288775e-02
  3.06791421e-02  5.97149990e-02 -3.61532979e-02  6.52430877e-02
  1.16289938e-02  1.16806906e-02 -8.48747790e-02  8.94881692e-03
 -7.45132491e-02  7.29797632e-02 -7.37673044e-02  3.97307873e-02
  2.28844676e-03  6.39944822e-02 -2.11423114e-02 -2.37267576e-02
  6.98031336e-02 -4.51025143e-02  5.62305674e-02  1.59346163e-02
 -7.25252330e-02 -4.35973853e-02 -1.62511338e-02  2.00386811e-02
  1.05710417e-01  3.78550403e-02 -4.61381249e-04 -5.41574880e-03
 -2.19857483e-03  2.56672390e-02  1.44221997e-02  9.95207950e-02
 -6.28834739e-02  3.83296795e-02  3.75013836e-02 -1.08770513e-08
 -1.50141884e-02  7.10931867e-02 -2.84037814e-02  2.79761315e-03
 -4.09569144e-02 -5.20183071e-02  1.62038743e-01  1.07012905e-01
  3.87832820e-02  8.22672546e-02  3.27454461e-03 -6.39028847e-02
 -7.99879804e-03  1.41565815e-01  3.20657603e-02  9.48028546e-03
 -7.84777179e-02 -1.93773955e-02 -1.05739780e-01  2.41371733e-03
 -1.11698592e-02  6.83654379e-03 -1.29399868e-03 -2.80072335e-02
  1.06590101e-03 -3.43192965e-02 -6.12527831e-04  7.29380250e-02
  5.61178429e-03  6.54091174e-03  5.84199838e-02  5.78193851e-02
 -3.48335467e-02  1.65897477e-02  6.12774566e-02 -2.79566385e-02
  9.61827114e-03  1.13471346e-02  2.53260117e-02  9.03217681e-03
 -2.05423161e-02 -5.95752336e-02  1.87418927e-02 -4.13815072e-03
  1.17524574e-02  2.08748952e-02 -6.71719462e-02  3.18870880e-02
 -3.79836820e-02 -3.55452672e-03  2.52761673e-02 -3.72745432e-02
 -1.28815286e-02  3.99339907e-02  1.31460726e-01 -2.05697194e-02
 -2.00575450e-03 -2.37626284e-02  4.03156271e-03  8.06326717e-02
  8.13688338e-02  1.39395392e-03  3.90188508e-02  5.14446246e-03]"
103,Biodiversity and Land Use,Environment,emissions,2,0.3082,"[ 1.68955065e-02  9.36585739e-02  7.92850479e-02  5.87679483e-02
  9.59585458e-02 -2.11120453e-02  1.03124231e-01 -9.04076546e-03
  8.36734101e-03  1.42491963e-02  3.71764321e-03 -6.95867911e-02
 -3.58618982e-02  2.06573494e-02  5.56268933e-05  4.00823615e-02
 -1.85057744e-02  2.34444160e-02 -7.75493085e-02 -5.21299280e-02
 -9.46655218e-03  4.97749262e-02 -9.04355384e-03  7.09303655e-03
 -1.86955724e-02  2.26828679e-02 -6.84679300e-02  3.14821042e-02
  4.08764780e-02 -4.44138832e-02  1.97886545e-02  2.14567240e-02
 -6.44464120e-02 -1.03730345e-04 -2.22288445e-03 -5.79683557e-02
  3.16489041e-02  3.43721770e-02 -2.84770736e-03 -9.81333572e-03
 -7.09313899e-02 -1.39297441e-01  2.83838157e-03 -7.16264248e-02
 -7.14841336e-02 -4.24277969e-03  5.04886881e-02 -5.25026508e-02
  1.42580131e-02 -7.90788531e-02  9.19329971e-02 -3.21160369e-02
 -7.57488385e-02 -1.13881761e-02  5.01472801e-02 -1.04409747e-01
  1.28818927e-02 -1.44954147e-02 -1.64189041e-02 -4.13138606e-02
  3.77394035e-02 -1.07944809e-01 -6.36491179e-02  8.87315813e-03
  8.60026479e-02  3.08571514e-02 -2.21264223e-03  1.18236654e-02
 -2.66484842e-02  4.52702589e-05 -4.68132261e-04 -5.38278930e-02
 -6.41406104e-02 -1.12312563e-01  9.17597394e-03 -4.02649418e-02
  8.24032817e-03  4.55933176e-02  1.24848716e-01 -5.01362346e-02
  5.13853617e-02  5.30596031e-03 -9.72677097e-02  1.25556430e-02
  8.75397325e-02  3.46321985e-03  7.73293315e-04 -4.42692786e-02
 -7.02242479e-02  3.89840938e-02 -5.56134991e-02 -2.84873080e-02
  1.61209628e-01  2.33280081e-02 -5.10408394e-02  5.07287495e-02
  8.83493721e-02  5.06951986e-03  7.52978027e-02  9.80228260e-02
 -5.11002773e-03  8.50361064e-02 -1.13648191e-01 -1.31362006e-02
 -1.06480390e-01 -2.03642529e-03 -1.39648682e-02  5.01670018e-02
  1.57648139e-02 -2.83980276e-02 -2.52152942e-02 -2.27715541e-02
 -4.13170345e-02 -2.99845599e-02  1.86950788e-02 -1.59726609e-02
  7.98784047e-02  1.46587018e-03 -4.97281663e-02 -7.54753640e-03
 -5.78167848e-02 -6.22134143e-03 -7.48370681e-03  4.51362096e-02
  4.25361842e-02 -1.05911195e-01  4.11083624e-02 -4.03622920e-33
 -8.01580176e-02 -8.82249605e-03  2.58626807e-02  3.99079500e-03
 -1.07474374e-02  1.74471121e-02 -8.24942589e-02  8.91010929e-03
  3.96371596e-02  4.33711037e-02  1.71084190e-03  4.10438180e-02
 -3.86927165e-02  1.53444577e-02  1.56267762e-01 -3.87740359e-02
 -7.03632832e-02 -1.49505530e-02 -3.49691957e-02 -2.89384406e-02
 -6.37384281e-02 -4.11337987e-02  1.19915530e-02  7.45342672e-02
  5.27810305e-02 -2.46155914e-02  4.26798873e-02 -1.63724890e-03
 -9.50283110e-02  1.19947707e-02  3.26365680e-02  8.74502510e-02
 -3.68860252e-02  2.58748699e-02 -3.76419388e-02 -1.92216877e-03
 -1.61358844e-02  3.07056941e-02 -3.70856412e-02  1.52472295e-02
  3.08919866e-02  1.48484502e-02 -2.02393681e-02 -3.86365992e-03
 -4.58324840e-03  8.97688419e-03  2.78690252e-02 -9.43525694e-03
  8.27844813e-02  1.45452488e-02 -8.76179636e-02  3.98810282e-02
 -6.05558194e-02 -1.77423973e-02  7.66019300e-02  5.36756329e-02
  5.71571514e-02 -4.85578589e-02 -2.40640398e-02 -1.87923573e-02
 -6.96137920e-02  7.14154989e-02  3.29254605e-02  4.22367677e-02
  2.85024215e-02  3.58256176e-02  7.40610342e-03 -1.51260542e-02
 -1.20405992e-02 -6.62453333e-03 -1.62074976e-02 -5.69734462e-02
  7.24248588e-02 -3.06412075e-02 -2.68080109e-03 -1.58471707e-03
 -6.80811778e-02  4.91506644e-02 -3.54331657e-02  3.78065854e-02
 -1.07762575e-01 -5.48428893e-02 -4.17008922e-02 -1.44113496e-01
 -2.60670241e-02 -4.27696630e-02 -3.38119082e-02 -1.20443571e-02
  4.54759076e-02  5.96925840e-02 -1.02688195e-02 -2.94105131e-02
  2.85600051e-02  1.06803337e-02 -4.75681238e-02  2.90520839e-33
  5.86491600e-02  7.17906058e-02 -3.64436652e-03  1.61312278e-02
  2.97669210e-02 -1.02900928e-02  2.58243568e-02 -1.25413472e-02
  2.84145717e-02  1.37754083e-01 -5.78869134e-03  7.16562420e-02
  9.23580397e-03  1.13509288e-02  1.37332771e-02 -3.16810720e-02
  4.06306200e-02 -1.00538461e-03  2.61178203e-02 -3.93486880e-02
 -3.19261998e-02 -4.79927436e-02  5.63296713e-02 -4.08565030e-02
 -9.09841880e-02  6.96890578e-02 -2.51269080e-02 -2.95662247e-02
  5.80557473e-02 -2.11701375e-02 -7.31572136e-02  1.08832136e-01
 -6.14476530e-03  4.86670509e-02 -2.07826737e-02 -2.65334118e-02
  7.49226063e-02  5.84191568e-02 -5.79240806e-02 -6.70488551e-02
  3.80960037e-03 -2.35985611e-02  4.93575707e-02  7.62301460e-02
 -3.86725776e-02 -1.22202942e-02 -2.99899057e-02  1.34216473e-02
  3.59554701e-02 -3.87959229e-03  1.57813936e-01  6.36052042e-02
 -6.46427944e-02  6.19406775e-02  3.03695742e-02  4.18223478e-02
  8.85644928e-02  4.08191532e-02  4.59139841e-03  1.43290032e-03
  3.84615175e-02  3.55848297e-02  7.39319064e-03  3.98963280e-02
 -5.88195063e-02 -5.69095723e-02 -4.30582054e-02 -7.83709227e-04
  1.00804381e-01 -2.30397992e-02 -6.40608370e-03 -9.75250266e-03
 -2.60512196e-02 -4.07902747e-02 -1.34591654e-01 -6.58121854e-02
 -1.32829072e-02 -5.53626455e-02  2.30558813e-02  2.18175162e-04
 -1.06555857e-01  2.64644157e-02 -5.58971707e-03  1.10736974e-02
  7.06984252e-02 -7.03143924e-02 -4.63924147e-02 -6.26177713e-02
  4.46129628e-02  4.72617261e-02 -5.18556722e-02  4.77744490e-02
 -4.46793474e-02  1.73444618e-02 -1.22672832e-02 -1.11590062e-08
 -3.30962501e-02 -9.18546878e-03  6.34665042e-02  1.87463034e-02
  2.08474398e-02 -1.20937144e-02  5.54541759e-02  6.37765527e-02
  5.44890203e-03  4.72123884e-02  5.30556813e-02  4.42856662e-02
  9.96803716e-02  8.04387778e-02  2.63877343e-02 -2.99395565e-02
 -2.50805877e-02 -4.82458845e-02 -2.66651046e-02 -1.28486920e-02
  1.81860209e-03  2.14413367e-02 -4.90340497e-03  2.09767073e-02
  5.87991029e-02  2.02212017e-02  4.88148779e-02  6.82656765e-02
  4.54451516e-02  3.16386335e-02 -1.39792105e-02  6.24164939e-02
  4.45418619e-03 -4.05980609e-02 -5.58887534e-02 -8.99389163e-02
  2.12466251e-03 -2.47388370e-02 -5.47521785e-02 -4.02570292e-02
 -6.00877311e-03 -1.54554844e-02 -5.19999443e-03  1.07448427e-02
 -2.60415860e-02 -3.24739739e-02 -1.03892863e-01  2.52809115e-02
 -2.69586630e-02  4.87369001e-02  1.98921748e-02 -1.18908435e-01
  3.79012488e-02 -4.37777583e-03 -1.90814063e-02 -1.77523065e-02
 -2.18102541e-02  3.23890969e-02 -9.58723761e-03  1.68321021e-02
  1.42426208e-01  3.90783288e-02  5.18226102e-02 -1.24866031e-02]"
104,Biodiversity and Land Use,Environment,recycling,6,0.306,"[-8.13960209e-02  7.43737966e-02 -1.33063151e-02 -7.80706992e-03
  6.09524883e-02 -2.49008574e-02  1.26633525e-01 -4.55605388e-02
 -4.46167812e-02  1.04610557e-02  2.55039725e-02  5.34474626e-02
  2.78518647e-02  4.07743827e-02 -8.08362886e-02 -2.29279380e-02
 -5.57472594e-02  2.31153145e-02 -6.07137606e-02  2.10720301e-02
 -1.38774347e-02 -2.06025634e-02 -3.01247602e-03 -8.34793225e-03
  3.21838893e-02  1.22678846e-01 -4.80245650e-02 -2.95441728e-02
  7.81430677e-03 -9.10794586e-02  4.36503068e-02  4.47765961e-02
 -2.46734954e-02 -4.50355001e-02  4.18584608e-02  1.11650720e-01
  1.89177692e-02 -2.31687371e-02  3.84124666e-02 -6.61979616e-02
 -8.40485245e-02 -5.74074537e-02 -2.64839735e-02 -3.24107856e-02
 -1.31106507e-02 -1.51263820e-02  4.85872217e-02 -2.72998381e-02
  9.65264568e-04 -9.57836434e-02  1.65793136e-01  1.18520362e-02
 -6.55873045e-02 -3.94766405e-02  3.27627026e-02 -7.02214018e-02
  5.88974506e-02 -3.24566551e-02 -2.94601526e-02  2.47937199e-02
  4.73188646e-02 -4.37514409e-02 -7.02593848e-02  7.41739720e-02
  1.30599409e-01  2.25882679e-02  7.96140265e-03  5.90331182e-02
 -3.26061621e-02 -3.24333236e-02  4.72112047e-03  2.45586294e-03
  5.40292310e-03  1.16367284e-02  5.57997115e-02  1.69811118e-03
  6.29139766e-02 -2.15711053e-02 -6.37421981e-02  6.67570680e-02
 -7.62433745e-04 -3.10027017e-03 -1.37919448e-02 -2.28173416e-02
 -4.39838320e-02 -9.31329839e-03 -4.86921929e-02 -3.75529714e-02
  1.86827814e-03  2.05794186e-03 -2.57860329e-02  6.98852837e-02
  1.10055320e-01 -7.33231893e-04 -6.82641491e-02  2.29549464e-02
 -2.85756821e-03  1.30152388e-03  3.48651856e-02  1.96766332e-01
 -2.62765400e-02  1.11736611e-01  2.91383844e-02 -8.93517956e-02
 -4.00900319e-02 -6.82129636e-02 -4.90581729e-02  2.08954997e-02
 -1.39275854e-02  1.47459218e-02 -7.46097639e-02  1.52378799e-02
  1.18357986e-02  9.82585698e-02  4.20618430e-02  2.30186470e-02
  2.28058249e-02 -3.07186320e-02 -8.27231035e-02 -9.71937552e-03
  2.07621604e-02 -2.43702792e-02  2.10722815e-02 -3.38421501e-02
 -6.54237121e-02 -1.19140018e-02  3.08306962e-02 -4.22916309e-33
 -6.17401563e-02  2.16736887e-02  6.82332292e-02 -5.23950718e-03
  4.57318909e-02 -5.44330142e-02  3.34474333e-02  4.15165006e-04
  2.27231625e-02 -2.87475102e-02  5.32029159e-02  6.04076162e-02
 -3.65395397e-02  1.30400406e-02  4.13388088e-02 -4.29097079e-02
 -3.66026722e-02  8.85148346e-02 -3.01630106e-02 -7.45295510e-02
 -3.43778990e-02  5.87983653e-02  1.80969499e-02  5.17290086e-02
  8.41782242e-02 -5.53758591e-02  1.48495734e-02 -5.36077581e-02
  4.16758396e-02 -1.42662795e-02  6.54878318e-02  9.67347547e-02
 -6.45886511e-02 -4.76710685e-03 -1.26743997e-02  9.01656784e-03
 -4.42656428e-02  1.03756040e-02 -2.31947955e-02 -1.16515588e-02
  4.20572087e-02  4.05962057e-02  1.58582267e-03  5.43348119e-02
  5.42978570e-02 -4.64712419e-02  7.69230872e-02  4.88549881e-02
 -1.12000212e-01  2.30531227e-02  7.32542574e-03  4.51278053e-02
 -5.52108325e-02 -1.66703481e-02 -6.14281967e-02 -5.44722416e-02
  5.65017611e-02 -6.73879310e-02  1.25904884e-02 -3.80694531e-02
  8.59309062e-02  1.32356808e-01 -1.43580651e-02  3.38314176e-02
  5.10918628e-03  4.57067117e-02  7.12909410e-03  4.89476509e-02
  7.78654777e-03  8.50083400e-03 -2.96232756e-03 -3.41783091e-02
 -5.41976206e-02  6.80930121e-03  6.82012504e-03  1.43538266e-02
  2.56515350e-02 -3.51544246e-02 -1.73889026e-02 -5.61935604e-02
 -7.89480433e-02 -2.94103026e-02 -2.20319871e-02 -5.55613153e-02
 -2.46226676e-02 -3.93982604e-02  3.23377475e-02 -4.92571667e-02
  9.41746160e-02  1.88866723e-02 -3.41791958e-02 -1.94446091e-02
  1.72878634e-02 -7.79484883e-02 -3.63265574e-02  2.17579045e-33
  2.07724087e-02 -1.88881457e-02  5.86667983e-03  2.36154180e-02
 -2.78596748e-02 -8.15424547e-02 -8.22589770e-02  3.04622208e-05
  2.54513919e-02 -3.28838155e-02 -1.35532796e-01  9.41799022e-03
  1.00463368e-01  5.91130815e-02  2.63636932e-02  5.10709174e-03
  2.80277468e-02 -1.11699002e-02 -8.37818161e-02 -5.94238937e-02
 -1.48191573e-02  3.29346620e-02  4.56331745e-02  7.88149331e-03
 -9.89717692e-02  2.45113745e-02 -6.96911439e-02 -4.45830598e-02
  1.35274187e-01 -3.64010856e-02 -1.66840907e-02 -8.47200453e-02
  2.59643905e-02  2.91280393e-02  8.94094352e-03 -2.13818830e-02
  1.81138534e-02  5.88418450e-03  1.12521332e-02 -2.92249899e-02
  3.37381102e-02  2.50681955e-02 -8.21285471e-02  9.06836689e-02
 -4.42093387e-02 -4.78648804e-02 -7.30285570e-02  2.91421749e-02
  1.16891675e-01 -1.80464983e-02  5.24329506e-02  4.17044014e-03
 -4.85813022e-02 -8.75529647e-02  1.09708821e-02  9.74202007e-02
  6.06933311e-02 -3.85918305e-03 -2.86528021e-02 -2.86086723e-02
 -2.19413196e-03  3.99789736e-02 -5.30282110e-02  3.75743769e-02
 -3.28535326e-02 -3.62221077e-02  7.94271827e-02 -1.18388664e-02
 -1.11913465e-01  3.23506101e-04  2.66725998e-02  6.75049946e-02
 -1.11613013e-02 -5.42625636e-02 -1.01670716e-02  1.49092656e-02
 -8.13185349e-02  7.69144222e-02 -2.05587503e-02 -1.32505279e-02
 -4.87530753e-02 -9.09791701e-03 -1.78046431e-02  2.39606891e-02
 -1.96851343e-02 -1.18577786e-01 -5.34095219e-04 -7.15091228e-02
 -4.57090838e-03 -1.30405743e-02 -3.54233049e-02 -2.80283485e-02
 -9.96226352e-03  1.23563483e-01  5.76622300e-02 -1.11764713e-08
 -3.71925952e-03  1.36770932e-02  3.44722755e-02  7.04817399e-02
  3.01307440e-02  2.23791581e-02  8.04418698e-02  8.87228474e-02
  1.20897228e-02 -2.54051425e-02 -8.55117571e-03  2.88650785e-02
 -2.58240681e-02  4.93867733e-02 -9.63989645e-03 -2.00312175e-02
  1.60893742e-02 -2.56805122e-02 -5.16974442e-02  2.16505136e-02
 -4.27357219e-02 -4.50568274e-02  8.17475766e-02  5.83275370e-02
 -1.67514253e-02 -3.96273099e-03  8.77369642e-02  7.91348070e-02
  1.75814871e-02  5.39415404e-02  1.11995917e-02  2.43605375e-02
 -2.50032209e-02  7.63853500e-03 -5.34890741e-02 -8.18706229e-02
  5.73295075e-03  1.73457637e-02 -3.27634588e-02 -2.59189829e-02
 -3.39971036e-02 -3.06518301e-02 -5.67845330e-02  3.04745976e-02
  1.66823212e-02 -7.10061565e-02 -6.98316544e-02  4.06269804e-02
 -1.69220418e-02  1.38978579e-03 -4.36771922e-02 -1.58822350e-02
  1.35393515e-02  6.18445575e-02  4.57181409e-02  6.28312081e-02
  1.93733890e-02  5.68203591e-02 -4.09712642e-03  3.42562646e-02
  1.27210215e-01 -1.65375359e-02  7.63019100e-02 -4.24686931e-02]"
105,Toxic Emissions and Waste,Environment,emissions,2,0.773,"[ 1.68955065e-02  9.36585739e-02  7.92850479e-02  5.87679483e-02
  9.59585458e-02 -2.11120453e-02  1.03124231e-01 -9.04076546e-03
  8.36734101e-03  1.42491963e-02  3.71764321e-03 -6.95867911e-02
 -3.58618982e-02  2.06573494e-02  5.56268933e-05  4.00823615e-02
 -1.85057744e-02  2.34444160e-02 -7.75493085e-02 -5.21299280e-02
 -9.46655218e-03  4.97749262e-02 -9.04355384e-03  7.09303655e-03
 -1.86955724e-02  2.26828679e-02 -6.84679300e-02  3.14821042e-02
  4.08764780e-02 -4.44138832e-02  1.97886545e-02  2.14567240e-02
 -6.44464120e-02 -1.03730345e-04 -2.22288445e-03 -5.79683557e-02
  3.16489041e-02  3.43721770e-02 -2.84770736e-03 -9.81333572e-03
 -7.09313899e-02 -1.39297441e-01  2.83838157e-03 -7.16264248e-02
 -7.14841336e-02 -4.24277969e-03  5.04886881e-02 -5.25026508e-02
  1.42580131e-02 -7.90788531e-02  9.19329971e-02 -3.21160369e-02
 -7.57488385e-02 -1.13881761e-02  5.01472801e-02 -1.04409747e-01
  1.28818927e-02 -1.44954147e-02 -1.64189041e-02 -4.13138606e-02
  3.77394035e-02 -1.07944809e-01 -6.36491179e-02  8.87315813e-03
  8.60026479e-02  3.08571514e-02 -2.21264223e-03  1.18236654e-02
 -2.66484842e-02  4.52702589e-05 -4.68132261e-04 -5.38278930e-02
 -6.41406104e-02 -1.12312563e-01  9.17597394e-03 -4.02649418e-02
  8.24032817e-03  4.55933176e-02  1.24848716e-01 -5.01362346e-02
  5.13853617e-02  5.30596031e-03 -9.72677097e-02  1.25556430e-02
  8.75397325e-02  3.46321985e-03  7.73293315e-04 -4.42692786e-02
 -7.02242479e-02  3.89840938e-02 -5.56134991e-02 -2.84873080e-02
  1.61209628e-01  2.33280081e-02 -5.10408394e-02  5.07287495e-02
  8.83493721e-02  5.06951986e-03  7.52978027e-02  9.80228260e-02
 -5.11002773e-03  8.50361064e-02 -1.13648191e-01 -1.31362006e-02
 -1.06480390e-01 -2.03642529e-03 -1.39648682e-02  5.01670018e-02
  1.57648139e-02 -2.83980276e-02 -2.52152942e-02 -2.27715541e-02
 -4.13170345e-02 -2.99845599e-02  1.86950788e-02 -1.59726609e-02
  7.98784047e-02  1.46587018e-03 -4.97281663e-02 -7.54753640e-03
 -5.78167848e-02 -6.22134143e-03 -7.48370681e-03  4.51362096e-02
  4.25361842e-02 -1.05911195e-01  4.11083624e-02 -4.03622920e-33
 -8.01580176e-02 -8.82249605e-03  2.58626807e-02  3.99079500e-03
 -1.07474374e-02  1.74471121e-02 -8.24942589e-02  8.91010929e-03
  3.96371596e-02  4.33711037e-02  1.71084190e-03  4.10438180e-02
 -3.86927165e-02  1.53444577e-02  1.56267762e-01 -3.87740359e-02
 -7.03632832e-02 -1.49505530e-02 -3.49691957e-02 -2.89384406e-02
 -6.37384281e-02 -4.11337987e-02  1.19915530e-02  7.45342672e-02
  5.27810305e-02 -2.46155914e-02  4.26798873e-02 -1.63724890e-03
 -9.50283110e-02  1.19947707e-02  3.26365680e-02  8.74502510e-02
 -3.68860252e-02  2.58748699e-02 -3.76419388e-02 -1.92216877e-03
 -1.61358844e-02  3.07056941e-02 -3.70856412e-02  1.52472295e-02
  3.08919866e-02  1.48484502e-02 -2.02393681e-02 -3.86365992e-03
 -4.58324840e-03  8.97688419e-03  2.78690252e-02 -9.43525694e-03
  8.27844813e-02  1.45452488e-02 -8.76179636e-02  3.98810282e-02
 -6.05558194e-02 -1.77423973e-02  7.66019300e-02  5.36756329e-02
  5.71571514e-02 -4.85578589e-02 -2.40640398e-02 -1.87923573e-02
 -6.96137920e-02  7.14154989e-02  3.29254605e-02  4.22367677e-02
  2.85024215e-02  3.58256176e-02  7.40610342e-03 -1.51260542e-02
 -1.20405992e-02 -6.62453333e-03 -1.62074976e-02 -5.69734462e-02
  7.24248588e-02 -3.06412075e-02 -2.68080109e-03 -1.58471707e-03
 -6.80811778e-02  4.91506644e-02 -3.54331657e-02  3.78065854e-02
 -1.07762575e-01 -5.48428893e-02 -4.17008922e-02 -1.44113496e-01
 -2.60670241e-02 -4.27696630e-02 -3.38119082e-02 -1.20443571e-02
  4.54759076e-02  5.96925840e-02 -1.02688195e-02 -2.94105131e-02
  2.85600051e-02  1.06803337e-02 -4.75681238e-02  2.90520839e-33
  5.86491600e-02  7.17906058e-02 -3.64436652e-03  1.61312278e-02
  2.97669210e-02 -1.02900928e-02  2.58243568e-02 -1.25413472e-02
  2.84145717e-02  1.37754083e-01 -5.78869134e-03  7.16562420e-02
  9.23580397e-03  1.13509288e-02  1.37332771e-02 -3.16810720e-02
  4.06306200e-02 -1.00538461e-03  2.61178203e-02 -3.93486880e-02
 -3.19261998e-02 -4.79927436e-02  5.63296713e-02 -4.08565030e-02
 -9.09841880e-02  6.96890578e-02 -2.51269080e-02 -2.95662247e-02
  5.80557473e-02 -2.11701375e-02 -7.31572136e-02  1.08832136e-01
 -6.14476530e-03  4.86670509e-02 -2.07826737e-02 -2.65334118e-02
  7.49226063e-02  5.84191568e-02 -5.79240806e-02 -6.70488551e-02
  3.80960037e-03 -2.35985611e-02  4.93575707e-02  7.62301460e-02
 -3.86725776e-02 -1.22202942e-02 -2.99899057e-02  1.34216473e-02
  3.59554701e-02 -3.87959229e-03  1.57813936e-01  6.36052042e-02
 -6.46427944e-02  6.19406775e-02  3.03695742e-02  4.18223478e-02
  8.85644928e-02  4.08191532e-02  4.59139841e-03  1.43290032e-03
  3.84615175e-02  3.55848297e-02  7.39319064e-03  3.98963280e-02
 -5.88195063e-02 -5.69095723e-02 -4.30582054e-02 -7.83709227e-04
  1.00804381e-01 -2.30397992e-02 -6.40608370e-03 -9.75250266e-03
 -2.60512196e-02 -4.07902747e-02 -1.34591654e-01 -6.58121854e-02
 -1.32829072e-02 -5.53626455e-02  2.30558813e-02  2.18175162e-04
 -1.06555857e-01  2.64644157e-02 -5.58971707e-03  1.10736974e-02
  7.06984252e-02 -7.03143924e-02 -4.63924147e-02 -6.26177713e-02
  4.46129628e-02  4.72617261e-02 -5.18556722e-02  4.77744490e-02
 -4.46793474e-02  1.73444618e-02 -1.22672832e-02 -1.11590062e-08
 -3.30962501e-02 -9.18546878e-03  6.34665042e-02  1.87463034e-02
  2.08474398e-02 -1.20937144e-02  5.54541759e-02  6.37765527e-02
  5.44890203e-03  4.72123884e-02  5.30556813e-02  4.42856662e-02
  9.96803716e-02  8.04387778e-02  2.63877343e-02 -2.99395565e-02
 -2.50805877e-02 -4.82458845e-02 -2.66651046e-02 -1.28486920e-02
  1.81860209e-03  2.14413367e-02 -4.90340497e-03  2.09767073e-02
  5.87991029e-02  2.02212017e-02  4.88148779e-02  6.82656765e-02
  4.54451516e-02  3.16386335e-02 -1.39792105e-02  6.24164939e-02
  4.45418619e-03 -4.05980609e-02 -5.58887534e-02 -8.99389163e-02
  2.12466251e-03 -2.47388370e-02 -5.47521785e-02 -4.02570292e-02
 -6.00877311e-03 -1.54554844e-02 -5.19999443e-03  1.07448427e-02
 -2.60415860e-02 -3.24739739e-02 -1.03892863e-01  2.52809115e-02
 -2.69586630e-02  4.87369001e-02  1.98921748e-02 -1.18908435e-01
  3.79012488e-02 -4.37777583e-03 -1.90814063e-02 -1.77523065e-02
 -2.18102541e-02  3.23890969e-02 -9.58723761e-03  1.68321021e-02
  1.42426208e-01  3.90783288e-02  5.18226102e-02 -1.24866031e-02]"
106,Toxic Emissions and Waste,Environment,pollution,1,0.6847,"[-7.90520478e-03  5.44987097e-02  8.17528814e-02  1.91137437e-02
  1.00608595e-01  2.74925716e-02  1.43466786e-01 -2.74727121e-02
 -4.51329909e-02  4.21834812e-02  2.08130963e-02 -6.38899207e-02
 -2.43091397e-02  1.55049155e-03 -6.62720874e-02  8.76421016e-03
 -9.64731723e-03 -1.94084942e-02 -1.14794031e-01 -2.51973756e-02
 -1.29508702e-02  7.27783889e-02 -2.92377602e-02  4.10004548e-04
 -7.27999732e-02  7.35225305e-02 -3.55388187e-02 -2.51354817e-02
  3.98595631e-02 -7.19994232e-02  2.10516993e-02  1.04605816e-01
 -2.94946171e-02 -8.10663402e-02 -5.11522219e-02 -3.88816325e-03
  2.15115454e-02 -1.99262258e-02  1.28573654e-02 -6.91313669e-03
 -4.94945645e-02 -6.41008019e-02 -1.41691035e-02 -4.12137620e-02
 -6.75623417e-02 -1.89119279e-02  2.49290541e-02 -2.96633970e-02
  5.81166781e-02 -5.70107438e-02  3.54425646e-02  4.52658683e-02
 -7.68482462e-02 -3.46176103e-02  5.20046540e-02 -1.45308942e-01
 -7.31486082e-03 -3.18758413e-02 -1.48805240e-02 -4.09104861e-02
  2.59431247e-02 -6.41232356e-02 -4.46734317e-02  3.34370509e-02
  1.56137630e-01 -2.63866666e-03 -5.83651736e-02  1.07617222e-01
 -2.22573895e-02  1.70570128e-02  1.50221456e-02 -1.57974027e-02
 -4.11944278e-02 -8.84392038e-02  1.77244674e-02  1.17093325e-02
  1.22193042e-02 -7.06873136e-03  9.29541364e-02 -5.21070994e-02
  6.55326098e-02 -6.32334426e-02 -3.23255882e-02  1.79647673e-02
  7.15413764e-02  4.24959790e-03 -1.42274220e-02 -2.78596543e-02
 -3.75967771e-02  2.33813701e-03 -1.24364882e-03 -3.91537473e-02
  5.83998263e-02  2.82205883e-02 -7.66967908e-02  8.94793198e-02
  3.85941379e-02 -2.52992325e-02  4.70869280e-02  1.91226050e-01
 -2.07717381e-02  5.25664911e-02 -1.13676034e-01 -1.84558779e-02
 -6.80296635e-03 -3.46649401e-02 -3.63231041e-02 -5.23698097e-03
  2.21606903e-02  5.44490867e-05 -7.82308728e-02 -2.26146076e-02
  5.27908979e-03  1.62495840e-02  1.09869260e-02  1.48561383e-02
  1.39500573e-01 -8.15436170e-02 -7.38389567e-02 -4.67392132e-02
 -4.70905453e-02 -4.18295115e-02 -9.81084630e-02  7.31741562e-02
  2.53133681e-02 -6.59879074e-02 -5.70368208e-03 -5.57211579e-33
 -3.60236689e-02 -6.71105757e-02  9.03287828e-02  5.66231161e-02
 -5.28004356e-02  2.11957246e-02 -2.58772988e-02 -4.26854156e-02
  3.96507941e-02  7.59685552e-03 -1.54841994e-03 -1.45151373e-02
 -7.28385746e-02  3.75293009e-02  1.26638800e-01 -3.17501239e-02
 -3.39503102e-02 -3.49705890e-02  9.78368986e-03 -4.00683284e-02
 -3.40170600e-02 -2.81585641e-02 -5.22384532e-02  5.43373339e-02
  1.08368751e-02 -3.01967841e-02  5.09902872e-02 -1.04514612e-02
 -2.45615784e-02  2.52273250e-02  8.61447304e-02  8.48177895e-02
 -7.37610459e-02  1.29686603e-02 -1.92455314e-02 -3.63864824e-02
 -6.10596016e-02  4.24708948e-02 -2.62787882e-02 -1.73041392e-02
 -5.39123714e-02  1.91688421e-03 -5.79800382e-02  7.73337530e-03
  3.71160693e-02 -7.99147761e-04  1.79838482e-02 -1.22398604e-02
  1.06034549e-02 -4.22015451e-02 -4.70663607e-02  5.56428991e-02
 -4.98145185e-02 -2.68402640e-02  2.54878458e-02  4.94229607e-03
  6.56441301e-02 -8.80440027e-02 -9.32242349e-03  1.58920009e-02
 -1.41578633e-03  1.31097779e-01 -4.87660691e-02  4.58903201e-02
  1.04400262e-01  2.66095363e-02  6.36588410e-02  1.49942534e-02
  3.14726867e-02 -2.99647301e-02  2.02217028e-02 -4.14808057e-02
  1.45270927e-02  3.96846645e-02 -2.30471361e-02  1.57809164e-02
 -6.88521471e-03  1.40332791e-03 -3.62952128e-02  5.49958795e-02
 -4.21332978e-02 -1.17086880e-02 -2.19793674e-02 -6.20414354e-02
  2.21736962e-03 -3.71964229e-03 -2.47612670e-02 -9.67628509e-03
  7.42080202e-03  4.34576981e-02 -5.77940606e-03  6.66313525e-03
  2.72328872e-02 -3.49727124e-02 -6.56142682e-02  3.14645895e-33
  1.09393178e-02  3.25170048e-02 -1.97192188e-02  2.19352599e-02
 -3.76558106e-04 -4.86286953e-02 -7.35993497e-03  1.07036931e-02
  9.57945809e-02  1.29217371e-01 -6.19237497e-02  7.31460750e-02
  9.45756063e-02 -1.32908886e-02  3.67135368e-02 -3.41237038e-02
  9.18354932e-03  5.75912558e-02 -3.96092981e-02 -3.92990373e-02
 -5.12662940e-02 -4.70869280e-02  3.72802466e-02  1.69790499e-02
 -8.49820152e-02  5.46466783e-02 -9.21960995e-02 -2.96493713e-02
  7.06898421e-02 -3.55169736e-02 -1.65183265e-02  1.05418883e-01
 -4.22301404e-02  3.52311209e-02 -2.26922184e-02  3.76085006e-02
  3.27187628e-02  2.99328961e-03 -2.48505846e-02 -1.59115940e-02
 -9.29333456e-03 -4.73296419e-02  7.33585954e-02  6.56151846e-02
  1.63130481e-02 -6.94937306e-03 -4.85979691e-02  2.25522351e-02
  3.36373597e-02 -4.54320423e-02  1.08033799e-01  8.56010169e-02
 -4.45125811e-02  3.59510258e-02  6.98662400e-02  6.30282834e-02
  5.38665652e-02 -1.07228905e-02  1.67914275e-02  8.95270612e-03
  6.50654137e-02  6.89960793e-02 -8.05894509e-02  5.44816591e-02
 -1.05012089e-01  2.05840543e-02  2.62759044e-03  1.74792446e-02
  6.63980544e-02 -3.94092947e-02 -1.07516637e-02 -7.82206189e-03
 -6.57114238e-02 -3.52348685e-02 -1.08443439e-01 -2.21536998e-02
 -3.32501978e-02  8.97195712e-02  3.07587162e-02 -1.86818885e-03
 -2.12043449e-02  3.45546715e-02  7.55087938e-03  1.87940337e-02
  4.45252545e-02 -1.17251545e-01 -1.68662723e-02 -9.46245492e-02
  1.99276973e-02 -4.72733900e-02 -5.78265786e-02 -3.20362207e-03
 -1.27147853e-01  1.31719457e-02 -3.04598324e-02 -1.19493517e-08
  4.67641931e-03 -4.47406210e-02  5.23157939e-02 -2.85782269e-03
 -2.91659180e-02 -2.37885844e-02  6.64871931e-02  1.30100593e-01
  1.68028828e-02  7.11469427e-02  3.99089325e-03  4.46091481e-02
  5.95045313e-02  3.20710614e-02  1.75685100e-02 -2.72005349e-02
 -1.05131306e-02 -4.74207513e-02 -3.78597826e-02 -8.81875120e-03
  5.54702692e-02  1.71813574e-02 -4.27608239e-03  2.17462163e-02
 -1.11070145e-02 -1.53221618e-02  7.15392083e-02  1.32696573e-02
  3.84311415e-02  1.39276125e-02  2.27134153e-02  4.70850877e-02
 -7.09303319e-02 -2.36489903e-02 -6.00164123e-02 -7.24491924e-02
  3.65170352e-02 -6.15592673e-02 -2.59951837e-02 -4.16978374e-02
 -1.21531989e-02  5.99943362e-02 -2.31904238e-02  9.03758593e-03
  6.91594258e-02 -5.60587309e-02  7.75049161e-03  3.56948599e-02
 -5.59185259e-03  5.07639954e-03 -7.35345390e-03 -3.69453691e-02
  5.47187850e-02  1.83569323e-02  3.64365499e-03 -1.15846535e-02
 -1.05402190e-02  4.03815433e-02 -2.62166467e-02 -1.39888376e-02
  1.28721461e-01  5.93896247e-02  3.06126941e-02  5.73256984e-02]"
107,Toxic Emissions and Waste,Environment,waste,15,0.6008,"[ 1.15807625e-02  9.73809659e-02 -6.98507996e-04  2.13104617e-02
  6.35843948e-02 -1.91334691e-02  1.49126455e-01 -1.54187018e-02
  4.06387672e-02  9.25249700e-03 -3.95688042e-02 -4.89042513e-02
 -1.86768062e-02  3.52149755e-02 -5.12933731e-02 -8.99680611e-03
 -1.71735382e-03  3.95571738e-02 -6.33638278e-02 -4.12587225e-02
  5.15112355e-02 -5.25349053e-03  3.17504071e-02  1.48192672e-02
 -3.32652545e-03  6.55189902e-02  2.44619772e-02 -6.23075068e-02
  7.45920232e-03 -6.66781068e-02  6.11038916e-02  5.97657748e-02
  4.62012030e-02 -6.61172271e-02 -2.95084976e-02  6.76814467e-02
  3.90645713e-02 -4.43955447e-04  3.64717692e-02 -1.42031675e-02
 -2.80895531e-02 -5.46513423e-02  3.64782102e-02  3.12939100e-02
 -6.16373159e-02  7.12020614e-04 -1.28249284e-02 -5.99853769e-02
  4.86061350e-02 -4.99448404e-02  1.40072435e-01 -3.68996933e-02
 -3.56917083e-02 -3.02305091e-02  5.52938282e-02 -6.12651482e-02
 -8.51954427e-03 -1.45855627e-03 -5.87395355e-02 -1.37689086e-02
  3.44503745e-02  4.13487060e-03 -4.64072004e-02  2.31864434e-02
  1.13498062e-01  1.45126143e-02 -7.89273717e-03  4.14622426e-02
 -1.55410757e-02 -1.77840702e-02 -5.20770773e-02  3.04903579e-03
 -3.35365497e-02 -4.45792153e-02 -3.94028565e-03  3.24810967e-02
  1.05473980e-01 -5.13587855e-02 -6.05103932e-03  3.24499719e-02
 -9.21349898e-02 -2.13631019e-02 -2.55942568e-02  6.58392534e-03
  2.37928424e-02 -1.31993927e-03 -5.63175716e-02 -1.61397643e-02
 -6.97012469e-02 -3.33605446e-02 -3.12007274e-02  6.37591630e-02
  1.07347451e-01 -6.00825250e-03 -6.30690008e-02 -3.35829263e-03
  2.30889954e-02 -5.65334223e-03 -1.00356555e-02  2.29675546e-01
 -1.50916278e-02  1.27145290e-01  5.41788526e-02 -2.87406091e-02
 -1.98681344e-04 -2.05947440e-02 -2.94991024e-02  7.97188058e-02
  3.25652845e-02  7.05084857e-03 -4.03072275e-02 -2.06478573e-02
  4.32064086e-02  1.08537540e-01  1.39450282e-02  7.17265829e-02
 -6.15109457e-03 -1.04467133e-02 -6.40025735e-02  2.47054752e-02
 -5.53050414e-02  2.28282847e-02 -2.27254722e-03  1.63819287e-02
 -6.77958876e-02 -1.23624377e-01  3.79518904e-02 -5.53731785e-33
 -3.73991132e-02  5.54588251e-03  7.57514238e-02 -9.71137825e-03
 -6.10644594e-02 -9.40712616e-02  4.55099791e-02 -1.37423696e-02
  2.00962294e-02 -3.29880565e-02 -1.38192177e-02 -7.55293574e-03
 -9.61888805e-02  3.60480212e-02  3.01475581e-02 -3.09833977e-02
  1.19558694e-02  8.38506371e-02  3.98440547e-02 -3.91651317e-02
 -2.48593036e-02  8.49769264e-02  3.45118373e-04 -5.50138317e-02
  3.77297364e-02 -6.59213960e-02 -1.33952964e-03 -6.77169263e-02
 -2.33129617e-02  5.93838049e-03  2.30666163e-04  4.49451841e-02
 -3.72669436e-02  1.33668557e-02 -5.48742414e-02 -3.21121551e-02
 -2.19539204e-03  7.41222426e-02 -5.82775846e-02 -7.53690302e-02
  2.43869424e-02  3.36698890e-02 -1.89594552e-02  1.54320635e-02
  2.97781508e-02 -2.25014761e-02  6.57931715e-02  2.08555292e-02
 -4.20312695e-02  5.35309575e-02  5.53189823e-03 -5.44570573e-03
 -8.58107507e-02  2.36000903e-02 -3.18719782e-02 -8.54738653e-02
  7.51221478e-02 -7.39343464e-02  3.35187353e-02 -6.08853437e-02
  8.98584425e-02  1.04996294e-01 -1.10794760e-01  5.69099635e-02
 -2.12459918e-02  2.72289058e-03 -1.61118396e-02  1.04007893e-04
  1.85631830e-02  2.99198739e-02 -6.13666102e-02 -4.87712361e-02
  5.87913431e-02  4.94857207e-02  3.30805331e-02 -1.42837083e-02
 -5.32847755e-02 -5.48297241e-02 -2.42793635e-02 -3.10263541e-02
 -3.76677401e-02 -5.99774048e-02 -7.15606436e-02 -4.91926447e-02
  8.02219752e-03  1.85350468e-03  5.42846099e-02 -5.33580706e-02
  2.27671228e-02 -4.12834669e-03 -4.57724147e-02 -5.94009412e-03
  4.12846543e-02 -4.95002270e-02 -1.35021575e-03  5.10776320e-33
  4.63753752e-02  2.11674068e-02 -1.13167772e-02  1.10830575e-01
 -2.95047015e-02 -2.65655108e-02 -1.15724886e-02 -2.31377464e-02
  2.02590842e-02  6.29064962e-02 -8.80133137e-02 -9.36019048e-03
  5.44255376e-02  2.89294254e-02  4.21526730e-02  1.10634072e-02
  7.73235261e-02 -4.00339663e-02 -7.28548840e-02 -6.84586093e-02
  9.29681212e-03  4.43192013e-02  7.83134066e-03 -7.16151819e-02
 -8.27828497e-02  3.77772935e-02  4.06872630e-02  2.35990118e-02
  1.67508274e-02 -3.95451412e-02  2.12834273e-02  1.71526577e-02
 -3.02555095e-02 -1.57511216e-02  2.05855025e-03  3.82414572e-02
  2.26367451e-02  1.05669320e-01 -1.74530447e-02 -1.39653180e-02
  1.14043429e-02 -5.64515255e-02 -3.60019058e-02  8.85496289e-02
 -4.02696840e-02 -2.67771240e-02  6.35886099e-03 -5.49496040e-02
  8.28344226e-02  1.51879305e-03  1.25894427e-01  2.54136138e-02
 -4.28808331e-02 -3.01823132e-02  1.66823193e-02  6.19317293e-02
 -2.90289968e-02  3.07706445e-02 -2.90692877e-02 -8.77464563e-03
  3.91315576e-03  7.78489187e-02 -3.76698673e-02 -7.50400545e-03
 -6.73543364e-02 -4.20985110e-02  1.18528958e-03  4.55969758e-03
 -4.66119163e-02  5.65877669e-02 -9.07353358e-04  3.93600874e-02
 -4.28591333e-02  2.10785051e-03 -2.85166129e-02 -1.54327191e-02
 -5.16128950e-02  2.01234259e-02  4.57177833e-02 -1.63440790e-03
 -4.49312478e-02 -5.10981642e-02  6.76887995e-03 -3.92862130e-03
  5.23435213e-02 -4.57690507e-02 -1.73355862e-02 -1.13678891e-02
 -4.86650914e-02 -1.44531420e-02  1.24804862e-02  9.02323009e-05
 -7.59218261e-03  1.04564451e-01  6.92018634e-03 -1.35037004e-08
 -2.58256290e-02  3.15467827e-02  2.13945471e-02  1.01330139e-01
 -4.66905395e-03 -2.85639167e-02  1.69304628e-02  9.06555504e-02
  4.62054387e-02  6.45686835e-02  2.65646633e-02 -2.02385504e-02
  4.18260843e-02  8.54203850e-02  4.51954864e-02 -2.04939339e-02
 -6.80460036e-02 -9.17756259e-02 -6.03778623e-02  7.29679922e-03
 -3.71522382e-02 -6.66363537e-02 -7.16577470e-02  3.14636081e-02
  4.31618802e-02 -4.25182693e-02  4.94967699e-02  1.40355453e-01
  3.38030532e-02  5.50542325e-02  7.37328008e-02  6.04257695e-02
 -5.10080606e-02  1.02884620e-02 -4.76047508e-02 -5.04162163e-02
  8.76253098e-02 -4.46997508e-02  7.46864220e-03  9.34263095e-02
 -4.47558053e-02 -4.50107306e-02 -7.37689761e-03 -2.45370921e-02
 -2.61240322e-02 -5.81543222e-02 -2.91897189e-02  7.61611713e-03
 -8.34084153e-02 -2.71410635e-03  2.38543116e-02 -5.78575544e-02
  1.30021758e-02  7.42913634e-02  8.47703591e-02 -3.32353860e-02
  5.36534600e-02  3.28482650e-02 -1.77790187e-02  5.44883683e-02
  2.14669913e-01 -1.73637662e-02  7.81076998e-02 -3.13830264e-02]"
108,Toxic Emissions and Waste,Environment,environmental,7,0.5523,"[ 2.94234902e-02  5.93595803e-02  4.65510637e-02  4.03250083e-02
  9.25535038e-02 -4.37608361e-02  9.30055305e-02 -2.79142596e-02
 -1.56695694e-02  4.91698682e-02  1.46241812e-02 -1.21006437e-01
 -3.04237474e-02  2.63481140e-02 -5.10410545e-03  5.66044182e-04
 -7.13069737e-02 -1.85578596e-02 -6.89479485e-02  1.00896778e-02
 -7.30881914e-02  9.15194973e-02  1.85075719e-02 -1.07861124e-02
 -1.04230046e-01  7.77317882e-02 -1.16722183e-02  6.19202703e-02
  4.40182984e-02 -6.36527315e-02  4.63096276e-02  1.35795444e-01
  7.58200958e-02 -6.41590282e-02  5.18101733e-03  8.27746168e-02
  4.76177000e-02 -3.58480364e-02  3.94728780e-02  4.79152752e-03
 -6.42248020e-02 -5.28732948e-02  5.73270023e-03 -6.61196038e-02
 -5.77181280e-02 -3.58366966e-02  2.54371241e-02 -1.10082909e-01
 -1.62164196e-02 -5.05823903e-02  2.88065579e-02  1.76714119e-02
 -9.06714574e-02  5.17519133e-04  7.01938290e-04 -9.29394811e-02
  1.48020955e-02 -1.67082194e-02 -7.69444276e-03 -2.37072427e-02
  1.29866913e-01 -4.48093787e-02 -1.06099740e-01  5.26965670e-02
  1.06077030e-01  3.21223363e-02 -4.66013290e-02  1.00679733e-01
  4.32769656e-02 -8.55781808e-02  5.51436283e-02 -3.06917331e-03
 -5.08446479e-04 -6.10806197e-02  1.47830890e-02  1.89991184e-02
 -1.33283818e-02  1.00695121e-03  5.42332865e-02 -4.69316542e-02
  9.74845588e-02 -4.55856994e-02 -7.38610104e-02 -1.03121130e-02
  8.22287276e-02 -1.22798595e-03  2.66994629e-02 -1.85170900e-02
 -2.11907700e-02  4.93032858e-02 -4.16678488e-02 -4.92380261e-02
  9.53871235e-02  1.01665733e-02 -9.53693241e-02  7.97835737e-02
  1.98846236e-02 -7.00567737e-02  2.11661849e-02  1.90571442e-01
 -4.41129096e-02  1.80129707e-02 -9.12160203e-02  2.78086774e-02
 -2.22663675e-03 -6.64783344e-02 -1.42638823e-02  3.96965295e-02
  2.63188872e-02  1.02832941e-02 -7.21670091e-02 -3.38842161e-02
 -3.14766541e-02  4.17146832e-02  3.38467099e-02  1.50637059e-02
  7.41173998e-02 -6.19875714e-02  4.97951359e-02 -1.73714161e-02
 -4.86150756e-03 -9.07943211e-03 -3.00881285e-02  3.37274820e-02
  4.05693194e-03 -8.36046636e-02  6.07936783e-03 -5.46133059e-33
  3.68937552e-02 -6.70837611e-02  8.19897130e-02 -6.14337921e-02
  2.70767137e-02  6.24167882e-02 -3.54157872e-02 -2.46629119e-02
 -6.25555031e-03  3.03228237e-02  2.62551736e-02  5.26719168e-02
 -6.63965270e-02  5.44198900e-02  1.51424214e-01 -1.69193372e-02
 -1.07613273e-01  3.02188937e-02 -2.79522454e-03  2.57840939e-03
 -2.31366828e-02  3.09065972e-02 -3.88305336e-02  5.96017949e-02
  5.74983917e-02 -6.55676201e-02  6.48263842e-02 -4.32679802e-02
 -2.42338162e-02  9.78320092e-03  7.95183107e-02  3.53806205e-02
 -4.30563688e-02 -9.09336656e-03  4.24328409e-02 -1.84061099e-02
 -4.89720814e-02  5.78875653e-02 -3.62631120e-02 -4.35453393e-02
 -2.11544838e-02  1.16679142e-03  2.90663149e-02  2.98514627e-02
  4.84351553e-02 -1.15346564e-02  4.62590046e-02  1.45283109e-02
 -3.13730463e-02  2.48040687e-02 -3.81848253e-02  4.39743400e-02
 -3.34139131e-02 -2.91978735e-02  7.10950699e-03 -6.28487673e-03
  7.14248046e-02 -2.07667667e-02 -3.75941768e-02 -1.34372786e-02
  2.66693849e-02  1.77349672e-01 -4.04703915e-02 -1.09065333e-02
  9.64723155e-02 -2.10637096e-02  3.57884094e-02  2.08221413e-02
  1.89184286e-02 -1.02257086e-02 -4.16537523e-02 -2.44810022e-02
  1.49678420e-02  2.68920287e-02 -5.72762378e-02 -2.22617146e-02
 -4.49381471e-02 -6.30477024e-03 -5.67882247e-02  5.21987006e-02
 -5.18746749e-02  2.06683632e-02 -6.46070391e-02 -2.15132236e-02
 -2.18314901e-02  8.30346067e-03 -2.32080044e-03 -5.64337857e-02
  7.04839602e-02  8.00417513e-02 -1.94831546e-02  1.05452454e-02
  1.23503404e-02  8.06189026e-04 -8.49922374e-02  3.32247344e-33
 -1.85735766e-02 -2.25647986e-02 -4.15043049e-02  2.13459246e-02
 -2.93566715e-02 -5.32729775e-02 -6.15489706e-02  2.52235439e-02
  5.56211583e-02  5.93355298e-02 -9.94036123e-02  1.09323934e-01
  9.50791091e-02  4.64330539e-02  2.44705863e-02 -5.82904853e-02
 -5.44509403e-02  5.39419614e-02  4.67187812e-04 -2.82340664e-02
 -3.01829111e-02  3.58304172e-03 -2.40244046e-02  2.49637384e-02
 -6.24447279e-02  6.91333562e-02 -3.58158462e-02 -1.99585035e-02
  2.31184792e-02  2.03754120e-02 -3.67810205e-02  3.91935818e-02
 -3.18603255e-02  6.22534230e-02 -3.80355641e-02  1.37951430e-02
  1.48286228e-03 -5.35822138e-02 -2.48922370e-02  1.18764089e-02
  2.41450090e-02  3.80402547e-03  4.24854569e-02  4.07686904e-02
 -2.21768748e-02  3.47569399e-02 -6.22857995e-02  2.74870656e-02
  2.75618676e-02 -2.35495456e-02  5.66889420e-02  5.10428436e-02
 -4.61455546e-02 -3.86656709e-02  8.24475214e-02 -1.13750910e-02
  1.25306370e-02  2.43886728e-02  3.13695753e-03  1.14133731e-02
  1.18067406e-01  9.68590677e-02 -2.37297397e-02  8.32712799e-02
 -8.81650075e-02  1.56793278e-02 -1.53318569e-02  2.54108254e-02
 -7.41499737e-02 -4.78495434e-02  6.14365505e-04  1.58856902e-02
 -9.72765237e-02 -6.27395213e-02 -7.27646202e-02 -5.65639092e-03
 -4.07611169e-02  2.63616946e-02 -3.50487866e-02  1.26121175e-02
 -4.38694954e-02  1.26560610e-02 -2.79752761e-02  2.06409711e-02
 -8.20602477e-03 -5.72121702e-02 -4.79213670e-02 -6.67885095e-02
 -6.51913229e-03 -1.23094385e-02 -1.61633715e-02  1.16000120e-02
 -1.15032032e-01  6.93974122e-02 -2.27947086e-02 -1.28662272e-08
  3.06701579e-04 -3.14678922e-02  5.92299774e-02  1.93422288e-02
 -5.51463105e-03  3.05357785e-03  1.06795311e-01  3.02069914e-02
  2.86450852e-02  6.34947568e-02 -1.41160553e-02  1.62381586e-02
  4.34507988e-02  1.06191196e-01 -1.95824225e-02 -5.16445152e-02
  5.22762677e-03 -8.68638307e-02 -4.94096614e-02  3.82326473e-03
  1.86009724e-02 -2.43300740e-02 -1.30977361e-02  4.12851274e-02
 -4.11151126e-02 -5.73971123e-02  4.89011891e-02  2.53267400e-03
  5.12218811e-02  4.92720641e-02  5.69865890e-02  9.14535522e-02
 -4.55191880e-02 -2.23763175e-02 -7.83428103e-02 -8.71393904e-02
  1.15007497e-02 -2.33703554e-02 -6.29855245e-02 -4.31614779e-02
 -5.10893613e-02  5.08135511e-03 -9.50673874e-03 -1.15847383e-02
  5.10271825e-02 -6.70967847e-02  1.27111189e-02  2.78030541e-02
  2.24319287e-03  1.70373041e-02 -3.66397686e-02 -9.30932015e-02
  3.07124555e-02  3.35388035e-02  3.71334627e-02 -1.68844108e-02
 -1.33052943e-02  1.24371490e-02 -1.88337881e-02  1.88166779e-02
  8.02235529e-02  1.68495364e-02  4.61320505e-02  4.82950173e-02]"
109,Toxic Emissions and Waste,Environment,emission,7,0.5503,"[ 2.94998772e-02  5.91365136e-02  1.81502961e-02  7.61245787e-02
  4.98048440e-02 -1.92731023e-02  1.59151182e-01  5.15860319e-03
  4.01223041e-02  3.77989598e-02  3.29430960e-02 -6.94696158e-02
 -3.46955806e-02  3.39245610e-02 -8.75358004e-04  3.38395350e-02
 -2.16641854e-02 -2.33729221e-02 -5.38264960e-02 -3.06984093e-02
 -6.69539673e-03  1.71559043e-02 -3.70280109e-02  1.39713017e-02
 -3.34659987e-03 -1.14792371e-02 -3.16729695e-02  2.09957436e-02
  5.52659370e-02 -6.95916042e-02  6.22877218e-02  5.99024398e-03
 -7.12826997e-02  2.19199378e-02  1.96487270e-03 -4.97658662e-02
  1.55386776e-02  1.74694899e-02 -1.67618003e-02  2.13316958e-02
 -3.59532908e-02 -1.27882212e-01  3.04801799e-02 -5.91664650e-02
 -4.89377119e-02 -3.65509465e-02  9.73690674e-03 -7.40567148e-02
  1.11212605e-03 -3.26300412e-02  8.53487998e-02 -5.02162203e-02
 -6.76288530e-02  4.47652675e-02  7.81870484e-02 -1.38545744e-02
 -1.29188662e-02 -2.37233154e-02 -1.63467962e-03 -9.20784026e-02
  6.61998615e-03 -7.18403831e-02 -5.75074516e-02 -1.14617432e-02
  6.52472675e-02  2.31378619e-02 -2.47930605e-02 -1.11448523e-02
  2.50071585e-02  3.38053284e-03  3.14262025e-02 -4.83856462e-02
 -1.98401716e-02 -9.33480263e-02 -1.46297934e-02 -4.18521017e-02
  3.43249217e-02  3.35101523e-02  9.09444988e-02 -5.22675924e-02
  6.31369725e-02 -1.97683740e-02 -1.04017049e-01  4.15060259e-02
  8.62075612e-02  4.04063612e-02  3.56552191e-02 -2.48433948e-02
 -7.22890273e-02  7.08423480e-02 -5.67919910e-02  2.51809582e-02
  9.74751934e-02  1.54628530e-02 -1.10256873e-01  3.71862319e-03
  9.06643048e-02 -5.68278059e-02  6.64695948e-02  1.36952087e-01
 -3.34272336e-04  3.83260995e-02 -1.07484154e-01  1.80774070e-02
 -1.12952195e-01 -3.87611389e-02  1.83830503e-02  7.67817274e-02
 -2.58866083e-02 -5.18658053e-05  2.39982475e-02 -4.88990173e-02
 -5.62314428e-02 -3.32452692e-02  2.54045669e-02  1.40461419e-02
  1.41472919e-02  2.72905938e-02 -5.24606369e-02  3.99671607e-02
 -1.79643147e-02  3.42906453e-02 -4.84320335e-02  5.11751398e-02
  1.46535682e-02 -9.21484679e-02  7.56740272e-02 -3.91525283e-33
 -5.78557141e-02 -3.61163393e-02 -2.25427188e-02  1.07195284e-02
 -1.31985941e-03  3.30117047e-02 -3.57249826e-02  1.11200558e-02
 -2.70795673e-02  1.57386065e-02  2.42060944e-02  7.43779391e-02
 -1.03191314e-02 -4.75482875e-03  1.49138078e-01 -3.72907743e-02
 -1.18407104e-02  6.65758224e-03 -4.72954176e-02 -4.16495986e-02
 -5.67444637e-02 -1.34104965e-02 -1.83899365e-02  7.04442561e-02
  2.00356301e-02  6.93879696e-03 -6.68147625e-03 -4.04940732e-02
 -8.97880644e-02  2.82012187e-02  4.89714853e-02  9.40565318e-02
 -1.49762761e-02  5.45208640e-02 -3.73191088e-02 -1.85701307e-02
 -2.09501735e-03 -3.36843805e-04  9.93746240e-03 -2.73756180e-02
 -1.04740616e-02  2.10034139e-02 -6.77312119e-03  2.98579447e-02
 -1.14079854e-02  1.17223449e-02  6.80380035e-03  1.75784919e-02
  9.84770730e-02  2.60179024e-02 -2.69158166e-02 -4.78343256e-02
 -3.83184515e-02  2.90249977e-02  8.52720067e-02  9.03379172e-02
 -5.41916396e-03  3.11017456e-03  5.09665022e-03 -3.50881852e-02
  8.34487379e-03  7.57246614e-02  3.00919153e-02  4.71319407e-02
  2.92892214e-02 -3.51276761e-03  2.54786815e-02 -2.09054891e-02
  1.74767431e-02 -2.10361965e-02 -8.86571035e-02 -4.72037718e-02
  1.11745365e-01 -3.28420438e-02  8.98257550e-03 -3.82187106e-02
 -1.82464961e-02  4.16496657e-02  1.33055672e-02  2.79440936e-02
 -1.04421876e-01 -1.16967887e-01 -1.66836195e-02 -1.38646215e-01
 -4.17758226e-02 -2.36238241e-02 -4.46858332e-02 -1.67707670e-02
 -9.17885825e-03  5.09705208e-02  3.81985120e-02 -2.53726356e-02
  6.24740757e-02  9.59649216e-03 -9.76565704e-02  3.39478948e-33
  4.38820459e-02  3.60781625e-02 -2.12793238e-02  4.46914844e-02
  4.27783504e-02  4.28020656e-02 -6.62395731e-03 -3.77972238e-02
  1.05246529e-02  1.32331118e-01  4.69699083e-03  7.34836683e-02
 -5.11140227e-02 -2.22114678e-02 -1.88522767e-02 -4.56211008e-02
  4.24680933e-02 -6.75379066e-04  5.84689789e-02 -1.45952904e-03
 -5.44864349e-02 -2.72568427e-02  1.48455026e-02 -9.48848948e-02
 -3.96682173e-02  7.92038664e-02  1.57540645e-02  1.02629531e-02
 -2.54572965e-02  1.85792241e-03 -7.23368004e-02  7.40924552e-02
 -8.31710175e-03  5.14714271e-02 -3.89645211e-02 -1.73977595e-02
  1.61421597e-01  5.01765776e-03 -7.54401162e-02 -4.77771014e-02
  1.93101112e-02  4.65675704e-02  6.67214245e-02  9.86648574e-02
 -6.15827218e-02  3.24829444e-02 -5.99363185e-02  7.24005103e-02
  3.53547670e-02  3.89692024e-03  3.51161659e-02  1.88580621e-02
 -4.25923876e-02  7.36259744e-02 -1.80200692e-02  1.95391029e-02
  8.94565433e-02  9.79664735e-03 -1.87849496e-02  3.64395827e-02
  2.32690368e-02 -3.63379605e-02  2.63036489e-02  3.28348093e-02
 -3.83388177e-02 -5.86498082e-02 -9.19558760e-03  4.20453325e-02
  9.76956263e-02 -3.78736854e-02  5.89583665e-02  2.23785490e-02
 -2.47758739e-02 -4.81468514e-02 -1.13278359e-01 -4.79161367e-02
  1.44758588e-02 -1.23695470e-01  1.48917288e-02 -6.40680045e-02
 -1.10981412e-01  5.16598597e-02 -3.37041765e-02 -3.04149631e-02
  5.63090332e-02 -7.50354975e-02 -3.85365747e-02  3.30723269e-04
  2.28738971e-02  3.85611813e-04 -1.30471345e-02  6.66866079e-02
  1.44832078e-02 -6.80489987e-02  6.76845238e-02 -1.05363522e-08
 -2.63355561e-02  9.85463150e-03  4.49034609e-02 -5.61161945e-03
  1.13163345e-01 -2.94773914e-02  6.03113919e-02  4.26269434e-02
  1.66256186e-02  2.02995283e-03  4.69413027e-02  1.30681917e-02
  6.00477271e-02  7.40110427e-02  6.88426793e-02 -2.20448226e-02
 -2.40873490e-02 -5.10212556e-02 -5.27568609e-02  1.14922710e-02
 -4.03797068e-02  3.91585520e-04  2.37982105e-02 -8.18367209e-03
  2.75958497e-02  4.02254164e-02  5.28681204e-02  8.19989815e-02
  3.29895653e-02 -1.91223028e-03 -5.37768705e-03  7.09645748e-02
  2.73031499e-02 -3.61839421e-02 -9.21562016e-02 -4.41680849e-02
 -1.58434119e-02 -5.10935523e-02 -7.65734836e-02 -2.48570535e-02
  6.21086918e-03 -4.40313220e-02  3.14955041e-02  3.60307703e-03
 -6.66754544e-02  3.19357961e-02 -7.09089786e-02 -1.70717239e-02
 -1.87540594e-02  2.66275797e-02  1.34096574e-02 -9.23789367e-02
  2.57123969e-02 -3.89463231e-02 -6.33372441e-02 -2.42110007e-02
 -1.03333779e-03  4.22258079e-02  3.70067358e-03  1.82895381e-02
  1.78793788e-01  2.11779997e-02  1.46355713e-02 -1.39711192e-02]"
110,Toxic Emissions and Waste,Environment,wastewater,3,0.5309,"[-2.02315021e-02 -1.58366486e-02  1.77794117e-02 -9.64475609e-03
  5.27726226e-02 -8.45334530e-02  1.04166105e-01 -3.99488397e-03
 -1.86845921e-02 -4.52115685e-02  1.41157012e-03 -5.03815785e-02
 -9.80958994e-03  7.85080045e-02 -1.32090017e-01 -5.94653934e-02
 -1.47081306e-02 -2.70798933e-02 -2.90559847e-02 -1.14037581e-02
  5.32797128e-02  1.06450403e-04 -1.11151207e-02 -4.36713770e-02
 -2.92043127e-02  1.04105778e-01  5.37005439e-02 -3.72367799e-02
 -3.85451950e-02 -7.01425299e-02  7.67813474e-02  3.98618020e-02
  7.86473751e-02 -1.58188760e-01  6.09117560e-02  9.06026587e-02
  6.82088314e-03 -3.37469541e-02  5.72895408e-02 -2.36427430e-02
 -6.01457395e-02 -1.04269817e-01  7.04210401e-02 -1.90731846e-02
 -5.79989813e-02 -6.34209951e-03  5.26939444e-02 -6.16704896e-02
 -3.66586470e-03 -6.68375269e-02  2.75740158e-02 -7.07426015e-03
 -4.96400110e-02 -1.42288078e-02  6.40749037e-02 -5.87983057e-02
  2.04705670e-02 -4.01507430e-02 -7.96960592e-02 -4.56323214e-02
  1.70197077e-02 -4.00760248e-02 -3.13088521e-02  4.80074696e-02
  7.90824965e-02  2.77320482e-02 -1.70677677e-02  1.72770638e-02
  9.73761827e-03 -8.32279995e-02 -6.44385368e-02 -3.36965248e-02
 -3.96256102e-03 -6.38388423e-03 -2.48175301e-02 -1.51086999e-02
  9.42097306e-02 -3.36110257e-02  7.14042857e-02  6.66021020e-04
  4.65850756e-02 -5.16822040e-02  2.18647369e-03 -8.01353343e-03
  4.71943878e-02  5.79354763e-02 -2.07399577e-02 -6.83871806e-02
 -1.21547934e-02  2.99929306e-02  1.68685317e-02  2.94758119e-02
  7.15492815e-02 -5.53941317e-02 -4.57368232e-02  4.91196439e-02
 -4.67182742e-03  1.04214819e-02 -4.74105543e-03  1.41019732e-01
 -8.03933218e-02  7.06502795e-02 -1.59425195e-02 -6.98754340e-02
  5.78028411e-02 -3.45035195e-02  1.86746344e-02  7.58394301e-02
  9.56833661e-02 -2.79943235e-02 -5.77906556e-02 -3.53612974e-02
  4.47596004e-03  4.94225845e-02  3.99513878e-02  1.66034363e-02
  1.09010875e-01 -7.23227784e-02 -6.90582320e-02  7.85129443e-02
 -6.41399994e-02 -7.73399994e-02 -6.72245100e-02 -1.51448557e-02
 -3.88871729e-02 -3.77773982e-03 -4.02751658e-03 -4.47901808e-33
 -1.10562705e-02 -7.66764060e-02  5.79827353e-02 -4.74884622e-02
 -4.62417044e-02 -2.83084586e-02  8.47398397e-03 -5.15885912e-02
  7.66676441e-02 -8.52803439e-02 -9.58230346e-03 -4.48461398e-02
 -6.19847551e-02  6.97888285e-02  2.91774515e-02 -1.33266365e-02
  7.65732024e-03  2.72591189e-02  2.61864122e-02 -6.93687564e-03
  1.93328168e-02  6.11166246e-02 -4.80275825e-02 -1.89721417e-02
  5.06412722e-02 -8.80911723e-02  7.52872508e-03 -6.39969856e-02
  1.94189306e-02 -2.84817332e-04  5.37950695e-02  2.22611427e-02
 -6.57921135e-02  7.48373717e-02 -6.90467805e-02  2.87530776e-02
 -6.38856441e-02  2.98304670e-02 -2.35851407e-02 -1.13331461e-02
 -2.78997123e-02  2.01250985e-02  2.05722800e-03  5.06082661e-02
  4.40435894e-02 -3.65542546e-02 -5.72657995e-02  2.65492797e-02
  3.46106254e-02  2.08547097e-02  8.87345336e-03  4.27839160e-02
 -4.69043702e-02 -3.02079832e-03 -2.95353085e-02 -2.65949257e-02
  3.97097170e-02 -1.83191989e-02  2.76394244e-02  1.59789771e-02
 -5.55961132e-02  6.98968619e-02 -7.65312910e-02  4.37035561e-02
  1.03761993e-01  2.95407996e-02  7.49962684e-03  6.75858855e-02
  5.43741360e-02  6.80937618e-02 -1.41790241e-01 -4.37322408e-02
  3.18516903e-02  3.61288972e-02 -6.74476177e-02  1.43933129e-02
 -2.98524611e-02 -5.48403747e-02 -5.73858172e-02  3.86285186e-02
 -6.73150569e-02  4.50598105e-04 -1.65620458e-03 -1.15108944e-03
 -2.60658488e-02  4.60455045e-02 -2.82739867e-02 -4.01445245e-03
  9.74921957e-02 -3.50153516e-03  6.84774071e-02 -1.90463345e-02
 -5.83308488e-02 -1.96865164e-02 -2.88440622e-02  2.88502221e-33
  1.43317387e-01  1.40220174e-04 -2.06188690e-02  6.39076233e-02
  3.01417075e-02 -2.37273574e-02  1.23582557e-02  2.97916271e-02
  5.05810231e-02  5.49232587e-02 -4.18784134e-02  5.45700267e-02
 -8.61443055e-04 -2.41471045e-02  4.16766144e-02  4.01906520e-02
  5.48163839e-02  2.34300643e-02  2.15845909e-02 -1.81251112e-02
 -2.52968241e-02  4.51574661e-02  4.95095253e-02 -3.70035018e-03
  1.49015514e-02  4.61061783e-02 -2.99182814e-02 -5.44004664e-02
  3.82151529e-02 -1.13944551e-02 -5.80093004e-02  4.46399860e-02
  5.13516590e-02  3.22086662e-02 -1.39206946e-02  2.95849517e-02
 -1.62958074e-02  1.08345011e-02 -3.06388941e-02  3.46024632e-02
  5.71955405e-02 -6.21559247e-02 -2.88531813e-03  8.59540999e-02
 -3.38982008e-02  3.45854647e-02 -6.41053170e-02 -2.65426282e-02
  1.17136240e-02  1.90207525e-03  2.13804301e-02  6.68310225e-02
 -6.50820732e-02  2.32131537e-02  2.45395843e-02  1.05635151e-02
  8.01704228e-02  2.31987070e-02 -4.77338471e-02  1.94772966e-02
  3.84039804e-02  9.59275663e-02 -7.82221090e-03 -3.18993255e-02
 -6.65238127e-02  5.03357239e-02  1.16810361e-02  2.51280405e-02
 -4.97291908e-02 -4.41514142e-02  9.63065252e-02  6.31710561e-03
  5.62045118e-03 -1.06506320e-02 -2.60921232e-02 -4.74631414e-02
 -8.24419931e-02  4.61268164e-02 -4.39845137e-02  5.99912442e-02
 -4.47776839e-02  8.75084177e-02 -3.05191763e-02  1.38789751e-02
  6.43552095e-02 -1.09480433e-01 -9.47761349e-03 -5.74410148e-02
  5.64806908e-03 -6.03506900e-03 -3.53213586e-03 -1.02054998e-02
 -1.93893071e-02  3.06191295e-02  6.01918809e-02 -1.10557528e-08
 -7.71627948e-02 -3.45027857e-02  7.56198317e-02  5.31809032e-02
 -4.79024253e-04  6.01288527e-02  2.32125577e-02  9.92581919e-02
  1.65269505e-02 -9.03832261e-03 -3.74213383e-02  4.47938852e-02
  2.45184582e-02 -2.30983598e-03  3.14335078e-02  2.08596047e-02
 -4.17959057e-02 -1.17492020e-01 -5.18149473e-02 -6.10007942e-02
 -3.56685258e-02 -2.68448517e-02 -5.07401153e-02  4.24155258e-02
 -1.73172671e-02  2.32599117e-03  3.16222534e-02  9.30500031e-02
 -3.38634402e-02 -3.10353432e-02  2.46841758e-02  3.73994820e-02
 -4.15590107e-02 -1.79052316e-02 -1.44253084e-02 -2.08072849e-02
  1.12946071e-01 -1.18132591e-01 -7.96980336e-02 -3.86118367e-02
 -2.84969397e-02 -2.75686868e-02 -2.67278571e-02 -4.37792949e-02
  8.77950937e-02  2.42384430e-02 -4.64596599e-02  2.50449758e-02
  9.12410021e-03 -3.57784666e-02  6.63051233e-02 -2.75461711e-02
  1.43431202e-02  9.71061364e-02  6.25336834e-04  4.11219634e-02
  8.67297780e-03 -3.23962718e-02 -4.66738082e-02  2.00744742e-03
  1.53843269e-01  1.38621414e-02  1.69335708e-01 -5.77506907e-02]"
111,Toxic Emissions and Waste,Environment,environmentally,1,0.5213,"[ 8.41795560e-03  1.24931827e-01  8.03253800e-02  2.45253276e-02
  7.93462992e-02 -4.17729281e-02  6.46296144e-02 -1.54521549e-02
  1.11508146e-02  3.99401635e-02  1.51944198e-02 -9.23864841e-02
 -1.52761154e-02  3.75933051e-02 -1.78697202e-02  2.73128180e-03
 -6.80848435e-02 -1.23030525e-02 -1.35031894e-01  1.16881318e-02
 -9.42542404e-02  2.83009876e-02  2.89525837e-02  1.23692630e-03
 -7.32308701e-02  8.87071714e-02  9.96910594e-03  4.91764396e-02
  2.58818921e-02 -5.29144071e-02  2.81450301e-02  9.54565406e-02
  1.68870147e-02 -3.89022045e-02 -8.39521922e-03  6.40441924e-02
  5.76490909e-02 -4.75808494e-02  1.53394612e-02 -8.94675497e-03
 -7.07191080e-02 -8.08555782e-02 -3.62953506e-02 -4.86333035e-02
 -2.02300176e-02 -4.46801037e-02  1.70848668e-02 -5.79954162e-02
 -2.02409867e-02 -6.05678745e-02  6.37867376e-02  1.05568282e-02
 -4.61683050e-02 -9.33001935e-03 -2.69282274e-02 -6.97162673e-02
  4.12109718e-02 -5.60729019e-02  1.68788526e-03 -2.53934432e-02
  9.71883088e-02 -6.91710711e-02 -1.03627771e-01  2.94331331e-02
  8.39593858e-02  4.74121571e-02 -3.88035253e-02  1.00951426e-01
  2.67835683e-03 -6.60227984e-02  2.52205022e-02  4.58763586e-03
  1.05129527e-02 -5.14106415e-02  1.65117905e-02  2.74140928e-02
  4.16390523e-02  2.40963437e-02  5.16133495e-02 -3.27018462e-02
  7.63939247e-02 -3.82773727e-02 -2.49186959e-02 -1.57122966e-02
  5.85455783e-02  1.66997090e-02 -2.73325434e-03 -3.24183218e-02
 -8.96017998e-03  4.10278253e-02 -3.39407809e-02 -5.21334633e-03
  1.15246862e-01 -7.22489646e-03 -1.21311970e-01  4.39314097e-02
 -2.64507812e-02 -4.37832586e-02  1.86634567e-02  1.97473064e-01
 -3.85049582e-02  5.96512370e-02 -1.00554243e-01 -1.98782533e-02
 -2.00453326e-02 -3.17307897e-02 -3.46327312e-02  6.50811940e-02
  2.59036329e-02 -3.18647735e-02 -9.37932879e-02 -6.96717016e-03
 -4.14293557e-02  9.98071656e-02 -7.26916594e-03  2.32054330e-02
  8.29538181e-02 -3.37798037e-02  5.70683107e-02 -1.62292048e-02
  2.57706363e-02 -2.25382205e-02  1.15194097e-02  4.11961451e-02
  5.43339970e-03 -1.22215502e-01  4.22485322e-02 -6.32743483e-33
 -1.24236690e-02 -3.43979001e-02  9.82970670e-02 -7.82631114e-02
  6.65832078e-03  6.92618191e-02 -4.27295752e-02 -5.55733172e-03
 -1.93051100e-02  1.33670345e-02  5.19310907e-02  7.58323148e-02
 -3.49604823e-02  3.72340456e-02  1.25400066e-01 -4.55183350e-02
 -1.03530437e-01 -2.01367354e-03 -1.20276865e-02 -1.60023719e-02
 -1.36747593e-02  4.39650752e-02 -1.31169073e-02  6.62781075e-02
  3.99427488e-02 -8.80176201e-02  7.71675780e-02  2.21562851e-02
  3.33470516e-02  2.22038419e-04  5.97628132e-02  4.99781705e-02
 -3.25430408e-02 -3.18328515e-02  3.30632925e-02  3.47457193e-02
 -7.91298747e-02  4.64484431e-02 -1.74496640e-02  2.62050936e-03
 -1.95549447e-02 -1.93485878e-02 -4.10454988e-04 -1.09937065e-03
  5.64147271e-02 -1.49604175e-02  6.66694641e-02  2.12246906e-02
 -4.77088653e-02 -1.20670479e-02 -4.03557755e-02  6.30877614e-02
 -7.62714148e-02 -5.24078347e-02 -6.08732738e-03 -2.99450606e-02
  7.57885948e-02 -3.12770717e-02 -4.11605798e-02 -5.60339168e-02
 -3.19557898e-02  1.58047453e-01 -4.25735787e-02 -2.55826544e-02
  7.40225539e-02 -2.16442738e-02  1.40673630e-02  5.60982898e-02
 -3.50379422e-02 -1.30118579e-02 -2.03309022e-03 -5.38170934e-02
  3.03965751e-02  2.11555492e-02 -4.65331599e-02 -3.98085006e-02
  8.93663429e-03 -1.81602896e-03 -6.24714512e-03  6.39621466e-02
 -7.04901814e-02  4.03555334e-02 -1.12110106e-02 -4.84533533e-02
  1.45275798e-02 -3.07466816e-02  1.78928096e-02 -1.84036065e-02
  6.50404096e-02  5.08161448e-02  4.40139696e-03  3.15287113e-02
  5.58487438e-02 -3.50195169e-02 -9.57863629e-02  3.10305089e-33
  1.73052289e-02 -7.27206143e-03 -5.12308739e-02  6.27800152e-02
 -2.55618431e-02 -6.23423271e-02 -6.49525821e-02  3.95487025e-02
  2.06807703e-02  3.49196233e-02 -6.76320717e-02  1.17034450e-01
  7.48484284e-02  3.18603553e-02  4.56847511e-02 -2.94998102e-03
 -1.40905343e-02  4.28062975e-02 -2.98109073e-02 -3.65253426e-02
 -8.20733979e-03 -2.17134040e-02  5.12563661e-02  8.34508613e-02
 -7.90779069e-02  4.86647226e-02 -2.30536312e-02 -2.06884518e-02
  2.39535253e-02  1.39190617e-03 -4.44948040e-02  1.68381128e-02
 -4.82213423e-02  2.75233518e-02 -1.61756370e-02  4.26372280e-03
 -3.39422971e-02 -4.59293202e-02 -3.57614201e-03  4.41634394e-02
 -6.32687146e-03 -1.83621589e-02 -1.65332016e-02  2.60096937e-02
 -4.35513295e-02  4.11483161e-02 -7.78587759e-02  4.41770107e-02
  3.49924713e-02  1.02673611e-02  4.17899564e-02  5.18142954e-02
 -6.10631555e-02 -4.11970131e-02  2.77655665e-02 -1.66404005e-02
  5.18687768e-03  4.49243002e-02 -3.48460078e-02  1.01265861e-02
  1.07797869e-01  9.83127430e-02 -3.75204167e-04  8.08056965e-02
 -9.53243673e-02 -1.47328824e-02  1.43780466e-02 -1.19348280e-02
 -2.98011191e-02 -6.49639815e-02  1.94449425e-02  1.02034975e-02
 -1.09379098e-01 -5.24507575e-02 -1.04552463e-01 -3.28081404e-03
 -1.87670011e-02 -1.67606231e-02 -8.29121843e-02 -1.05998409e-03
 -5.60257249e-02  6.44858042e-03 -2.21749097e-02  3.18032280e-02
 -4.50259307e-03 -7.61502609e-02 -5.18955700e-02 -9.86995548e-02
 -2.83977948e-02  4.46897261e-02 -2.39000302e-02 -2.54403427e-02
 -7.19771236e-02  1.30759910e-01 -1.11361220e-02 -1.37753400e-08
  1.41333202e-02 -3.55283245e-02  7.74168596e-02  2.52260547e-02
 -3.08769848e-02 -3.34784226e-03  9.63913426e-02  3.28310803e-02
  2.91971788e-02  5.49014919e-02  1.10261003e-03  4.46566567e-03
  3.67313586e-02  1.07249022e-01  1.90721161e-03 -3.98320556e-02
  3.41808833e-02 -6.56529292e-02 -4.81333546e-02  3.85969356e-02
 -3.80542837e-02 -3.52188349e-02  1.42804533e-02  8.45834464e-02
 -5.69670647e-03 -6.72160089e-03  8.13937858e-02  3.27026262e-03
  2.94867828e-02  5.43959700e-02  2.58495957e-02  6.71447515e-02
 -2.45625321e-02 -1.64845295e-03 -8.29644948e-02 -7.90010616e-02
 -1.33639127e-02  2.04432029e-02 -6.62108958e-02 -1.78385135e-02
 -3.22915986e-02  4.38490175e-02 -5.29868864e-02  1.24783963e-02
  4.08829376e-02 -1.12866662e-01 -4.53029014e-03  7.70842209e-02
 -1.41113466e-02  1.11722462e-02  1.71338227e-02 -9.25147608e-02
  9.77493078e-03  6.10512728e-03  2.88824029e-02  1.23684602e-02
  1.55405595e-03  2.91493516e-02 -2.06545778e-02  2.62596961e-02
  8.86137933e-02 -4.09259349e-02  6.79454878e-02 -7.41952145e-03]"
112,Toxic Emissions and Waste,Environment,recycling,6,0.4648,"[-8.13960209e-02  7.43737966e-02 -1.33063151e-02 -7.80706992e-03
  6.09524883e-02 -2.49008574e-02  1.26633525e-01 -4.55605388e-02
 -4.46167812e-02  1.04610557e-02  2.55039725e-02  5.34474626e-02
  2.78518647e-02  4.07743827e-02 -8.08362886e-02 -2.29279380e-02
 -5.57472594e-02  2.31153145e-02 -6.07137606e-02  2.10720301e-02
 -1.38774347e-02 -2.06025634e-02 -3.01247602e-03 -8.34793225e-03
  3.21838893e-02  1.22678846e-01 -4.80245650e-02 -2.95441728e-02
  7.81430677e-03 -9.10794586e-02  4.36503068e-02  4.47765961e-02
 -2.46734954e-02 -4.50355001e-02  4.18584608e-02  1.11650720e-01
  1.89177692e-02 -2.31687371e-02  3.84124666e-02 -6.61979616e-02
 -8.40485245e-02 -5.74074537e-02 -2.64839735e-02 -3.24107856e-02
 -1.31106507e-02 -1.51263820e-02  4.85872217e-02 -2.72998381e-02
  9.65264568e-04 -9.57836434e-02  1.65793136e-01  1.18520362e-02
 -6.55873045e-02 -3.94766405e-02  3.27627026e-02 -7.02214018e-02
  5.88974506e-02 -3.24566551e-02 -2.94601526e-02  2.47937199e-02
  4.73188646e-02 -4.37514409e-02 -7.02593848e-02  7.41739720e-02
  1.30599409e-01  2.25882679e-02  7.96140265e-03  5.90331182e-02
 -3.26061621e-02 -3.24333236e-02  4.72112047e-03  2.45586294e-03
  5.40292310e-03  1.16367284e-02  5.57997115e-02  1.69811118e-03
  6.29139766e-02 -2.15711053e-02 -6.37421981e-02  6.67570680e-02
 -7.62433745e-04 -3.10027017e-03 -1.37919448e-02 -2.28173416e-02
 -4.39838320e-02 -9.31329839e-03 -4.86921929e-02 -3.75529714e-02
  1.86827814e-03  2.05794186e-03 -2.57860329e-02  6.98852837e-02
  1.10055320e-01 -7.33231893e-04 -6.82641491e-02  2.29549464e-02
 -2.85756821e-03  1.30152388e-03  3.48651856e-02  1.96766332e-01
 -2.62765400e-02  1.11736611e-01  2.91383844e-02 -8.93517956e-02
 -4.00900319e-02 -6.82129636e-02 -4.90581729e-02  2.08954997e-02
 -1.39275854e-02  1.47459218e-02 -7.46097639e-02  1.52378799e-02
  1.18357986e-02  9.82585698e-02  4.20618430e-02  2.30186470e-02
  2.28058249e-02 -3.07186320e-02 -8.27231035e-02 -9.71937552e-03
  2.07621604e-02 -2.43702792e-02  2.10722815e-02 -3.38421501e-02
 -6.54237121e-02 -1.19140018e-02  3.08306962e-02 -4.22916309e-33
 -6.17401563e-02  2.16736887e-02  6.82332292e-02 -5.23950718e-03
  4.57318909e-02 -5.44330142e-02  3.34474333e-02  4.15165006e-04
  2.27231625e-02 -2.87475102e-02  5.32029159e-02  6.04076162e-02
 -3.65395397e-02  1.30400406e-02  4.13388088e-02 -4.29097079e-02
 -3.66026722e-02  8.85148346e-02 -3.01630106e-02 -7.45295510e-02
 -3.43778990e-02  5.87983653e-02  1.80969499e-02  5.17290086e-02
  8.41782242e-02 -5.53758591e-02  1.48495734e-02 -5.36077581e-02
  4.16758396e-02 -1.42662795e-02  6.54878318e-02  9.67347547e-02
 -6.45886511e-02 -4.76710685e-03 -1.26743997e-02  9.01656784e-03
 -4.42656428e-02  1.03756040e-02 -2.31947955e-02 -1.16515588e-02
  4.20572087e-02  4.05962057e-02  1.58582267e-03  5.43348119e-02
  5.42978570e-02 -4.64712419e-02  7.69230872e-02  4.88549881e-02
 -1.12000212e-01  2.30531227e-02  7.32542574e-03  4.51278053e-02
 -5.52108325e-02 -1.66703481e-02 -6.14281967e-02 -5.44722416e-02
  5.65017611e-02 -6.73879310e-02  1.25904884e-02 -3.80694531e-02
  8.59309062e-02  1.32356808e-01 -1.43580651e-02  3.38314176e-02
  5.10918628e-03  4.57067117e-02  7.12909410e-03  4.89476509e-02
  7.78654777e-03  8.50083400e-03 -2.96232756e-03 -3.41783091e-02
 -5.41976206e-02  6.80930121e-03  6.82012504e-03  1.43538266e-02
  2.56515350e-02 -3.51544246e-02 -1.73889026e-02 -5.61935604e-02
 -7.89480433e-02 -2.94103026e-02 -2.20319871e-02 -5.55613153e-02
 -2.46226676e-02 -3.93982604e-02  3.23377475e-02 -4.92571667e-02
  9.41746160e-02  1.88866723e-02 -3.41791958e-02 -1.94446091e-02
  1.72878634e-02 -7.79484883e-02 -3.63265574e-02  2.17579045e-33
  2.07724087e-02 -1.88881457e-02  5.86667983e-03  2.36154180e-02
 -2.78596748e-02 -8.15424547e-02 -8.22589770e-02  3.04622208e-05
  2.54513919e-02 -3.28838155e-02 -1.35532796e-01  9.41799022e-03
  1.00463368e-01  5.91130815e-02  2.63636932e-02  5.10709174e-03
  2.80277468e-02 -1.11699002e-02 -8.37818161e-02 -5.94238937e-02
 -1.48191573e-02  3.29346620e-02  4.56331745e-02  7.88149331e-03
 -9.89717692e-02  2.45113745e-02 -6.96911439e-02 -4.45830598e-02
  1.35274187e-01 -3.64010856e-02 -1.66840907e-02 -8.47200453e-02
  2.59643905e-02  2.91280393e-02  8.94094352e-03 -2.13818830e-02
  1.81138534e-02  5.88418450e-03  1.12521332e-02 -2.92249899e-02
  3.37381102e-02  2.50681955e-02 -8.21285471e-02  9.06836689e-02
 -4.42093387e-02 -4.78648804e-02 -7.30285570e-02  2.91421749e-02
  1.16891675e-01 -1.80464983e-02  5.24329506e-02  4.17044014e-03
 -4.85813022e-02 -8.75529647e-02  1.09708821e-02  9.74202007e-02
  6.06933311e-02 -3.85918305e-03 -2.86528021e-02 -2.86086723e-02
 -2.19413196e-03  3.99789736e-02 -5.30282110e-02  3.75743769e-02
 -3.28535326e-02 -3.62221077e-02  7.94271827e-02 -1.18388664e-02
 -1.11913465e-01  3.23506101e-04  2.66725998e-02  6.75049946e-02
 -1.11613013e-02 -5.42625636e-02 -1.01670716e-02  1.49092656e-02
 -8.13185349e-02  7.69144222e-02 -2.05587503e-02 -1.32505279e-02
 -4.87530753e-02 -9.09791701e-03 -1.78046431e-02  2.39606891e-02
 -1.96851343e-02 -1.18577786e-01 -5.34095219e-04 -7.15091228e-02
 -4.57090838e-03 -1.30405743e-02 -3.54233049e-02 -2.80283485e-02
 -9.96226352e-03  1.23563483e-01  5.76622300e-02 -1.11764713e-08
 -3.71925952e-03  1.36770932e-02  3.44722755e-02  7.04817399e-02
  3.01307440e-02  2.23791581e-02  8.04418698e-02  8.87228474e-02
  1.20897228e-02 -2.54051425e-02 -8.55117571e-03  2.88650785e-02
 -2.58240681e-02  4.93867733e-02 -9.63989645e-03 -2.00312175e-02
  1.60893742e-02 -2.56805122e-02 -5.16974442e-02  2.16505136e-02
 -4.27357219e-02 -4.50568274e-02  8.17475766e-02  5.83275370e-02
 -1.67514253e-02 -3.96273099e-03  8.77369642e-02  7.91348070e-02
  1.75814871e-02  5.39415404e-02  1.11995917e-02  2.43605375e-02
 -2.50032209e-02  7.63853500e-03 -5.34890741e-02 -8.18706229e-02
  5.73295075e-03  1.73457637e-02 -3.27634588e-02 -2.59189829e-02
 -3.39971036e-02 -3.06518301e-02 -5.67845330e-02  3.04745976e-02
  1.66823212e-02 -7.10061565e-02 -6.98316544e-02  4.06269804e-02
 -1.69220418e-02  1.38978579e-03 -4.36771922e-02 -1.58822350e-02
  1.35393515e-02  6.18445575e-02  4.57181409e-02  6.28312081e-02
  1.93733890e-02  5.68203591e-02 -4.09712642e-03  3.42562646e-02
  1.27210215e-01 -1.65375359e-02  7.63019100e-02 -4.24686931e-02]"
113,Toxic Emissions and Waste,Environment,carbon,1,0.4619,"[-3.74245122e-02  5.40661737e-02 -1.23893116e-02  9.62452888e-02
  7.22858906e-02  1.26985181e-02  1.15201518e-01  3.25628668e-02
  2.47518457e-02  5.20877764e-02 -1.13299780e-03 -1.24954551e-01
 -5.06212004e-02  1.04369433e-03  5.91207179e-04 -1.35684134e-02
 -1.76736452e-02 -1.89045202e-02 -1.91667564e-02  1.34915335e-03
 -5.55833355e-02  2.87127737e-02 -2.08838899e-02  4.26946580e-02
  1.21640228e-03  9.38336030e-02 -7.56536275e-02  3.01924106e-02
  2.53579319e-02 -1.01643763e-01  1.55895613e-02  2.56380960e-02
 -5.83800487e-03  1.79300662e-02  2.88987383e-02  9.21113497e-06
  4.42577119e-04 -4.13045920e-02  2.34271120e-03  3.70965223e-03
 -9.28476378e-02 -7.49723166e-02  7.00772032e-02 -2.25279573e-02
  3.44248042e-02  1.11338142e-02  2.43753009e-02  1.44465705e-02
  5.55379540e-02 -4.91163731e-02  1.95483980e-03 -8.15733299e-02
 -9.15931463e-02  1.13904011e-02  2.45110784e-02  8.45848210e-03
  1.10225007e-02  1.42127052e-02  5.37506305e-02 -1.67837813e-02
  3.52246612e-02 -9.83718336e-02 -4.86850217e-02  2.93608643e-02
  1.13570608e-01 -1.79565232e-02 -6.01375848e-03 -2.96352059e-02
 -2.17029788e-02  3.60156894e-02 -8.77281837e-03  1.36391483e-02
 -3.45478915e-02 -2.98593426e-04  4.03564163e-02  3.93818207e-02
  2.85177622e-02 -4.54726964e-02  9.89833474e-02  1.79063901e-02
  5.71672013e-03  5.24444655e-02 -6.96233362e-02  2.97027621e-02
  6.22905232e-03  6.02366515e-02  2.22918484e-03 -5.04483022e-02
 -9.60282683e-02  1.46758221e-02 -7.04877526e-02  3.80144976e-02
  8.67003873e-02  3.45338471e-02 -1.32124752e-01  5.67200892e-02
  1.10290088e-01  2.90165991e-02  3.14008892e-02  1.46898881e-01
  4.99002002e-02  5.78106903e-02 -9.94988754e-02 -6.04334995e-02
 -7.12837577e-02 -1.44550437e-02  1.78082623e-02  7.93527290e-02
  8.63246024e-02  3.08876671e-02 -7.31675029e-02  4.05858383e-02
 -1.04820028e-01 -4.33525164e-03 -6.21307036e-03  9.78246145e-03
  1.28695011e-01 -1.68879032e-02 -2.05249945e-03  1.01534454e-02
 -5.74701726e-02 -6.43329788e-03 -2.76980130e-03  3.28898206e-02
 -4.75641526e-02 -9.74506959e-02  1.43553950e-02 -4.09784163e-33
  2.39067506e-02 -3.90354656e-02  7.90372118e-02  3.90978046e-02
  2.78984625e-02  2.07342841e-02 -1.23362385e-01 -4.24009301e-02
 -6.12820238e-02  2.13198718e-02 -6.16693348e-02 -1.07823427e-04
 -1.11118751e-02  5.24196438e-02  1.06157161e-01 -1.36407772e-02
 -7.40770772e-02 -5.95092028e-02  1.46618122e-02 -9.37200263e-02
 -1.28874168e-01  4.91548479e-02  2.53695827e-02  8.42922330e-02
  3.10321487e-02 -2.79926080e-02  2.66248472e-02 -6.12097569e-02
 -6.40916005e-02 -2.56804116e-02  5.65163940e-02  1.08044811e-01
 -4.03017215e-02  4.90634367e-02 -1.54257389e-02 -2.88475733e-02
 -3.14017609e-02  4.17962234e-04 -1.09207043e-02 -3.52357030e-02
  6.07476421e-02  4.17315885e-02 -1.47314798e-02 -4.33002710e-02
  1.26130842e-02 -1.95471365e-02  7.03631062e-03  3.19094397e-02
 -4.72817896e-03  1.53708095e-02 -2.90867276e-02  5.69007210e-02
 -3.10350768e-02  4.37802263e-02 -2.84644887e-02 -5.81771741e-03
  6.69989064e-02 -3.58993001e-02 -6.86238930e-02 -1.63454339e-02
  2.44078506e-02  1.11266479e-01  2.94901878e-02  6.30252138e-02
 -3.40470411e-02  7.22385719e-02 -2.60045025e-02  2.08110139e-02
  7.05472231e-02 -7.26703554e-02 -7.73298293e-02 -2.61428319e-02
  1.06301315e-01 -1.20586809e-02 -2.62078848e-02  1.01404730e-02
 -9.56747755e-02 -1.47323462e-03 -1.75699107e-02  4.19871546e-02
 -7.65043050e-02 -4.67742383e-02 -1.97945423e-02 -9.97293144e-02
 -7.52548203e-02  3.81930321e-02 -1.05684558e-02 -7.89514557e-02
  8.19358975e-02  3.61043364e-02 -5.43615669e-02 -8.29121917e-02
  5.60458973e-02 -5.37531674e-02 -8.03886354e-02  2.35528293e-33
  1.57929014e-03 -5.55360168e-02 -1.78635623e-02  6.67820275e-02
  3.98949124e-02 -9.29399058e-02 -4.75919731e-02 -1.12508327e-01
  2.31402926e-02  5.67486323e-03  4.22238074e-02 -2.17322912e-02
  9.62789431e-02  1.11015420e-02  3.62943374e-02  1.98289119e-02
 -7.49055892e-02 -1.42675908e-02  4.54325750e-02  2.63788807e-03
 -8.02755449e-03 -8.37991983e-02 -6.87964037e-02 -1.96191948e-02
 -1.83029938e-02  5.95010184e-02 -6.69514984e-02 -6.74857572e-02
  1.21453337e-01 -2.95150485e-02 -4.44745421e-02  1.47820227e-02
 -8.09638412e-04 -1.99837887e-04 -4.04670276e-02 -1.45062422e-02
  3.76605168e-02  2.93083582e-02 -3.33000012e-02 -4.34776535e-03
  9.74802952e-03  6.67543057e-03 -1.55901378e-02  5.25473654e-02
  2.35622749e-03  2.98353005e-02  1.84365995e-02 -4.07900065e-02
 -5.18356599e-02  8.52475017e-02  7.41176903e-02  5.50334388e-03
 -2.64879465e-02 -4.34229802e-03  3.91414389e-02  2.47721877e-02
 -1.08014699e-02  7.77843520e-02  2.66868174e-02  1.55313807e-02
  4.16243896e-02  2.67598312e-02 -2.73925047e-02 -4.64178249e-03
  8.51260591e-03  1.21474555e-02 -7.06592649e-02  2.36411151e-02
  7.06229825e-03 -2.87311133e-02  1.07526757e-01  7.60399029e-02
 -2.62235440e-02 -2.47991476e-02 -7.48633966e-02 -8.05876032e-02
 -3.00275106e-02 -1.75000560e-02 -3.61275449e-02  7.59301381e-03
 -6.52777851e-02  3.52518521e-02 -2.51090061e-03  2.86405701e-02
  2.28800420e-02 -5.04987314e-03 -5.66622335e-03  8.61573406e-03
 -3.26541327e-02  3.42881642e-02 -3.02985404e-02  3.71222682e-02
 -3.40838265e-03  5.55337928e-02  3.38458130e-03 -1.08493525e-08
 -1.95608642e-02  3.51362713e-02  7.16795260e-03 -2.61029378e-02
  7.75251240e-02  2.74396017e-02  1.46095231e-01  4.75783460e-02
  9.43047553e-03  9.68306419e-03  1.37540568e-02  4.14395519e-02
  1.04560472e-01  3.26085091e-02  1.85267236e-02 -2.60436237e-02
 -1.25741199e-01 -7.99722970e-02  1.73861440e-02  4.34051678e-02
 -1.38428034e-02 -2.91905156e-03  2.96801748e-03  3.92604955e-02
 -1.11030694e-02 -5.83529137e-02  3.18237245e-02  1.04308426e-01
  2.09736247e-02  7.27987140e-02 -4.79614772e-02  7.01150075e-02
  3.19582261e-02 -6.34627938e-02  1.81136411e-02 -3.36810015e-02
  1.27963508e-02 -4.78610508e-02 -1.75883044e-02  1.05948159e-02
 -2.13836189e-02  3.94015461e-02 -3.97449434e-02 -2.98158992e-02
 -2.82044150e-02 -5.90588264e-02 -2.87167355e-02  9.61642060e-03
  2.94417585e-03 -2.36432068e-02  1.58734787e-02  1.82427466e-02
 -1.82725135e-02  2.91120782e-02  2.82074865e-02  4.08564508e-02
 -8.51290952e-03  4.19829786e-03 -1.58656351e-02  1.91947985e-02
  8.65474790e-02 -7.93198273e-02  8.10110942e-02 -4.92455624e-02]"
114,Toxic Emissions and Waste,Environment,hazardous,3,0.4568,"[ 3.36181857e-02  2.71987747e-02 -4.76677194e-02  2.76505239e-02
  6.56606583e-03  1.38589852e-02  1.40101403e-01  6.82627112e-02
 -5.25325574e-02  1.36720287e-02  4.90989052e-02 -4.50298898e-02
  4.24380898e-02  4.22107615e-02 -1.00600243e-01 -5.09844609e-02
  5.06010763e-02 -6.61694035e-02 -9.73934531e-02  1.02492444e-01
 -1.12089198e-02  8.46796185e-02 -2.34195665e-02  2.03038268e-02
 -7.97160938e-02  4.40675057e-02 -1.53856268e-02 -9.13413428e-03
  4.69441153e-02 -4.30072807e-02  5.77479005e-02  4.95515987e-02
  8.29089899e-03 -2.31390446e-02  3.32390331e-02 -6.33116998e-03
  5.37989922e-02 -2.02336349e-02  9.36218426e-02 -2.75159441e-03
 -3.50477174e-02 -1.05359122e-01 -3.51316780e-02 -3.71977314e-02
 -2.71381568e-02 -1.95543822e-02  2.15438940e-02 -1.08409300e-01
  2.55157594e-02 -3.69405113e-02  3.36935706e-02 -1.39342016e-02
 -4.38927114e-02  7.82698952e-03  3.32050957e-02 -1.18391715e-01
  9.02655162e-03 -9.55020487e-02 -5.86451069e-02 -2.72641983e-02
  4.76287603e-02 -1.04010943e-03  1.76519565e-02 -1.02260374e-02
  4.17996868e-02  3.39039154e-02 -1.73510369e-02  3.28128412e-02
  6.00876249e-02  2.39341985e-02  4.13240120e-02 -1.62909850e-02
  2.47936845e-02  2.17314884e-02  1.04371179e-02 -7.29172025e-03
  3.30745131e-02 -1.85564123e-02  6.34588897e-02 -1.61907841e-02
  2.84197554e-02 -1.54948542e-02  1.00812351e-03  1.35345990e-02
  7.45764598e-02  5.32989949e-02 -3.81047651e-02  1.07848654e-02
 -4.58312705e-02  3.54232900e-02 -5.83537892e-02  2.26350017e-02
  1.26044959e-01  4.78997193e-02 -8.27203393e-02  5.16278343e-03
 -2.03440655e-02 -3.52836698e-02 -2.69022305e-02  1.96647733e-01
 -1.98529493e-02  8.41041952e-02 -1.42771110e-01  3.23566571e-02
 -3.72415558e-02 -8.55950043e-02 -3.30525935e-02 -2.17656046e-03
 -4.40239795e-02  1.96611006e-02 -3.39773037e-02  1.37885381e-02
 -1.03431921e-02 -2.92361318e-03 -2.45373119e-02  7.95534775e-02
 -1.40500944e-02 -8.64026137e-03 -3.13052498e-02 -7.10044801e-03
  1.59120513e-03  4.94909566e-03 -2.40022652e-02  8.87269527e-02
 -2.00510658e-02 -1.12515062e-01  3.60509902e-02 -5.28631454e-33
  4.97373939e-02  2.88053304e-02  3.43766399e-02 -2.57512219e-02
  1.36949145e-03  2.99582463e-02 -2.12507956e-02 -6.26577660e-02
 -9.11462959e-03  8.65528658e-02  5.42914495e-02  3.61969434e-02
 -3.58335711e-02 -2.29122266e-02  5.20854779e-02 -1.64414849e-02
 -5.65107092e-02  1.90412309e-02 -6.94071949e-02 -8.63353387e-02
 -2.33589113e-02 -1.35708097e-02 -1.50470156e-02  3.42396535e-02
 -2.94376463e-02  7.71994367e-02 -5.94190620e-02 -1.10596679e-02
  1.51060903e-02  3.47706117e-02 -4.67445664e-02  4.27411087e-02
 -5.40690543e-03 -6.72966167e-02 -2.35548872e-03  2.73717754e-02
 -1.63411036e-01 -3.67207080e-03 -2.85879988e-02 -2.76228189e-02
 -7.26292729e-02 -5.64970933e-02  3.00669074e-02  8.02282766e-02
  8.89691934e-02  5.79988286e-02  1.32624758e-03 -2.33690366e-02
 -5.89825921e-02 -7.19686598e-02 -4.90228534e-02 -1.07666859e-02
 -1.90308094e-02 -1.32080568e-02 -4.09076698e-02  1.76735353e-02
  7.66746998e-02 -2.99134199e-02 -2.23720148e-02  4.01154757e-02
  5.77397039e-03  1.09947443e-01 -1.16138488e-01  2.16817483e-02
  4.16414104e-02 -1.04385674e-01  1.06566567e-02 -3.26543823e-02
  5.29970489e-02 -8.02647136e-03 -1.31882560e-02  3.35926153e-02
  6.16881810e-02 -3.88387591e-02 -4.46795970e-02 -1.04474174e-02
 -1.92291420e-02  9.91635863e-03 -3.58564332e-02 -4.23198678e-02
 -8.71006325e-02 -1.26206772e-02 -2.40482185e-02  5.43570258e-02
 -4.96349260e-02 -4.09848802e-03  1.07323369e-02  1.46718100e-02
 -6.96007013e-02  1.18430816e-01  2.47312952e-02 -1.14397053e-02
  7.97810927e-02  1.01005491e-02 -8.96936655e-02  4.11757965e-33
  1.98520342e-04  7.18728378e-02 -1.02983154e-01  9.98334214e-02
 -7.36531662e-03 -6.25638105e-03  3.81841660e-02  8.12274814e-02
 -6.35823794e-03  6.78592995e-02 -7.43380040e-02 -5.13363816e-03
 -3.43821980e-02 -4.29865122e-02  5.29592596e-02  4.55097295e-02
  5.37052974e-02  8.32029060e-02 -9.96299088e-03 -3.61700095e-02
 -7.31146103e-03 -2.45636255e-02 -5.86436428e-02 -1.40361004e-02
 -6.93863183e-02  4.77461293e-02 -4.25270945e-03 -7.54400045e-02
 -3.99646498e-02  6.25000075e-02  8.42452794e-03  1.16787367e-01
 -2.55111307e-02  2.04851422e-02  1.14069246e-02 -9.41408426e-03
  3.87362912e-02 -3.91916446e-02  1.59339327e-02 -5.02454191e-02
 -6.77362410e-03  9.85735655e-02  3.85052338e-02  8.79416317e-02
 -5.14227934e-02  5.96723892e-02 -2.58306768e-02 -4.15263511e-02
  1.13529535e-02 -1.39235677e-02  5.47584100e-03  3.07253338e-02
 -3.85074504e-02 -1.19273434e-03  3.91000845e-02  3.55797745e-02
 -1.08840175e-01 -3.50662395e-02 -3.25829722e-02  7.26489350e-02
  7.02428147e-02  5.06622680e-02 -9.27157849e-02  6.06623180e-02
 -5.33834435e-02  1.37396147e-02 -1.10342667e-01 -5.14436886e-02
  3.13733779e-02 -1.78223867e-02  9.36972573e-02  3.53354104e-02
 -6.09151497e-02 -7.34398589e-02 -8.10820684e-02 -1.17302403e-01
 -5.61214313e-02  3.61130349e-02 -2.75941473e-02  2.15428695e-03
 -1.67345479e-02  1.82411645e-03 -3.16477008e-02  1.06995218e-02
 -2.30211746e-02 -2.87960954e-02  2.12054979e-02  4.23414297e-02
 -2.39861291e-02 -2.11306587e-02  2.22829375e-02  4.92857881e-02
 -4.79175448e-02  1.64173543e-02  4.48340038e-03 -1.25393136e-08
 -3.28386039e-03 -1.37985771e-04 -3.81266922e-02 -5.44687547e-02
  4.83740531e-02  9.37295053e-03 -7.75343971e-03 -1.67516933e-03
  1.31405927e-02  4.93730642e-02 -5.61614893e-03 -8.55904147e-02
  2.15931591e-02  6.71152696e-02 -4.09371639e-03  1.55608086e-02
  2.71132961e-02 -2.55326815e-02 -2.14249883e-02  3.97893041e-02
 -4.29341896e-03  3.08604538e-02 -9.67544224e-03  1.81668848e-02
  1.35402789e-03  4.98431548e-03  6.49491847e-02  3.21490094e-02
  1.02267787e-01  8.81590545e-02  5.10878973e-02  5.91037758e-02
 -3.89746688e-02  5.37229106e-02 -9.62898880e-02 -5.05180247e-02
 -2.96734534e-02 -6.75147548e-02 -4.13071997e-02  7.76148736e-02
 -6.46613585e-03  5.39433956e-02  1.33961551e-02  6.58269227e-02
  3.79588120e-02 -4.97087762e-02 -8.37837346e-03  3.23111601e-02
 -1.13109061e-02  9.13830474e-03 -6.54465007e-03 -7.43433461e-03
  1.75788049e-02  3.80689465e-02  1.53556364e-02  1.24263661e-02
  4.27150466e-02  4.39925306e-02 -1.47012640e-02 -5.09436242e-03
  1.73042178e-01 -1.87457725e-02  2.43793391e-02  3.01614515e-02]"
115,Toxic Emissions and Waste,Environment,recycled,3,0.4334,"[-8.63743499e-02  4.25676815e-02 -1.51982512e-02  6.34150719e-03
  5.42356856e-02 -4.70050387e-02  1.09463796e-01 -4.22150493e-02
 -4.31784848e-03  1.18958242e-02  1.05494549e-02  5.49864843e-02
  5.50547411e-05  2.09815819e-02 -6.70840964e-02 -1.74543113e-02
 -4.01083604e-02  1.49277207e-02 -7.74012506e-02  3.26343402e-02
  1.07176658e-02 -9.87979351e-04 -1.17205596e-02 -3.59514216e-03
  5.80888130e-02  1.09081388e-01 -2.49206312e-02  3.00545851e-03
  4.91700917e-02 -1.04289904e-01  2.22318228e-02  6.07083738e-02
 -5.60767017e-03 -4.15831693e-02  1.09695476e-02  1.14196852e-01
  3.83579582e-02 -2.38253456e-02  2.98910365e-02 -3.96730974e-02
 -8.80203769e-02 -7.67216906e-02 -2.66267508e-02 -2.07253117e-02
 -2.98398454e-02 -8.40476062e-03  5.04033603e-02 -2.11954955e-02
  1.52798193e-02 -7.02547953e-02  1.37561947e-01 -7.82475248e-03
 -5.82576171e-02 -2.79231034e-02  1.81421079e-02 -3.42004783e-02
  3.23527828e-02 -1.41072720e-02 -2.35580206e-02  3.07235606e-02
  5.88802099e-02 -1.47260781e-02 -8.63191932e-02  7.88941458e-02
  9.72368196e-02  1.21461330e-02 -7.80905888e-04  2.44547818e-02
  1.65525135e-02 -7.51598030e-02  1.84008460e-02  3.46264578e-02
  2.29329173e-03 -3.11067305e-03  2.85387523e-02  1.95309613e-02
  7.99375623e-02 -3.93236540e-02 -5.51417097e-02  6.39766455e-02
 -1.89977325e-02  2.08183918e-02 -8.22917465e-03 -4.03138548e-02
 -3.22640128e-02 -3.23971696e-02 -2.41953824e-02 -5.52378707e-02
 -3.86238322e-02  2.74202656e-02 -1.68494582e-02  1.31725699e-01
  1.08224243e-01 -1.47859184e-02 -9.88017172e-02  1.27240997e-02
  6.11776998e-03  2.69429237e-02  3.47245745e-02  2.05675095e-01
 -6.78770170e-02  1.36919141e-01  2.23362651e-02 -7.12799281e-02
 -8.12581703e-02 -4.61365320e-02 -3.29756998e-02  2.58825645e-02
 -1.82356108e-02  3.17655094e-02 -7.92762190e-02  3.66078201e-03
  3.65549959e-02  5.29418141e-02  1.11270417e-02 -3.33013013e-04
 -4.63758893e-02 -2.31897552e-02 -4.66670580e-02  2.87484378e-02
 -1.26993062e-03 -2.21824702e-02  5.77442981e-02 -3.11936680e-02
 -7.91214406e-02 -1.68760754e-02  9.31488699e-04 -3.69091047e-33
 -4.57676575e-02  5.80177717e-02  4.85255048e-02 -1.05200391e-02
  4.67292368e-02 -4.86365296e-02  2.05989201e-02 -2.13417783e-03
 -1.39358258e-02 -4.44822721e-02  3.84637043e-02  6.37652725e-02
 -6.39436319e-02  3.78667191e-02  6.75960705e-02 -2.25328039e-02
 -6.33253679e-02  4.09217142e-02 -3.39829139e-02 -5.71280979e-02
 -5.22417277e-02  1.19403146e-01  1.45418653e-02  4.43689451e-02
  5.08408211e-02 -9.42596048e-02  3.32248807e-02 -3.17154191e-02
 -2.61035431e-02  6.88131666e-04  5.74726462e-02  5.67269884e-02
 -3.14252414e-02  1.33246242e-03 -4.25511673e-02  1.11129163e-02
 -4.60705906e-02  1.96172856e-03 -2.96704359e-02  2.40009166e-02
  7.48830438e-02  2.82783210e-02  3.42302136e-02  3.89750190e-02
  4.98620123e-02 -6.20056354e-02  6.14790507e-02  5.17302006e-02
 -5.84887229e-02  3.36042233e-02  3.76621336e-02  3.01920567e-02
 -8.36387947e-02 -2.93047950e-02 -8.10165480e-02 -3.70582268e-02
  7.78388232e-02 -3.20125110e-02  2.57336791e-03 -1.90317519e-02
  9.27695036e-02  1.40556008e-01 -1.79971140e-02  1.82146691e-02
  1.61187444e-02  3.08080558e-02 -3.79730165e-02  7.77031630e-02
  3.86027396e-02  1.60922036e-02 -3.92250307e-02 -3.08112316e-02
 -2.16755699e-02  5.63747957e-02 -1.19300224e-02 -4.33648229e-02
  1.08323684e-02 -9.20816883e-03 -6.27763802e-03 -4.95644361e-02
 -5.53943105e-02 -4.17043641e-02 -5.09210601e-02 -8.74596927e-03
 -4.46284525e-02 -9.80551727e-03  4.77350838e-02 -6.58492967e-02
  1.03264868e-01  5.92862396e-03 -1.05826079e-03 -3.64329852e-02
  2.50416733e-02 -8.49405080e-02 -5.21369502e-02  2.58296663e-33
  3.17216069e-02 -2.66560372e-02 -3.66833583e-02  9.59532559e-02
 -2.71478314e-02 -6.23616315e-02 -6.23746216e-02  3.90445292e-02
  2.95609795e-02 -3.99372503e-02 -6.13549054e-02  8.91886745e-03
  9.38889310e-02  5.40702902e-02  8.53442177e-02  4.74930443e-02
  2.74079200e-02 -1.20675135e-02 -1.02061413e-01 -5.38276695e-02
  3.59437964e-03  2.88973246e-02  4.00484949e-02 -8.56332295e-03
 -7.28883445e-02  2.06407588e-02 -4.44583073e-02 -1.20149245e-02
  1.22078918e-01 -2.69375816e-02 -4.79002483e-03 -1.14395641e-01
 -1.29669337e-02  3.45768780e-02 -1.45480148e-02  7.76497938e-04
 -1.61541104e-02 -2.94982772e-02 -3.09388503e-03 -5.23215625e-03
  4.97780219e-02  3.74582186e-02 -5.66663630e-02  1.43639788e-01
 -2.30143666e-02 -2.65332907e-02 -8.64887834e-02  9.38053895e-03
  9.95647833e-02  1.41439144e-03  5.45304455e-02  2.10884344e-02
 -5.10503575e-02 -7.47348368e-02 -3.60505981e-03  6.01183809e-02
  5.15642874e-02 -1.38368236e-03 -5.55306114e-03  8.46364629e-03
 -6.54244376e-03  4.62478139e-02 -4.47291434e-02 -5.08936122e-03
 -9.12157726e-03 -3.87407243e-02  4.34426256e-02 -2.28967089e-02
 -9.69986618e-02  9.38640814e-03  7.23140463e-02  6.22009970e-02
 -3.95890549e-02 -9.10368636e-02  1.58293918e-02  4.89299139e-03
 -4.53601778e-02  7.88961574e-02 -2.74202954e-02  7.13823922e-03
 -6.27651289e-02 -1.25008123e-02 -3.43451276e-02  2.15199292e-02
  3.70282084e-02 -1.11145660e-01 -2.86106020e-02 -3.54648270e-02
 -2.18845368e-03  1.07210129e-02  9.04610008e-03  2.79083177e-02
  8.39874242e-03  1.35073870e-01  6.21956140e-02 -1.09700187e-08
 -4.23407834e-03  2.42086314e-02  3.75237167e-02  9.23197269e-02
  4.71418984e-02  5.67474402e-03  5.33639714e-02  3.93814817e-02
  2.39941794e-02 -3.09848152e-02 -2.03704424e-02 -8.22190428e-04
 -7.02626109e-02  4.28963304e-02  2.91937287e-03 -1.91007070e-02
 -5.34805171e-02 -2.56736800e-02 -7.21532479e-02  3.28004584e-02
 -6.06661513e-02 -3.66647616e-02  2.90621575e-02  9.43157598e-02
 -3.96435000e-02 -1.15286652e-02  6.47151992e-02  6.87146038e-02
  3.91447078e-03  7.11980984e-02  2.97971908e-02  7.10440129e-02
 -3.52929793e-02 -1.08819678e-02 -8.31439644e-02 -5.37730418e-02
  2.32573468e-02 -1.45139657e-02 -3.25304903e-02 -5.17639630e-02
 -1.68124549e-02 -5.62941395e-02 -5.06901890e-02 -1.04854759e-02
  3.43991742e-02 -6.77476749e-02 -6.49030432e-02  2.72499528e-02
 -4.87358011e-02 -2.62810529e-04 -3.29064988e-02 -2.57596541e-02
 -1.65553503e-02  6.97993338e-02  2.03272570e-02  5.08679859e-02
  1.28136175e-02  4.16829400e-02  9.52167995e-03  1.59857646e-02
  1.09200180e-01 -4.18901742e-02  9.78833959e-02 -5.54252975e-02]"
116,Toxic Emissions and Waste,Environment,substances,2,0.4202,"[-4.23959224e-03 -6.24451153e-02  4.40973826e-02  6.01068996e-02
  1.65754780e-02  1.92956571e-02  1.62714824e-01  3.09195779e-02
 -7.27624539e-03  1.77143998e-02  5.37916366e-03 -8.73002708e-02
 -1.49653768e-02  6.04664423e-02 -2.05588154e-02 -1.53418658e-02
 -1.09570092e-02 -1.40864337e-02 -6.11607917e-02  5.42900227e-02
  6.57448024e-02  3.22327800e-02  1.18510204e-03  1.32524800e-02
 -6.04946464e-02  1.73935175e-01 -1.64478850e-02 -4.88264784e-02
  8.00435618e-02 -9.71265212e-02  5.43123670e-02  8.49012136e-02
  8.97955522e-03 -3.89111824e-02 -2.94327992e-03  3.87796275e-02
 -2.86658723e-02 -2.57594176e-02 -2.15585735e-02  4.08922806e-02
 -2.54690908e-02 -9.99375433e-02  1.85796409e-03  2.35286709e-02
  5.12873046e-02 -1.93520226e-02  8.11256766e-02 -6.77897930e-02
  2.46356949e-02 -2.32579671e-02  3.14673502e-03 -2.26478726e-02
 -6.20648563e-02  9.54802334e-02 -2.23150812e-02 -6.00465760e-02
  3.33717950e-02  6.31274134e-02 -4.62097488e-02 -1.19884722e-02
  8.34241882e-02  4.57029045e-02 -9.78391152e-03  3.24163958e-02
  1.01484507e-01 -1.34307845e-02 -1.78396460e-02  3.59479189e-02
 -2.35991273e-02  4.66606095e-02  4.70707379e-02  5.75713441e-03
  8.10867399e-02  1.10326903e-02  7.87815154e-02 -8.11455026e-03
 -1.31916646e-02 -7.85631761e-02  5.30003384e-02 -9.18401463e-04
 -2.23607440e-02  5.23628332e-02 -4.54534553e-02  4.01474088e-02
 -6.91994373e-03  1.64457615e-02 -1.53282927e-02 -5.22728041e-02
 -9.13576558e-02 -2.60509364e-02 -2.56455280e-02  3.31594124e-02
  6.01428859e-02 -1.91734023e-02 -4.53863554e-02  6.06640754e-03
 -5.97864017e-03 -3.93401943e-02  4.64265496e-02  1.68194056e-01
 -1.40545527e-02  1.17479742e-01 -1.14055075e-01  4.06076852e-03
 -2.48745997e-02 -6.85388073e-02 -4.96184034e-03  3.01140528e-02
  5.13688810e-02  5.05943745e-02 -5.37057668e-02  1.51977418e-02
 -5.59308641e-02 -1.02785993e-02 -9.45175253e-03 -9.39586945e-03
  4.89662848e-02 -4.60283086e-03 -7.59469643e-02 -5.94338253e-02
 -3.32476981e-02 -3.03751547e-02  4.91169887e-03  1.08143194e-02
 -3.59767415e-02 -6.81786463e-02  7.35051557e-02 -6.09777886e-33
  2.23666392e-02 -6.27075881e-02  6.88145533e-02  1.15115978e-02
 -7.57056326e-02  2.79228459e-03 -1.17367432e-02 -4.52538095e-02
  4.15899940e-02  5.38033582e-02 -4.53331955e-02  5.46042025e-02
 -1.22611456e-01  4.78073768e-02  1.00641534e-01 -2.73638554e-02
  1.02270092e-03  3.58751863e-02  1.18481092e-01 -1.83460359e-02
 -9.05307755e-02  1.76185425e-02 -4.76771370e-02  1.02977650e-02
 -2.33822297e-02  9.40207113e-03 -3.99388522e-02 -1.80782191e-02
 -5.55330887e-02 -6.83307508e-03  5.58601916e-02  7.88120702e-02
 -4.11506854e-02  5.35760559e-02 -3.72251160e-02  1.77046563e-02
 -1.16157651e-01  5.18081617e-03  8.50609504e-03 -1.18147083e-01
 -8.74753296e-03  3.38678528e-03  8.58493447e-02  3.54524031e-02
  5.62719256e-03  1.17736338e-02 -5.57083152e-02  2.33388897e-02
 -1.59246642e-02 -1.11455712e-02  1.33124515e-02  1.14944819e-02
  7.59625901e-03 -3.89698483e-02 -4.95788157e-02  1.81570593e-02
  1.01655545e-02  9.60895233e-03 -2.86441743e-02  4.80922014e-02
  2.64724251e-02  1.13302931e-01 -6.75185770e-02  4.75826710e-02
 -3.52452062e-02 -2.78292466e-02 -2.35319696e-02 -4.08298448e-02
  4.49841358e-02 -5.54693826e-02 -9.67045948e-02  2.85975579e-02
  1.05807129e-02 -8.45385436e-03  5.55997714e-02 -9.16984025e-03
  2.24814247e-02 -7.96750709e-02 -2.72782538e-02  1.37092033e-02
 -4.43494581e-02 -8.30408856e-02 -3.97906713e-02 -2.52916086e-02
 -1.45089030e-01  4.74538701e-03  4.04105969e-02 -5.14406003e-02
  6.95768222e-02  3.94821167e-03 -1.02357455e-01 -1.01038553e-01
 -2.98370011e-02 -6.19987659e-02 -1.28399776e-02  3.10640545e-33
  2.18940377e-02 -5.66094145e-02 -2.18508467e-02  1.06809385e-01
  7.55297914e-02 -3.85438390e-02 -1.09843817e-02 -5.27085587e-02
  7.78769851e-02  3.23147811e-02  2.75933966e-02 -9.28677060e-03
  4.20283601e-02 -7.16834664e-02 -5.72333708e-02  5.79067767e-02
 -1.87114235e-02  5.43046743e-02  7.74430186e-02  1.35958903e-02
 -8.90086517e-02  7.44671971e-02 -7.49043329e-03 -5.79340160e-02
 -3.61250676e-02  4.59837466e-02  4.66485582e-02 -4.89716530e-02
 -3.40547366e-03  1.95993800e-02  1.77358743e-02 -8.81592277e-03
 -1.69175509e-02 -5.25616482e-02 -2.48977672e-02 -3.26782726e-02
  8.65007266e-02 -7.79304951e-02 -8.81180018e-02 -8.29936638e-02
  3.71911488e-02  2.57688742e-02  5.51470369e-02  1.00602910e-01
  3.54480953e-03  9.66744684e-03 -1.38936415e-02 -5.79538522e-03
  3.88703980e-02  4.74741589e-03  6.84676394e-02 -1.54415788e-02
 -5.87125272e-02 -3.88643593e-02  6.16557933e-02  5.80302887e-02
 -1.21517174e-01 -6.31603226e-02  2.53580958e-02 -2.32100841e-02
  1.06354579e-02  9.17332098e-02 -5.51506281e-02  2.37214305e-02
 -2.98138596e-02 -7.12504517e-03 -4.03621867e-02  5.10973819e-02
  3.15211453e-02 -7.04532415e-02  1.03246190e-01  1.27041908e-02
  4.50371467e-02 -1.42271128e-02 -2.27198135e-02 -9.71828252e-02
 -6.34995922e-02 -4.48634773e-02 -3.26739885e-02 -2.16953401e-02
  6.85968399e-02  3.90393324e-02 -7.27137029e-02 -2.32306099e-03
  2.55896430e-02 -4.16050106e-02  4.42680120e-02 -8.59568827e-03
 -4.98444308e-03  1.04468828e-02 -2.80862954e-02  3.47808674e-02
 -4.87337820e-02  4.98174205e-02 -3.78479995e-03 -1.21903128e-08
  3.34511288e-02  2.00646976e-03  8.47120490e-03 -8.63064453e-03
 -1.63543299e-02  1.44994017e-02  6.99103102e-02  4.95287739e-02
 -2.12541446e-02  3.91235724e-02 -3.58797088e-02  7.52019733e-02
  3.88319157e-02  1.08686963e-03  4.49064299e-02  1.81432185e-03
 -2.78433673e-02 -2.99181547e-02 -5.92847653e-02 -3.50624919e-02
  2.51498371e-02  1.22940438e-02  2.38755625e-02 -1.86923817e-02
  2.25144718e-02 -3.25409174e-02  5.68140596e-02 -1.99327115e-02
  4.92989533e-02  5.89260161e-02  3.07365302e-02  4.51119877e-02
 -1.55990180e-02  6.36622636e-03  2.09884718e-02 -4.40804027e-02
  3.69232483e-02 -6.04988486e-02 -5.13977073e-02  3.21420766e-02
 -4.80844975e-02 -5.23204962e-03 -2.74076313e-02  1.12820892e-02
  8.58315639e-03 -2.18416881e-02 -9.29454640e-02  4.51350026e-02
  3.81069221e-02 -2.02305801e-02  2.49120165e-02  5.38231432e-03
 -2.03251112e-02 -1.77223664e-02  3.51536684e-02 -6.30482472e-03
 -1.48044550e-03 -2.00324580e-02 -5.45693450e-02 -2.63094045e-02
  7.87445530e-02 -1.26025518e-02  1.94109485e-01 -1.67662725e-02]"
117,Toxic Emissions and Waste,Environment,sustainable,11,0.4125,"[ 9.22848657e-03  1.04225494e-01 -5.20337233e-03  5.47348708e-02
  6.56212270e-02  3.49341072e-02 -3.36268134e-02 -3.76468860e-02
 -3.96983027e-02  2.51432937e-02  1.69527251e-02 -6.44890815e-02
  3.16630933e-03 -1.16359778e-02 -6.44629896e-02  2.11503748e-02
 -7.73705691e-02 -1.85290948e-02 -5.18384688e-02 -3.76979560e-02
 -3.17952447e-02  2.19671428e-02  3.85503657e-02  2.70640347e-02
 -7.63282478e-02  1.03875540e-01 -2.92969681e-02 -1.91211142e-02
  4.23213653e-02  4.95439582e-03  4.85607237e-02  5.02502844e-02
  1.30012818e-02 -2.60172114e-02  2.93463916e-02  9.57414955e-02
  3.52528132e-02 -4.42201793e-02  1.43693034e-02 -2.51109973e-02
 -7.70237297e-02 -9.52913687e-02 -4.47366871e-02 -9.41595659e-02
 -2.59539764e-03 -1.26119899e-02  8.20878614e-03 -6.19556792e-02
 -2.95565594e-02 -4.27200533e-02  3.41579765e-02 -5.02084091e-04
 -3.00382003e-02 -1.89252812e-02  4.37179767e-02 -6.11736402e-02
  2.79853903e-02 -6.42527863e-02 -2.07235217e-02 -2.18733978e-02
  8.45526680e-02 -2.10564993e-02 -9.17030424e-02  2.87472475e-02
  1.00640893e-01  7.32735246e-02 -4.29532006e-02  9.35131684e-02
 -1.01452162e-02  1.78359766e-02 -2.33976170e-03 -1.58628561e-02
 -5.75798517e-03 -5.97963035e-02  4.22031507e-02 -1.17575238e-02
  3.97013128e-03  3.91095085e-03  7.51854256e-02  6.64167330e-02
  1.13268524e-01 -1.07284132e-02 -3.77447084e-02 -2.31292900e-02
  3.36776040e-02 -1.38704013e-03  1.88854020e-02 -2.25956254e-02
  6.18289635e-02  5.19074406e-03 -9.07039046e-02  4.43285704e-02
  6.67704120e-02  1.78690795e-02 -1.05950765e-01  3.86274932e-03
 -4.39076610e-02 -3.57128233e-02 -1.21811302e-02  1.94087461e-01
 -1.41280005e-03  5.02700917e-02 -2.97651440e-02 -2.10272409e-02
 -4.83780243e-02 -3.86787355e-02 -9.07786936e-03  6.36170655e-02
 -1.49172023e-02 -4.08357009e-03 -4.60484587e-02 -9.78361070e-03
 -5.33926673e-02  1.02120578e-01  3.39171961e-02 -1.53101832e-02
  7.39554167e-02 -5.02446443e-02  6.67683780e-02 -1.66818388e-02
  4.17237878e-02  1.31767010e-02  3.22599858e-02  9.48042329e-03
  6.20074454e-04 -2.80210432e-02  3.61135341e-02 -5.52840393e-33
 -1.48394601e-02 -3.34775522e-02  9.89520699e-02 -6.85551912e-02
 -2.94705592e-02  4.71741818e-02 -9.15629566e-02  1.37880892e-02
 -1.79847945e-02  5.16757928e-03  7.73872808e-02  2.91417111e-02
 -2.75963433e-02  1.77336913e-02  1.29787073e-01 -1.06546946e-01
 -4.13528904e-02  4.55355272e-02  2.12636534e-02 -2.50718109e-02
 -4.47093602e-03  6.01316430e-02  8.44855886e-03  3.08014601e-02
  9.07533020e-02 -3.71237732e-02  4.63145263e-02  9.65213217e-03
 -3.71443592e-02  1.91891808e-02  5.05467225e-03  5.53693138e-02
 -1.00778893e-01 -6.49165809e-02  1.78201981e-02 -2.91374754e-02
 -1.17507905e-01  7.11434931e-02 -3.52123342e-02  1.40156411e-03
 -4.16946560e-02 -2.99997497e-02  6.44450560e-02 -7.87003338e-03
  4.77563292e-02  4.65479232e-02  4.81169149e-02  5.75945191e-02
 -9.17959288e-02  1.41532915e-02 -3.60856541e-02  3.18858027e-02
 -1.17478035e-01 -5.55104725e-02 -1.34805748e-02 -9.49740931e-02
  1.08085293e-02  1.17899748e-02 -6.47198111e-02 -1.11516349e-01
 -4.49610082e-03  4.77622002e-02 -1.05567649e-01 -2.63494789e-03
  6.43549860e-02  1.48124760e-02 -8.25338997e-03  5.63167743e-02
 -1.48336114e-02 -1.08926147e-02  1.56978834e-02 -4.64977697e-02
  5.14241047e-02 -1.26619134e-02 -2.74164844e-02 -3.29976268e-02
 -2.37195287e-02  3.76674533e-02 -6.72404841e-02  8.07582885e-02
 -8.06140229e-02  8.10746402e-02 -3.86328474e-02 -7.41092637e-02
  1.20861135e-01  2.08178000e-03  2.19565239e-02 -6.61599543e-03
  8.28580037e-02  3.42445485e-02 -3.27432901e-02  2.21828036e-02
  4.93733808e-02 -1.77856088e-02 -7.77353570e-02  2.92105038e-33
  6.09750375e-02  3.88426259e-02 -6.63989782e-02  2.79159583e-02
 -5.53466603e-02 -6.01773188e-02 -1.09983422e-01  3.36026750e-03
 -9.33929550e-05  3.32125067e-03 -8.83268472e-03  5.21280505e-02
  5.92173524e-02  4.77920659e-02  1.07878400e-03 -9.70176980e-03
 -3.10023893e-02 -1.45024024e-02 -6.69280440e-02 -1.78756732e-02
 -3.16871330e-02  1.60111077e-02 -3.63075957e-02  4.25581224e-02
 -5.90747818e-02  5.28500564e-02 -5.77046629e-03  4.52349521e-02
  6.16407804e-02 -2.10503265e-02  1.42845968e-02 -3.18131484e-02
 -5.13933450e-02  7.18569942e-03 -2.67034210e-02  1.98693238e-02
 -2.73500197e-02 -4.33276743e-02  6.31152540e-02  5.41477688e-02
  5.77913448e-02 -6.60759211e-03 -1.04236215e-01  4.86186258e-02
  3.26525830e-02 -4.29465016e-03 -6.47674352e-02 -4.81524214e-04
  4.36642915e-02  2.74656573e-04  8.64008963e-02  4.58669178e-02
 -7.32465982e-02 -9.47188735e-02  1.20803146e-02 -5.71760722e-03
  1.09920511e-02  4.61515002e-02 -5.11154272e-02 -6.00319952e-02
  3.62726972e-02  5.81586920e-02  3.99780460e-02  1.01935655e-01
 -1.90357901e-02  1.56874415e-02  5.85634150e-02 -5.15712984e-03
  2.64164736e-03 -5.89668043e-02  2.02981811e-02  1.42573789e-02
 -1.51132405e-01 -2.72336490e-02 -3.34407575e-02  2.20838301e-02
 -2.90264077e-02 -3.90031259e-03 -3.15845162e-02 -1.64761264e-02
 -6.92284405e-02 -3.84390578e-02  1.87562115e-03 -2.44203433e-02
  6.09043380e-03 -6.55906275e-02 -5.36674410e-02 -7.88323507e-02
  4.57958458e-03  7.60348365e-02  9.78236739e-03 -1.57828536e-02
 -1.55801430e-01  9.45107788e-02  3.00860088e-02 -1.25546196e-08
  6.05057143e-02  2.95662526e-02 -1.74850374e-02  2.85795908e-02
 -1.44425500e-02 -2.65439674e-02  8.05598199e-02 -3.44175622e-02
  5.89632951e-02  1.07937708e-01  8.94644111e-03  1.78459845e-02
  2.18603462e-02  8.73749629e-02 -3.82472500e-02 -2.86708283e-03
 -6.67365361e-03 -1.20435245e-02 -6.73184097e-02 -2.14520749e-03
  1.76874567e-02 -3.53974216e-02 -3.22567560e-02  6.17222786e-02
 -3.87332439e-02 -3.67024839e-02  5.47896028e-02 -1.33393304e-02
  1.81088559e-02  3.96246165e-02  7.25238547e-02  5.66703342e-02
 -4.37665507e-02 -3.11234202e-02 -6.73405379e-02 -8.23970884e-02
  4.70331125e-02  3.90243419e-02  8.42126831e-03 -3.68036330e-03
 -2.35822760e-02  4.37031053e-02 -6.66967556e-02  5.79174720e-02
  1.87370982e-02 -4.97251078e-02  1.47886956e-02  5.74118495e-02
 -3.46751027e-02  4.61712368e-02 -5.07141091e-03 -1.56043917e-02
  2.25546844e-02  3.85336988e-02 -1.84016619e-02 -2.51526870e-02
  3.09344139e-02  4.52180319e-02 -6.07753582e-02  1.50869302e-02
  1.12989694e-01 -5.29464781e-02  4.81697209e-02  5.69882914e-02]"
118,Toxic Emissions and Waste,Environment,sustainability,6,0.4121,"[ 4.10689507e-03  1.18057869e-01  6.51803939e-03  2.01633498e-02
  6.49562180e-02  1.96664799e-02 -1.85424853e-02 -4.37019281e-02
 -1.89063288e-02 -1.94131453e-02  1.53809488e-02 -6.06852099e-02
 -1.38276825e-02  3.28618800e-04 -6.36824667e-02  2.99334037e-03
 -1.04614154e-01  2.85492968e-02 -3.15095522e-02 -4.46097665e-02
 -4.81216013e-02 -6.52997335e-03  1.40605820e-02  2.21560858e-02
 -8.52372646e-02  1.11566447e-01 -4.57940809e-02 -2.10122038e-02
  4.49358523e-02 -1.23077948e-02  5.49973845e-02  3.48152332e-02
  3.21664698e-02 -2.58470494e-02  2.86358260e-02  1.19534075e-01
  5.20595536e-02 -2.03274265e-02  2.81015281e-02 -2.32810434e-02
 -6.83358535e-02 -7.98003227e-02 -4.64179367e-02 -1.00554347e-01
 -7.92264845e-03 -1.70614310e-02  2.38624699e-02 -6.67935014e-02
 -1.94664653e-02 -6.41482174e-02  5.69883808e-02  4.96568438e-03
 -4.35719267e-02 -3.31956074e-02  2.76494138e-02 -5.71230128e-02
  3.60825062e-02 -4.36470918e-02 -2.71218270e-02 -1.86118484e-02
  9.56522152e-02 -5.97844645e-02 -8.24462697e-02  5.98447919e-02
  1.10988669e-01  7.28443936e-02 -4.51058634e-02  8.06766748e-02
 -4.17143255e-02  7.66098092e-04  2.54031504e-04 -4.89965454e-02
 -1.68374404e-02 -5.68989106e-02  4.61863130e-02 -2.02786867e-02
  8.67558178e-04  2.07630154e-02  7.54866377e-02  5.18056750e-02
  1.27711102e-01  8.13136250e-03 -5.79651557e-02  7.83111807e-03
  3.19172740e-02  6.83634123e-03  2.01919791e-03 -2.10548956e-02
  6.34308755e-02  1.18735246e-03 -7.18195587e-02 -8.37190729e-03
  1.05033174e-01  2.79798973e-02 -9.91501734e-02  2.13863533e-02
 -6.40910119e-02 -5.91606274e-02  2.31871270e-02  1.83625534e-01
  2.49900687e-02  4.18050513e-02 -3.45870480e-02 -3.95139167e-03
 -2.92633194e-02 -4.18800972e-02 -1.71870794e-02  3.42051722e-02
 -1.35479672e-02  2.66578258e-03 -3.91931571e-02 -2.45667831e-03
 -7.11034834e-02  7.49404877e-02  9.91136394e-03 -3.60299572e-02
  6.80260435e-02 -3.77253108e-02  9.10507813e-02 -3.24005559e-02
  3.60881872e-02  7.83036370e-03  3.09122149e-02 -3.12274341e-02
  1.36454022e-02 -4.14511263e-02  3.10804024e-02 -5.98822610e-33
 -4.20500524e-02 -1.78565402e-02  8.01837370e-02 -8.57156664e-02
 -1.33083006e-02  5.31694852e-02 -7.89119601e-02  3.44478600e-02
 -8.46165046e-03  2.05724277e-02  8.70055184e-02  2.44436786e-02
 -7.10748648e-03 -1.89742970e-03  1.38179630e-01 -9.92585793e-02
 -5.09803519e-02  4.41081151e-02  4.71809506e-02 -3.58645283e-02
 -1.36118464e-03  2.77733579e-02  3.82069685e-02  3.04933991e-02
  8.42381641e-02 -4.07830551e-02  3.70854661e-02  8.79490562e-03
 -2.12327819e-02  1.41759776e-02  3.11466996e-02  7.02301115e-02
 -7.29705319e-02 -6.94170818e-02  2.55425628e-02 -1.99947655e-02
 -9.79593322e-02  4.79331054e-02 -1.63562633e-02 -1.23301568e-02
 -5.16318791e-02 -5.06974123e-02  4.21300977e-02  5.05314767e-03
  4.15054448e-02  6.74985647e-02  9.22009274e-02  5.00938557e-02
 -2.88826711e-02  2.07776297e-02 -4.79130074e-02  4.39208932e-02
 -8.31002668e-02 -6.24812357e-02  1.73073858e-02 -1.01528555e-01
  1.83164570e-02 -3.51613900e-03 -6.25279173e-02 -1.44605532e-01
 -1.36677362e-02  2.85939407e-02 -8.93416107e-02 -1.55326920e-02
  1.05306983e-01  2.87281573e-02 -1.57866739e-02  6.30112216e-02
 -2.49732174e-02 -8.28966498e-03 -2.13319547e-02 -6.17742389e-02
  1.65235307e-02  6.55286899e-03 -2.29617842e-02  2.05614772e-02
 -4.35336754e-02  4.40217033e-02 -8.03454667e-02  7.44381398e-02
 -1.41673014e-01  7.06722066e-02 -4.18889932e-02 -7.51749799e-02
  1.03186227e-01  1.93275735e-02  4.31355387e-02  1.08621372e-02
  9.54525545e-02  3.83123048e-02 -3.55879515e-02  1.21105807e-02
  2.25081947e-02  3.22218500e-02 -7.48636425e-02  2.79944384e-33
  3.25182788e-02  2.34985016e-02 -4.78637964e-02  3.06359679e-02
 -6.10395242e-03 -8.10623467e-02 -9.82098579e-02 -2.94141676e-02
 -2.68473173e-03  2.71393508e-02 -6.33887947e-02  5.89787625e-02
  3.10018323e-02  6.72343895e-02 -3.28807160e-02  1.36332577e-02
 -3.73079367e-02 -2.97917593e-02 -8.66425633e-02  5.85598731e-03
 -2.99682515e-03  3.79549339e-02 -4.76750098e-02  5.01095653e-02
 -7.48546496e-02  6.92744404e-02  5.10856928e-03 -5.68971317e-03
  7.57188275e-02 -2.12913658e-02  4.27858764e-03 -2.84907781e-02
 -1.84576549e-02  1.42566133e-02 -3.53323705e-02  2.09281370e-02
 -3.94660793e-02 -3.51648666e-02  4.30891030e-02  6.67249784e-02
  4.99502644e-02 -2.14167349e-02 -6.37839139e-02  4.89172563e-02
  4.69128927e-03 -4.99444548e-03 -5.04739396e-02  8.53523891e-03
  3.34124304e-02 -4.96575749e-03  6.77503645e-02  5.44972010e-02
 -3.90525758e-02 -8.24177787e-02  3.97184007e-02  1.32149225e-02
  1.86213050e-02  2.54194140e-02 -6.60167411e-02 -9.51215625e-03
  1.43197849e-02  8.64928067e-02  2.12305300e-02  8.93448740e-02
 -2.26828121e-02  2.66648084e-02  2.99995728e-02 -1.08755883e-02
 -3.19220945e-02 -6.02898747e-02  1.65625028e-02  1.80757716e-02
 -1.45757645e-01 -4.21574414e-02 -4.54589203e-02  4.21647578e-02
 -3.56710106e-02  6.78186130e-04 -4.44627292e-02 -1.77351385e-02
 -5.96962683e-02 -2.24278811e-02 -3.22564912e-04  7.75204645e-03
 -1.73715688e-02 -2.26540715e-02 -3.13948318e-02 -7.20482990e-02
  1.71975996e-02  8.21701735e-02 -8.66613258e-03  1.56573858e-02
 -1.15967043e-01  9.11872014e-02  3.16167958e-02 -1.32017126e-08
  2.07300205e-02  1.22500118e-02 -3.06454371e-03  3.00273811e-03
 -3.45179737e-02  3.64696980e-03  7.94852003e-02 -4.69883867e-02
  5.96033363e-03  9.00167450e-02 -1.75083764e-02  3.34479809e-02
  2.58500688e-02  1.12780787e-01 -4.40019518e-02  1.01531390e-02
 -3.32500935e-02 -1.32103032e-02 -5.13426773e-02 -2.24831383e-04
  1.91717164e-03 -4.27011028e-02 -1.05918478e-02  3.16308923e-02
 -2.03408804e-02 -3.21624614e-02  2.82074530e-02  3.31844166e-02
  3.55366841e-02  4.60452512e-02  6.49938807e-02  5.83545789e-02
 -2.71341410e-02 -4.11916077e-02 -6.86965138e-02 -8.03319514e-02
  1.82563607e-02 -4.64409031e-03  3.45770679e-02 -3.82146686e-02
 -1.18916817e-02  5.36681898e-02 -5.57984747e-02  6.41106293e-02
 -3.50771062e-02 -3.54594998e-02 -1.59875322e-02  7.17699677e-02
 -3.90187204e-02  3.44157666e-02 -1.69636570e-02 -5.74314147e-02
 -4.18853760e-03  6.09898493e-02  1.32456943e-02 -5.35725728e-02
  4.08484973e-02  1.07771652e-02 -3.16101499e-02  2.92236749e-02
  1.02763079e-01 -6.16308041e-02  9.00010392e-02  2.76221950e-02]"
119,Toxic Emissions and Waste,Environment,diesel,2,0.4059,"[-6.50496632e-02 -5.60521660e-03 -1.46752074e-02  8.03681463e-02
  4.37995493e-02  2.53344681e-02  5.97642139e-02  7.41386637e-02
 -5.97524829e-02 -7.47452453e-02  1.63771622e-02 -5.51579781e-02
 -4.85414155e-02  2.25657690e-02 -2.38357000e-02 -2.27272650e-03
 -3.60809150e-03 -6.86855093e-02 -3.79498191e-02 -6.56505004e-02
  8.94646719e-03  1.10867023e-02  2.12986451e-02  5.66414744e-02
  1.50103448e-03  6.84707910e-02 -4.06156965e-02  3.23405899e-02
  2.07792055e-02 -1.23516887e-01  2.92289536e-02  3.34414765e-02
 -5.56647927e-02 -1.84792746e-02 -1.94062088e-02 -2.65673008e-02
  8.79505090e-03 -7.04610627e-03  5.33229336e-02 -3.29016149e-02
 -7.55908787e-02 -1.53259739e-01  1.55495601e-02 -7.99615756e-02
  6.30603805e-02  3.26982327e-02  8.05219933e-02 -2.13215817e-02
  9.59646851e-02 -4.61681783e-02  1.92730781e-02 -3.34273688e-02
 -3.84985842e-02  3.97063047e-02  9.21565369e-02 -1.18528828e-01
  3.92876267e-02 -9.84279718e-03 -2.55081505e-02  5.52274175e-02
 -3.94480862e-02  2.82543954e-02 -2.35242639e-02  3.91129963e-02
  9.86758992e-03 -2.72966996e-02 -4.45784517e-02 -3.68093327e-02
 -5.58758620e-03  2.16920916e-02  4.09629717e-02 -6.70117559e-03
  3.64730060e-02 -8.85047112e-03 -3.65375131e-02 -5.59696220e-02
  7.99798593e-02  1.63743626e-02  1.07915834e-01 -5.51913641e-02
 -3.99141684e-02 -9.84531827e-03 -3.91873010e-02  2.63415165e-02
 -3.18154023e-04  2.00515799e-02  6.77789152e-02 -3.61661129e-02
 -4.73924689e-02  7.69616514e-02 -1.18293226e-01  2.50383001e-02
  7.97206610e-02  6.26767874e-02 -2.33806670e-02  7.94581994e-02
  8.77121314e-02  3.85452844e-02  9.06771794e-03  1.32240444e-01
 -2.09060386e-02  5.50013669e-02 -1.08404510e-01  7.60703254e-03
 -7.14741722e-02 -1.47817442e-02 -5.64273186e-02  7.80733451e-02
  4.01909724e-02 -3.76679637e-02  2.01218650e-02  3.23910080e-02
 -2.54413169e-02  7.39514478e-04 -1.07389264e-01 -4.16231155e-02
  2.76712049e-02 -8.85447562e-02  1.36297112e-02  7.06612393e-02
 -7.82765076e-02 -1.06041348e-02 -6.58001238e-03  8.45337138e-02
 -2.35729553e-02 -4.25019786e-02  4.60338518e-02 -4.32963516e-33
 -6.38854429e-02 -7.14938343e-02  2.75051352e-02  1.37220072e-02
 -1.48403673e-02  2.89968913e-03 -7.86156952e-02 -4.23706658e-02
 -2.69511510e-02  3.34900133e-02 -5.56223933e-03  6.97338730e-02
 -1.20616294e-01  7.85060078e-02  6.35805726e-02 -4.68988344e-02
 -5.93991056e-02 -4.21172893e-03 -2.55154893e-02 -6.18609600e-02
 -4.58313674e-02  1.02759721e-02  2.53091771e-02  2.92194430e-02
  4.37199557e-03 -5.97139401e-03  7.09352866e-02 -3.00898086e-02
 -1.37382019e-02  4.75987494e-02  1.61388796e-03  4.80037592e-02
 -4.23862375e-02  2.39689518e-02 -5.36080562e-02  8.32822546e-03
 -6.79475367e-02 -6.31526336e-02 -8.07931796e-02  6.97764680e-02
  6.13530464e-02  4.83856834e-02 -6.58737421e-02 -4.85515296e-02
 -4.96412814e-03  5.46864718e-02 -2.07016710e-02  9.26652458e-03
 -1.70058068e-02  1.27601344e-02 -5.91461509e-02  3.43100652e-02
  3.78742535e-03 -2.07797401e-02  4.03735489e-02  3.90394288e-03
  8.50563645e-02 -5.08832596e-02 -1.18997619e-02  1.14284456e-02
 -4.97462116e-02  1.15377031e-01 -1.72317084e-02  3.14187445e-02
  3.58350389e-02 -2.42592357e-02  1.40804797e-02 -1.56132467e-02
 -4.63370457e-02 -2.30572131e-02 -3.50923911e-02 -4.69692200e-02
  1.19052470e-01  5.31921862e-03 -1.53146917e-02  4.35492843e-02
 -2.07127146e-02  2.65075825e-02 -4.40351292e-02 -3.28327864e-02
 -6.33350611e-02  4.53316577e-04  2.55810749e-03 -1.48986811e-02
  2.03253552e-02 -6.21220283e-03 -4.90388833e-02 -3.82628217e-02
  3.26272622e-02  3.13657522e-02 -9.94603783e-02 -1.08988702e-01
  2.74687484e-02  4.33714315e-02 -4.92569879e-02  2.89656612e-33
 -1.93889737e-02  3.47254463e-02  2.86494549e-02  8.57910961e-02
  5.26677556e-02  7.35020684e-03  6.06750622e-02 -4.21366608e-03
  8.64678025e-02  1.42850757e-01  2.25999206e-02 -5.33890389e-02
  3.76981907e-02  3.63149121e-02 -1.38466491e-03  3.64747457e-02
 -5.12312632e-04 -4.14864458e-02 -2.22842768e-02 -2.53026653e-02
 -3.66944820e-02  6.03080681e-03 -4.29510809e-02  1.67686455e-02
 -2.46422011e-02  1.13432400e-01 -6.37142658e-02  4.98259626e-02
 -6.38055801e-02 -4.10243534e-02  2.73644328e-02  1.81203634e-02
 -4.94449586e-03  5.18498383e-02  4.25120210e-03  1.74735393e-02
  3.97828929e-02  6.12737127e-02  6.54774252e-04 -1.21479249e-02
  4.55041490e-02 -6.07587323e-02  6.36345521e-02  9.64811370e-02
 -2.11210269e-02 -3.34785469e-02 -3.61659005e-02 -7.87555054e-02
  8.07966366e-02  8.77569690e-02  5.48508614e-02  3.26463929e-03
 -1.28380873e-03  2.70350371e-02 -6.14741333e-02 -1.45480689e-02
 -3.25307362e-02  4.75077182e-02 -2.82136966e-02  6.54170383e-03
  8.83708298e-02  6.74267020e-03  8.59654695e-03  6.23428263e-02
 -1.44720539e-01 -8.11029300e-02 -7.39568025e-02 -9.57206637e-02
  5.64497896e-02 -2.03394555e-02  7.47671649e-02  2.60964017e-02
  4.63581644e-02  1.81548130e-02 -9.14169177e-02 -9.10444632e-02
 -4.23679920e-03  1.03081735e-02  1.77769773e-02 -1.90898199e-02
  3.48335691e-02 -8.62730388e-03 -1.00220349e-02  3.02846748e-02
  3.19151729e-02 -1.69314835e-02  2.40329024e-03  9.86150000e-03
  1.09429948e-01 -3.16887163e-02  5.64407408e-02  5.86106591e-02
 -6.60206750e-02 -3.06517128e-02 -8.06586593e-02 -1.05014024e-08
 -7.44707789e-03 -7.23041967e-03  3.62952633e-05  5.18440381e-02
  2.66545899e-02 -1.59812272e-02  1.93887949e-02  4.48428802e-02
  1.63359940e-02 -2.03356706e-02  4.49352451e-02  4.19720374e-02
  5.10966443e-02  9.90769453e-03  2.09805109e-02 -4.94749174e-02
 -5.58223650e-02  3.55887786e-02  1.58293836e-03 -8.41170363e-03
  2.45600641e-02 -9.89943836e-03  7.96487741e-03  7.14562461e-02
 -3.92619660e-03 -4.29231487e-02  3.44812609e-02 -2.57923384e-04
  8.40704218e-02  6.80497214e-02 -5.91626950e-02  1.14419840e-01
 -2.61283275e-02  3.16685392e-03 -2.43445076e-02 -3.11654303e-02
  8.92682225e-02  9.08229128e-03 -5.11153825e-02  2.72145495e-02
  9.65916179e-03 -6.54787757e-03 -1.36218099e-02 -6.14167899e-02
  2.97414474e-02 -1.77354012e-02 -1.13012768e-01 -4.22877297e-02
 -1.81355234e-02  9.40158311e-03  7.42803439e-02 -2.56402628e-03
  2.86600385e-02  9.86078605e-02 -1.57848168e-02 -1.44303180e-02
 -7.25929067e-02 -7.22985901e-03 -1.01021059e-01 -3.76465358e-02
  6.85611740e-02 -4.46260236e-02  1.02631830e-01  3.24367732e-02]"
120,Electronic Waste,Environment,waste,15,0.6839,"[ 1.15807625e-02  9.73809659e-02 -6.98507996e-04  2.13104617e-02
  6.35843948e-02 -1.91334691e-02  1.49126455e-01 -1.54187018e-02
  4.06387672e-02  9.25249700e-03 -3.95688042e-02 -4.89042513e-02
 -1.86768062e-02  3.52149755e-02 -5.12933731e-02 -8.99680611e-03
 -1.71735382e-03  3.95571738e-02 -6.33638278e-02 -4.12587225e-02
  5.15112355e-02 -5.25349053e-03  3.17504071e-02  1.48192672e-02
 -3.32652545e-03  6.55189902e-02  2.44619772e-02 -6.23075068e-02
  7.45920232e-03 -6.66781068e-02  6.11038916e-02  5.97657748e-02
  4.62012030e-02 -6.61172271e-02 -2.95084976e-02  6.76814467e-02
  3.90645713e-02 -4.43955447e-04  3.64717692e-02 -1.42031675e-02
 -2.80895531e-02 -5.46513423e-02  3.64782102e-02  3.12939100e-02
 -6.16373159e-02  7.12020614e-04 -1.28249284e-02 -5.99853769e-02
  4.86061350e-02 -4.99448404e-02  1.40072435e-01 -3.68996933e-02
 -3.56917083e-02 -3.02305091e-02  5.52938282e-02 -6.12651482e-02
 -8.51954427e-03 -1.45855627e-03 -5.87395355e-02 -1.37689086e-02
  3.44503745e-02  4.13487060e-03 -4.64072004e-02  2.31864434e-02
  1.13498062e-01  1.45126143e-02 -7.89273717e-03  4.14622426e-02
 -1.55410757e-02 -1.77840702e-02 -5.20770773e-02  3.04903579e-03
 -3.35365497e-02 -4.45792153e-02 -3.94028565e-03  3.24810967e-02
  1.05473980e-01 -5.13587855e-02 -6.05103932e-03  3.24499719e-02
 -9.21349898e-02 -2.13631019e-02 -2.55942568e-02  6.58392534e-03
  2.37928424e-02 -1.31993927e-03 -5.63175716e-02 -1.61397643e-02
 -6.97012469e-02 -3.33605446e-02 -3.12007274e-02  6.37591630e-02
  1.07347451e-01 -6.00825250e-03 -6.30690008e-02 -3.35829263e-03
  2.30889954e-02 -5.65334223e-03 -1.00356555e-02  2.29675546e-01
 -1.50916278e-02  1.27145290e-01  5.41788526e-02 -2.87406091e-02
 -1.98681344e-04 -2.05947440e-02 -2.94991024e-02  7.97188058e-02
  3.25652845e-02  7.05084857e-03 -4.03072275e-02 -2.06478573e-02
  4.32064086e-02  1.08537540e-01  1.39450282e-02  7.17265829e-02
 -6.15109457e-03 -1.04467133e-02 -6.40025735e-02  2.47054752e-02
 -5.53050414e-02  2.28282847e-02 -2.27254722e-03  1.63819287e-02
 -6.77958876e-02 -1.23624377e-01  3.79518904e-02 -5.53731785e-33
 -3.73991132e-02  5.54588251e-03  7.57514238e-02 -9.71137825e-03
 -6.10644594e-02 -9.40712616e-02  4.55099791e-02 -1.37423696e-02
  2.00962294e-02 -3.29880565e-02 -1.38192177e-02 -7.55293574e-03
 -9.61888805e-02  3.60480212e-02  3.01475581e-02 -3.09833977e-02
  1.19558694e-02  8.38506371e-02  3.98440547e-02 -3.91651317e-02
 -2.48593036e-02  8.49769264e-02  3.45118373e-04 -5.50138317e-02
  3.77297364e-02 -6.59213960e-02 -1.33952964e-03 -6.77169263e-02
 -2.33129617e-02  5.93838049e-03  2.30666163e-04  4.49451841e-02
 -3.72669436e-02  1.33668557e-02 -5.48742414e-02 -3.21121551e-02
 -2.19539204e-03  7.41222426e-02 -5.82775846e-02 -7.53690302e-02
  2.43869424e-02  3.36698890e-02 -1.89594552e-02  1.54320635e-02
  2.97781508e-02 -2.25014761e-02  6.57931715e-02  2.08555292e-02
 -4.20312695e-02  5.35309575e-02  5.53189823e-03 -5.44570573e-03
 -8.58107507e-02  2.36000903e-02 -3.18719782e-02 -8.54738653e-02
  7.51221478e-02 -7.39343464e-02  3.35187353e-02 -6.08853437e-02
  8.98584425e-02  1.04996294e-01 -1.10794760e-01  5.69099635e-02
 -2.12459918e-02  2.72289058e-03 -1.61118396e-02  1.04007893e-04
  1.85631830e-02  2.99198739e-02 -6.13666102e-02 -4.87712361e-02
  5.87913431e-02  4.94857207e-02  3.30805331e-02 -1.42837083e-02
 -5.32847755e-02 -5.48297241e-02 -2.42793635e-02 -3.10263541e-02
 -3.76677401e-02 -5.99774048e-02 -7.15606436e-02 -4.91926447e-02
  8.02219752e-03  1.85350468e-03  5.42846099e-02 -5.33580706e-02
  2.27671228e-02 -4.12834669e-03 -4.57724147e-02 -5.94009412e-03
  4.12846543e-02 -4.95002270e-02 -1.35021575e-03  5.10776320e-33
  4.63753752e-02  2.11674068e-02 -1.13167772e-02  1.10830575e-01
 -2.95047015e-02 -2.65655108e-02 -1.15724886e-02 -2.31377464e-02
  2.02590842e-02  6.29064962e-02 -8.80133137e-02 -9.36019048e-03
  5.44255376e-02  2.89294254e-02  4.21526730e-02  1.10634072e-02
  7.73235261e-02 -4.00339663e-02 -7.28548840e-02 -6.84586093e-02
  9.29681212e-03  4.43192013e-02  7.83134066e-03 -7.16151819e-02
 -8.27828497e-02  3.77772935e-02  4.06872630e-02  2.35990118e-02
  1.67508274e-02 -3.95451412e-02  2.12834273e-02  1.71526577e-02
 -3.02555095e-02 -1.57511216e-02  2.05855025e-03  3.82414572e-02
  2.26367451e-02  1.05669320e-01 -1.74530447e-02 -1.39653180e-02
  1.14043429e-02 -5.64515255e-02 -3.60019058e-02  8.85496289e-02
 -4.02696840e-02 -2.67771240e-02  6.35886099e-03 -5.49496040e-02
  8.28344226e-02  1.51879305e-03  1.25894427e-01  2.54136138e-02
 -4.28808331e-02 -3.01823132e-02  1.66823193e-02  6.19317293e-02
 -2.90289968e-02  3.07706445e-02 -2.90692877e-02 -8.77464563e-03
  3.91315576e-03  7.78489187e-02 -3.76698673e-02 -7.50400545e-03
 -6.73543364e-02 -4.20985110e-02  1.18528958e-03  4.55969758e-03
 -4.66119163e-02  5.65877669e-02 -9.07353358e-04  3.93600874e-02
 -4.28591333e-02  2.10785051e-03 -2.85166129e-02 -1.54327191e-02
 -5.16128950e-02  2.01234259e-02  4.57177833e-02 -1.63440790e-03
 -4.49312478e-02 -5.10981642e-02  6.76887995e-03 -3.92862130e-03
  5.23435213e-02 -4.57690507e-02 -1.73355862e-02 -1.13678891e-02
 -4.86650914e-02 -1.44531420e-02  1.24804862e-02  9.02323009e-05
 -7.59218261e-03  1.04564451e-01  6.92018634e-03 -1.35037004e-08
 -2.58256290e-02  3.15467827e-02  2.13945471e-02  1.01330139e-01
 -4.66905395e-03 -2.85639167e-02  1.69304628e-02  9.06555504e-02
  4.62054387e-02  6.45686835e-02  2.65646633e-02 -2.02385504e-02
  4.18260843e-02  8.54203850e-02  4.51954864e-02 -2.04939339e-02
 -6.80460036e-02 -9.17756259e-02 -6.03778623e-02  7.29679922e-03
 -3.71522382e-02 -6.66363537e-02 -7.16577470e-02  3.14636081e-02
  4.31618802e-02 -4.25182693e-02  4.94967699e-02  1.40355453e-01
  3.38030532e-02  5.50542325e-02  7.37328008e-02  6.04257695e-02
 -5.10080606e-02  1.02884620e-02 -4.76047508e-02 -5.04162163e-02
  8.76253098e-02 -4.46997508e-02  7.46864220e-03  9.34263095e-02
 -4.47558053e-02 -4.50107306e-02 -7.37689761e-03 -2.45370921e-02
 -2.61240322e-02 -5.81543222e-02 -2.91897189e-02  7.61611713e-03
 -8.34084153e-02 -2.71410635e-03  2.38543116e-02 -5.78575544e-02
  1.30021758e-02  7.42913634e-02  8.47703591e-02 -3.32353860e-02
  5.36534600e-02  3.28482650e-02 -1.77790187e-02  5.44883683e-02
  2.14669913e-01 -1.73637662e-02  7.81076998e-02 -3.13830264e-02]"
121,Electronic Waste,Environment,recycling,6,0.6343,"[-8.13960209e-02  7.43737966e-02 -1.33063151e-02 -7.80706992e-03
  6.09524883e-02 -2.49008574e-02  1.26633525e-01 -4.55605388e-02
 -4.46167812e-02  1.04610557e-02  2.55039725e-02  5.34474626e-02
  2.78518647e-02  4.07743827e-02 -8.08362886e-02 -2.29279380e-02
 -5.57472594e-02  2.31153145e-02 -6.07137606e-02  2.10720301e-02
 -1.38774347e-02 -2.06025634e-02 -3.01247602e-03 -8.34793225e-03
  3.21838893e-02  1.22678846e-01 -4.80245650e-02 -2.95441728e-02
  7.81430677e-03 -9.10794586e-02  4.36503068e-02  4.47765961e-02
 -2.46734954e-02 -4.50355001e-02  4.18584608e-02  1.11650720e-01
  1.89177692e-02 -2.31687371e-02  3.84124666e-02 -6.61979616e-02
 -8.40485245e-02 -5.74074537e-02 -2.64839735e-02 -3.24107856e-02
 -1.31106507e-02 -1.51263820e-02  4.85872217e-02 -2.72998381e-02
  9.65264568e-04 -9.57836434e-02  1.65793136e-01  1.18520362e-02
 -6.55873045e-02 -3.94766405e-02  3.27627026e-02 -7.02214018e-02
  5.88974506e-02 -3.24566551e-02 -2.94601526e-02  2.47937199e-02
  4.73188646e-02 -4.37514409e-02 -7.02593848e-02  7.41739720e-02
  1.30599409e-01  2.25882679e-02  7.96140265e-03  5.90331182e-02
 -3.26061621e-02 -3.24333236e-02  4.72112047e-03  2.45586294e-03
  5.40292310e-03  1.16367284e-02  5.57997115e-02  1.69811118e-03
  6.29139766e-02 -2.15711053e-02 -6.37421981e-02  6.67570680e-02
 -7.62433745e-04 -3.10027017e-03 -1.37919448e-02 -2.28173416e-02
 -4.39838320e-02 -9.31329839e-03 -4.86921929e-02 -3.75529714e-02
  1.86827814e-03  2.05794186e-03 -2.57860329e-02  6.98852837e-02
  1.10055320e-01 -7.33231893e-04 -6.82641491e-02  2.29549464e-02
 -2.85756821e-03  1.30152388e-03  3.48651856e-02  1.96766332e-01
 -2.62765400e-02  1.11736611e-01  2.91383844e-02 -8.93517956e-02
 -4.00900319e-02 -6.82129636e-02 -4.90581729e-02  2.08954997e-02
 -1.39275854e-02  1.47459218e-02 -7.46097639e-02  1.52378799e-02
  1.18357986e-02  9.82585698e-02  4.20618430e-02  2.30186470e-02
  2.28058249e-02 -3.07186320e-02 -8.27231035e-02 -9.71937552e-03
  2.07621604e-02 -2.43702792e-02  2.10722815e-02 -3.38421501e-02
 -6.54237121e-02 -1.19140018e-02  3.08306962e-02 -4.22916309e-33
 -6.17401563e-02  2.16736887e-02  6.82332292e-02 -5.23950718e-03
  4.57318909e-02 -5.44330142e-02  3.34474333e-02  4.15165006e-04
  2.27231625e-02 -2.87475102e-02  5.32029159e-02  6.04076162e-02
 -3.65395397e-02  1.30400406e-02  4.13388088e-02 -4.29097079e-02
 -3.66026722e-02  8.85148346e-02 -3.01630106e-02 -7.45295510e-02
 -3.43778990e-02  5.87983653e-02  1.80969499e-02  5.17290086e-02
  8.41782242e-02 -5.53758591e-02  1.48495734e-02 -5.36077581e-02
  4.16758396e-02 -1.42662795e-02  6.54878318e-02  9.67347547e-02
 -6.45886511e-02 -4.76710685e-03 -1.26743997e-02  9.01656784e-03
 -4.42656428e-02  1.03756040e-02 -2.31947955e-02 -1.16515588e-02
  4.20572087e-02  4.05962057e-02  1.58582267e-03  5.43348119e-02
  5.42978570e-02 -4.64712419e-02  7.69230872e-02  4.88549881e-02
 -1.12000212e-01  2.30531227e-02  7.32542574e-03  4.51278053e-02
 -5.52108325e-02 -1.66703481e-02 -6.14281967e-02 -5.44722416e-02
  5.65017611e-02 -6.73879310e-02  1.25904884e-02 -3.80694531e-02
  8.59309062e-02  1.32356808e-01 -1.43580651e-02  3.38314176e-02
  5.10918628e-03  4.57067117e-02  7.12909410e-03  4.89476509e-02
  7.78654777e-03  8.50083400e-03 -2.96232756e-03 -3.41783091e-02
 -5.41976206e-02  6.80930121e-03  6.82012504e-03  1.43538266e-02
  2.56515350e-02 -3.51544246e-02 -1.73889026e-02 -5.61935604e-02
 -7.89480433e-02 -2.94103026e-02 -2.20319871e-02 -5.55613153e-02
 -2.46226676e-02 -3.93982604e-02  3.23377475e-02 -4.92571667e-02
  9.41746160e-02  1.88866723e-02 -3.41791958e-02 -1.94446091e-02
  1.72878634e-02 -7.79484883e-02 -3.63265574e-02  2.17579045e-33
  2.07724087e-02 -1.88881457e-02  5.86667983e-03  2.36154180e-02
 -2.78596748e-02 -8.15424547e-02 -8.22589770e-02  3.04622208e-05
  2.54513919e-02 -3.28838155e-02 -1.35532796e-01  9.41799022e-03
  1.00463368e-01  5.91130815e-02  2.63636932e-02  5.10709174e-03
  2.80277468e-02 -1.11699002e-02 -8.37818161e-02 -5.94238937e-02
 -1.48191573e-02  3.29346620e-02  4.56331745e-02  7.88149331e-03
 -9.89717692e-02  2.45113745e-02 -6.96911439e-02 -4.45830598e-02
  1.35274187e-01 -3.64010856e-02 -1.66840907e-02 -8.47200453e-02
  2.59643905e-02  2.91280393e-02  8.94094352e-03 -2.13818830e-02
  1.81138534e-02  5.88418450e-03  1.12521332e-02 -2.92249899e-02
  3.37381102e-02  2.50681955e-02 -8.21285471e-02  9.06836689e-02
 -4.42093387e-02 -4.78648804e-02 -7.30285570e-02  2.91421749e-02
  1.16891675e-01 -1.80464983e-02  5.24329506e-02  4.17044014e-03
 -4.85813022e-02 -8.75529647e-02  1.09708821e-02  9.74202007e-02
  6.06933311e-02 -3.85918305e-03 -2.86528021e-02 -2.86086723e-02
 -2.19413196e-03  3.99789736e-02 -5.30282110e-02  3.75743769e-02
 -3.28535326e-02 -3.62221077e-02  7.94271827e-02 -1.18388664e-02
 -1.11913465e-01  3.23506101e-04  2.66725998e-02  6.75049946e-02
 -1.11613013e-02 -5.42625636e-02 -1.01670716e-02  1.49092656e-02
 -8.13185349e-02  7.69144222e-02 -2.05587503e-02 -1.32505279e-02
 -4.87530753e-02 -9.09791701e-03 -1.78046431e-02  2.39606891e-02
 -1.96851343e-02 -1.18577786e-01 -5.34095219e-04 -7.15091228e-02
 -4.57090838e-03 -1.30405743e-02 -3.54233049e-02 -2.80283485e-02
 -9.96226352e-03  1.23563483e-01  5.76622300e-02 -1.11764713e-08
 -3.71925952e-03  1.36770932e-02  3.44722755e-02  7.04817399e-02
  3.01307440e-02  2.23791581e-02  8.04418698e-02  8.87228474e-02
  1.20897228e-02 -2.54051425e-02 -8.55117571e-03  2.88650785e-02
 -2.58240681e-02  4.93867733e-02 -9.63989645e-03 -2.00312175e-02
  1.60893742e-02 -2.56805122e-02 -5.16974442e-02  2.16505136e-02
 -4.27357219e-02 -4.50568274e-02  8.17475766e-02  5.83275370e-02
 -1.67514253e-02 -3.96273099e-03  8.77369642e-02  7.91348070e-02
  1.75814871e-02  5.39415404e-02  1.11995917e-02  2.43605375e-02
 -2.50032209e-02  7.63853500e-03 -5.34890741e-02 -8.18706229e-02
  5.73295075e-03  1.73457637e-02 -3.27634588e-02 -2.59189829e-02
 -3.39971036e-02 -3.06518301e-02 -5.67845330e-02  3.04745976e-02
  1.66823212e-02 -7.10061565e-02 -6.98316544e-02  4.06269804e-02
 -1.69220418e-02  1.38978579e-03 -4.36771922e-02 -1.58822350e-02
  1.35393515e-02  6.18445575e-02  4.57181409e-02  6.28312081e-02
  1.93733890e-02  5.68203591e-02 -4.09712642e-03  3.42562646e-02
  1.27210215e-01 -1.65375359e-02  7.63019100e-02 -4.24686931e-02]"
122,Electronic Waste,Environment,electronic,1,0.5874,"[-5.57873100e-02  3.70787643e-02  5.82653610e-03 -9.36489087e-03
 -4.08578292e-02 -4.59877700e-02  1.62724480e-01  8.61945674e-02
  9.10238400e-02  4.02651019e-02  2.26394683e-02 -9.97919217e-03
  2.80803964e-02  1.87904928e-02  2.78932229e-02 -6.31606877e-02
 -1.21021494e-02 -1.02381781e-01 -4.83422764e-02  4.88989102e-03
  1.74786095e-02 -5.10044675e-03  9.13552195e-03 -3.02016921e-02
 -4.41782847e-02  3.88805307e-02 -4.26086299e-02  3.05678491e-02
 -4.30912003e-02 -1.39484674e-01 -1.36389368e-04  3.65480557e-02
  1.50814876e-02  2.03157030e-02 -1.04669213e-01 -5.97534589e-02
  1.67215206e-02 -1.80545298e-03  5.61619550e-02 -3.40063982e-02
 -6.94065467e-02 -1.03786595e-01  5.25505245e-02 -3.30717601e-02
  3.09859775e-02  4.84229205e-03 -7.01036397e-03 -1.86219495e-02
 -2.04707384e-02 -1.45273311e-02  1.49579281e-02 -4.60297614e-02
  4.04876517e-03  6.87408894e-02  7.60665024e-03 -1.72682684e-02
  7.30963498e-02  2.44210400e-02 -5.62256835e-02 -1.61754864e-03
  7.33403713e-02 -3.21432911e-02 -4.14404459e-02  3.21134590e-02
  2.97075976e-03  1.57291014e-02  5.13269864e-02 -4.85833883e-02
  6.43180078e-03 -9.43796895e-03 -3.06721758e-02 -6.56478703e-02
  9.01897810e-03  2.07606871e-02  1.11658312e-01 -8.60101730e-02
  6.38439506e-02  9.16786212e-03  5.92592806e-02  3.43201868e-02
 -9.80707724e-03 -4.32959385e-02 -1.23812906e-01 -1.81625821e-02
  2.51270775e-02 -1.99767365e-03  7.71261100e-03 -2.66890358e-02
 -7.90377855e-02 -5.50928190e-02 -6.67054728e-02 -5.58245182e-03
  3.40525061e-02  1.15349926e-02 -2.35947520e-02 -4.77766879e-02
  7.72917038e-03 -7.21066147e-02 -3.78117301e-02  1.84085339e-01
  4.68505174e-02  1.33938193e-01 -9.92632844e-03 -3.36332582e-02
 -1.03874259e-01 -9.05865431e-02  2.45177727e-02  9.90665630e-02
  1.14547424e-02 -5.51350042e-02 -7.94066563e-02 -2.97791827e-02
 -2.80403737e-02 -9.52441525e-03 -2.81534418e-02  2.74282321e-02
 -2.02798955e-02  8.93906802e-02  9.56956446e-02 -2.07269657e-03
 -1.41443294e-02  6.18580903e-04 -6.88743740e-02  6.10938519e-02
 -3.02665657e-03 -1.14012018e-01  5.00747450e-02 -4.83160210e-33
 -2.25987621e-02  2.42385943e-03  1.77195240e-02 -9.59504209e-03
  6.89814938e-03  6.75745532e-02 -5.79025373e-02  1.97265856e-02
 -4.83249053e-02  3.06182671e-02 -3.06687243e-02  9.22756791e-02
  2.69238465e-02  6.65742010e-02  1.25094309e-01 -6.73056245e-02
 -5.51503077e-02  1.19267572e-02  3.05553358e-02 -6.53090477e-02
 -1.19221453e-02  1.52624492e-02  5.45097739e-02  1.80459116e-02
  5.23654521e-02 -3.00348103e-02 -3.59362960e-02 -1.94120612e-02
  1.90433748e-02 -3.84002749e-04 -5.24748638e-02  5.88256381e-02
  9.06979013e-03  4.86689107e-03  4.40592831e-03  2.73750667e-02
 -9.55718849e-03 -3.06934491e-02  9.55887437e-02 -3.35199758e-02
 -2.98159532e-02  3.76152247e-02  5.23958541e-03  5.99676520e-02
  1.05518103e-03  1.98658518e-02  3.90840061e-02  5.45405224e-02
  3.52671258e-02  4.42363620e-02 -5.54921106e-03 -2.48469990e-02
  4.87892888e-03 -1.83761641e-02  2.97386176e-03  3.12179383e-02
  9.22684558e-03  6.45775199e-02  2.07843562e-03 -4.98070084e-02
  1.08872235e-01  1.81218863e-01  2.26266719e-02 -4.44080792e-02
 -1.23648625e-02  3.81449759e-02  6.60478249e-02 -7.13793859e-02
  5.58121651e-02 -1.37520051e-02 -6.52877539e-02 -2.57823449e-02
  8.90361294e-02 -1.87158752e-02  1.38804754e-02  2.83808615e-02
 -8.42912048e-02 -4.33624759e-02 -1.88273494e-03  3.15029873e-03
 -9.86931697e-02 -7.25413114e-02 -7.19241658e-03  1.94258280e-02
 -1.41014345e-02 -5.87242208e-02 -6.59982339e-02 -2.27343794e-02
  3.21109891e-02  1.45279877e-02  1.52740283e-02 -4.48583141e-02
 -1.51523110e-02  3.53971273e-02  9.66905337e-03  3.65454398e-33
 -3.71724479e-02 -1.31205786e-02 -5.12253456e-02  8.88123736e-02
  4.32513058e-02 -2.67019887e-02 -1.03580495e-02 -2.05332059e-02
  1.89004596e-02  2.38659009e-02 -6.35102717e-03 -1.78518128e-02
  4.29607220e-02 -6.88642729e-03  1.95160452e-02 -3.59019563e-02
 -3.91258448e-02  2.89646443e-03  1.21829525e-01  7.03706890e-02
  2.85624079e-02 -2.44167657e-03  2.66319327e-03 -4.95032687e-03
 -2.05935854e-02  7.64247477e-02 -2.38347203e-02  1.26982732e-02
 -5.99135309e-02 -5.05686319e-03 -3.04568354e-02 -7.48287067e-02
  6.58065965e-03  9.61600319e-02 -3.66636217e-02  1.69807822e-02
  9.31729898e-02  1.29919755e-03 -2.06376594e-02 -6.64258897e-02
  1.48458974e-02  4.60616574e-02  3.35791297e-02  1.16507180e-01
 -3.48235108e-03 -3.73503715e-02 -8.31962302e-02  6.45047799e-02
 -1.99939143e-02  1.09706139e-02 -4.31816513e-03  1.60023645e-02
 -9.98975802e-03 -1.19695574e-01 -1.73840858e-03  4.26909328e-02
 -1.20779015e-02  6.73047220e-03  3.27929389e-03  5.97546669e-03
  3.03299036e-02 -2.00887378e-02  5.40327206e-02  3.13489027e-02
 -9.60012898e-02  4.76062624e-03  3.60225029e-02  8.78341570e-02
  2.79969852e-02 -1.15446346e-02  1.35830536e-01  6.39507473e-02
 -2.91214176e-02 -8.53028595e-02 -3.97469662e-02 -7.01378435e-02
 -5.22806123e-02 -3.75135988e-02 -1.94031484e-02 -2.73543950e-02
 -2.92363446e-02  3.25823501e-02 -3.95611562e-02 -1.19962171e-02
 -8.31843987e-02  1.46532869e-02  8.23082030e-03 -5.21890703e-04
 -1.29346792e-02 -6.30422905e-02  1.50696570e-02  5.57194836e-02
  1.45452190e-02  3.27563137e-02 -2.55538672e-02 -1.11366010e-08
  5.14877997e-02  5.97017966e-02  6.55615702e-02 -5.23767136e-02
  7.73315132e-02 -6.92523792e-02  1.18217766e-01 -7.23193586e-03
 -1.97712262e-03 -2.99371239e-02  3.81843820e-02 -7.86004867e-03
  5.70199639e-02  7.77588636e-02  1.35492057e-01  2.61567272e-02
 -2.63004191e-02  4.00566459e-02 -6.73115179e-02  5.25295474e-02
  9.47313607e-02 -1.31488778e-02 -2.07671504e-02 -7.76938861e-03
  8.82984102e-02  1.87888592e-02  3.75776328e-02  3.12698856e-02
 -1.06799148e-03  3.97716425e-02 -7.97629505e-02  5.15793450e-03
 -6.07227907e-02  5.15681086e-03 -7.12610260e-02 -8.90013054e-02
  1.89893600e-02 -6.22582994e-02 -6.72746152e-02 -3.03251389e-02
 -4.26733121e-03 -5.89450747e-02 -5.84510416e-02  8.96332785e-03
  2.67119501e-02 -2.21275277e-02  1.44306105e-02 -8.27402100e-02
  2.88314128e-04 -6.08440442e-03 -3.41473408e-02  1.06329769e-02
  5.28005557e-03  2.46739555e-02  1.11636585e-02  4.24240204e-03
 -2.52757724e-02 -3.54232336e-03 -4.39042896e-02  8.04523230e-02
  9.91603583e-02  7.37574510e-03  3.84735614e-02  1.11192679e-02]"
123,Electronic Waste,Environment,recycled,3,0.5718,"[-8.63743499e-02  4.25676815e-02 -1.51982512e-02  6.34150719e-03
  5.42356856e-02 -4.70050387e-02  1.09463796e-01 -4.22150493e-02
 -4.31784848e-03  1.18958242e-02  1.05494549e-02  5.49864843e-02
  5.50547411e-05  2.09815819e-02 -6.70840964e-02 -1.74543113e-02
 -4.01083604e-02  1.49277207e-02 -7.74012506e-02  3.26343402e-02
  1.07176658e-02 -9.87979351e-04 -1.17205596e-02 -3.59514216e-03
  5.80888130e-02  1.09081388e-01 -2.49206312e-02  3.00545851e-03
  4.91700917e-02 -1.04289904e-01  2.22318228e-02  6.07083738e-02
 -5.60767017e-03 -4.15831693e-02  1.09695476e-02  1.14196852e-01
  3.83579582e-02 -2.38253456e-02  2.98910365e-02 -3.96730974e-02
 -8.80203769e-02 -7.67216906e-02 -2.66267508e-02 -2.07253117e-02
 -2.98398454e-02 -8.40476062e-03  5.04033603e-02 -2.11954955e-02
  1.52798193e-02 -7.02547953e-02  1.37561947e-01 -7.82475248e-03
 -5.82576171e-02 -2.79231034e-02  1.81421079e-02 -3.42004783e-02
  3.23527828e-02 -1.41072720e-02 -2.35580206e-02  3.07235606e-02
  5.88802099e-02 -1.47260781e-02 -8.63191932e-02  7.88941458e-02
  9.72368196e-02  1.21461330e-02 -7.80905888e-04  2.44547818e-02
  1.65525135e-02 -7.51598030e-02  1.84008460e-02  3.46264578e-02
  2.29329173e-03 -3.11067305e-03  2.85387523e-02  1.95309613e-02
  7.99375623e-02 -3.93236540e-02 -5.51417097e-02  6.39766455e-02
 -1.89977325e-02  2.08183918e-02 -8.22917465e-03 -4.03138548e-02
 -3.22640128e-02 -3.23971696e-02 -2.41953824e-02 -5.52378707e-02
 -3.86238322e-02  2.74202656e-02 -1.68494582e-02  1.31725699e-01
  1.08224243e-01 -1.47859184e-02 -9.88017172e-02  1.27240997e-02
  6.11776998e-03  2.69429237e-02  3.47245745e-02  2.05675095e-01
 -6.78770170e-02  1.36919141e-01  2.23362651e-02 -7.12799281e-02
 -8.12581703e-02 -4.61365320e-02 -3.29756998e-02  2.58825645e-02
 -1.82356108e-02  3.17655094e-02 -7.92762190e-02  3.66078201e-03
  3.65549959e-02  5.29418141e-02  1.11270417e-02 -3.33013013e-04
 -4.63758893e-02 -2.31897552e-02 -4.66670580e-02  2.87484378e-02
 -1.26993062e-03 -2.21824702e-02  5.77442981e-02 -3.11936680e-02
 -7.91214406e-02 -1.68760754e-02  9.31488699e-04 -3.69091047e-33
 -4.57676575e-02  5.80177717e-02  4.85255048e-02 -1.05200391e-02
  4.67292368e-02 -4.86365296e-02  2.05989201e-02 -2.13417783e-03
 -1.39358258e-02 -4.44822721e-02  3.84637043e-02  6.37652725e-02
 -6.39436319e-02  3.78667191e-02  6.75960705e-02 -2.25328039e-02
 -6.33253679e-02  4.09217142e-02 -3.39829139e-02 -5.71280979e-02
 -5.22417277e-02  1.19403146e-01  1.45418653e-02  4.43689451e-02
  5.08408211e-02 -9.42596048e-02  3.32248807e-02 -3.17154191e-02
 -2.61035431e-02  6.88131666e-04  5.74726462e-02  5.67269884e-02
 -3.14252414e-02  1.33246242e-03 -4.25511673e-02  1.11129163e-02
 -4.60705906e-02  1.96172856e-03 -2.96704359e-02  2.40009166e-02
  7.48830438e-02  2.82783210e-02  3.42302136e-02  3.89750190e-02
  4.98620123e-02 -6.20056354e-02  6.14790507e-02  5.17302006e-02
 -5.84887229e-02  3.36042233e-02  3.76621336e-02  3.01920567e-02
 -8.36387947e-02 -2.93047950e-02 -8.10165480e-02 -3.70582268e-02
  7.78388232e-02 -3.20125110e-02  2.57336791e-03 -1.90317519e-02
  9.27695036e-02  1.40556008e-01 -1.79971140e-02  1.82146691e-02
  1.61187444e-02  3.08080558e-02 -3.79730165e-02  7.77031630e-02
  3.86027396e-02  1.60922036e-02 -3.92250307e-02 -3.08112316e-02
 -2.16755699e-02  5.63747957e-02 -1.19300224e-02 -4.33648229e-02
  1.08323684e-02 -9.20816883e-03 -6.27763802e-03 -4.95644361e-02
 -5.53943105e-02 -4.17043641e-02 -5.09210601e-02 -8.74596927e-03
 -4.46284525e-02 -9.80551727e-03  4.77350838e-02 -6.58492967e-02
  1.03264868e-01  5.92862396e-03 -1.05826079e-03 -3.64329852e-02
  2.50416733e-02 -8.49405080e-02 -5.21369502e-02  2.58296663e-33
  3.17216069e-02 -2.66560372e-02 -3.66833583e-02  9.59532559e-02
 -2.71478314e-02 -6.23616315e-02 -6.23746216e-02  3.90445292e-02
  2.95609795e-02 -3.99372503e-02 -6.13549054e-02  8.91886745e-03
  9.38889310e-02  5.40702902e-02  8.53442177e-02  4.74930443e-02
  2.74079200e-02 -1.20675135e-02 -1.02061413e-01 -5.38276695e-02
  3.59437964e-03  2.88973246e-02  4.00484949e-02 -8.56332295e-03
 -7.28883445e-02  2.06407588e-02 -4.44583073e-02 -1.20149245e-02
  1.22078918e-01 -2.69375816e-02 -4.79002483e-03 -1.14395641e-01
 -1.29669337e-02  3.45768780e-02 -1.45480148e-02  7.76497938e-04
 -1.61541104e-02 -2.94982772e-02 -3.09388503e-03 -5.23215625e-03
  4.97780219e-02  3.74582186e-02 -5.66663630e-02  1.43639788e-01
 -2.30143666e-02 -2.65332907e-02 -8.64887834e-02  9.38053895e-03
  9.95647833e-02  1.41439144e-03  5.45304455e-02  2.10884344e-02
 -5.10503575e-02 -7.47348368e-02 -3.60505981e-03  6.01183809e-02
  5.15642874e-02 -1.38368236e-03 -5.55306114e-03  8.46364629e-03
 -6.54244376e-03  4.62478139e-02 -4.47291434e-02 -5.08936122e-03
 -9.12157726e-03 -3.87407243e-02  4.34426256e-02 -2.28967089e-02
 -9.69986618e-02  9.38640814e-03  7.23140463e-02  6.22009970e-02
 -3.95890549e-02 -9.10368636e-02  1.58293918e-02  4.89299139e-03
 -4.53601778e-02  7.88961574e-02 -2.74202954e-02  7.13823922e-03
 -6.27651289e-02 -1.25008123e-02 -3.43451276e-02  2.15199292e-02
  3.70282084e-02 -1.11145660e-01 -2.86106020e-02 -3.54648270e-02
 -2.18845368e-03  1.07210129e-02  9.04610008e-03  2.79083177e-02
  8.39874242e-03  1.35073870e-01  6.21956140e-02 -1.09700187e-08
 -4.23407834e-03  2.42086314e-02  3.75237167e-02  9.23197269e-02
  4.71418984e-02  5.67474402e-03  5.33639714e-02  3.93814817e-02
  2.39941794e-02 -3.09848152e-02 -2.03704424e-02 -8.22190428e-04
 -7.02626109e-02  4.28963304e-02  2.91937287e-03 -1.91007070e-02
 -5.34805171e-02 -2.56736800e-02 -7.21532479e-02  3.28004584e-02
 -6.06661513e-02 -3.66647616e-02  2.90621575e-02  9.43157598e-02
 -3.96435000e-02 -1.15286652e-02  6.47151992e-02  6.87146038e-02
  3.91447078e-03  7.11980984e-02  2.97971908e-02  7.10440129e-02
 -3.52929793e-02 -1.08819678e-02 -8.31439644e-02 -5.37730418e-02
  2.32573468e-02 -1.45139657e-02 -3.25304903e-02 -5.17639630e-02
 -1.68124549e-02 -5.62941395e-02 -5.06901890e-02 -1.04854759e-02
  3.43991742e-02 -6.77476749e-02 -6.49030432e-02  2.72499528e-02
 -4.87358011e-02 -2.62810529e-04 -3.29064988e-02 -2.57596541e-02
 -1.65553503e-02  6.97993338e-02  2.03272570e-02  5.08679859e-02
  1.28136175e-02  4.16829400e-02  9.52167995e-03  1.59857646e-02
  1.09200180e-01 -4.18901742e-02  9.78833959e-02 -5.54252975e-02]"
124,Electronic Waste,Environment,wastewater,3,0.5186,"[-2.02315021e-02 -1.58366486e-02  1.77794117e-02 -9.64475609e-03
  5.27726226e-02 -8.45334530e-02  1.04166105e-01 -3.99488397e-03
 -1.86845921e-02 -4.52115685e-02  1.41157012e-03 -5.03815785e-02
 -9.80958994e-03  7.85080045e-02 -1.32090017e-01 -5.94653934e-02
 -1.47081306e-02 -2.70798933e-02 -2.90559847e-02 -1.14037581e-02
  5.32797128e-02  1.06450403e-04 -1.11151207e-02 -4.36713770e-02
 -2.92043127e-02  1.04105778e-01  5.37005439e-02 -3.72367799e-02
 -3.85451950e-02 -7.01425299e-02  7.67813474e-02  3.98618020e-02
  7.86473751e-02 -1.58188760e-01  6.09117560e-02  9.06026587e-02
  6.82088314e-03 -3.37469541e-02  5.72895408e-02 -2.36427430e-02
 -6.01457395e-02 -1.04269817e-01  7.04210401e-02 -1.90731846e-02
 -5.79989813e-02 -6.34209951e-03  5.26939444e-02 -6.16704896e-02
 -3.66586470e-03 -6.68375269e-02  2.75740158e-02 -7.07426015e-03
 -4.96400110e-02 -1.42288078e-02  6.40749037e-02 -5.87983057e-02
  2.04705670e-02 -4.01507430e-02 -7.96960592e-02 -4.56323214e-02
  1.70197077e-02 -4.00760248e-02 -3.13088521e-02  4.80074696e-02
  7.90824965e-02  2.77320482e-02 -1.70677677e-02  1.72770638e-02
  9.73761827e-03 -8.32279995e-02 -6.44385368e-02 -3.36965248e-02
 -3.96256102e-03 -6.38388423e-03 -2.48175301e-02 -1.51086999e-02
  9.42097306e-02 -3.36110257e-02  7.14042857e-02  6.66021020e-04
  4.65850756e-02 -5.16822040e-02  2.18647369e-03 -8.01353343e-03
  4.71943878e-02  5.79354763e-02 -2.07399577e-02 -6.83871806e-02
 -1.21547934e-02  2.99929306e-02  1.68685317e-02  2.94758119e-02
  7.15492815e-02 -5.53941317e-02 -4.57368232e-02  4.91196439e-02
 -4.67182742e-03  1.04214819e-02 -4.74105543e-03  1.41019732e-01
 -8.03933218e-02  7.06502795e-02 -1.59425195e-02 -6.98754340e-02
  5.78028411e-02 -3.45035195e-02  1.86746344e-02  7.58394301e-02
  9.56833661e-02 -2.79943235e-02 -5.77906556e-02 -3.53612974e-02
  4.47596004e-03  4.94225845e-02  3.99513878e-02  1.66034363e-02
  1.09010875e-01 -7.23227784e-02 -6.90582320e-02  7.85129443e-02
 -6.41399994e-02 -7.73399994e-02 -6.72245100e-02 -1.51448557e-02
 -3.88871729e-02 -3.77773982e-03 -4.02751658e-03 -4.47901808e-33
 -1.10562705e-02 -7.66764060e-02  5.79827353e-02 -4.74884622e-02
 -4.62417044e-02 -2.83084586e-02  8.47398397e-03 -5.15885912e-02
  7.66676441e-02 -8.52803439e-02 -9.58230346e-03 -4.48461398e-02
 -6.19847551e-02  6.97888285e-02  2.91774515e-02 -1.33266365e-02
  7.65732024e-03  2.72591189e-02  2.61864122e-02 -6.93687564e-03
  1.93328168e-02  6.11166246e-02 -4.80275825e-02 -1.89721417e-02
  5.06412722e-02 -8.80911723e-02  7.52872508e-03 -6.39969856e-02
  1.94189306e-02 -2.84817332e-04  5.37950695e-02  2.22611427e-02
 -6.57921135e-02  7.48373717e-02 -6.90467805e-02  2.87530776e-02
 -6.38856441e-02  2.98304670e-02 -2.35851407e-02 -1.13331461e-02
 -2.78997123e-02  2.01250985e-02  2.05722800e-03  5.06082661e-02
  4.40435894e-02 -3.65542546e-02 -5.72657995e-02  2.65492797e-02
  3.46106254e-02  2.08547097e-02  8.87345336e-03  4.27839160e-02
 -4.69043702e-02 -3.02079832e-03 -2.95353085e-02 -2.65949257e-02
  3.97097170e-02 -1.83191989e-02  2.76394244e-02  1.59789771e-02
 -5.55961132e-02  6.98968619e-02 -7.65312910e-02  4.37035561e-02
  1.03761993e-01  2.95407996e-02  7.49962684e-03  6.75858855e-02
  5.43741360e-02  6.80937618e-02 -1.41790241e-01 -4.37322408e-02
  3.18516903e-02  3.61288972e-02 -6.74476177e-02  1.43933129e-02
 -2.98524611e-02 -5.48403747e-02 -5.73858172e-02  3.86285186e-02
 -6.73150569e-02  4.50598105e-04 -1.65620458e-03 -1.15108944e-03
 -2.60658488e-02  4.60455045e-02 -2.82739867e-02 -4.01445245e-03
  9.74921957e-02 -3.50153516e-03  6.84774071e-02 -1.90463345e-02
 -5.83308488e-02 -1.96865164e-02 -2.88440622e-02  2.88502221e-33
  1.43317387e-01  1.40220174e-04 -2.06188690e-02  6.39076233e-02
  3.01417075e-02 -2.37273574e-02  1.23582557e-02  2.97916271e-02
  5.05810231e-02  5.49232587e-02 -4.18784134e-02  5.45700267e-02
 -8.61443055e-04 -2.41471045e-02  4.16766144e-02  4.01906520e-02
  5.48163839e-02  2.34300643e-02  2.15845909e-02 -1.81251112e-02
 -2.52968241e-02  4.51574661e-02  4.95095253e-02 -3.70035018e-03
  1.49015514e-02  4.61061783e-02 -2.99182814e-02 -5.44004664e-02
  3.82151529e-02 -1.13944551e-02 -5.80093004e-02  4.46399860e-02
  5.13516590e-02  3.22086662e-02 -1.39206946e-02  2.95849517e-02
 -1.62958074e-02  1.08345011e-02 -3.06388941e-02  3.46024632e-02
  5.71955405e-02 -6.21559247e-02 -2.88531813e-03  8.59540999e-02
 -3.38982008e-02  3.45854647e-02 -6.41053170e-02 -2.65426282e-02
  1.17136240e-02  1.90207525e-03  2.13804301e-02  6.68310225e-02
 -6.50820732e-02  2.32131537e-02  2.45395843e-02  1.05635151e-02
  8.01704228e-02  2.31987070e-02 -4.77338471e-02  1.94772966e-02
  3.84039804e-02  9.59275663e-02 -7.82221090e-03 -3.18993255e-02
 -6.65238127e-02  5.03357239e-02  1.16810361e-02  2.51280405e-02
 -4.97291908e-02 -4.41514142e-02  9.63065252e-02  6.31710561e-03
  5.62045118e-03 -1.06506320e-02 -2.60921232e-02 -4.74631414e-02
 -8.24419931e-02  4.61268164e-02 -4.39845137e-02  5.99912442e-02
 -4.47776839e-02  8.75084177e-02 -3.05191763e-02  1.38789751e-02
  6.43552095e-02 -1.09480433e-01 -9.47761349e-03 -5.74410148e-02
  5.64806908e-03 -6.03506900e-03 -3.53213586e-03 -1.02054998e-02
 -1.93893071e-02  3.06191295e-02  6.01918809e-02 -1.10557528e-08
 -7.71627948e-02 -3.45027857e-02  7.56198317e-02  5.31809032e-02
 -4.79024253e-04  6.01288527e-02  2.32125577e-02  9.92581919e-02
  1.65269505e-02 -9.03832261e-03 -3.74213383e-02  4.47938852e-02
  2.45184582e-02 -2.30983598e-03  3.14335078e-02  2.08596047e-02
 -4.17959057e-02 -1.17492020e-01 -5.18149473e-02 -6.10007942e-02
 -3.56685258e-02 -2.68448517e-02 -5.07401153e-02  4.24155258e-02
 -1.73172671e-02  2.32599117e-03  3.16222534e-02  9.30500031e-02
 -3.38634402e-02 -3.10353432e-02  2.46841758e-02  3.73994820e-02
 -4.15590107e-02 -1.79052316e-02 -1.44253084e-02 -2.08072849e-02
  1.12946071e-01 -1.18132591e-01 -7.96980336e-02 -3.86118367e-02
 -2.84969397e-02 -2.75686868e-02 -2.67278571e-02 -4.37792949e-02
  8.77950937e-02  2.42384430e-02 -4.64596599e-02  2.50449758e-02
  9.12410021e-03 -3.57784666e-02  6.63051233e-02 -2.75461711e-02
  1.43431202e-02  9.71061364e-02  6.25336834e-04  4.11219634e-02
  8.67297780e-03 -3.23962718e-02 -4.66738082e-02  2.00744742e-03
  1.53843269e-01  1.38621414e-02  1.69335708e-01 -5.77506907e-02]"
125,Electronic Waste,Environment,emissions,2,0.4589,"[ 1.68955065e-02  9.36585739e-02  7.92850479e-02  5.87679483e-02
  9.59585458e-02 -2.11120453e-02  1.03124231e-01 -9.04076546e-03
  8.36734101e-03  1.42491963e-02  3.71764321e-03 -6.95867911e-02
 -3.58618982e-02  2.06573494e-02  5.56268933e-05  4.00823615e-02
 -1.85057744e-02  2.34444160e-02 -7.75493085e-02 -5.21299280e-02
 -9.46655218e-03  4.97749262e-02 -9.04355384e-03  7.09303655e-03
 -1.86955724e-02  2.26828679e-02 -6.84679300e-02  3.14821042e-02
  4.08764780e-02 -4.44138832e-02  1.97886545e-02  2.14567240e-02
 -6.44464120e-02 -1.03730345e-04 -2.22288445e-03 -5.79683557e-02
  3.16489041e-02  3.43721770e-02 -2.84770736e-03 -9.81333572e-03
 -7.09313899e-02 -1.39297441e-01  2.83838157e-03 -7.16264248e-02
 -7.14841336e-02 -4.24277969e-03  5.04886881e-02 -5.25026508e-02
  1.42580131e-02 -7.90788531e-02  9.19329971e-02 -3.21160369e-02
 -7.57488385e-02 -1.13881761e-02  5.01472801e-02 -1.04409747e-01
  1.28818927e-02 -1.44954147e-02 -1.64189041e-02 -4.13138606e-02
  3.77394035e-02 -1.07944809e-01 -6.36491179e-02  8.87315813e-03
  8.60026479e-02  3.08571514e-02 -2.21264223e-03  1.18236654e-02
 -2.66484842e-02  4.52702589e-05 -4.68132261e-04 -5.38278930e-02
 -6.41406104e-02 -1.12312563e-01  9.17597394e-03 -4.02649418e-02
  8.24032817e-03  4.55933176e-02  1.24848716e-01 -5.01362346e-02
  5.13853617e-02  5.30596031e-03 -9.72677097e-02  1.25556430e-02
  8.75397325e-02  3.46321985e-03  7.73293315e-04 -4.42692786e-02
 -7.02242479e-02  3.89840938e-02 -5.56134991e-02 -2.84873080e-02
  1.61209628e-01  2.33280081e-02 -5.10408394e-02  5.07287495e-02
  8.83493721e-02  5.06951986e-03  7.52978027e-02  9.80228260e-02
 -5.11002773e-03  8.50361064e-02 -1.13648191e-01 -1.31362006e-02
 -1.06480390e-01 -2.03642529e-03 -1.39648682e-02  5.01670018e-02
  1.57648139e-02 -2.83980276e-02 -2.52152942e-02 -2.27715541e-02
 -4.13170345e-02 -2.99845599e-02  1.86950788e-02 -1.59726609e-02
  7.98784047e-02  1.46587018e-03 -4.97281663e-02 -7.54753640e-03
 -5.78167848e-02 -6.22134143e-03 -7.48370681e-03  4.51362096e-02
  4.25361842e-02 -1.05911195e-01  4.11083624e-02 -4.03622920e-33
 -8.01580176e-02 -8.82249605e-03  2.58626807e-02  3.99079500e-03
 -1.07474374e-02  1.74471121e-02 -8.24942589e-02  8.91010929e-03
  3.96371596e-02  4.33711037e-02  1.71084190e-03  4.10438180e-02
 -3.86927165e-02  1.53444577e-02  1.56267762e-01 -3.87740359e-02
 -7.03632832e-02 -1.49505530e-02 -3.49691957e-02 -2.89384406e-02
 -6.37384281e-02 -4.11337987e-02  1.19915530e-02  7.45342672e-02
  5.27810305e-02 -2.46155914e-02  4.26798873e-02 -1.63724890e-03
 -9.50283110e-02  1.19947707e-02  3.26365680e-02  8.74502510e-02
 -3.68860252e-02  2.58748699e-02 -3.76419388e-02 -1.92216877e-03
 -1.61358844e-02  3.07056941e-02 -3.70856412e-02  1.52472295e-02
  3.08919866e-02  1.48484502e-02 -2.02393681e-02 -3.86365992e-03
 -4.58324840e-03  8.97688419e-03  2.78690252e-02 -9.43525694e-03
  8.27844813e-02  1.45452488e-02 -8.76179636e-02  3.98810282e-02
 -6.05558194e-02 -1.77423973e-02  7.66019300e-02  5.36756329e-02
  5.71571514e-02 -4.85578589e-02 -2.40640398e-02 -1.87923573e-02
 -6.96137920e-02  7.14154989e-02  3.29254605e-02  4.22367677e-02
  2.85024215e-02  3.58256176e-02  7.40610342e-03 -1.51260542e-02
 -1.20405992e-02 -6.62453333e-03 -1.62074976e-02 -5.69734462e-02
  7.24248588e-02 -3.06412075e-02 -2.68080109e-03 -1.58471707e-03
 -6.80811778e-02  4.91506644e-02 -3.54331657e-02  3.78065854e-02
 -1.07762575e-01 -5.48428893e-02 -4.17008922e-02 -1.44113496e-01
 -2.60670241e-02 -4.27696630e-02 -3.38119082e-02 -1.20443571e-02
  4.54759076e-02  5.96925840e-02 -1.02688195e-02 -2.94105131e-02
  2.85600051e-02  1.06803337e-02 -4.75681238e-02  2.90520839e-33
  5.86491600e-02  7.17906058e-02 -3.64436652e-03  1.61312278e-02
  2.97669210e-02 -1.02900928e-02  2.58243568e-02 -1.25413472e-02
  2.84145717e-02  1.37754083e-01 -5.78869134e-03  7.16562420e-02
  9.23580397e-03  1.13509288e-02  1.37332771e-02 -3.16810720e-02
  4.06306200e-02 -1.00538461e-03  2.61178203e-02 -3.93486880e-02
 -3.19261998e-02 -4.79927436e-02  5.63296713e-02 -4.08565030e-02
 -9.09841880e-02  6.96890578e-02 -2.51269080e-02 -2.95662247e-02
  5.80557473e-02 -2.11701375e-02 -7.31572136e-02  1.08832136e-01
 -6.14476530e-03  4.86670509e-02 -2.07826737e-02 -2.65334118e-02
  7.49226063e-02  5.84191568e-02 -5.79240806e-02 -6.70488551e-02
  3.80960037e-03 -2.35985611e-02  4.93575707e-02  7.62301460e-02
 -3.86725776e-02 -1.22202942e-02 -2.99899057e-02  1.34216473e-02
  3.59554701e-02 -3.87959229e-03  1.57813936e-01  6.36052042e-02
 -6.46427944e-02  6.19406775e-02  3.03695742e-02  4.18223478e-02
  8.85644928e-02  4.08191532e-02  4.59139841e-03  1.43290032e-03
  3.84615175e-02  3.55848297e-02  7.39319064e-03  3.98963280e-02
 -5.88195063e-02 -5.69095723e-02 -4.30582054e-02 -7.83709227e-04
  1.00804381e-01 -2.30397992e-02 -6.40608370e-03 -9.75250266e-03
 -2.60512196e-02 -4.07902747e-02 -1.34591654e-01 -6.58121854e-02
 -1.32829072e-02 -5.53626455e-02  2.30558813e-02  2.18175162e-04
 -1.06555857e-01  2.64644157e-02 -5.58971707e-03  1.10736974e-02
  7.06984252e-02 -7.03143924e-02 -4.63924147e-02 -6.26177713e-02
  4.46129628e-02  4.72617261e-02 -5.18556722e-02  4.77744490e-02
 -4.46793474e-02  1.73444618e-02 -1.22672832e-02 -1.11590062e-08
 -3.30962501e-02 -9.18546878e-03  6.34665042e-02  1.87463034e-02
  2.08474398e-02 -1.20937144e-02  5.54541759e-02  6.37765527e-02
  5.44890203e-03  4.72123884e-02  5.30556813e-02  4.42856662e-02
  9.96803716e-02  8.04387778e-02  2.63877343e-02 -2.99395565e-02
 -2.50805877e-02 -4.82458845e-02 -2.66651046e-02 -1.28486920e-02
  1.81860209e-03  2.14413367e-02 -4.90340497e-03  2.09767073e-02
  5.87991029e-02  2.02212017e-02  4.88148779e-02  6.82656765e-02
  4.54451516e-02  3.16386335e-02 -1.39792105e-02  6.24164939e-02
  4.45418619e-03 -4.05980609e-02 -5.58887534e-02 -8.99389163e-02
  2.12466251e-03 -2.47388370e-02 -5.47521785e-02 -4.02570292e-02
 -6.00877311e-03 -1.54554844e-02 -5.19999443e-03  1.07448427e-02
 -2.60415860e-02 -3.24739739e-02 -1.03892863e-01  2.52809115e-02
 -2.69586630e-02  4.87369001e-02  1.98921748e-02 -1.18908435e-01
  3.79012488e-02 -4.37777583e-03 -1.90814063e-02 -1.77523065e-02
 -2.18102541e-02  3.23890969e-02 -9.58723761e-03  1.68321021e-02
  1.42426208e-01  3.90783288e-02  5.18226102e-02 -1.24866031e-02]"
126,Electronic Waste,Environment,environmentally,1,0.4202,"[ 8.41795560e-03  1.24931827e-01  8.03253800e-02  2.45253276e-02
  7.93462992e-02 -4.17729281e-02  6.46296144e-02 -1.54521549e-02
  1.11508146e-02  3.99401635e-02  1.51944198e-02 -9.23864841e-02
 -1.52761154e-02  3.75933051e-02 -1.78697202e-02  2.73128180e-03
 -6.80848435e-02 -1.23030525e-02 -1.35031894e-01  1.16881318e-02
 -9.42542404e-02  2.83009876e-02  2.89525837e-02  1.23692630e-03
 -7.32308701e-02  8.87071714e-02  9.96910594e-03  4.91764396e-02
  2.58818921e-02 -5.29144071e-02  2.81450301e-02  9.54565406e-02
  1.68870147e-02 -3.89022045e-02 -8.39521922e-03  6.40441924e-02
  5.76490909e-02 -4.75808494e-02  1.53394612e-02 -8.94675497e-03
 -7.07191080e-02 -8.08555782e-02 -3.62953506e-02 -4.86333035e-02
 -2.02300176e-02 -4.46801037e-02  1.70848668e-02 -5.79954162e-02
 -2.02409867e-02 -6.05678745e-02  6.37867376e-02  1.05568282e-02
 -4.61683050e-02 -9.33001935e-03 -2.69282274e-02 -6.97162673e-02
  4.12109718e-02 -5.60729019e-02  1.68788526e-03 -2.53934432e-02
  9.71883088e-02 -6.91710711e-02 -1.03627771e-01  2.94331331e-02
  8.39593858e-02  4.74121571e-02 -3.88035253e-02  1.00951426e-01
  2.67835683e-03 -6.60227984e-02  2.52205022e-02  4.58763586e-03
  1.05129527e-02 -5.14106415e-02  1.65117905e-02  2.74140928e-02
  4.16390523e-02  2.40963437e-02  5.16133495e-02 -3.27018462e-02
  7.63939247e-02 -3.82773727e-02 -2.49186959e-02 -1.57122966e-02
  5.85455783e-02  1.66997090e-02 -2.73325434e-03 -3.24183218e-02
 -8.96017998e-03  4.10278253e-02 -3.39407809e-02 -5.21334633e-03
  1.15246862e-01 -7.22489646e-03 -1.21311970e-01  4.39314097e-02
 -2.64507812e-02 -4.37832586e-02  1.86634567e-02  1.97473064e-01
 -3.85049582e-02  5.96512370e-02 -1.00554243e-01 -1.98782533e-02
 -2.00453326e-02 -3.17307897e-02 -3.46327312e-02  6.50811940e-02
  2.59036329e-02 -3.18647735e-02 -9.37932879e-02 -6.96717016e-03
 -4.14293557e-02  9.98071656e-02 -7.26916594e-03  2.32054330e-02
  8.29538181e-02 -3.37798037e-02  5.70683107e-02 -1.62292048e-02
  2.57706363e-02 -2.25382205e-02  1.15194097e-02  4.11961451e-02
  5.43339970e-03 -1.22215502e-01  4.22485322e-02 -6.32743483e-33
 -1.24236690e-02 -3.43979001e-02  9.82970670e-02 -7.82631114e-02
  6.65832078e-03  6.92618191e-02 -4.27295752e-02 -5.55733172e-03
 -1.93051100e-02  1.33670345e-02  5.19310907e-02  7.58323148e-02
 -3.49604823e-02  3.72340456e-02  1.25400066e-01 -4.55183350e-02
 -1.03530437e-01 -2.01367354e-03 -1.20276865e-02 -1.60023719e-02
 -1.36747593e-02  4.39650752e-02 -1.31169073e-02  6.62781075e-02
  3.99427488e-02 -8.80176201e-02  7.71675780e-02  2.21562851e-02
  3.33470516e-02  2.22038419e-04  5.97628132e-02  4.99781705e-02
 -3.25430408e-02 -3.18328515e-02  3.30632925e-02  3.47457193e-02
 -7.91298747e-02  4.64484431e-02 -1.74496640e-02  2.62050936e-03
 -1.95549447e-02 -1.93485878e-02 -4.10454988e-04 -1.09937065e-03
  5.64147271e-02 -1.49604175e-02  6.66694641e-02  2.12246906e-02
 -4.77088653e-02 -1.20670479e-02 -4.03557755e-02  6.30877614e-02
 -7.62714148e-02 -5.24078347e-02 -6.08732738e-03 -2.99450606e-02
  7.57885948e-02 -3.12770717e-02 -4.11605798e-02 -5.60339168e-02
 -3.19557898e-02  1.58047453e-01 -4.25735787e-02 -2.55826544e-02
  7.40225539e-02 -2.16442738e-02  1.40673630e-02  5.60982898e-02
 -3.50379422e-02 -1.30118579e-02 -2.03309022e-03 -5.38170934e-02
  3.03965751e-02  2.11555492e-02 -4.65331599e-02 -3.98085006e-02
  8.93663429e-03 -1.81602896e-03 -6.24714512e-03  6.39621466e-02
 -7.04901814e-02  4.03555334e-02 -1.12110106e-02 -4.84533533e-02
  1.45275798e-02 -3.07466816e-02  1.78928096e-02 -1.84036065e-02
  6.50404096e-02  5.08161448e-02  4.40139696e-03  3.15287113e-02
  5.58487438e-02 -3.50195169e-02 -9.57863629e-02  3.10305089e-33
  1.73052289e-02 -7.27206143e-03 -5.12308739e-02  6.27800152e-02
 -2.55618431e-02 -6.23423271e-02 -6.49525821e-02  3.95487025e-02
  2.06807703e-02  3.49196233e-02 -6.76320717e-02  1.17034450e-01
  7.48484284e-02  3.18603553e-02  4.56847511e-02 -2.94998102e-03
 -1.40905343e-02  4.28062975e-02 -2.98109073e-02 -3.65253426e-02
 -8.20733979e-03 -2.17134040e-02  5.12563661e-02  8.34508613e-02
 -7.90779069e-02  4.86647226e-02 -2.30536312e-02 -2.06884518e-02
  2.39535253e-02  1.39190617e-03 -4.44948040e-02  1.68381128e-02
 -4.82213423e-02  2.75233518e-02 -1.61756370e-02  4.26372280e-03
 -3.39422971e-02 -4.59293202e-02 -3.57614201e-03  4.41634394e-02
 -6.32687146e-03 -1.83621589e-02 -1.65332016e-02  2.60096937e-02
 -4.35513295e-02  4.11483161e-02 -7.78587759e-02  4.41770107e-02
  3.49924713e-02  1.02673611e-02  4.17899564e-02  5.18142954e-02
 -6.10631555e-02 -4.11970131e-02  2.77655665e-02 -1.66404005e-02
  5.18687768e-03  4.49243002e-02 -3.48460078e-02  1.01265861e-02
  1.07797869e-01  9.83127430e-02 -3.75204167e-04  8.08056965e-02
 -9.53243673e-02 -1.47328824e-02  1.43780466e-02 -1.19348280e-02
 -2.98011191e-02 -6.49639815e-02  1.94449425e-02  1.02034975e-02
 -1.09379098e-01 -5.24507575e-02 -1.04552463e-01 -3.28081404e-03
 -1.87670011e-02 -1.67606231e-02 -8.29121843e-02 -1.05998409e-03
 -5.60257249e-02  6.44858042e-03 -2.21749097e-02  3.18032280e-02
 -4.50259307e-03 -7.61502609e-02 -5.18955700e-02 -9.86995548e-02
 -2.83977948e-02  4.46897261e-02 -2.39000302e-02 -2.54403427e-02
 -7.19771236e-02  1.30759910e-01 -1.11361220e-02 -1.37753400e-08
  1.41333202e-02 -3.55283245e-02  7.74168596e-02  2.52260547e-02
 -3.08769848e-02 -3.34784226e-03  9.63913426e-02  3.28310803e-02
  2.91971788e-02  5.49014919e-02  1.10261003e-03  4.46566567e-03
  3.67313586e-02  1.07249022e-01  1.90721161e-03 -3.98320556e-02
  3.41808833e-02 -6.56529292e-02 -4.81333546e-02  3.85969356e-02
 -3.80542837e-02 -3.52188349e-02  1.42804533e-02  8.45834464e-02
 -5.69670647e-03 -6.72160089e-03  8.13937858e-02  3.27026262e-03
  2.94867828e-02  5.43959700e-02  2.58495957e-02  6.71447515e-02
 -2.45625321e-02 -1.64845295e-03 -8.29644948e-02 -7.90010616e-02
 -1.33639127e-02  2.04432029e-02 -6.62108958e-02 -1.78385135e-02
 -3.22915986e-02  4.38490175e-02 -5.29868864e-02  1.24783963e-02
  4.08829376e-02 -1.12866662e-01 -4.53029014e-03  7.70842209e-02
 -1.41113466e-02  1.11722462e-02  1.71338227e-02 -9.25147608e-02
  9.77493078e-03  6.10512728e-03  2.88824029e-02  1.23684602e-02
  1.55405595e-03  2.91493516e-02 -2.06545778e-02  2.62596961e-02
  8.86137933e-02 -4.09259349e-02  6.79454878e-02 -7.41952145e-03]"
127,Electronic Waste,Environment,substances,2,0.4146,"[-4.23959224e-03 -6.24451153e-02  4.40973826e-02  6.01068996e-02
  1.65754780e-02  1.92956571e-02  1.62714824e-01  3.09195779e-02
 -7.27624539e-03  1.77143998e-02  5.37916366e-03 -8.73002708e-02
 -1.49653768e-02  6.04664423e-02 -2.05588154e-02 -1.53418658e-02
 -1.09570092e-02 -1.40864337e-02 -6.11607917e-02  5.42900227e-02
  6.57448024e-02  3.22327800e-02  1.18510204e-03  1.32524800e-02
 -6.04946464e-02  1.73935175e-01 -1.64478850e-02 -4.88264784e-02
  8.00435618e-02 -9.71265212e-02  5.43123670e-02  8.49012136e-02
  8.97955522e-03 -3.89111824e-02 -2.94327992e-03  3.87796275e-02
 -2.86658723e-02 -2.57594176e-02 -2.15585735e-02  4.08922806e-02
 -2.54690908e-02 -9.99375433e-02  1.85796409e-03  2.35286709e-02
  5.12873046e-02 -1.93520226e-02  8.11256766e-02 -6.77897930e-02
  2.46356949e-02 -2.32579671e-02  3.14673502e-03 -2.26478726e-02
 -6.20648563e-02  9.54802334e-02 -2.23150812e-02 -6.00465760e-02
  3.33717950e-02  6.31274134e-02 -4.62097488e-02 -1.19884722e-02
  8.34241882e-02  4.57029045e-02 -9.78391152e-03  3.24163958e-02
  1.01484507e-01 -1.34307845e-02 -1.78396460e-02  3.59479189e-02
 -2.35991273e-02  4.66606095e-02  4.70707379e-02  5.75713441e-03
  8.10867399e-02  1.10326903e-02  7.87815154e-02 -8.11455026e-03
 -1.31916646e-02 -7.85631761e-02  5.30003384e-02 -9.18401463e-04
 -2.23607440e-02  5.23628332e-02 -4.54534553e-02  4.01474088e-02
 -6.91994373e-03  1.64457615e-02 -1.53282927e-02 -5.22728041e-02
 -9.13576558e-02 -2.60509364e-02 -2.56455280e-02  3.31594124e-02
  6.01428859e-02 -1.91734023e-02 -4.53863554e-02  6.06640754e-03
 -5.97864017e-03 -3.93401943e-02  4.64265496e-02  1.68194056e-01
 -1.40545527e-02  1.17479742e-01 -1.14055075e-01  4.06076852e-03
 -2.48745997e-02 -6.85388073e-02 -4.96184034e-03  3.01140528e-02
  5.13688810e-02  5.05943745e-02 -5.37057668e-02  1.51977418e-02
 -5.59308641e-02 -1.02785993e-02 -9.45175253e-03 -9.39586945e-03
  4.89662848e-02 -4.60283086e-03 -7.59469643e-02 -5.94338253e-02
 -3.32476981e-02 -3.03751547e-02  4.91169887e-03  1.08143194e-02
 -3.59767415e-02 -6.81786463e-02  7.35051557e-02 -6.09777886e-33
  2.23666392e-02 -6.27075881e-02  6.88145533e-02  1.15115978e-02
 -7.57056326e-02  2.79228459e-03 -1.17367432e-02 -4.52538095e-02
  4.15899940e-02  5.38033582e-02 -4.53331955e-02  5.46042025e-02
 -1.22611456e-01  4.78073768e-02  1.00641534e-01 -2.73638554e-02
  1.02270092e-03  3.58751863e-02  1.18481092e-01 -1.83460359e-02
 -9.05307755e-02  1.76185425e-02 -4.76771370e-02  1.02977650e-02
 -2.33822297e-02  9.40207113e-03 -3.99388522e-02 -1.80782191e-02
 -5.55330887e-02 -6.83307508e-03  5.58601916e-02  7.88120702e-02
 -4.11506854e-02  5.35760559e-02 -3.72251160e-02  1.77046563e-02
 -1.16157651e-01  5.18081617e-03  8.50609504e-03 -1.18147083e-01
 -8.74753296e-03  3.38678528e-03  8.58493447e-02  3.54524031e-02
  5.62719256e-03  1.17736338e-02 -5.57083152e-02  2.33388897e-02
 -1.59246642e-02 -1.11455712e-02  1.33124515e-02  1.14944819e-02
  7.59625901e-03 -3.89698483e-02 -4.95788157e-02  1.81570593e-02
  1.01655545e-02  9.60895233e-03 -2.86441743e-02  4.80922014e-02
  2.64724251e-02  1.13302931e-01 -6.75185770e-02  4.75826710e-02
 -3.52452062e-02 -2.78292466e-02 -2.35319696e-02 -4.08298448e-02
  4.49841358e-02 -5.54693826e-02 -9.67045948e-02  2.85975579e-02
  1.05807129e-02 -8.45385436e-03  5.55997714e-02 -9.16984025e-03
  2.24814247e-02 -7.96750709e-02 -2.72782538e-02  1.37092033e-02
 -4.43494581e-02 -8.30408856e-02 -3.97906713e-02 -2.52916086e-02
 -1.45089030e-01  4.74538701e-03  4.04105969e-02 -5.14406003e-02
  6.95768222e-02  3.94821167e-03 -1.02357455e-01 -1.01038553e-01
 -2.98370011e-02 -6.19987659e-02 -1.28399776e-02  3.10640545e-33
  2.18940377e-02 -5.66094145e-02 -2.18508467e-02  1.06809385e-01
  7.55297914e-02 -3.85438390e-02 -1.09843817e-02 -5.27085587e-02
  7.78769851e-02  3.23147811e-02  2.75933966e-02 -9.28677060e-03
  4.20283601e-02 -7.16834664e-02 -5.72333708e-02  5.79067767e-02
 -1.87114235e-02  5.43046743e-02  7.74430186e-02  1.35958903e-02
 -8.90086517e-02  7.44671971e-02 -7.49043329e-03 -5.79340160e-02
 -3.61250676e-02  4.59837466e-02  4.66485582e-02 -4.89716530e-02
 -3.40547366e-03  1.95993800e-02  1.77358743e-02 -8.81592277e-03
 -1.69175509e-02 -5.25616482e-02 -2.48977672e-02 -3.26782726e-02
  8.65007266e-02 -7.79304951e-02 -8.81180018e-02 -8.29936638e-02
  3.71911488e-02  2.57688742e-02  5.51470369e-02  1.00602910e-01
  3.54480953e-03  9.66744684e-03 -1.38936415e-02 -5.79538522e-03
  3.88703980e-02  4.74741589e-03  6.84676394e-02 -1.54415788e-02
 -5.87125272e-02 -3.88643593e-02  6.16557933e-02  5.80302887e-02
 -1.21517174e-01 -6.31603226e-02  2.53580958e-02 -2.32100841e-02
  1.06354579e-02  9.17332098e-02 -5.51506281e-02  2.37214305e-02
 -2.98138596e-02 -7.12504517e-03 -4.03621867e-02  5.10973819e-02
  3.15211453e-02 -7.04532415e-02  1.03246190e-01  1.27041908e-02
  4.50371467e-02 -1.42271128e-02 -2.27198135e-02 -9.71828252e-02
 -6.34995922e-02 -4.48634773e-02 -3.26739885e-02 -2.16953401e-02
  6.85968399e-02  3.90393324e-02 -7.27137029e-02 -2.32306099e-03
  2.55896430e-02 -4.16050106e-02  4.42680120e-02 -8.59568827e-03
 -4.98444308e-03  1.04468828e-02 -2.80862954e-02  3.47808674e-02
 -4.87337820e-02  4.98174205e-02 -3.78479995e-03 -1.21903128e-08
  3.34511288e-02  2.00646976e-03  8.47120490e-03 -8.63064453e-03
 -1.63543299e-02  1.44994017e-02  6.99103102e-02  4.95287739e-02
 -2.12541446e-02  3.91235724e-02 -3.58797088e-02  7.52019733e-02
  3.88319157e-02  1.08686963e-03  4.49064299e-02  1.81432185e-03
 -2.78433673e-02 -2.99181547e-02 -5.92847653e-02 -3.50624919e-02
  2.51498371e-02  1.22940438e-02  2.38755625e-02 -1.86923817e-02
  2.25144718e-02 -3.25409174e-02  5.68140596e-02 -1.99327115e-02
  4.92989533e-02  5.89260161e-02  3.07365302e-02  4.51119877e-02
 -1.55990180e-02  6.36622636e-03  2.09884718e-02 -4.40804027e-02
  3.69232483e-02 -6.04988486e-02 -5.13977073e-02  3.21420766e-02
 -4.80844975e-02 -5.23204962e-03 -2.74076313e-02  1.12820892e-02
  8.58315639e-03 -2.18416881e-02 -9.29454640e-02  4.51350026e-02
  3.81069221e-02 -2.02305801e-02  2.49120165e-02  5.38231432e-03
 -2.03251112e-02 -1.77223664e-02  3.51536684e-02 -6.30482472e-03
 -1.48044550e-03 -2.00324580e-02 -5.45693450e-02 -2.63094045e-02
  7.87445530e-02 -1.26025518e-02  1.94109485e-01 -1.67662725e-02]"
128,Electronic Waste,Environment,electricity,4,0.4046,"[-5.20250872e-02  1.12257332e-01  2.99936887e-02  8.11169818e-02
  3.73906037e-03 -2.68525798e-02  1.06163263e-01 -4.80313227e-03
  1.63240433e-02  3.81336883e-02  4.36092466e-02 -6.53962642e-02
  1.76592059e-02  4.23796214e-02 -3.14848796e-02 -5.13170138e-02
 -1.94783304e-02 -3.32187489e-02 -9.57295373e-02 -2.41744891e-03
  6.25716299e-02 -8.59802775e-03  1.97573453e-02 -4.24315855e-02
  5.65806068e-02  9.96854082e-02 -4.45036869e-03  2.57276129e-02
 -1.22207375e-02 -8.81058946e-02 -4.42823544e-02 -2.33514439e-02
 -5.83451949e-02 -1.90793369e-02 -5.33182211e-02  5.79503514e-02
 -5.29436115e-03  2.10494064e-02  4.70559001e-02  5.53539693e-02
 -2.61910912e-02 -1.18240990e-01  5.28666563e-02 -4.43460234e-02
 -5.48263267e-02 -1.52577022e-02  1.01100847e-01  5.79999480e-03
 -6.47618528e-03  2.87419534e-03  2.03405153e-02 -4.07665223e-02
 -2.46729087e-02  5.68357743e-02  3.98794636e-02 -6.14248365e-02
  9.20915976e-02  1.20638581e-02  1.26554407e-02  3.32954042e-02
  9.38051660e-03 -4.61138226e-02 -3.55897881e-02  2.40817722e-02
  4.08913009e-02 -5.10799102e-02  5.25484905e-02  5.63546270e-02
 -2.08351333e-02 -5.44835255e-02  5.26224896e-02 -4.39495370e-02
  3.92468460e-02 -1.03643715e-01  3.66478749e-02 -7.65880868e-02
  3.51310596e-02 -1.80052277e-02  4.82483022e-02 -5.05652092e-03
  2.26842128e-02 -8.27905014e-02 -1.05108261e-01  3.24117728e-02
  7.40592331e-02  4.06546481e-02  7.35681280e-02 -1.71067044e-02
 -1.09717213e-01 -9.31721460e-03 -3.47489454e-02  2.01671664e-03
  4.27475609e-02  3.54828872e-02 -1.08265132e-02  7.56206224e-03
 -2.82042641e-02 -4.90795262e-02 -6.85671195e-02  1.64174125e-01
  3.80190052e-02  7.07528517e-02  3.28935171e-03  2.26828419e-02
  9.28485673e-03 -4.82427478e-02 -6.67863786e-02  5.31162024e-02
  3.85642089e-02 -2.50848643e-02  3.18171903e-02 -2.81479098e-02
 -8.81103277e-02  2.34065037e-02  1.44075882e-03 -3.02185975e-02
 -8.20516981e-03  1.40176192e-02  1.44139733e-02  7.26441517e-02
  4.36392725e-02  7.77679309e-03 -3.19823101e-02  3.83811854e-02
 -1.57573652e-02 -5.78671545e-02  9.46633890e-02 -5.42627441e-33
 -7.77268857e-02 -5.76756597e-02  9.02061462e-02 -4.31371108e-02
 -1.27123818e-02  2.77614817e-02 -3.76820862e-02  6.85000345e-02
  2.99121980e-02  6.75619543e-02  4.08841036e-02  9.93320495e-02
  1.00692213e-01  8.46500844e-02  6.00444488e-02 -7.59380534e-02
  3.78540577e-03 -7.02573061e-02  4.34148349e-02 -1.17311962e-02
  3.04804370e-02  2.17833389e-02  6.80344999e-02  3.96903977e-02
  1.60368178e-02 -9.25852284e-02  1.09270411e-02 -7.00201169e-02
 -2.95513179e-02  5.76344598e-03  4.28689411e-03  9.72424075e-02
  8.52838065e-03  3.83391343e-02 -8.26047137e-02  3.70882750e-02
  8.63861293e-02 -4.11485434e-02  2.37081908e-02 -6.18162788e-02
 -5.74505180e-02  1.97330417e-04 -7.76103511e-03  6.37519360e-02
  2.50566788e-02  1.25764711e-02  6.85208589e-02 -4.74855006e-02
 -2.78173573e-02  6.66511571e-03 -3.56596075e-02 -2.53428686e-02
  5.20820403e-03  3.56001891e-02  5.53918518e-02  2.85124797e-02
 -4.25506569e-02  5.15386276e-03  2.62886733e-02 -2.48872023e-02
 -1.66076589e-02  7.22984895e-02 -2.46473737e-02 -1.93029344e-02
 -3.30300466e-03 -2.30104402e-02  7.42568597e-02 -4.66533490e-02
 -3.63523811e-02 -7.61645958e-02 -5.26312962e-02 -8.10203105e-02
  4.24892120e-02 -4.10198942e-02  2.54838355e-02  5.08253500e-02
 -8.58327970e-02  6.05043992e-02 -6.55270591e-02 -4.57765535e-02
 -8.18089023e-02 -9.85104665e-02  2.98070349e-02 -5.17857373e-02
  2.97264550e-02 -6.33791313e-02 -2.42049787e-02 -2.27769595e-02
  1.29422955e-02  1.06972586e-02  5.23401126e-02  1.34343822e-02
  7.72433728e-02 -1.19429938e-02 -1.36161176e-02  4.12076047e-33
 -9.94072668e-03  2.48265509e-02 -7.21419603e-02  5.93223572e-02
  6.86938316e-02 -4.11641225e-02 -3.20560858e-02 -4.49900329e-02
 -2.45997682e-02  6.29525706e-02 -4.92274389e-02 -2.84636524e-02
  5.76745858e-03 -3.27243097e-02  5.15352935e-02  2.53127683e-02
  5.60372311e-04  6.66000620e-02  6.03616089e-02  3.62709239e-02
 -9.18311719e-03  4.91419137e-02 -1.14083942e-02 -6.28904700e-02
 -3.52435596e-02  8.25894326e-02 -3.85504449e-03 -4.58965860e-02
 -3.46964598e-02  3.65933441e-02 -4.38190363e-02  2.62813773e-02
 -3.19925286e-02  7.72311687e-02 -9.54358503e-02  2.46861652e-02
  5.34724519e-02  1.72248278e-02 -3.27525102e-02 -2.79152542e-02
  3.93107422e-02  4.19669338e-02  1.02654003e-01  1.17440253e-01
 -7.23113865e-02 -5.24763167e-02 -8.27591270e-02  3.02315652e-02
 -6.58612400e-02  1.84807926e-02  2.48945933e-02 -2.83112586e-03
 -3.76179777e-02 -6.76159710e-02 -1.71354469e-02 -5.45773022e-02
  3.19218636e-02  1.84541605e-02 -2.65684202e-02 -9.24905855e-03
  4.08892408e-02 -8.34921002e-03  2.53450535e-02  1.06794439e-01
 -7.43608475e-02  2.76077278e-02 -2.17895247e-02 -2.02809386e-02
  7.60148540e-02 -4.13509682e-02  3.53939682e-02  8.89208168e-02
 -5.86808957e-02 -1.08522370e-01 -9.89144817e-02  2.48926133e-02
 -1.31022269e-02 -2.16055922e-02 -2.32065637e-02 -9.08848792e-02
  2.95239617e-03  3.37742381e-02 -3.00886165e-02 -8.11576694e-02
 -2.83306297e-02 -8.64389241e-02  7.86383450e-02 -3.73500981e-04
  1.62952896e-02 -9.53186303e-04 -2.79438607e-02  2.29907464e-02
  9.95760877e-03  1.05525283e-02  1.41156791e-02 -1.13488809e-08
 -5.25534733e-06  8.10091272e-02  4.19155955e-02 -9.97463986e-02
  1.08184367e-01 -8.52725562e-03  7.82608613e-02  4.84679192e-02
 -1.55519750e-02 -8.67313892e-03  4.61815372e-02  1.33426357e-02
  1.09313019e-01  2.34635193e-02  6.48996234e-02  3.39431278e-02
  1.93108600e-02  2.99096871e-02 -4.51101512e-02  4.50476743e-02
 -9.74313915e-03  1.29232078e-03 -1.73718184e-02  6.55532554e-02
  9.55454856e-02  6.82542697e-02  7.64834806e-02  1.23866722e-02
 -1.90228652e-02  1.35463318e-02 -7.28888288e-02 -1.87416375e-03
 -2.50744093e-02 -5.02351597e-02 -5.59903607e-02 -5.43780029e-02
  6.31163479e-04 -8.56763124e-02 -4.74357978e-02 -1.00627974e-01
 -2.20864452e-02 -7.92852938e-02 -6.02779852e-04 -2.15921644e-02
 -3.87150720e-02 -6.12473562e-02 -2.36984696e-02 -4.91806902e-02
  4.04359289e-02  5.73032722e-02 -2.20550597e-02 -1.58325639e-02
  4.03470099e-02 -6.77457661e-04  3.20149958e-02  5.52368090e-02
 -6.54513687e-02  2.14556661e-02 -5.71081489e-02  8.54506914e-04
  8.92999694e-02  1.33574009e-02  2.44037081e-02  8.26400425e-03]"
129,Electronic Waste,Environment,pollution,1,0.3945,"[-7.90520478e-03  5.44987097e-02  8.17528814e-02  1.91137437e-02
  1.00608595e-01  2.74925716e-02  1.43466786e-01 -2.74727121e-02
 -4.51329909e-02  4.21834812e-02  2.08130963e-02 -6.38899207e-02
 -2.43091397e-02  1.55049155e-03 -6.62720874e-02  8.76421016e-03
 -9.64731723e-03 -1.94084942e-02 -1.14794031e-01 -2.51973756e-02
 -1.29508702e-02  7.27783889e-02 -2.92377602e-02  4.10004548e-04
 -7.27999732e-02  7.35225305e-02 -3.55388187e-02 -2.51354817e-02
  3.98595631e-02 -7.19994232e-02  2.10516993e-02  1.04605816e-01
 -2.94946171e-02 -8.10663402e-02 -5.11522219e-02 -3.88816325e-03
  2.15115454e-02 -1.99262258e-02  1.28573654e-02 -6.91313669e-03
 -4.94945645e-02 -6.41008019e-02 -1.41691035e-02 -4.12137620e-02
 -6.75623417e-02 -1.89119279e-02  2.49290541e-02 -2.96633970e-02
  5.81166781e-02 -5.70107438e-02  3.54425646e-02  4.52658683e-02
 -7.68482462e-02 -3.46176103e-02  5.20046540e-02 -1.45308942e-01
 -7.31486082e-03 -3.18758413e-02 -1.48805240e-02 -4.09104861e-02
  2.59431247e-02 -6.41232356e-02 -4.46734317e-02  3.34370509e-02
  1.56137630e-01 -2.63866666e-03 -5.83651736e-02  1.07617222e-01
 -2.22573895e-02  1.70570128e-02  1.50221456e-02 -1.57974027e-02
 -4.11944278e-02 -8.84392038e-02  1.77244674e-02  1.17093325e-02
  1.22193042e-02 -7.06873136e-03  9.29541364e-02 -5.21070994e-02
  6.55326098e-02 -6.32334426e-02 -3.23255882e-02  1.79647673e-02
  7.15413764e-02  4.24959790e-03 -1.42274220e-02 -2.78596543e-02
 -3.75967771e-02  2.33813701e-03 -1.24364882e-03 -3.91537473e-02
  5.83998263e-02  2.82205883e-02 -7.66967908e-02  8.94793198e-02
  3.85941379e-02 -2.52992325e-02  4.70869280e-02  1.91226050e-01
 -2.07717381e-02  5.25664911e-02 -1.13676034e-01 -1.84558779e-02
 -6.80296635e-03 -3.46649401e-02 -3.63231041e-02 -5.23698097e-03
  2.21606903e-02  5.44490867e-05 -7.82308728e-02 -2.26146076e-02
  5.27908979e-03  1.62495840e-02  1.09869260e-02  1.48561383e-02
  1.39500573e-01 -8.15436170e-02 -7.38389567e-02 -4.67392132e-02
 -4.70905453e-02 -4.18295115e-02 -9.81084630e-02  7.31741562e-02
  2.53133681e-02 -6.59879074e-02 -5.70368208e-03 -5.57211579e-33
 -3.60236689e-02 -6.71105757e-02  9.03287828e-02  5.66231161e-02
 -5.28004356e-02  2.11957246e-02 -2.58772988e-02 -4.26854156e-02
  3.96507941e-02  7.59685552e-03 -1.54841994e-03 -1.45151373e-02
 -7.28385746e-02  3.75293009e-02  1.26638800e-01 -3.17501239e-02
 -3.39503102e-02 -3.49705890e-02  9.78368986e-03 -4.00683284e-02
 -3.40170600e-02 -2.81585641e-02 -5.22384532e-02  5.43373339e-02
  1.08368751e-02 -3.01967841e-02  5.09902872e-02 -1.04514612e-02
 -2.45615784e-02  2.52273250e-02  8.61447304e-02  8.48177895e-02
 -7.37610459e-02  1.29686603e-02 -1.92455314e-02 -3.63864824e-02
 -6.10596016e-02  4.24708948e-02 -2.62787882e-02 -1.73041392e-02
 -5.39123714e-02  1.91688421e-03 -5.79800382e-02  7.73337530e-03
  3.71160693e-02 -7.99147761e-04  1.79838482e-02 -1.22398604e-02
  1.06034549e-02 -4.22015451e-02 -4.70663607e-02  5.56428991e-02
 -4.98145185e-02 -2.68402640e-02  2.54878458e-02  4.94229607e-03
  6.56441301e-02 -8.80440027e-02 -9.32242349e-03  1.58920009e-02
 -1.41578633e-03  1.31097779e-01 -4.87660691e-02  4.58903201e-02
  1.04400262e-01  2.66095363e-02  6.36588410e-02  1.49942534e-02
  3.14726867e-02 -2.99647301e-02  2.02217028e-02 -4.14808057e-02
  1.45270927e-02  3.96846645e-02 -2.30471361e-02  1.57809164e-02
 -6.88521471e-03  1.40332791e-03 -3.62952128e-02  5.49958795e-02
 -4.21332978e-02 -1.17086880e-02 -2.19793674e-02 -6.20414354e-02
  2.21736962e-03 -3.71964229e-03 -2.47612670e-02 -9.67628509e-03
  7.42080202e-03  4.34576981e-02 -5.77940606e-03  6.66313525e-03
  2.72328872e-02 -3.49727124e-02 -6.56142682e-02  3.14645895e-33
  1.09393178e-02  3.25170048e-02 -1.97192188e-02  2.19352599e-02
 -3.76558106e-04 -4.86286953e-02 -7.35993497e-03  1.07036931e-02
  9.57945809e-02  1.29217371e-01 -6.19237497e-02  7.31460750e-02
  9.45756063e-02 -1.32908886e-02  3.67135368e-02 -3.41237038e-02
  9.18354932e-03  5.75912558e-02 -3.96092981e-02 -3.92990373e-02
 -5.12662940e-02 -4.70869280e-02  3.72802466e-02  1.69790499e-02
 -8.49820152e-02  5.46466783e-02 -9.21960995e-02 -2.96493713e-02
  7.06898421e-02 -3.55169736e-02 -1.65183265e-02  1.05418883e-01
 -4.22301404e-02  3.52311209e-02 -2.26922184e-02  3.76085006e-02
  3.27187628e-02  2.99328961e-03 -2.48505846e-02 -1.59115940e-02
 -9.29333456e-03 -4.73296419e-02  7.33585954e-02  6.56151846e-02
  1.63130481e-02 -6.94937306e-03 -4.85979691e-02  2.25522351e-02
  3.36373597e-02 -4.54320423e-02  1.08033799e-01  8.56010169e-02
 -4.45125811e-02  3.59510258e-02  6.98662400e-02  6.30282834e-02
  5.38665652e-02 -1.07228905e-02  1.67914275e-02  8.95270612e-03
  6.50654137e-02  6.89960793e-02 -8.05894509e-02  5.44816591e-02
 -1.05012089e-01  2.05840543e-02  2.62759044e-03  1.74792446e-02
  6.63980544e-02 -3.94092947e-02 -1.07516637e-02 -7.82206189e-03
 -6.57114238e-02 -3.52348685e-02 -1.08443439e-01 -2.21536998e-02
 -3.32501978e-02  8.97195712e-02  3.07587162e-02 -1.86818885e-03
 -2.12043449e-02  3.45546715e-02  7.55087938e-03  1.87940337e-02
  4.45252545e-02 -1.17251545e-01 -1.68662723e-02 -9.46245492e-02
  1.99276973e-02 -4.72733900e-02 -5.78265786e-02 -3.20362207e-03
 -1.27147853e-01  1.31719457e-02 -3.04598324e-02 -1.19493517e-08
  4.67641931e-03 -4.47406210e-02  5.23157939e-02 -2.85782269e-03
 -2.91659180e-02 -2.37885844e-02  6.64871931e-02  1.30100593e-01
  1.68028828e-02  7.11469427e-02  3.99089325e-03  4.46091481e-02
  5.95045313e-02  3.20710614e-02  1.75685100e-02 -2.72005349e-02
 -1.05131306e-02 -4.74207513e-02 -3.78597826e-02 -8.81875120e-03
  5.54702692e-02  1.71813574e-02 -4.27608239e-03  2.17462163e-02
 -1.11070145e-02 -1.53221618e-02  7.15392083e-02  1.32696573e-02
  3.84311415e-02  1.39276125e-02  2.27134153e-02  4.70850877e-02
 -7.09303319e-02 -2.36489903e-02 -6.00164123e-02 -7.24491924e-02
  3.65170352e-02 -6.15592673e-02 -2.59951837e-02 -4.16978374e-02
 -1.21531989e-02  5.99943362e-02 -2.31904238e-02  9.03758593e-03
  6.91594258e-02 -5.60587309e-02  7.75049161e-03  3.56948599e-02
 -5.59185259e-03  5.07639954e-03 -7.35345390e-03 -3.69453691e-02
  5.47187850e-02  1.83569323e-02  3.64365499e-03 -1.15846535e-02
 -1.05402190e-02  4.03815433e-02 -2.62166467e-02 -1.39888376e-02
  1.28721461e-01  5.93896247e-02  3.06126941e-02  5.73256984e-02]"
130,Electronic Waste,Environment,emission,7,0.3896,"[ 2.94998772e-02  5.91365136e-02  1.81502961e-02  7.61245787e-02
  4.98048440e-02 -1.92731023e-02  1.59151182e-01  5.15860319e-03
  4.01223041e-02  3.77989598e-02  3.29430960e-02 -6.94696158e-02
 -3.46955806e-02  3.39245610e-02 -8.75358004e-04  3.38395350e-02
 -2.16641854e-02 -2.33729221e-02 -5.38264960e-02 -3.06984093e-02
 -6.69539673e-03  1.71559043e-02 -3.70280109e-02  1.39713017e-02
 -3.34659987e-03 -1.14792371e-02 -3.16729695e-02  2.09957436e-02
  5.52659370e-02 -6.95916042e-02  6.22877218e-02  5.99024398e-03
 -7.12826997e-02  2.19199378e-02  1.96487270e-03 -4.97658662e-02
  1.55386776e-02  1.74694899e-02 -1.67618003e-02  2.13316958e-02
 -3.59532908e-02 -1.27882212e-01  3.04801799e-02 -5.91664650e-02
 -4.89377119e-02 -3.65509465e-02  9.73690674e-03 -7.40567148e-02
  1.11212605e-03 -3.26300412e-02  8.53487998e-02 -5.02162203e-02
 -6.76288530e-02  4.47652675e-02  7.81870484e-02 -1.38545744e-02
 -1.29188662e-02 -2.37233154e-02 -1.63467962e-03 -9.20784026e-02
  6.61998615e-03 -7.18403831e-02 -5.75074516e-02 -1.14617432e-02
  6.52472675e-02  2.31378619e-02 -2.47930605e-02 -1.11448523e-02
  2.50071585e-02  3.38053284e-03  3.14262025e-02 -4.83856462e-02
 -1.98401716e-02 -9.33480263e-02 -1.46297934e-02 -4.18521017e-02
  3.43249217e-02  3.35101523e-02  9.09444988e-02 -5.22675924e-02
  6.31369725e-02 -1.97683740e-02 -1.04017049e-01  4.15060259e-02
  8.62075612e-02  4.04063612e-02  3.56552191e-02 -2.48433948e-02
 -7.22890273e-02  7.08423480e-02 -5.67919910e-02  2.51809582e-02
  9.74751934e-02  1.54628530e-02 -1.10256873e-01  3.71862319e-03
  9.06643048e-02 -5.68278059e-02  6.64695948e-02  1.36952087e-01
 -3.34272336e-04  3.83260995e-02 -1.07484154e-01  1.80774070e-02
 -1.12952195e-01 -3.87611389e-02  1.83830503e-02  7.67817274e-02
 -2.58866083e-02 -5.18658053e-05  2.39982475e-02 -4.88990173e-02
 -5.62314428e-02 -3.32452692e-02  2.54045669e-02  1.40461419e-02
  1.41472919e-02  2.72905938e-02 -5.24606369e-02  3.99671607e-02
 -1.79643147e-02  3.42906453e-02 -4.84320335e-02  5.11751398e-02
  1.46535682e-02 -9.21484679e-02  7.56740272e-02 -3.91525283e-33
 -5.78557141e-02 -3.61163393e-02 -2.25427188e-02  1.07195284e-02
 -1.31985941e-03  3.30117047e-02 -3.57249826e-02  1.11200558e-02
 -2.70795673e-02  1.57386065e-02  2.42060944e-02  7.43779391e-02
 -1.03191314e-02 -4.75482875e-03  1.49138078e-01 -3.72907743e-02
 -1.18407104e-02  6.65758224e-03 -4.72954176e-02 -4.16495986e-02
 -5.67444637e-02 -1.34104965e-02 -1.83899365e-02  7.04442561e-02
  2.00356301e-02  6.93879696e-03 -6.68147625e-03 -4.04940732e-02
 -8.97880644e-02  2.82012187e-02  4.89714853e-02  9.40565318e-02
 -1.49762761e-02  5.45208640e-02 -3.73191088e-02 -1.85701307e-02
 -2.09501735e-03 -3.36843805e-04  9.93746240e-03 -2.73756180e-02
 -1.04740616e-02  2.10034139e-02 -6.77312119e-03  2.98579447e-02
 -1.14079854e-02  1.17223449e-02  6.80380035e-03  1.75784919e-02
  9.84770730e-02  2.60179024e-02 -2.69158166e-02 -4.78343256e-02
 -3.83184515e-02  2.90249977e-02  8.52720067e-02  9.03379172e-02
 -5.41916396e-03  3.11017456e-03  5.09665022e-03 -3.50881852e-02
  8.34487379e-03  7.57246614e-02  3.00919153e-02  4.71319407e-02
  2.92892214e-02 -3.51276761e-03  2.54786815e-02 -2.09054891e-02
  1.74767431e-02 -2.10361965e-02 -8.86571035e-02 -4.72037718e-02
  1.11745365e-01 -3.28420438e-02  8.98257550e-03 -3.82187106e-02
 -1.82464961e-02  4.16496657e-02  1.33055672e-02  2.79440936e-02
 -1.04421876e-01 -1.16967887e-01 -1.66836195e-02 -1.38646215e-01
 -4.17758226e-02 -2.36238241e-02 -4.46858332e-02 -1.67707670e-02
 -9.17885825e-03  5.09705208e-02  3.81985120e-02 -2.53726356e-02
  6.24740757e-02  9.59649216e-03 -9.76565704e-02  3.39478948e-33
  4.38820459e-02  3.60781625e-02 -2.12793238e-02  4.46914844e-02
  4.27783504e-02  4.28020656e-02 -6.62395731e-03 -3.77972238e-02
  1.05246529e-02  1.32331118e-01  4.69699083e-03  7.34836683e-02
 -5.11140227e-02 -2.22114678e-02 -1.88522767e-02 -4.56211008e-02
  4.24680933e-02 -6.75379066e-04  5.84689789e-02 -1.45952904e-03
 -5.44864349e-02 -2.72568427e-02  1.48455026e-02 -9.48848948e-02
 -3.96682173e-02  7.92038664e-02  1.57540645e-02  1.02629531e-02
 -2.54572965e-02  1.85792241e-03 -7.23368004e-02  7.40924552e-02
 -8.31710175e-03  5.14714271e-02 -3.89645211e-02 -1.73977595e-02
  1.61421597e-01  5.01765776e-03 -7.54401162e-02 -4.77771014e-02
  1.93101112e-02  4.65675704e-02  6.67214245e-02  9.86648574e-02
 -6.15827218e-02  3.24829444e-02 -5.99363185e-02  7.24005103e-02
  3.53547670e-02  3.89692024e-03  3.51161659e-02  1.88580621e-02
 -4.25923876e-02  7.36259744e-02 -1.80200692e-02  1.95391029e-02
  8.94565433e-02  9.79664735e-03 -1.87849496e-02  3.64395827e-02
  2.32690368e-02 -3.63379605e-02  2.63036489e-02  3.28348093e-02
 -3.83388177e-02 -5.86498082e-02 -9.19558760e-03  4.20453325e-02
  9.76956263e-02 -3.78736854e-02  5.89583665e-02  2.23785490e-02
 -2.47758739e-02 -4.81468514e-02 -1.13278359e-01 -4.79161367e-02
  1.44758588e-02 -1.23695470e-01  1.48917288e-02 -6.40680045e-02
 -1.10981412e-01  5.16598597e-02 -3.37041765e-02 -3.04149631e-02
  5.63090332e-02 -7.50354975e-02 -3.85365747e-02  3.30723269e-04
  2.28738971e-02  3.85611813e-04 -1.30471345e-02  6.66866079e-02
  1.44832078e-02 -6.80489987e-02  6.76845238e-02 -1.05363522e-08
 -2.63355561e-02  9.85463150e-03  4.49034609e-02 -5.61161945e-03
  1.13163345e-01 -2.94773914e-02  6.03113919e-02  4.26269434e-02
  1.66256186e-02  2.02995283e-03  4.69413027e-02  1.30681917e-02
  6.00477271e-02  7.40110427e-02  6.88426793e-02 -2.20448226e-02
 -2.40873490e-02 -5.10212556e-02 -5.27568609e-02  1.14922710e-02
 -4.03797068e-02  3.91585520e-04  2.37982105e-02 -8.18367209e-03
  2.75958497e-02  4.02254164e-02  5.28681204e-02  8.19989815e-02
  3.29895653e-02 -1.91223028e-03 -5.37768705e-03  7.09645748e-02
  2.73031499e-02 -3.61839421e-02 -9.21562016e-02 -4.41680849e-02
 -1.58434119e-02 -5.10935523e-02 -7.65734836e-02 -2.48570535e-02
  6.21086918e-03 -4.40313220e-02  3.14955041e-02  3.60307703e-03
 -6.66754544e-02  3.19357961e-02 -7.09089786e-02 -1.70717239e-02
 -1.87540594e-02  2.66275797e-02  1.34096574e-02 -9.23789367e-02
  2.57123969e-02 -3.89463231e-02 -6.33372441e-02 -2.42110007e-02
 -1.03333779e-03  4.22258079e-02  3.70067358e-03  1.82895381e-02
  1.78793788e-01  2.11779997e-02  1.46355713e-02 -1.39711192e-02]"
131,Electronic Waste,Environment,carbon,1,0.3878,"[-3.74245122e-02  5.40661737e-02 -1.23893116e-02  9.62452888e-02
  7.22858906e-02  1.26985181e-02  1.15201518e-01  3.25628668e-02
  2.47518457e-02  5.20877764e-02 -1.13299780e-03 -1.24954551e-01
 -5.06212004e-02  1.04369433e-03  5.91207179e-04 -1.35684134e-02
 -1.76736452e-02 -1.89045202e-02 -1.91667564e-02  1.34915335e-03
 -5.55833355e-02  2.87127737e-02 -2.08838899e-02  4.26946580e-02
  1.21640228e-03  9.38336030e-02 -7.56536275e-02  3.01924106e-02
  2.53579319e-02 -1.01643763e-01  1.55895613e-02  2.56380960e-02
 -5.83800487e-03  1.79300662e-02  2.88987383e-02  9.21113497e-06
  4.42577119e-04 -4.13045920e-02  2.34271120e-03  3.70965223e-03
 -9.28476378e-02 -7.49723166e-02  7.00772032e-02 -2.25279573e-02
  3.44248042e-02  1.11338142e-02  2.43753009e-02  1.44465705e-02
  5.55379540e-02 -4.91163731e-02  1.95483980e-03 -8.15733299e-02
 -9.15931463e-02  1.13904011e-02  2.45110784e-02  8.45848210e-03
  1.10225007e-02  1.42127052e-02  5.37506305e-02 -1.67837813e-02
  3.52246612e-02 -9.83718336e-02 -4.86850217e-02  2.93608643e-02
  1.13570608e-01 -1.79565232e-02 -6.01375848e-03 -2.96352059e-02
 -2.17029788e-02  3.60156894e-02 -8.77281837e-03  1.36391483e-02
 -3.45478915e-02 -2.98593426e-04  4.03564163e-02  3.93818207e-02
  2.85177622e-02 -4.54726964e-02  9.89833474e-02  1.79063901e-02
  5.71672013e-03  5.24444655e-02 -6.96233362e-02  2.97027621e-02
  6.22905232e-03  6.02366515e-02  2.22918484e-03 -5.04483022e-02
 -9.60282683e-02  1.46758221e-02 -7.04877526e-02  3.80144976e-02
  8.67003873e-02  3.45338471e-02 -1.32124752e-01  5.67200892e-02
  1.10290088e-01  2.90165991e-02  3.14008892e-02  1.46898881e-01
  4.99002002e-02  5.78106903e-02 -9.94988754e-02 -6.04334995e-02
 -7.12837577e-02 -1.44550437e-02  1.78082623e-02  7.93527290e-02
  8.63246024e-02  3.08876671e-02 -7.31675029e-02  4.05858383e-02
 -1.04820028e-01 -4.33525164e-03 -6.21307036e-03  9.78246145e-03
  1.28695011e-01 -1.68879032e-02 -2.05249945e-03  1.01534454e-02
 -5.74701726e-02 -6.43329788e-03 -2.76980130e-03  3.28898206e-02
 -4.75641526e-02 -9.74506959e-02  1.43553950e-02 -4.09784163e-33
  2.39067506e-02 -3.90354656e-02  7.90372118e-02  3.90978046e-02
  2.78984625e-02  2.07342841e-02 -1.23362385e-01 -4.24009301e-02
 -6.12820238e-02  2.13198718e-02 -6.16693348e-02 -1.07823427e-04
 -1.11118751e-02  5.24196438e-02  1.06157161e-01 -1.36407772e-02
 -7.40770772e-02 -5.95092028e-02  1.46618122e-02 -9.37200263e-02
 -1.28874168e-01  4.91548479e-02  2.53695827e-02  8.42922330e-02
  3.10321487e-02 -2.79926080e-02  2.66248472e-02 -6.12097569e-02
 -6.40916005e-02 -2.56804116e-02  5.65163940e-02  1.08044811e-01
 -4.03017215e-02  4.90634367e-02 -1.54257389e-02 -2.88475733e-02
 -3.14017609e-02  4.17962234e-04 -1.09207043e-02 -3.52357030e-02
  6.07476421e-02  4.17315885e-02 -1.47314798e-02 -4.33002710e-02
  1.26130842e-02 -1.95471365e-02  7.03631062e-03  3.19094397e-02
 -4.72817896e-03  1.53708095e-02 -2.90867276e-02  5.69007210e-02
 -3.10350768e-02  4.37802263e-02 -2.84644887e-02 -5.81771741e-03
  6.69989064e-02 -3.58993001e-02 -6.86238930e-02 -1.63454339e-02
  2.44078506e-02  1.11266479e-01  2.94901878e-02  6.30252138e-02
 -3.40470411e-02  7.22385719e-02 -2.60045025e-02  2.08110139e-02
  7.05472231e-02 -7.26703554e-02 -7.73298293e-02 -2.61428319e-02
  1.06301315e-01 -1.20586809e-02 -2.62078848e-02  1.01404730e-02
 -9.56747755e-02 -1.47323462e-03 -1.75699107e-02  4.19871546e-02
 -7.65043050e-02 -4.67742383e-02 -1.97945423e-02 -9.97293144e-02
 -7.52548203e-02  3.81930321e-02 -1.05684558e-02 -7.89514557e-02
  8.19358975e-02  3.61043364e-02 -5.43615669e-02 -8.29121917e-02
  5.60458973e-02 -5.37531674e-02 -8.03886354e-02  2.35528293e-33
  1.57929014e-03 -5.55360168e-02 -1.78635623e-02  6.67820275e-02
  3.98949124e-02 -9.29399058e-02 -4.75919731e-02 -1.12508327e-01
  2.31402926e-02  5.67486323e-03  4.22238074e-02 -2.17322912e-02
  9.62789431e-02  1.11015420e-02  3.62943374e-02  1.98289119e-02
 -7.49055892e-02 -1.42675908e-02  4.54325750e-02  2.63788807e-03
 -8.02755449e-03 -8.37991983e-02 -6.87964037e-02 -1.96191948e-02
 -1.83029938e-02  5.95010184e-02 -6.69514984e-02 -6.74857572e-02
  1.21453337e-01 -2.95150485e-02 -4.44745421e-02  1.47820227e-02
 -8.09638412e-04 -1.99837887e-04 -4.04670276e-02 -1.45062422e-02
  3.76605168e-02  2.93083582e-02 -3.33000012e-02 -4.34776535e-03
  9.74802952e-03  6.67543057e-03 -1.55901378e-02  5.25473654e-02
  2.35622749e-03  2.98353005e-02  1.84365995e-02 -4.07900065e-02
 -5.18356599e-02  8.52475017e-02  7.41176903e-02  5.50334388e-03
 -2.64879465e-02 -4.34229802e-03  3.91414389e-02  2.47721877e-02
 -1.08014699e-02  7.77843520e-02  2.66868174e-02  1.55313807e-02
  4.16243896e-02  2.67598312e-02 -2.73925047e-02 -4.64178249e-03
  8.51260591e-03  1.21474555e-02 -7.06592649e-02  2.36411151e-02
  7.06229825e-03 -2.87311133e-02  1.07526757e-01  7.60399029e-02
 -2.62235440e-02 -2.47991476e-02 -7.48633966e-02 -8.05876032e-02
 -3.00275106e-02 -1.75000560e-02 -3.61275449e-02  7.59301381e-03
 -6.52777851e-02  3.52518521e-02 -2.51090061e-03  2.86405701e-02
  2.28800420e-02 -5.04987314e-03 -5.66622335e-03  8.61573406e-03
 -3.26541327e-02  3.42881642e-02 -3.02985404e-02  3.71222682e-02
 -3.40838265e-03  5.55337928e-02  3.38458130e-03 -1.08493525e-08
 -1.95608642e-02  3.51362713e-02  7.16795260e-03 -2.61029378e-02
  7.75251240e-02  2.74396017e-02  1.46095231e-01  4.75783460e-02
  9.43047553e-03  9.68306419e-03  1.37540568e-02  4.14395519e-02
  1.04560472e-01  3.26085091e-02  1.85267236e-02 -2.60436237e-02
 -1.25741199e-01 -7.99722970e-02  1.73861440e-02  4.34051678e-02
 -1.38428034e-02 -2.91905156e-03  2.96801748e-03  3.92604955e-02
 -1.11030694e-02 -5.83529137e-02  3.18237245e-02  1.04308426e-01
  2.09736247e-02  7.27987140e-02 -4.79614772e-02  7.01150075e-02
  3.19582261e-02 -6.34627938e-02  1.81136411e-02 -3.36810015e-02
  1.27963508e-02 -4.78610508e-02 -1.75883044e-02  1.05948159e-02
 -2.13836189e-02  3.94015461e-02 -3.97449434e-02 -2.98158992e-02
 -2.82044150e-02 -5.90588264e-02 -2.87167355e-02  9.61642060e-03
  2.94417585e-03 -2.36432068e-02  1.58734787e-02  1.82427466e-02
 -1.82725135e-02  2.91120782e-02  2.82074865e-02  4.08564508e-02
 -8.51290952e-03  4.19829786e-03 -1.58656351e-02  1.91947985e-02
  8.65474790e-02 -7.93198273e-02  8.10110942e-02 -4.92455624e-02]"
132,Electronic Waste,Environment,consumption,9,0.3853,"[ 3.73255983e-02  7.01996982e-02 -3.87057625e-02  5.99251576e-02
  4.23469432e-02  1.35226185e-02  1.26850203e-01  2.20453888e-02
 -1.84991453e-02  4.26424369e-02  3.33917439e-02 -3.13596204e-02
 -5.00074215e-02 -2.33081244e-02  8.53228476e-03 -7.74639621e-02
  6.52294606e-02 -4.04347256e-02 -2.26187725e-02  1.32768489e-02
  9.83311012e-02 -4.54757325e-02  1.58010032e-02  3.12250014e-02
 -8.75027850e-03  6.10613078e-02  6.06812537e-03 -2.47200746e-02
  6.88487142e-02 -1.34425405e-02  6.76460266e-02  6.36160895e-02
  8.28558654e-02 -5.58575578e-02  8.21885373e-03  2.23254580e-02
  6.03381246e-02 -5.85601665e-03  1.80414636e-02  6.37566624e-03
 -5.05985133e-02 -1.00658260e-01  6.61359355e-03 -5.93755674e-03
 -1.41284317e-02 -8.46966822e-03 -4.53834459e-02  4.54528034e-02
  1.82908829e-02  6.40924945e-02 -1.51432725e-02  2.05106661e-02
 -2.08960678e-02 -4.41396087e-02  8.19592848e-02 -4.62061688e-02
 -9.73131228e-03  1.36573082e-02 -1.40452078e-02 -2.04734355e-02
  1.96830165e-02 -2.43371911e-02 -5.96230179e-02  3.55196483e-02
  9.53655764e-02 -2.61486811e-03 -6.80619329e-02  5.20691313e-02
 -1.00469321e-01  4.95365746e-02 -1.74526200e-02 -5.74865416e-02
 -1.71829276e-02 -7.08468482e-02 -5.38424328e-02 -9.04866755e-02
  9.49116945e-02 -2.60676648e-02  3.70581374e-02 -1.60652678e-02
  1.24074868e-03  1.14830667e-02 -1.96665172e-02  1.83513332e-02
  3.93859670e-02  4.78986010e-04 -2.71459762e-02 -1.09254485e-02
  1.05001973e-02  8.90415255e-03 -1.65505055e-02  5.72091043e-02
  4.59788367e-02 -4.13215579e-03 -3.85637209e-02  8.14147573e-03
 -9.15893726e-03 -2.40600575e-02 -8.05231684e-05  1.82260975e-01
 -9.70102847e-03  8.70753378e-02  7.61618465e-03 -3.27599309e-02
 -3.58680263e-02 -8.01771358e-02 -6.36971965e-02  1.11825369e-01
  6.36194348e-02  4.60919663e-02 -2.63479687e-02  3.36271524e-02
 -3.27459723e-02  1.88986827e-02  5.11646010e-02 -1.87224280e-02
  1.00283716e-02 -6.14984147e-02  8.56312290e-02  9.72269699e-02
 -2.74052465e-04  1.05790608e-02 -1.40848979e-02  2.01180577e-03
 -6.60729632e-02 -7.15244859e-02  6.29890189e-02 -5.11432760e-33
 -1.17393389e-01 -1.13407955e-01  5.29461466e-02 -3.23224850e-02
 -8.46740305e-02  1.53410984e-02 -4.88992743e-02  6.50784280e-03
  1.30815571e-02 -5.22556938e-02  9.01301503e-02  1.29660582e-02
 -7.01000541e-02  9.27247927e-02  1.57781392e-01 -3.48166749e-02
 -1.69042510e-03  3.02622151e-02  5.31326607e-02 -2.49450635e-02
 -2.07661968e-02 -4.16847244e-02  2.06568204e-02  2.76151206e-02
 -4.33787191e-03 -6.68865368e-02  7.80214136e-03 -3.48518901e-02
  5.89064397e-02  3.75111178e-02  8.47678334e-02  2.00292864e-03
 -6.94495142e-02 -5.22506088e-02 -4.19614278e-02 -1.78368445e-02
  1.89749096e-02  1.53293256e-02 -6.14848547e-02 -2.97812093e-02
 -2.86801979e-02  5.66360839e-02  1.13759480e-01  1.12279160e-02
 -1.06554680e-01  4.84947674e-02  4.50096987e-02  4.43251580e-02
 -3.79501097e-02  7.15541840e-02 -2.10538264e-02 -2.81174239e-02
 -4.34306376e-02 -2.95931473e-02 -6.66850582e-02 -7.47586563e-02
 -2.62110755e-02 -5.70917577e-02  2.46299133e-02 -7.37313330e-02
 -4.66999738e-03  1.57817882e-02  8.07059277e-03  1.12419557e-02
 -2.55837385e-02  3.18494514e-02  5.76703399e-02 -4.26731855e-02
 -7.38621056e-02  2.68911347e-02 -5.97819053e-02 -6.41984344e-02
  3.75546962e-02 -3.02339178e-02  3.50295901e-02  4.08104621e-02
  2.16965936e-02  1.28612136e-02 -7.88633823e-02  3.32756341e-02
 -4.45392728e-02 -3.82685997e-02  6.71176687e-02 -2.09490415e-02
 -2.06637308e-02  2.76943035e-02 -5.96326310e-03 -6.19883612e-02
  4.66721207e-02  1.91037897e-02 -2.05933731e-02 -2.85192151e-02
 -2.72904686e-03  2.98278686e-03 -4.45764586e-02  3.94981420e-33
 -4.15023863e-02  2.64983736e-02 -1.39563065e-02  2.40679421e-02
  6.54737651e-03 -5.70758097e-02 -5.55326119e-02 -7.85694644e-02
 -7.92587828e-03  2.13109218e-02 -9.64781940e-02  2.73344815e-02
  2.27656756e-02  6.61126226e-02 -1.19383801e-02 -1.03649050e-02
  1.29238501e-01 -2.45888811e-02 -3.68657634e-02 -7.07705244e-02
 -4.56120819e-02  4.79523242e-02  4.77690510e-02 -8.90608504e-02
 -4.04062830e-02  8.77074823e-02 -5.64220436e-02  1.98782235e-02
 -2.24484485e-02 -8.43366161e-02  1.94842815e-02 -3.24975476e-02
 -4.10347059e-03  7.26385741e-03 -2.82841865e-02  5.41297980e-02
 -3.17735337e-02  5.35607412e-02 -4.78238463e-02  1.65403623e-03
  8.07538182e-02  9.73738916e-03  2.11744732e-03  9.07694027e-02
  5.57611026e-02 -4.32905294e-02 -4.65657143e-03 -3.21541652e-02
  9.40894783e-02  2.70304698e-02  1.29287004e-01  3.00209940e-04
 -1.94001831e-02 -2.74523292e-02 -5.83553612e-02 -4.83847642e-03
  1.00562312e-01 -1.54317198e-02  3.79634462e-02 -8.94871652e-02
 -1.91433914e-02  4.05063741e-02 -1.02199130e-01  5.25680743e-02
 -4.10617962e-02 -5.01001701e-02  1.58658922e-02 -4.47901227e-02
  7.90373981e-02 -4.96430621e-02 -1.67328157e-02 -1.13327231e-04
 -5.05157560e-02 -1.18169244e-02 -5.92488647e-02  5.91020770e-02
 -4.43041846e-02  2.12105066e-02  1.35672931e-02  2.77447551e-02
 -7.16380998e-02  9.81097668e-03  2.53517255e-02 -9.38716009e-02
 -1.77510623e-02 -6.02049343e-02 -2.73165628e-02 -5.90505190e-02
 -7.59721696e-02  7.95797408e-02 -5.98594584e-02  2.73039937e-02
 -1.07887372e-01  4.42652367e-02  9.92689002e-03 -1.11149543e-08
  3.96059677e-02 -3.94564830e-02  6.50551021e-02  1.00980900e-01
 -4.71671484e-03 -4.25938703e-02  9.00050327e-02  3.21418382e-02
  4.81980667e-02  1.17007695e-01  4.88266461e-02  4.70282547e-02
  4.70937192e-02  4.60070372e-02 -2.61421725e-02  3.41420360e-02
  3.02004330e-02 -5.56226224e-02 -8.30830559e-02 -1.91316847e-03
  4.14920822e-02 -1.15171745e-02  4.13242653e-02  6.41487679e-03
 -3.48772965e-02  1.10489866e-02  3.12342066e-02  2.30902173e-02
  2.87486836e-02 -3.36632016e-03  2.73822248e-02  9.05409381e-02
 -3.09415646e-02 -3.34361605e-02 -2.07362249e-02 -1.10557847e-01
 -4.57819551e-02  1.55982552e-02  2.40781195e-02  3.08985971e-02
 -1.00403773e-02 -9.35875773e-02 -1.80167705e-02  4.31448519e-02
  4.49837558e-03 -1.32952416e-02 -6.62281662e-02  1.44978380e-02
  1.42412726e-02  4.02200222e-02  7.00019626e-03  4.38645831e-04
  3.26778293e-02  4.46645590e-03  5.15265809e-03 -4.50629145e-02
  5.43562211e-02  3.98352109e-02 -9.67810899e-02 -2.30191574e-02
  1.47477359e-01  1.41161662e-02  1.51255960e-02  2.29693912e-02]"
133,Electronic Waste,Environment,semiconductor,8,0.3844,"[-6.43079355e-02  5.28354831e-02  1.44825839e-02  4.45377827e-02
 -5.93588464e-02 -6.14210553e-02  1.70254752e-01  2.86014508e-02
  1.23079931e-02  8.90634954e-03  4.41300776e-03 -6.57471195e-02
  1.57745287e-03  4.75430116e-02 -2.48212609e-02 -4.27200757e-02
 -1.38076637e-02 -2.79732626e-02  5.46426736e-02 -3.48763354e-03
 -2.09491216e-02 -3.40707116e-02  1.20508624e-02 -2.06918214e-02
  2.45659407e-02  6.27080947e-02  7.51801878e-02  2.90426016e-02
  6.03751326e-03 -1.04252756e-01  5.93012013e-03  7.08930939e-02
 -5.08235283e-02  5.29224239e-02 -5.69927208e-02  1.50962379e-02
 -5.78178018e-02  3.17986570e-02 -2.74643395e-02 -4.15903069e-02
  1.62293818e-02 -6.82997182e-02  2.55044345e-02 -9.13875271e-03
  1.84957981e-02 -2.26301495e-02 -2.03212467e-03 -2.84097269e-02
 -1.16325403e-02 -8.70761573e-02  4.92883846e-02  5.84344054e-03
  1.95121840e-02  1.11153781e-01  6.85062585e-03 -1.06706750e-02
  2.68048979e-02  8.39642510e-02 -2.83391662e-02  2.25438606e-02
  9.72701982e-03 -4.06452082e-02 -4.70092595e-02  5.37916040e-03
  8.10926929e-02 -3.98891829e-02  3.15902359e-03  7.76536018e-03
 -3.11414395e-02  4.31382991e-02  5.40046804e-02  3.09360772e-02
  2.49757897e-02 -4.81189452e-02  1.35443822e-01 -4.61091064e-02
  4.08968851e-02  4.40043472e-02  8.01345333e-02 -9.35268477e-02
 -1.03268288e-02  1.82337295e-02 -4.78607342e-02  1.32366186e-02
  3.01495288e-02  4.95178998e-02 -6.42356426e-02 -5.00966702e-03
 -7.42428303e-02 -9.29147750e-02 -2.84044296e-02  4.73341234e-02
 -7.20354766e-02 -5.19341847e-04 -3.96719277e-02  2.50373688e-02
  8.84494372e-03 -5.62783517e-02  6.21052040e-03  1.47949323e-01
  8.18328038e-02  8.88033658e-02 -1.34055719e-01 -4.26360182e-02
 -7.32487813e-02  5.26140648e-05  5.27152419e-02  7.00361803e-02
 -1.86125655e-02 -1.65257603e-02 -3.11955102e-02  3.26598138e-02
 -2.63366662e-02  4.04711626e-03 -5.02067572e-03 -5.16007654e-02
 -2.08045822e-02  7.03926086e-02  2.75005102e-02 -5.83049692e-02
 -7.49958828e-02  3.73891033e-02 -1.30194336e-01 -1.35635268e-02
 -8.80958214e-02 -7.84004554e-02  4.89232130e-02 -4.48704634e-33
  1.92657132e-02  3.03077623e-02 -1.64151266e-02 -4.29495052e-02
 -5.02321906e-02  2.06773821e-03  5.25691546e-03 -3.92888859e-02
 -9.29058418e-02 -5.85736223e-02  1.52554223e-02 -6.71479553e-02
 -3.78971249e-02  8.03705584e-03  1.44244894e-01 -5.35729676e-02
 -9.00789052e-02  4.06209752e-03  7.67292157e-02 -8.87148678e-02
 -3.07854656e-02  7.17741698e-02 -1.16993543e-02  4.40844409e-02
  4.66277637e-02 -1.05122522e-01 -7.72805791e-03 -8.61885473e-02
 -1.03194803e-01 -1.27246734e-02  1.80554911e-02  1.26823992e-01
  8.27056542e-03 -3.34522761e-02  3.06433309e-02  8.90769958e-02
 -3.91487181e-02  7.21443305e-03  4.18281481e-02 -1.01138987e-01
 -4.58187647e-02  1.62618440e-02  3.52489762e-02  1.13218665e-01
  5.65893343e-03 -2.39735027e-03  3.85857970e-02  1.42266201e-02
  5.76077141e-02  3.14197801e-02 -1.31588290e-02 -2.63895262e-02
  3.82014699e-02 -3.88540849e-02  1.38169229e-02  6.75589815e-02
  7.05010891e-02 -2.77217571e-02  2.57694791e-03  2.08424348e-02
  6.89699054e-02  7.07708672e-02 -8.58439729e-02  2.39894949e-02
 -6.58273473e-02  7.29754418e-02  5.99984303e-02 -1.76668409e-02
 -1.39309131e-02 -2.44781189e-02 -2.59192269e-02 -2.48396620e-02
  3.69266905e-02 -5.97388484e-02 -2.17614733e-02  3.91270556e-02
 -2.97336522e-02 -4.76404205e-02  1.77324843e-02  1.28201302e-02
 -8.15653726e-02 -1.17273584e-01 -1.30588831e-02 -3.80071700e-02
 -9.19964314e-02  3.62888500e-02 -1.17708079e-03 -7.35145062e-02
  2.40456313e-03  3.84176858e-02  8.07118509e-03 -8.93282220e-02
  1.02294423e-02  5.54291764e-03 -3.87806520e-02  2.95057751e-33
 -2.49580643e-03  1.22845033e-02  3.18067074e-02  3.28952856e-02
 -1.47843622e-02 -5.49631342e-02 -1.02764210e-02 -2.62139272e-02
  2.81855986e-02  8.09749588e-02  4.07781154e-02  4.57919054e-02
  3.34805362e-02 -6.84925169e-02 -5.99190108e-02  1.35745807e-02
 -2.01823413e-02  1.17889680e-02  1.07642189e-01  4.70997877e-02
 -1.10091027e-02  7.28364512e-02 -6.49347715e-03 -2.80473214e-02
 -4.89079356e-02  4.83781584e-02  4.55061011e-02  7.09216893e-02
 -4.89119664e-02 -2.79942676e-02  3.43710110e-02 -8.99416357e-02
 -1.12655796e-02  7.54341483e-03 -1.85195412e-02 -4.79024425e-02
  8.28026086e-02 -6.39851242e-02 -3.31163220e-02 -9.52536985e-02
  2.24726405e-02  5.06842211e-02  2.50361338e-02  9.82542709e-02
  1.42621491e-02 -3.98493931e-03  2.52212081e-02  4.51718569e-02
 -2.07126476e-02  5.26812226e-02 -2.01136786e-02 -8.00783839e-03
  5.64293517e-03 -4.16916646e-02  5.10444455e-02 -4.77585196e-03
 -8.02194104e-02  4.75337021e-02 -7.20752112e-04 -7.90442303e-02
  2.65705977e-02  3.74878081e-03  9.51406807e-02  3.87409665e-02
 -2.64862180e-02  5.75852068e-03  4.80730989e-04  6.44599721e-02
  8.78524408e-02 -4.32555526e-02  9.26859304e-02  7.48643354e-02
 -4.52673994e-02 -8.13976824e-02 -6.91142157e-02 -8.14880803e-02
 -1.42509025e-02  1.25358962e-02 -3.27736065e-02  3.47911380e-03
  1.67975035e-02  7.26121739e-02 -2.18227524e-02 -1.28869954e-02
  2.41079796e-02 -1.00755887e-02  9.65988338e-02  5.42405248e-02
 -5.36712934e-04  3.68088633e-02  4.18400345e-03  4.49643806e-02
  1.61918867e-02 -4.88331402e-03 -2.65803542e-02 -1.03304814e-08
  3.47959884e-02  1.79677811e-02 -1.26361875e-02 -8.57585296e-02
  6.30140975e-02 -1.28947169e-01  8.63551795e-02  1.47006114e-03
  1.58795416e-02 -2.34479798e-04 -5.43599075e-04 -4.30726968e-02
  3.48410849e-03 -6.67905528e-03  5.09670414e-02  1.48220314e-02
 -5.32636791e-02  2.96064857e-02 -3.90039049e-02 -2.93692704e-02
  3.12582850e-02  1.17133595e-02  4.27246280e-02  6.74180537e-02
  4.99860346e-02  6.29591122e-02 -2.86851288e-03 -6.49043918e-02
  2.53092702e-02  1.07831287e-03 -5.49636185e-02  2.60557216e-02
  4.80150506e-02 -9.17637604e-04  6.63731769e-02 -1.48260768e-03
 -6.10147370e-03 -2.31597722e-02  5.97127005e-02  1.48582840e-02
 -4.44909632e-02 -1.00744953e-02  9.27948281e-02  3.40152793e-02
 -1.41096739e-02  3.26862931e-02 -2.76687238e-02 -1.12243854e-02
  3.40376794e-02 -9.21461917e-03 -2.45477837e-02 -3.47680263e-02
  6.89060474e-03 -1.59724988e-02 -6.30850717e-02 -1.88243166e-02
 -5.39049990e-02  4.42191623e-02  9.95575334e-04  1.50170261e-02
  1.27069980e-01 -3.08862347e-02  3.61496061e-02  6.08043633e-02]"
134,Electronic Waste,Environment,semiconductors,1,0.381,"[-5.49734682e-02  1.31421657e-02  4.52069158e-04  6.78695291e-02
 -4.55772169e-02 -4.18451056e-02  1.69889808e-01  1.86849236e-02
  1.06301941e-02  1.54622216e-02  4.86481562e-03 -6.82235062e-02
 -5.61537361e-03  4.50888760e-02 -1.26943635e-02 -5.82188331e-02
 -3.24625596e-02  1.22015933e-02  1.96944345e-02  2.90444642e-02
 -2.99762972e-02 -5.92195615e-02 -6.25504414e-03  3.01206904e-03
  4.11090441e-03  7.23665580e-02  7.01413602e-02  7.79454829e-03
  3.27096740e-03 -8.27058777e-02  5.38640469e-03  4.95962985e-02
 -5.38282208e-02  5.49816489e-02 -4.83443476e-02  9.52235702e-03
 -4.87503372e-02  4.41071466e-02 -3.08713634e-02 -3.19713317e-02
 -5.15256124e-03 -7.51976296e-02  4.07000035e-02 -3.46944574e-03
  7.59422733e-03 -3.54701690e-02 -3.53600155e-03 -2.64143888e-02
 -2.58543845e-02 -1.00658230e-01  4.65233028e-02 -5.87450154e-03
  4.32640954e-04  1.18542850e-01  9.34889074e-03 -2.83915158e-02
  1.45726753e-02  9.44263861e-02 -1.57174002e-02  2.31483448e-02
  2.03189198e-02 -6.17319457e-02 -4.15978394e-02  9.87811387e-03
  6.36473522e-02 -2.03825049e-02 -7.33044755e-04  3.64169329e-02
 -2.11649928e-02  6.45281002e-02  4.39524949e-02  2.95451134e-02
  5.61533822e-03 -4.01736274e-02  1.42330617e-01 -1.29993875e-02
  4.35719341e-02  4.96646166e-02  5.74200377e-02 -1.22401617e-01
 -4.64354493e-02 -1.49347456e-02 -2.48484742e-02  1.09050274e-02
  4.55662459e-02  5.40922247e-02 -8.47885758e-02 -1.12102581e-02
 -8.88391733e-02 -9.48597118e-02 -2.29279902e-02  1.62669420e-02
 -4.41166982e-02 -1.04990052e-02 -2.65468247e-02  4.12025768e-03
  1.79521255e-02 -3.54416594e-02  2.90793087e-02  8.03568736e-02
  8.02340209e-02  8.07234347e-02 -1.11504450e-01 -1.69679280e-02
 -8.83092359e-02  1.76938232e-02  2.28188429e-02  6.89419955e-02
 -1.18879210e-02 -5.49879624e-03 -4.41301391e-02  8.97412281e-03
 -1.46651380e-02 -6.21281564e-03 -2.51444709e-02 -9.52611119e-02
 -6.08950038e-04  7.01956302e-02  3.66272777e-02 -5.21216542e-02
 -6.87889978e-02  4.39964384e-02 -1.00680925e-01 -1.96783990e-02
 -9.71755609e-02 -4.63274382e-02  1.09104039e-02 -4.74024158e-33
  2.78875977e-02  3.39535996e-02 -3.03805936e-02 -9.02875978e-03
 -4.29804772e-02 -2.96804123e-02 -1.67390727e-03 -3.15330364e-02
 -3.44322659e-02 -5.24347313e-02 -7.02810846e-03 -2.95670480e-02
 -6.98048715e-03  9.48945154e-03  1.51464030e-01 -5.97284958e-02
 -6.23301044e-02 -1.22752627e-02  6.62159845e-02 -8.15973654e-02
 -6.28028437e-02  7.26769343e-02  1.24602730e-03  5.23260646e-02
  6.44563660e-02 -1.01947434e-01 -1.08448518e-02 -7.73528963e-02
 -1.04295827e-01 -1.11299623e-02  2.56334376e-02  1.20371222e-01
  6.14031078e-03 -2.68459804e-02  2.02168189e-02  1.30422473e-01
 -4.56979908e-02  2.03530956e-02  4.83924299e-02 -1.17828391e-01
 -4.65095527e-02  2.00250931e-02  2.26137098e-02  1.08989857e-01
  1.49506312e-02 -1.80229149e-03  1.31407743e-02  2.46305522e-02
  5.42849340e-02  3.04309260e-02 -3.38630341e-02 -2.14048158e-02
 -7.39437342e-03 -3.18010487e-02  3.67569216e-02  6.45156950e-02
  6.52141795e-02 -5.03398553e-02  1.43201335e-03  2.78391987e-02
  6.42622337e-02  5.87797202e-02 -7.84134492e-02 -1.78788397e-02
 -8.09191540e-02  7.91070163e-02  6.07800484e-02 -7.74245826e-04
 -5.52987531e-02 -1.35983527e-02 -5.29094860e-02 -1.86538622e-02
  6.07809983e-02 -6.04675375e-02 -9.98157822e-03  3.49727534e-02
 -3.27333659e-02 -4.62707281e-02  3.45750502e-03  4.01136801e-02
 -4.94760163e-02 -1.09292865e-01 -3.24287973e-02 -4.88578826e-02
 -8.99423808e-02  1.61880665e-02 -2.61070058e-02 -5.71754128e-02
  3.26162241e-02  3.49360369e-02 -2.47260332e-02 -9.79890153e-02
  6.57636952e-03 -1.05676893e-02 -7.24745318e-02  2.06042413e-33
 -2.04317067e-02  4.33697477e-02 -3.88001936e-04  4.19960469e-02
 -2.53692530e-02 -4.49169911e-02 -2.05722414e-02 -1.95484534e-02
  3.00272889e-02  5.57707585e-02  4.74269055e-02  6.34538457e-02
  3.44172567e-02 -8.95143896e-02 -9.15812850e-02 -8.88306764e-04
 -1.06595093e-02  1.30690997e-02  1.32602975e-01  1.45330299e-02
 -1.87016502e-02  1.01097040e-01  9.43937863e-04 -2.51345895e-02
 -4.18580957e-02  3.54029723e-02  2.40258183e-02  3.86368409e-02
 -5.59495762e-02 -1.33982534e-02  4.77564968e-02 -8.64016414e-02
 -1.11460378e-02  3.22006941e-02 -2.05325074e-02 -7.07434937e-02
  5.71888015e-02 -1.80175137e-02 -4.86649945e-02 -9.14982259e-02
  4.28990088e-02  3.36156972e-02  5.23253977e-02  8.82781893e-02
  9.32672527e-03 -1.21681271e-02  1.80504541e-03  4.65403870e-02
 -4.19500880e-02  4.01310138e-02 -1.92098953e-02 -1.37861762e-02
 -1.95838884e-02 -3.65200862e-02  6.29527271e-02 -5.92227466e-03
 -6.99003339e-02  3.96416634e-02  3.07432860e-02 -7.35588968e-02
  1.78099088e-02 -2.86920485e-03  9.24294889e-02  3.80914770e-02
 -2.01609954e-02 -1.23503692e-02 -1.02518580e-03  5.12413718e-02
  1.08491063e-01 -4.38522175e-02  1.06531799e-01  3.99252921e-02
 -3.94847542e-02 -8.93772319e-02 -7.13963434e-02 -7.32721165e-02
 -2.99000517e-02  1.54485996e-03 -2.88516767e-02 -4.45968956e-02
  1.55147212e-02  6.80314153e-02  2.20534959e-04 -3.97033431e-03
  1.59411225e-02 -2.06387579e-03  9.40214619e-02  3.46191861e-02
  1.33725209e-02  3.79791856e-02  1.67055689e-02  4.07872684e-02
  7.52059743e-02  1.78883318e-02 -2.80337874e-02 -1.14940777e-08
  4.25317362e-02  2.83541288e-02 -4.77267941e-03 -5.60700782e-02
  1.99148655e-02 -1.16895974e-01  6.95449561e-02  6.55027106e-02
  2.60336557e-03  1.30976643e-02  1.03538083e-02 -3.46736833e-02
  2.02395930e-03 -1.10116005e-02  6.83636442e-02  1.12914136e-02
 -6.05922267e-02  4.21525910e-02 -3.95399444e-02 -3.44579518e-02
  1.84404273e-02  2.36835070e-02  5.76870330e-02  8.61628503e-02
  5.31391986e-02  5.72644956e-02  2.99266027e-03 -9.04222950e-02
  1.28552029e-02  5.30727357e-02 -5.33337481e-02  8.42087995e-03
  7.38542899e-02 -1.69205405e-02  9.40486714e-02 -1.56075088e-02
 -1.80971194e-02 -4.70330827e-02  4.34330590e-02 -5.88186877e-03
 -6.42689243e-02 -4.59995233e-02  8.70216116e-02  4.29596081e-02
 -2.51129293e-03  1.65929347e-02 -2.56720688e-02  3.17622833e-02
  3.22888531e-02  5.87575929e-03 -2.54545119e-02 -3.82497534e-02
  1.50659624e-02 -1.22033581e-02 -8.92827436e-02 -1.76908281e-02
 -3.38144265e-02  4.91390415e-02  1.19477175e-02  9.33965761e-03
  1.06652424e-01 -2.89470963e-02  4.75142896e-02  7.36140236e-02]"
135,Packaging Material and Waste,Environment,recycling,6,0.6243,"[-8.13960209e-02  7.43737966e-02 -1.33063151e-02 -7.80706992e-03
  6.09524883e-02 -2.49008574e-02  1.26633525e-01 -4.55605388e-02
 -4.46167812e-02  1.04610557e-02  2.55039725e-02  5.34474626e-02
  2.78518647e-02  4.07743827e-02 -8.08362886e-02 -2.29279380e-02
 -5.57472594e-02  2.31153145e-02 -6.07137606e-02  2.10720301e-02
 -1.38774347e-02 -2.06025634e-02 -3.01247602e-03 -8.34793225e-03
  3.21838893e-02  1.22678846e-01 -4.80245650e-02 -2.95441728e-02
  7.81430677e-03 -9.10794586e-02  4.36503068e-02  4.47765961e-02
 -2.46734954e-02 -4.50355001e-02  4.18584608e-02  1.11650720e-01
  1.89177692e-02 -2.31687371e-02  3.84124666e-02 -6.61979616e-02
 -8.40485245e-02 -5.74074537e-02 -2.64839735e-02 -3.24107856e-02
 -1.31106507e-02 -1.51263820e-02  4.85872217e-02 -2.72998381e-02
  9.65264568e-04 -9.57836434e-02  1.65793136e-01  1.18520362e-02
 -6.55873045e-02 -3.94766405e-02  3.27627026e-02 -7.02214018e-02
  5.88974506e-02 -3.24566551e-02 -2.94601526e-02  2.47937199e-02
  4.73188646e-02 -4.37514409e-02 -7.02593848e-02  7.41739720e-02
  1.30599409e-01  2.25882679e-02  7.96140265e-03  5.90331182e-02
 -3.26061621e-02 -3.24333236e-02  4.72112047e-03  2.45586294e-03
  5.40292310e-03  1.16367284e-02  5.57997115e-02  1.69811118e-03
  6.29139766e-02 -2.15711053e-02 -6.37421981e-02  6.67570680e-02
 -7.62433745e-04 -3.10027017e-03 -1.37919448e-02 -2.28173416e-02
 -4.39838320e-02 -9.31329839e-03 -4.86921929e-02 -3.75529714e-02
  1.86827814e-03  2.05794186e-03 -2.57860329e-02  6.98852837e-02
  1.10055320e-01 -7.33231893e-04 -6.82641491e-02  2.29549464e-02
 -2.85756821e-03  1.30152388e-03  3.48651856e-02  1.96766332e-01
 -2.62765400e-02  1.11736611e-01  2.91383844e-02 -8.93517956e-02
 -4.00900319e-02 -6.82129636e-02 -4.90581729e-02  2.08954997e-02
 -1.39275854e-02  1.47459218e-02 -7.46097639e-02  1.52378799e-02
  1.18357986e-02  9.82585698e-02  4.20618430e-02  2.30186470e-02
  2.28058249e-02 -3.07186320e-02 -8.27231035e-02 -9.71937552e-03
  2.07621604e-02 -2.43702792e-02  2.10722815e-02 -3.38421501e-02
 -6.54237121e-02 -1.19140018e-02  3.08306962e-02 -4.22916309e-33
 -6.17401563e-02  2.16736887e-02  6.82332292e-02 -5.23950718e-03
  4.57318909e-02 -5.44330142e-02  3.34474333e-02  4.15165006e-04
  2.27231625e-02 -2.87475102e-02  5.32029159e-02  6.04076162e-02
 -3.65395397e-02  1.30400406e-02  4.13388088e-02 -4.29097079e-02
 -3.66026722e-02  8.85148346e-02 -3.01630106e-02 -7.45295510e-02
 -3.43778990e-02  5.87983653e-02  1.80969499e-02  5.17290086e-02
  8.41782242e-02 -5.53758591e-02  1.48495734e-02 -5.36077581e-02
  4.16758396e-02 -1.42662795e-02  6.54878318e-02  9.67347547e-02
 -6.45886511e-02 -4.76710685e-03 -1.26743997e-02  9.01656784e-03
 -4.42656428e-02  1.03756040e-02 -2.31947955e-02 -1.16515588e-02
  4.20572087e-02  4.05962057e-02  1.58582267e-03  5.43348119e-02
  5.42978570e-02 -4.64712419e-02  7.69230872e-02  4.88549881e-02
 -1.12000212e-01  2.30531227e-02  7.32542574e-03  4.51278053e-02
 -5.52108325e-02 -1.66703481e-02 -6.14281967e-02 -5.44722416e-02
  5.65017611e-02 -6.73879310e-02  1.25904884e-02 -3.80694531e-02
  8.59309062e-02  1.32356808e-01 -1.43580651e-02  3.38314176e-02
  5.10918628e-03  4.57067117e-02  7.12909410e-03  4.89476509e-02
  7.78654777e-03  8.50083400e-03 -2.96232756e-03 -3.41783091e-02
 -5.41976206e-02  6.80930121e-03  6.82012504e-03  1.43538266e-02
  2.56515350e-02 -3.51544246e-02 -1.73889026e-02 -5.61935604e-02
 -7.89480433e-02 -2.94103026e-02 -2.20319871e-02 -5.55613153e-02
 -2.46226676e-02 -3.93982604e-02  3.23377475e-02 -4.92571667e-02
  9.41746160e-02  1.88866723e-02 -3.41791958e-02 -1.94446091e-02
  1.72878634e-02 -7.79484883e-02 -3.63265574e-02  2.17579045e-33
  2.07724087e-02 -1.88881457e-02  5.86667983e-03  2.36154180e-02
 -2.78596748e-02 -8.15424547e-02 -8.22589770e-02  3.04622208e-05
  2.54513919e-02 -3.28838155e-02 -1.35532796e-01  9.41799022e-03
  1.00463368e-01  5.91130815e-02  2.63636932e-02  5.10709174e-03
  2.80277468e-02 -1.11699002e-02 -8.37818161e-02 -5.94238937e-02
 -1.48191573e-02  3.29346620e-02  4.56331745e-02  7.88149331e-03
 -9.89717692e-02  2.45113745e-02 -6.96911439e-02 -4.45830598e-02
  1.35274187e-01 -3.64010856e-02 -1.66840907e-02 -8.47200453e-02
  2.59643905e-02  2.91280393e-02  8.94094352e-03 -2.13818830e-02
  1.81138534e-02  5.88418450e-03  1.12521332e-02 -2.92249899e-02
  3.37381102e-02  2.50681955e-02 -8.21285471e-02  9.06836689e-02
 -4.42093387e-02 -4.78648804e-02 -7.30285570e-02  2.91421749e-02
  1.16891675e-01 -1.80464983e-02  5.24329506e-02  4.17044014e-03
 -4.85813022e-02 -8.75529647e-02  1.09708821e-02  9.74202007e-02
  6.06933311e-02 -3.85918305e-03 -2.86528021e-02 -2.86086723e-02
 -2.19413196e-03  3.99789736e-02 -5.30282110e-02  3.75743769e-02
 -3.28535326e-02 -3.62221077e-02  7.94271827e-02 -1.18388664e-02
 -1.11913465e-01  3.23506101e-04  2.66725998e-02  6.75049946e-02
 -1.11613013e-02 -5.42625636e-02 -1.01670716e-02  1.49092656e-02
 -8.13185349e-02  7.69144222e-02 -2.05587503e-02 -1.32505279e-02
 -4.87530753e-02 -9.09791701e-03 -1.78046431e-02  2.39606891e-02
 -1.96851343e-02 -1.18577786e-01 -5.34095219e-04 -7.15091228e-02
 -4.57090838e-03 -1.30405743e-02 -3.54233049e-02 -2.80283485e-02
 -9.96226352e-03  1.23563483e-01  5.76622300e-02 -1.11764713e-08
 -3.71925952e-03  1.36770932e-02  3.44722755e-02  7.04817399e-02
  3.01307440e-02  2.23791581e-02  8.04418698e-02  8.87228474e-02
  1.20897228e-02 -2.54051425e-02 -8.55117571e-03  2.88650785e-02
 -2.58240681e-02  4.93867733e-02 -9.63989645e-03 -2.00312175e-02
  1.60893742e-02 -2.56805122e-02 -5.16974442e-02  2.16505136e-02
 -4.27357219e-02 -4.50568274e-02  8.17475766e-02  5.83275370e-02
 -1.67514253e-02 -3.96273099e-03  8.77369642e-02  7.91348070e-02
  1.75814871e-02  5.39415404e-02  1.11995917e-02  2.43605375e-02
 -2.50032209e-02  7.63853500e-03 -5.34890741e-02 -8.18706229e-02
  5.73295075e-03  1.73457637e-02 -3.27634588e-02 -2.59189829e-02
 -3.39971036e-02 -3.06518301e-02 -5.67845330e-02  3.04745976e-02
  1.66823212e-02 -7.10061565e-02 -6.98316544e-02  4.06269804e-02
 -1.69220418e-02  1.38978579e-03 -4.36771922e-02 -1.58822350e-02
  1.35393515e-02  6.18445575e-02  4.57181409e-02  6.28312081e-02
  1.93733890e-02  5.68203591e-02 -4.09712642e-03  3.42562646e-02
  1.27210215e-01 -1.65375359e-02  7.63019100e-02 -4.24686931e-02]"
136,Packaging Material and Waste,Environment,recycled,3,0.6003,"[-8.63743499e-02  4.25676815e-02 -1.51982512e-02  6.34150719e-03
  5.42356856e-02 -4.70050387e-02  1.09463796e-01 -4.22150493e-02
 -4.31784848e-03  1.18958242e-02  1.05494549e-02  5.49864843e-02
  5.50547411e-05  2.09815819e-02 -6.70840964e-02 -1.74543113e-02
 -4.01083604e-02  1.49277207e-02 -7.74012506e-02  3.26343402e-02
  1.07176658e-02 -9.87979351e-04 -1.17205596e-02 -3.59514216e-03
  5.80888130e-02  1.09081388e-01 -2.49206312e-02  3.00545851e-03
  4.91700917e-02 -1.04289904e-01  2.22318228e-02  6.07083738e-02
 -5.60767017e-03 -4.15831693e-02  1.09695476e-02  1.14196852e-01
  3.83579582e-02 -2.38253456e-02  2.98910365e-02 -3.96730974e-02
 -8.80203769e-02 -7.67216906e-02 -2.66267508e-02 -2.07253117e-02
 -2.98398454e-02 -8.40476062e-03  5.04033603e-02 -2.11954955e-02
  1.52798193e-02 -7.02547953e-02  1.37561947e-01 -7.82475248e-03
 -5.82576171e-02 -2.79231034e-02  1.81421079e-02 -3.42004783e-02
  3.23527828e-02 -1.41072720e-02 -2.35580206e-02  3.07235606e-02
  5.88802099e-02 -1.47260781e-02 -8.63191932e-02  7.88941458e-02
  9.72368196e-02  1.21461330e-02 -7.80905888e-04  2.44547818e-02
  1.65525135e-02 -7.51598030e-02  1.84008460e-02  3.46264578e-02
  2.29329173e-03 -3.11067305e-03  2.85387523e-02  1.95309613e-02
  7.99375623e-02 -3.93236540e-02 -5.51417097e-02  6.39766455e-02
 -1.89977325e-02  2.08183918e-02 -8.22917465e-03 -4.03138548e-02
 -3.22640128e-02 -3.23971696e-02 -2.41953824e-02 -5.52378707e-02
 -3.86238322e-02  2.74202656e-02 -1.68494582e-02  1.31725699e-01
  1.08224243e-01 -1.47859184e-02 -9.88017172e-02  1.27240997e-02
  6.11776998e-03  2.69429237e-02  3.47245745e-02  2.05675095e-01
 -6.78770170e-02  1.36919141e-01  2.23362651e-02 -7.12799281e-02
 -8.12581703e-02 -4.61365320e-02 -3.29756998e-02  2.58825645e-02
 -1.82356108e-02  3.17655094e-02 -7.92762190e-02  3.66078201e-03
  3.65549959e-02  5.29418141e-02  1.11270417e-02 -3.33013013e-04
 -4.63758893e-02 -2.31897552e-02 -4.66670580e-02  2.87484378e-02
 -1.26993062e-03 -2.21824702e-02  5.77442981e-02 -3.11936680e-02
 -7.91214406e-02 -1.68760754e-02  9.31488699e-04 -3.69091047e-33
 -4.57676575e-02  5.80177717e-02  4.85255048e-02 -1.05200391e-02
  4.67292368e-02 -4.86365296e-02  2.05989201e-02 -2.13417783e-03
 -1.39358258e-02 -4.44822721e-02  3.84637043e-02  6.37652725e-02
 -6.39436319e-02  3.78667191e-02  6.75960705e-02 -2.25328039e-02
 -6.33253679e-02  4.09217142e-02 -3.39829139e-02 -5.71280979e-02
 -5.22417277e-02  1.19403146e-01  1.45418653e-02  4.43689451e-02
  5.08408211e-02 -9.42596048e-02  3.32248807e-02 -3.17154191e-02
 -2.61035431e-02  6.88131666e-04  5.74726462e-02  5.67269884e-02
 -3.14252414e-02  1.33246242e-03 -4.25511673e-02  1.11129163e-02
 -4.60705906e-02  1.96172856e-03 -2.96704359e-02  2.40009166e-02
  7.48830438e-02  2.82783210e-02  3.42302136e-02  3.89750190e-02
  4.98620123e-02 -6.20056354e-02  6.14790507e-02  5.17302006e-02
 -5.84887229e-02  3.36042233e-02  3.76621336e-02  3.01920567e-02
 -8.36387947e-02 -2.93047950e-02 -8.10165480e-02 -3.70582268e-02
  7.78388232e-02 -3.20125110e-02  2.57336791e-03 -1.90317519e-02
  9.27695036e-02  1.40556008e-01 -1.79971140e-02  1.82146691e-02
  1.61187444e-02  3.08080558e-02 -3.79730165e-02  7.77031630e-02
  3.86027396e-02  1.60922036e-02 -3.92250307e-02 -3.08112316e-02
 -2.16755699e-02  5.63747957e-02 -1.19300224e-02 -4.33648229e-02
  1.08323684e-02 -9.20816883e-03 -6.27763802e-03 -4.95644361e-02
 -5.53943105e-02 -4.17043641e-02 -5.09210601e-02 -8.74596927e-03
 -4.46284525e-02 -9.80551727e-03  4.77350838e-02 -6.58492967e-02
  1.03264868e-01  5.92862396e-03 -1.05826079e-03 -3.64329852e-02
  2.50416733e-02 -8.49405080e-02 -5.21369502e-02  2.58296663e-33
  3.17216069e-02 -2.66560372e-02 -3.66833583e-02  9.59532559e-02
 -2.71478314e-02 -6.23616315e-02 -6.23746216e-02  3.90445292e-02
  2.95609795e-02 -3.99372503e-02 -6.13549054e-02  8.91886745e-03
  9.38889310e-02  5.40702902e-02  8.53442177e-02  4.74930443e-02
  2.74079200e-02 -1.20675135e-02 -1.02061413e-01 -5.38276695e-02
  3.59437964e-03  2.88973246e-02  4.00484949e-02 -8.56332295e-03
 -7.28883445e-02  2.06407588e-02 -4.44583073e-02 -1.20149245e-02
  1.22078918e-01 -2.69375816e-02 -4.79002483e-03 -1.14395641e-01
 -1.29669337e-02  3.45768780e-02 -1.45480148e-02  7.76497938e-04
 -1.61541104e-02 -2.94982772e-02 -3.09388503e-03 -5.23215625e-03
  4.97780219e-02  3.74582186e-02 -5.66663630e-02  1.43639788e-01
 -2.30143666e-02 -2.65332907e-02 -8.64887834e-02  9.38053895e-03
  9.95647833e-02  1.41439144e-03  5.45304455e-02  2.10884344e-02
 -5.10503575e-02 -7.47348368e-02 -3.60505981e-03  6.01183809e-02
  5.15642874e-02 -1.38368236e-03 -5.55306114e-03  8.46364629e-03
 -6.54244376e-03  4.62478139e-02 -4.47291434e-02 -5.08936122e-03
 -9.12157726e-03 -3.87407243e-02  4.34426256e-02 -2.28967089e-02
 -9.69986618e-02  9.38640814e-03  7.23140463e-02  6.22009970e-02
 -3.95890549e-02 -9.10368636e-02  1.58293918e-02  4.89299139e-03
 -4.53601778e-02  7.88961574e-02 -2.74202954e-02  7.13823922e-03
 -6.27651289e-02 -1.25008123e-02 -3.43451276e-02  2.15199292e-02
  3.70282084e-02 -1.11145660e-01 -2.86106020e-02 -3.54648270e-02
 -2.18845368e-03  1.07210129e-02  9.04610008e-03  2.79083177e-02
  8.39874242e-03  1.35073870e-01  6.21956140e-02 -1.09700187e-08
 -4.23407834e-03  2.42086314e-02  3.75237167e-02  9.23197269e-02
  4.71418984e-02  5.67474402e-03  5.33639714e-02  3.93814817e-02
  2.39941794e-02 -3.09848152e-02 -2.03704424e-02 -8.22190428e-04
 -7.02626109e-02  4.28963304e-02  2.91937287e-03 -1.91007070e-02
 -5.34805171e-02 -2.56736800e-02 -7.21532479e-02  3.28004584e-02
 -6.06661513e-02 -3.66647616e-02  2.90621575e-02  9.43157598e-02
 -3.96435000e-02 -1.15286652e-02  6.47151992e-02  6.87146038e-02
  3.91447078e-03  7.11980984e-02  2.97971908e-02  7.10440129e-02
 -3.52929793e-02 -1.08819678e-02 -8.31439644e-02 -5.37730418e-02
  2.32573468e-02 -1.45139657e-02 -3.25304903e-02 -5.17639630e-02
 -1.68124549e-02 -5.62941395e-02 -5.06901890e-02 -1.04854759e-02
  3.43991742e-02 -6.77476749e-02 -6.49030432e-02  2.72499528e-02
 -4.87358011e-02 -2.62810529e-04 -3.29064988e-02 -2.57596541e-02
 -1.65553503e-02  6.97993338e-02  2.03272570e-02  5.08679859e-02
  1.28136175e-02  4.16829400e-02  9.52167995e-03  1.59857646e-02
  1.09200180e-01 -4.18901742e-02  9.78833959e-02 -5.54252975e-02]"
137,Packaging Material and Waste,Environment,waste,15,0.5514,"[ 1.15807625e-02  9.73809659e-02 -6.98507996e-04  2.13104617e-02
  6.35843948e-02 -1.91334691e-02  1.49126455e-01 -1.54187018e-02
  4.06387672e-02  9.25249700e-03 -3.95688042e-02 -4.89042513e-02
 -1.86768062e-02  3.52149755e-02 -5.12933731e-02 -8.99680611e-03
 -1.71735382e-03  3.95571738e-02 -6.33638278e-02 -4.12587225e-02
  5.15112355e-02 -5.25349053e-03  3.17504071e-02  1.48192672e-02
 -3.32652545e-03  6.55189902e-02  2.44619772e-02 -6.23075068e-02
  7.45920232e-03 -6.66781068e-02  6.11038916e-02  5.97657748e-02
  4.62012030e-02 -6.61172271e-02 -2.95084976e-02  6.76814467e-02
  3.90645713e-02 -4.43955447e-04  3.64717692e-02 -1.42031675e-02
 -2.80895531e-02 -5.46513423e-02  3.64782102e-02  3.12939100e-02
 -6.16373159e-02  7.12020614e-04 -1.28249284e-02 -5.99853769e-02
  4.86061350e-02 -4.99448404e-02  1.40072435e-01 -3.68996933e-02
 -3.56917083e-02 -3.02305091e-02  5.52938282e-02 -6.12651482e-02
 -8.51954427e-03 -1.45855627e-03 -5.87395355e-02 -1.37689086e-02
  3.44503745e-02  4.13487060e-03 -4.64072004e-02  2.31864434e-02
  1.13498062e-01  1.45126143e-02 -7.89273717e-03  4.14622426e-02
 -1.55410757e-02 -1.77840702e-02 -5.20770773e-02  3.04903579e-03
 -3.35365497e-02 -4.45792153e-02 -3.94028565e-03  3.24810967e-02
  1.05473980e-01 -5.13587855e-02 -6.05103932e-03  3.24499719e-02
 -9.21349898e-02 -2.13631019e-02 -2.55942568e-02  6.58392534e-03
  2.37928424e-02 -1.31993927e-03 -5.63175716e-02 -1.61397643e-02
 -6.97012469e-02 -3.33605446e-02 -3.12007274e-02  6.37591630e-02
  1.07347451e-01 -6.00825250e-03 -6.30690008e-02 -3.35829263e-03
  2.30889954e-02 -5.65334223e-03 -1.00356555e-02  2.29675546e-01
 -1.50916278e-02  1.27145290e-01  5.41788526e-02 -2.87406091e-02
 -1.98681344e-04 -2.05947440e-02 -2.94991024e-02  7.97188058e-02
  3.25652845e-02  7.05084857e-03 -4.03072275e-02 -2.06478573e-02
  4.32064086e-02  1.08537540e-01  1.39450282e-02  7.17265829e-02
 -6.15109457e-03 -1.04467133e-02 -6.40025735e-02  2.47054752e-02
 -5.53050414e-02  2.28282847e-02 -2.27254722e-03  1.63819287e-02
 -6.77958876e-02 -1.23624377e-01  3.79518904e-02 -5.53731785e-33
 -3.73991132e-02  5.54588251e-03  7.57514238e-02 -9.71137825e-03
 -6.10644594e-02 -9.40712616e-02  4.55099791e-02 -1.37423696e-02
  2.00962294e-02 -3.29880565e-02 -1.38192177e-02 -7.55293574e-03
 -9.61888805e-02  3.60480212e-02  3.01475581e-02 -3.09833977e-02
  1.19558694e-02  8.38506371e-02  3.98440547e-02 -3.91651317e-02
 -2.48593036e-02  8.49769264e-02  3.45118373e-04 -5.50138317e-02
  3.77297364e-02 -6.59213960e-02 -1.33952964e-03 -6.77169263e-02
 -2.33129617e-02  5.93838049e-03  2.30666163e-04  4.49451841e-02
 -3.72669436e-02  1.33668557e-02 -5.48742414e-02 -3.21121551e-02
 -2.19539204e-03  7.41222426e-02 -5.82775846e-02 -7.53690302e-02
  2.43869424e-02  3.36698890e-02 -1.89594552e-02  1.54320635e-02
  2.97781508e-02 -2.25014761e-02  6.57931715e-02  2.08555292e-02
 -4.20312695e-02  5.35309575e-02  5.53189823e-03 -5.44570573e-03
 -8.58107507e-02  2.36000903e-02 -3.18719782e-02 -8.54738653e-02
  7.51221478e-02 -7.39343464e-02  3.35187353e-02 -6.08853437e-02
  8.98584425e-02  1.04996294e-01 -1.10794760e-01  5.69099635e-02
 -2.12459918e-02  2.72289058e-03 -1.61118396e-02  1.04007893e-04
  1.85631830e-02  2.99198739e-02 -6.13666102e-02 -4.87712361e-02
  5.87913431e-02  4.94857207e-02  3.30805331e-02 -1.42837083e-02
 -5.32847755e-02 -5.48297241e-02 -2.42793635e-02 -3.10263541e-02
 -3.76677401e-02 -5.99774048e-02 -7.15606436e-02 -4.91926447e-02
  8.02219752e-03  1.85350468e-03  5.42846099e-02 -5.33580706e-02
  2.27671228e-02 -4.12834669e-03 -4.57724147e-02 -5.94009412e-03
  4.12846543e-02 -4.95002270e-02 -1.35021575e-03  5.10776320e-33
  4.63753752e-02  2.11674068e-02 -1.13167772e-02  1.10830575e-01
 -2.95047015e-02 -2.65655108e-02 -1.15724886e-02 -2.31377464e-02
  2.02590842e-02  6.29064962e-02 -8.80133137e-02 -9.36019048e-03
  5.44255376e-02  2.89294254e-02  4.21526730e-02  1.10634072e-02
  7.73235261e-02 -4.00339663e-02 -7.28548840e-02 -6.84586093e-02
  9.29681212e-03  4.43192013e-02  7.83134066e-03 -7.16151819e-02
 -8.27828497e-02  3.77772935e-02  4.06872630e-02  2.35990118e-02
  1.67508274e-02 -3.95451412e-02  2.12834273e-02  1.71526577e-02
 -3.02555095e-02 -1.57511216e-02  2.05855025e-03  3.82414572e-02
  2.26367451e-02  1.05669320e-01 -1.74530447e-02 -1.39653180e-02
  1.14043429e-02 -5.64515255e-02 -3.60019058e-02  8.85496289e-02
 -4.02696840e-02 -2.67771240e-02  6.35886099e-03 -5.49496040e-02
  8.28344226e-02  1.51879305e-03  1.25894427e-01  2.54136138e-02
 -4.28808331e-02 -3.01823132e-02  1.66823193e-02  6.19317293e-02
 -2.90289968e-02  3.07706445e-02 -2.90692877e-02 -8.77464563e-03
  3.91315576e-03  7.78489187e-02 -3.76698673e-02 -7.50400545e-03
 -6.73543364e-02 -4.20985110e-02  1.18528958e-03  4.55969758e-03
 -4.66119163e-02  5.65877669e-02 -9.07353358e-04  3.93600874e-02
 -4.28591333e-02  2.10785051e-03 -2.85166129e-02 -1.54327191e-02
 -5.16128950e-02  2.01234259e-02  4.57177833e-02 -1.63440790e-03
 -4.49312478e-02 -5.10981642e-02  6.76887995e-03 -3.92862130e-03
  5.23435213e-02 -4.57690507e-02 -1.73355862e-02 -1.13678891e-02
 -4.86650914e-02 -1.44531420e-02  1.24804862e-02  9.02323009e-05
 -7.59218261e-03  1.04564451e-01  6.92018634e-03 -1.35037004e-08
 -2.58256290e-02  3.15467827e-02  2.13945471e-02  1.01330139e-01
 -4.66905395e-03 -2.85639167e-02  1.69304628e-02  9.06555504e-02
  4.62054387e-02  6.45686835e-02  2.65646633e-02 -2.02385504e-02
  4.18260843e-02  8.54203850e-02  4.51954864e-02 -2.04939339e-02
 -6.80460036e-02 -9.17756259e-02 -6.03778623e-02  7.29679922e-03
 -3.71522382e-02 -6.66363537e-02 -7.16577470e-02  3.14636081e-02
  4.31618802e-02 -4.25182693e-02  4.94967699e-02  1.40355453e-01
  3.38030532e-02  5.50542325e-02  7.37328008e-02  6.04257695e-02
 -5.10080606e-02  1.02884620e-02 -4.76047508e-02 -5.04162163e-02
  8.76253098e-02 -4.46997508e-02  7.46864220e-03  9.34263095e-02
 -4.47558053e-02 -4.50107306e-02 -7.37689761e-03 -2.45370921e-02
 -2.61240322e-02 -5.81543222e-02 -2.91897189e-02  7.61611713e-03
 -8.34084153e-02 -2.71410635e-03  2.38543116e-02 -5.78575544e-02
  1.30021758e-02  7.42913634e-02  8.47703591e-02 -3.32353860e-02
  5.36534600e-02  3.28482650e-02 -1.77790187e-02  5.44883683e-02
  2.14669913e-01 -1.73637662e-02  7.81076998e-02 -3.13830264e-02]"
138,Packaging Material and Waste,Environment,materials,1,0.5136,"[-6.84727579e-02 -7.24350475e-03 -4.02334798e-03  8.19670632e-02
  2.67401766e-02 -2.70582512e-02  1.56147614e-01  1.68449357e-02
 -3.00451294e-02  6.85884580e-02 -3.32954451e-02 -3.86930406e-02
 -2.37059500e-02  4.62963879e-02 -4.72266227e-02 -3.36101465e-02
  7.37686502e-03  7.46615557e-03 -4.29930836e-02  7.43332878e-02
  2.79158670e-02  1.97019819e-02  5.74815786e-03 -2.09055585e-03
 -1.88372806e-02  1.37837484e-01  6.24771509e-03  2.04922091e-02
  1.08207628e-01 -1.32483825e-01  3.21402438e-02  4.68164571e-02
  2.30556782e-02 -7.54039967e-04 -7.03224353e-03  3.00931651e-02
 -1.48903346e-03 -5.04442826e-02 -2.01748963e-02  1.90937147e-02
 -9.89007577e-02 -6.83869421e-02  3.30471806e-02 -3.36527005e-02
  7.24649280e-02  1.02708731e-02  7.48546198e-02 -2.05016192e-02
 -4.11139578e-02  1.09159788e-02 -2.71253120e-02 -1.23356357e-02
 -1.82943903e-02  2.75222845e-02 -1.89510863e-02  1.26183508e-02
  2.41429675e-02  5.04567362e-02  1.97042245e-02 -1.43147521e-02
  8.55462775e-02 -1.59859266e-02 -5.49887680e-02  4.42037210e-02
  1.18204646e-01  2.83551551e-02 -1.84838641e-02  5.72271161e-02
 -1.44703537e-02  1.41981675e-03  8.31353292e-02  2.22629961e-03
  1.11879967e-02  4.06530127e-02  5.86184599e-02 -3.12870033e-02
  3.75561304e-02 -5.22523150e-02  1.53840212e-02  2.91550253e-02
 -6.68013990e-02  4.44379402e-03 -1.15503035e-02  1.40895267e-04
 -4.99285571e-03  4.26128842e-02  2.90970001e-02 -3.22283944e-03
 -8.61788690e-02 -3.08293626e-02  1.72252320e-02  9.02363285e-02
 -1.04070321e-01 -2.82240342e-02 -6.87705353e-02  5.13227582e-02
 -3.68704461e-02 -2.59042270e-02  4.31380980e-02  1.56364590e-01
  3.76844965e-02  4.33056019e-02 -2.28175204e-02 -2.42090970e-03
 -9.33100209e-02 -1.00382812e-01 -3.31049375e-02  5.56233004e-02
  3.16445529e-02  4.62919101e-02 -5.20673878e-02  2.70646182e-03
 -9.59576592e-02 -1.15776889e-03 -5.02822883e-02 -7.45683312e-02
  2.77808849e-02  5.43328226e-02  3.24903801e-03  1.09730866e-02
  4.76558357e-02 -3.88653167e-02  2.51493026e-02 -8.99406150e-03
 -8.99163336e-02 -1.46698609e-01 -2.65260506e-02 -5.35282181e-33
  2.08867807e-02 -6.37273490e-02  2.76971627e-02  5.58833741e-02
 -3.65255177e-02 -7.14471750e-03 -1.66337343e-03 -2.37597916e-02
  2.83042975e-02  3.76151279e-02  1.42660821e-02  7.13850185e-02
 -4.43597361e-02  3.13114189e-02  8.55539143e-02 -6.14678077e-02
 -1.41765941e-02 -8.74010660e-03 -2.98705534e-03  7.33954506e-03
 -9.84236300e-02  8.13738182e-02  4.43755910e-02  8.53339657e-02
  3.21078189e-02 -3.21966745e-02  3.44330259e-03 -9.48480666e-02
 -8.12616050e-02 -7.32875615e-03  5.27194776e-02  4.15586196e-02
  3.19126844e-02  2.62181889e-02 -6.82175308e-02  7.30150640e-02
 -9.46243331e-02 -1.90046672e-02  5.50748222e-02 -4.11872901e-02
  4.14670538e-03 -2.15931959e-03  1.00961313e-01  7.31863081e-02
 -3.08911819e-02 -1.12298643e-02  3.58992107e-02  2.72977147e-02
 -6.41194955e-02 -2.81793661e-02  2.01571677e-02  3.70950066e-02
 -2.85821762e-02 -5.69326021e-02  2.38945032e-03  4.33458760e-02
  4.49636914e-02  1.47767234e-04 -2.79825050e-02 -3.63920368e-02
  6.31558225e-02  8.49041641e-02  1.47424964e-02  2.71883067e-02
 -1.50711164e-02 -1.32238877e-03 -4.14039716e-02  6.02321886e-02
  5.02740070e-02 -6.49454072e-02 -8.38464946e-02 -2.24134345e-02
  1.27273649e-01  1.59280971e-02 -1.77076012e-02  3.65445875e-02
  1.21492278e-02 -7.65971839e-02  8.74855556e-03  8.45743902e-03
 -1.33766338e-01  6.80954196e-03 -7.97818005e-02 -8.37513581e-02
 -1.46866515e-01  1.23905838e-02  3.88134047e-02 -5.30932732e-02
  6.42983615e-02  3.38313654e-02 -5.57312556e-02 -9.09325480e-02
 -2.70680152e-02 -5.95311597e-02 -4.40937728e-02  3.07492902e-33
  1.92242377e-02 -3.97169515e-02 -3.44167016e-02  1.21378213e-01
  4.59794812e-02 -6.92296848e-02 -2.92249173e-02 -2.57655941e-02
  3.65451202e-02  1.69767644e-02  5.36511056e-02 -1.75946407e-04
  6.68986887e-02 -1.67489126e-02 -3.11315767e-02  5.71278371e-02
  3.78587842e-02  2.59999149e-02  3.92823815e-02 -3.38152163e-02
 -7.65985623e-02  5.21348044e-02  9.67472326e-03 -4.18649614e-02
 -4.32967506e-02  3.94144170e-02  1.08810626e-02 -1.05945282e-01
 -4.09108885e-02  1.56988539e-02  1.58353953e-03 -1.12987168e-01
 -3.41372639e-02  4.81337607e-02 -1.38146095e-02 -1.39855798e-02
  9.37770009e-02  1.89420918e-03 -5.79720996e-02 -7.55698606e-02
  1.05218433e-01 -8.88287183e-03  1.11415379e-01  7.56294429e-02
 -5.10204807e-02  1.49236480e-02 -2.86194086e-02 -2.38731615e-02
  1.37109170e-02  1.54046807e-02  1.04717456e-01 -1.61870159e-02
  2.41376981e-02 -8.60843956e-02  4.17138748e-02  1.36712585e-02
 -1.07343227e-01 -1.34315621e-02  3.84820532e-03  4.68130894e-02
  4.56090532e-02  5.94198145e-02 -1.25520406e-02  1.13880970e-02
  2.44006675e-04  4.48113726e-03 -3.44773047e-02 -3.63421328e-02
 -5.23805767e-02 -1.43498667e-02  1.33245274e-01  3.99326161e-02
  1.07031707e-02  1.40535953e-02  2.85749510e-02 -7.64334127e-02
 -2.39382628e-02  1.49751296e-02 -2.83766631e-02 -5.50524779e-02
  8.09810031e-03  2.80140014e-03 -8.97043869e-02  6.72390461e-02
  4.75530885e-03  7.15273153e-03  1.40431970e-02  1.92714240e-02
  1.09276753e-02 -2.67148018e-02 -1.07617499e-02  4.31102552e-02
  6.70595542e-02  4.64003421e-02 -4.00393531e-02 -1.25978445e-08
 -2.44103279e-02 -6.36477489e-03  2.03616694e-02 -1.08462982e-01
 -5.53840830e-04  2.33151391e-02  8.50834027e-02 -1.53886795e-03
 -2.95944270e-02  1.95430294e-02 -3.25506032e-02 -1.67764015e-02
  4.91562635e-02  3.71537022e-02  6.98395520e-02  6.83425041e-03
 -6.37309477e-02  1.20197432e-02 -4.74118553e-02 -9.10611600e-02
  4.77161445e-02 -1.39078330e-02  2.73455288e-02  5.17436713e-02
  1.34606834e-03  2.12665480e-02  1.48202619e-02 -7.06321653e-03
 -1.89814214e-02  9.07231346e-02 -3.53283733e-02  3.51484679e-03
  1.28626274e-02 -1.89582817e-02 -6.02961378e-03 -1.68922003e-02
  6.92845881e-02 -9.15436447e-02 -4.98461686e-02 -7.41500221e-03
 -1.15680816e-02 -3.19583118e-02  9.72683541e-03 -3.45598976e-03
  5.12862094e-02 -2.19543185e-02 -9.38634053e-02  5.24242744e-02
 -3.04590426e-02 -4.50615818e-03  4.51570842e-03 -3.22705097e-02
  2.23225411e-02  4.16510589e-02 -6.97670039e-03  2.05017030e-02
 -6.05841284e-04 -1.00575704e-02  1.67139731e-02 -2.10845955e-02
  3.93432267e-02 -4.75962199e-02  1.09669961e-01  8.57573189e-03]"
139,Packaging Material and Waste,Environment,material,3,0.4761,"[-5.87220788e-02  2.23537814e-02 -8.56944360e-03  6.03480637e-02
  8.62029847e-03 -4.82765175e-02  2.06276223e-01  3.49735469e-02
 -1.41750481e-02  8.25156718e-02 -3.79802026e-02 -4.01729457e-02
 -1.11737885e-02  2.80840695e-02 -3.48029882e-02 -1.48787061e-02
  2.05729064e-02 -2.71384511e-02 -4.39731888e-02  4.75704111e-02
 -2.47743484e-02  6.18006587e-02 -3.53322621e-03 -1.36660719e-02
 -1.87055543e-02  1.11467578e-01  1.03830139e-03  2.59517692e-02
  8.66673216e-02 -1.27881289e-01  3.53309326e-03  6.43546879e-02
  2.53264718e-02  2.16518883e-02 -5.53481393e-02  2.11018845e-02
  1.76635832e-02 -4.51911092e-02 -2.33341139e-02  6.51323749e-03
 -7.15547204e-02 -6.93877339e-02  1.42925307e-02 -4.77320775e-02
  3.94324176e-02  1.44524192e-02  7.87913576e-02 -6.12839824e-04
 -2.31131613e-02  3.33126895e-02 -1.25540597e-02 -4.62048389e-02
 -5.11877378e-03  3.25199403e-02 -8.65156017e-03  4.77419198e-02
  2.80800238e-02  3.77325676e-02  2.46374886e-02 -2.63565965e-02
  7.20916092e-02 -3.03837620e-02 -5.69842346e-02  4.32594344e-02
  1.21580966e-01  4.06740606e-02 -2.08019204e-02  2.26968732e-02
 -9.49723739e-03 -2.82678138e-02  7.14999661e-02  2.80184411e-02
 -7.71605293e-04  1.45123554e-02  4.86115776e-02 -6.89629167e-02
  5.27870655e-02 -3.58466357e-02  4.48877327e-02  5.22100851e-02
 -5.59312887e-02  2.39901580e-02 -2.13991944e-02  1.05583128e-02
 -9.42256860e-03  3.23595330e-02  4.06463258e-02 -2.03961171e-02
 -7.28830621e-02  2.15539825e-03 -2.13116268e-03  6.97915554e-02
 -9.81966928e-02 -3.05944998e-02 -1.23269767e-01  3.06126494e-02
 -4.27501984e-02 -4.52043675e-02  3.55374813e-02  2.11598113e-01
  3.50648537e-02  4.99290638e-02  2.10935213e-02  1.68328881e-02
 -6.75806999e-02 -1.21724680e-01 -3.61074694e-02  2.12735906e-02
  3.71566005e-02  2.72445865e-02 -6.26328662e-02 -7.79959979e-03
 -1.03602819e-01 -1.47904342e-04 -4.80844900e-02 -4.41633798e-02
  3.71781848e-02  8.19456130e-02  2.28204578e-02  1.95821766e-02
  4.63376269e-02 -3.15470807e-02  2.84094978e-02 -1.30617060e-02
 -8.73730704e-02 -1.66805059e-01 -3.12648192e-02 -4.71232653e-33
  3.49496566e-02 -9.40347761e-02  1.80485882e-02  3.53444889e-02
 -2.43215654e-02  1.53421080e-02 -1.02398600e-02 -3.28196436e-02
  1.25418790e-02  3.89152840e-02  2.18074694e-02  6.58103824e-02
 -4.27860767e-02  8.73786956e-03  1.37876466e-01 -5.59220538e-02
 -4.32175361e-02 -1.55753084e-02 -4.74238060e-02  2.16885796e-03
 -9.90150794e-02  1.07900776e-01  4.88192402e-02  8.02760273e-02
  3.53513728e-03 -6.28573895e-02  1.33589730e-02 -9.80095789e-02
 -4.89289537e-02 -4.80480166e-03  1.84399150e-02  2.13182755e-02
  7.56056830e-02  2.12812386e-02 -3.74412872e-02  5.20835891e-02
 -4.49281894e-02 -3.53412442e-02  6.92121163e-02 -2.68653855e-02
 -4.72778641e-03  1.14621886e-03  9.89271402e-02  3.01737301e-02
 -4.92811874e-02 -9.79177887e-04  8.96998271e-02  6.62780879e-03
 -8.71265531e-02 -2.89362855e-02  4.61657755e-02  5.65934600e-03
 -1.41520528e-02 -6.50844052e-02 -1.04262363e-02  2.11211257e-02
  4.19909954e-02 -1.25920800e-02 -1.33702904e-02 -3.73843648e-02
  9.98559371e-02  4.65018339e-02  3.87276858e-02  7.69164704e-04
 -2.95474138e-02 -3.48839238e-02 -3.32105532e-02  5.31454943e-02
  6.86687753e-02 -4.38725911e-02 -5.66388294e-02  2.01146863e-03
  1.09968223e-01  3.81469466e-02 -2.62537971e-02  2.31112465e-02
  7.01476727e-03 -4.74226773e-02  1.23347919e-02 -1.18880831e-02
 -1.30400747e-01  1.23732528e-02 -8.10790285e-02 -6.53695911e-02
 -9.42710415e-02  3.62892486e-02  1.10597666e-02 -5.37472554e-02
  4.28693742e-02  1.77634433e-02 -6.43452853e-02 -4.19026427e-02
  2.24971282e-03 -5.10777682e-02 -3.23392153e-02  3.54396669e-33
 -1.74615048e-02 -4.46234457e-02 -1.24184061e-02  1.49911568e-01
  5.63176125e-02 -4.89047691e-02 -3.87647515e-03  4.81601134e-02
  2.62210835e-02  4.93125543e-02  1.96339227e-02 -6.80899620e-03
  5.43461516e-02  6.27579540e-03 -6.34420756e-03  7.57126138e-02
  4.41033542e-02  4.18489650e-02  4.23701406e-02 -3.06975469e-02
 -3.80412415e-02 -6.69257808e-03  1.21867182e-02 -3.58300768e-02
 -8.41826424e-02  3.29792872e-02  1.85032450e-02 -7.96219110e-02
 -5.43230288e-02  7.44935591e-03  1.36666158e-02 -1.03137322e-01
 -3.07624079e-02  5.71087487e-02  1.21733546e-02  2.35621091e-02
  9.25952494e-02  8.90608784e-03 -5.96272536e-02 -8.07052776e-02
  8.13578889e-02 -2.23374479e-02  9.19606239e-02  6.54246956e-02
 -5.60423955e-02  2.34097484e-02  7.81991519e-03  4.95705707e-03
  3.84086855e-02  2.95779668e-02  5.98331355e-02 -7.17751449e-03
  2.21398324e-02 -5.56288697e-02  7.53887929e-03  7.01515144e-03
 -1.23090178e-01 -9.62579856e-04 -2.28169151e-02  3.55264507e-02
  1.13004800e-02  7.43001774e-02 -1.56271849e-02  7.48819346e-03
  2.45890953e-02  2.59207580e-02 -4.22010757e-02 -6.80769980e-02
 -1.01037115e-01  2.07579024e-02  1.31769508e-01  4.59340066e-02
 -1.91892218e-02  2.13905629e-02  6.55146968e-03 -6.96228221e-02
 -2.79039014e-02  2.33366783e-03 -4.32276204e-02 -2.94366535e-02
 -1.94916185e-02 -2.96990070e-02 -9.63003710e-02  5.90687580e-02
 -9.83963534e-03 -3.50532238e-03  2.97764968e-02  3.21601555e-02
  1.07720839e-02 -2.83126868e-02 -2.84303678e-03  6.74048737e-02
  3.62485722e-02  4.63272296e-02 -5.50590158e-02 -1.32829809e-08
 -7.90007319e-03 -3.46125253e-02 -1.48613285e-02 -1.01201929e-01
  2.49845069e-02  7.48709310e-03  4.38831262e-02 -4.31640483e-02
 -5.95880719e-03 -5.67901600e-03  1.60543490e-02 -1.09414598e-02
  9.64960828e-03  4.86102700e-02  4.90329228e-02  6.37399498e-03
 -6.74229413e-02  1.56797543e-02 -5.78626320e-02 -4.51476760e-02
  2.91486904e-02 -1.22701917e-02  5.75427245e-03  4.44796830e-02
 -1.28863491e-02 -1.70717819e-03  4.33490751e-03  7.49869272e-02
 -2.94915549e-02  1.18103936e-01 -2.24662945e-03  3.10200546e-02
 -4.94587906e-02 -4.06127563e-03 -6.15676343e-02 -7.13190855e-03
  8.78866762e-02 -7.98310488e-02 -6.28691725e-03  1.88034289e-02
 -1.23770572e-02 -1.59221925e-02  3.07829678e-02  5.89498541e-06
  4.53617200e-02 -1.82903428e-02 -6.74657077e-02  3.17807198e-02
 -1.43171363e-02 -9.78586078e-03  1.51148755e-02 -1.96022708e-02
  2.62364410e-02  7.61153698e-02  2.44644545e-02 -4.46194457e-03
 -4.47408063e-03  5.15806768e-03 -1.91191528e-02  1.29365036e-02
  4.69588675e-02 -6.97053522e-02  7.56474435e-02  2.34184843e-02]"
140,Packaging Material and Waste,Environment,substances,2,0.44,"[-4.23959224e-03 -6.24451153e-02  4.40973826e-02  6.01068996e-02
  1.65754780e-02  1.92956571e-02  1.62714824e-01  3.09195779e-02
 -7.27624539e-03  1.77143998e-02  5.37916366e-03 -8.73002708e-02
 -1.49653768e-02  6.04664423e-02 -2.05588154e-02 -1.53418658e-02
 -1.09570092e-02 -1.40864337e-02 -6.11607917e-02  5.42900227e-02
  6.57448024e-02  3.22327800e-02  1.18510204e-03  1.32524800e-02
 -6.04946464e-02  1.73935175e-01 -1.64478850e-02 -4.88264784e-02
  8.00435618e-02 -9.71265212e-02  5.43123670e-02  8.49012136e-02
  8.97955522e-03 -3.89111824e-02 -2.94327992e-03  3.87796275e-02
 -2.86658723e-02 -2.57594176e-02 -2.15585735e-02  4.08922806e-02
 -2.54690908e-02 -9.99375433e-02  1.85796409e-03  2.35286709e-02
  5.12873046e-02 -1.93520226e-02  8.11256766e-02 -6.77897930e-02
  2.46356949e-02 -2.32579671e-02  3.14673502e-03 -2.26478726e-02
 -6.20648563e-02  9.54802334e-02 -2.23150812e-02 -6.00465760e-02
  3.33717950e-02  6.31274134e-02 -4.62097488e-02 -1.19884722e-02
  8.34241882e-02  4.57029045e-02 -9.78391152e-03  3.24163958e-02
  1.01484507e-01 -1.34307845e-02 -1.78396460e-02  3.59479189e-02
 -2.35991273e-02  4.66606095e-02  4.70707379e-02  5.75713441e-03
  8.10867399e-02  1.10326903e-02  7.87815154e-02 -8.11455026e-03
 -1.31916646e-02 -7.85631761e-02  5.30003384e-02 -9.18401463e-04
 -2.23607440e-02  5.23628332e-02 -4.54534553e-02  4.01474088e-02
 -6.91994373e-03  1.64457615e-02 -1.53282927e-02 -5.22728041e-02
 -9.13576558e-02 -2.60509364e-02 -2.56455280e-02  3.31594124e-02
  6.01428859e-02 -1.91734023e-02 -4.53863554e-02  6.06640754e-03
 -5.97864017e-03 -3.93401943e-02  4.64265496e-02  1.68194056e-01
 -1.40545527e-02  1.17479742e-01 -1.14055075e-01  4.06076852e-03
 -2.48745997e-02 -6.85388073e-02 -4.96184034e-03  3.01140528e-02
  5.13688810e-02  5.05943745e-02 -5.37057668e-02  1.51977418e-02
 -5.59308641e-02 -1.02785993e-02 -9.45175253e-03 -9.39586945e-03
  4.89662848e-02 -4.60283086e-03 -7.59469643e-02 -5.94338253e-02
 -3.32476981e-02 -3.03751547e-02  4.91169887e-03  1.08143194e-02
 -3.59767415e-02 -6.81786463e-02  7.35051557e-02 -6.09777886e-33
  2.23666392e-02 -6.27075881e-02  6.88145533e-02  1.15115978e-02
 -7.57056326e-02  2.79228459e-03 -1.17367432e-02 -4.52538095e-02
  4.15899940e-02  5.38033582e-02 -4.53331955e-02  5.46042025e-02
 -1.22611456e-01  4.78073768e-02  1.00641534e-01 -2.73638554e-02
  1.02270092e-03  3.58751863e-02  1.18481092e-01 -1.83460359e-02
 -9.05307755e-02  1.76185425e-02 -4.76771370e-02  1.02977650e-02
 -2.33822297e-02  9.40207113e-03 -3.99388522e-02 -1.80782191e-02
 -5.55330887e-02 -6.83307508e-03  5.58601916e-02  7.88120702e-02
 -4.11506854e-02  5.35760559e-02 -3.72251160e-02  1.77046563e-02
 -1.16157651e-01  5.18081617e-03  8.50609504e-03 -1.18147083e-01
 -8.74753296e-03  3.38678528e-03  8.58493447e-02  3.54524031e-02
  5.62719256e-03  1.17736338e-02 -5.57083152e-02  2.33388897e-02
 -1.59246642e-02 -1.11455712e-02  1.33124515e-02  1.14944819e-02
  7.59625901e-03 -3.89698483e-02 -4.95788157e-02  1.81570593e-02
  1.01655545e-02  9.60895233e-03 -2.86441743e-02  4.80922014e-02
  2.64724251e-02  1.13302931e-01 -6.75185770e-02  4.75826710e-02
 -3.52452062e-02 -2.78292466e-02 -2.35319696e-02 -4.08298448e-02
  4.49841358e-02 -5.54693826e-02 -9.67045948e-02  2.85975579e-02
  1.05807129e-02 -8.45385436e-03  5.55997714e-02 -9.16984025e-03
  2.24814247e-02 -7.96750709e-02 -2.72782538e-02  1.37092033e-02
 -4.43494581e-02 -8.30408856e-02 -3.97906713e-02 -2.52916086e-02
 -1.45089030e-01  4.74538701e-03  4.04105969e-02 -5.14406003e-02
  6.95768222e-02  3.94821167e-03 -1.02357455e-01 -1.01038553e-01
 -2.98370011e-02 -6.19987659e-02 -1.28399776e-02  3.10640545e-33
  2.18940377e-02 -5.66094145e-02 -2.18508467e-02  1.06809385e-01
  7.55297914e-02 -3.85438390e-02 -1.09843817e-02 -5.27085587e-02
  7.78769851e-02  3.23147811e-02  2.75933966e-02 -9.28677060e-03
  4.20283601e-02 -7.16834664e-02 -5.72333708e-02  5.79067767e-02
 -1.87114235e-02  5.43046743e-02  7.74430186e-02  1.35958903e-02
 -8.90086517e-02  7.44671971e-02 -7.49043329e-03 -5.79340160e-02
 -3.61250676e-02  4.59837466e-02  4.66485582e-02 -4.89716530e-02
 -3.40547366e-03  1.95993800e-02  1.77358743e-02 -8.81592277e-03
 -1.69175509e-02 -5.25616482e-02 -2.48977672e-02 -3.26782726e-02
  8.65007266e-02 -7.79304951e-02 -8.81180018e-02 -8.29936638e-02
  3.71911488e-02  2.57688742e-02  5.51470369e-02  1.00602910e-01
  3.54480953e-03  9.66744684e-03 -1.38936415e-02 -5.79538522e-03
  3.88703980e-02  4.74741589e-03  6.84676394e-02 -1.54415788e-02
 -5.87125272e-02 -3.88643593e-02  6.16557933e-02  5.80302887e-02
 -1.21517174e-01 -6.31603226e-02  2.53580958e-02 -2.32100841e-02
  1.06354579e-02  9.17332098e-02 -5.51506281e-02  2.37214305e-02
 -2.98138596e-02 -7.12504517e-03 -4.03621867e-02  5.10973819e-02
  3.15211453e-02 -7.04532415e-02  1.03246190e-01  1.27041908e-02
  4.50371467e-02 -1.42271128e-02 -2.27198135e-02 -9.71828252e-02
 -6.34995922e-02 -4.48634773e-02 -3.26739885e-02 -2.16953401e-02
  6.85968399e-02  3.90393324e-02 -7.27137029e-02 -2.32306099e-03
  2.55896430e-02 -4.16050106e-02  4.42680120e-02 -8.59568827e-03
 -4.98444308e-03  1.04468828e-02 -2.80862954e-02  3.47808674e-02
 -4.87337820e-02  4.98174205e-02 -3.78479995e-03 -1.21903128e-08
  3.34511288e-02  2.00646976e-03  8.47120490e-03 -8.63064453e-03
 -1.63543299e-02  1.44994017e-02  6.99103102e-02  4.95287739e-02
 -2.12541446e-02  3.91235724e-02 -3.58797088e-02  7.52019733e-02
  3.88319157e-02  1.08686963e-03  4.49064299e-02  1.81432185e-03
 -2.78433673e-02 -2.99181547e-02 -5.92847653e-02 -3.50624919e-02
  2.51498371e-02  1.22940438e-02  2.38755625e-02 -1.86923817e-02
  2.25144718e-02 -3.25409174e-02  5.68140596e-02 -1.99327115e-02
  4.92989533e-02  5.89260161e-02  3.07365302e-02  4.51119877e-02
 -1.55990180e-02  6.36622636e-03  2.09884718e-02 -4.40804027e-02
  3.69232483e-02 -6.04988486e-02 -5.13977073e-02  3.21420766e-02
 -4.80844975e-02 -5.23204962e-03 -2.74076313e-02  1.12820892e-02
  8.58315639e-03 -2.18416881e-02 -9.29454640e-02  4.51350026e-02
  3.81069221e-02 -2.02305801e-02  2.49120165e-02  5.38231432e-03
 -2.03251112e-02 -1.77223664e-02  3.51536684e-02 -6.30482472e-03
 -1.48044550e-03 -2.00324580e-02 -5.45693450e-02 -2.63094045e-02
  7.87445530e-02 -1.26025518e-02  1.94109485e-01 -1.67662725e-02]"
141,Packaging Material and Waste,Environment,substance,3,0.3912,"[ 2.89612319e-02 -4.44103628e-02  4.98280264e-02  6.26769140e-02
 -8.16703029e-03  1.31787080e-02  1.77075893e-01  4.97623943e-02
  9.87998443e-04  4.56660381e-03  1.71567015e-02 -6.20815791e-02
 -8.62341747e-03  3.84153351e-02  7.35091697e-03 -2.09422540e-02
 -2.96045337e-02 -7.52729177e-02 -5.13182878e-02  4.66513373e-02
  3.00163720e-02  3.85322198e-02 -1.70475822e-02 -7.20023550e-03
 -3.82192023e-02  1.59370974e-01 -1.17522702e-02  1.83165483e-02
  8.63266066e-02 -1.01010822e-01  5.83371855e-02  8.63195732e-02
 -1.21938651e-02 -1.00109680e-02  1.49827832e-02  3.19697969e-02
 -4.03406247e-02 -1.35514280e-02 -4.49050870e-03 -1.40084689e-02
 -2.96876486e-03 -1.17057808e-01 -1.77523587e-02  5.72340144e-03
  1.07689593e-02 -2.86555327e-02  5.07092029e-02 -3.88668478e-02
  3.35261114e-02 -1.63387917e-02  1.05811944e-02 -1.28300637e-02
 -4.30036262e-02  6.36503920e-02 -1.28781877e-03 -6.60284981e-02
  1.74879041e-02  6.13535047e-02 -3.97010222e-02 -1.57913622e-02
  9.63200107e-02  2.56016906e-02 -1.14643713e-02  3.15022655e-02
  1.08854771e-01  4.07171249e-03 -2.60154195e-02  1.61868446e-02
 -2.62271725e-02  2.91729234e-02  1.11205019e-01  2.34735347e-02
  5.12985811e-02  5.02805412e-02  8.80090296e-02 -3.43186595e-02
  2.21061124e-03 -4.83577400e-02  4.53390740e-02  4.23921645e-02
 -1.03773400e-02  7.23349005e-02 -5.89511916e-02  5.55610880e-02
  3.83796985e-03  7.89002236e-03 -2.39376188e-03 -4.16344032e-02
 -1.12063132e-01  2.68925424e-03 -6.03303574e-02  5.29604219e-02
  6.06093332e-02 -2.28193924e-02 -4.38926406e-02 -2.17273757e-02
 -3.79461162e-02 -2.54723933e-02 -1.20733948e-02  2.33734667e-01
 -1.63338594e-02  1.34457171e-01 -9.91739407e-02  1.91170396e-03
 -1.66107416e-02 -6.49133474e-02 -2.37447750e-02  5.55145647e-03
  7.54215429e-03  3.55955735e-02 -4.66260500e-02  1.42415334e-02
 -6.95519820e-02  7.58827571e-03  2.62575373e-02  5.65372072e-02
 -1.24651445e-02  2.95420550e-02 -4.40556370e-02 -6.53877333e-02
 -1.36422710e-02 -1.00713666e-03 -1.90691072e-02  2.21505649e-02
 -5.23221046e-02 -1.25020623e-01  4.83581573e-02 -6.66389143e-33
  8.86954181e-03 -3.51552851e-02  7.14697838e-02 -1.14416108e-02
 -6.32296950e-02 -4.56129666e-03 -2.46474557e-02 -4.39637490e-02
 -1.31012946e-02  8.93070474e-02 -6.40781000e-02  6.28748089e-02
 -1.07167199e-01  4.30303961e-02  1.15132451e-01 -1.49497157e-02
 -4.62375507e-02  3.89644988e-02  6.47389665e-02 -4.61850129e-03
 -8.55738968e-02  2.30918601e-02 -4.62616235e-02  1.04014697e-02
 -5.85085750e-02  2.67918175e-03 -4.32445928e-02 -1.97909325e-02
 -4.17356305e-02  2.23757070e-03 -7.30816275e-03  9.08307955e-02
  1.34350071e-02  2.89406963e-02 -2.98880246e-02 -4.19592150e-02
 -6.08122759e-02 -5.20921648e-02  1.28472373e-02 -9.61578786e-02
 -1.66693702e-02  2.23472044e-02  6.05021305e-02  4.82947677e-02
  3.55556351e-03 -2.80373939e-03 -2.78265383e-02 -1.33561175e-02
 -6.94615096e-02 -7.15747802e-03  1.70714278e-02 -3.00653614e-02
  7.01039610e-03 -1.24406200e-04 -6.16365895e-02  6.11767732e-03
 -1.06275920e-02 -3.10889818e-03 -1.95717756e-02  3.01621519e-02
  6.35427907e-02  1.27442852e-01 -7.59899467e-02  2.93726306e-02
 -6.14483804e-02 -7.42436722e-02 -6.74468884e-03 -2.90913563e-02
  6.74271658e-02 -2.50132214e-02 -8.49973485e-02  3.92423794e-02
  1.04229590e-02 -1.42208198e-02  5.67410998e-02 -2.42306720e-02
  3.30142118e-02 -3.19619924e-02 -1.11550009e-02  1.79057964e-03
 -5.31084724e-02 -9.34767574e-02 -5.06592952e-02 -1.35649005e-02
 -1.27906606e-01  1.73602048e-02  3.90127338e-02 -9.28990766e-02
  4.66061905e-02 -2.60711624e-03 -9.16724429e-02 -5.99825345e-02
  1.83148589e-02 -3.34192961e-02 -1.98917035e-02  4.65716499e-33
 -1.43064559e-02 -5.83063476e-02 -1.24624232e-02  1.27615765e-01
  4.33753431e-02 -4.04415913e-02  1.26199350e-02  1.18172104e-02
  3.67123075e-02  4.92823571e-02 -4.49644215e-02 -4.41850722e-02
  6.57400563e-02 -2.11298894e-02 -4.73366976e-02  6.11766130e-02
  1.31706903e-02  9.51040722e-03  6.95341453e-02  2.48161945e-02
 -8.15944746e-02  6.90049902e-02 -1.16807828e-02 -5.55747114e-02
 -2.76874807e-02  5.41333258e-02  9.61212963e-02 -6.55105934e-02
 -2.45233160e-02  3.23006548e-02  2.86408756e-02  1.65881254e-02
 -6.03015224e-06 -5.01993075e-02 -4.07602591e-03  4.16210033e-02
  1.24379754e-01 -5.60482070e-02 -7.32900426e-02 -6.50250316e-02
  1.50473723e-02  2.79745944e-02 -1.23479161e-02  1.26293227e-01
 -1.21933278e-02  4.30156477e-02  3.23661566e-02  4.01799530e-02
  2.47091297e-02  1.39431702e-02  2.68163793e-02  8.31695274e-03
 -2.08210479e-02 -3.94175239e-02  2.53624916e-02  4.15911712e-02
 -8.87293965e-02 -6.58392012e-02 -2.43422184e-02  1.68998486e-05
  7.88572151e-03  7.20148534e-02 -4.20688838e-02 -1.13481190e-02
 -3.58403288e-03  1.91574953e-02 -6.23108707e-02  6.07157797e-02
 -1.02827307e-02 -6.39468282e-02  1.23631567e-01  8.50104820e-03
 -1.36600072e-02  1.35556282e-02 -3.20876315e-02 -9.60714743e-02
 -8.57760608e-02 -1.74230207e-02 -2.95604691e-02 -2.42387485e-02
  4.69463319e-03  1.63272489e-02 -7.30050281e-02  1.54427448e-02
  2.83748470e-02 -2.51600314e-02  2.64514629e-02  6.23195432e-03
  5.31706493e-03  4.60264906e-02  9.17585474e-03  3.70737873e-02
 -5.93855157e-02  6.02416843e-02 -3.41625400e-02 -1.28061162e-08
  1.47104869e-02  1.60541255e-02 -7.28736678e-03 -3.18876170e-02
  3.76461446e-02  3.85836139e-02  3.96857448e-02  6.25954417e-04
 -1.09863058e-02  2.75769364e-02 -1.83284306e-03  1.91827714e-02
 -9.60096996e-03  1.65217798e-02  5.38517199e-02  6.21432392e-03
 -4.50759381e-02 -2.48026475e-02 -7.90646300e-02  8.55073333e-04
  1.58071499e-02  2.19251122e-02 -3.60698923e-02 -2.57961694e-02
 -1.04955807e-02 -1.20080654e-02  2.21010614e-02  1.86475087e-02
  4.87340316e-02  5.03107235e-02  3.04151438e-02  8.81719068e-02
 -7.43665248e-02  2.76383236e-02  1.74820293e-02 -3.44782956e-02
  3.79686914e-02 -5.38801067e-02 -1.62145607e-02  4.31909822e-02
 -2.97915787e-02  5.59576601e-02  5.33676706e-03 -2.43558246e-03
 -4.04338492e-03 -1.24803921e-02 -6.77870438e-02  1.18525354e-02
  2.38903388e-02 -1.00319497e-02  1.92950238e-02  1.80653650e-02
 -2.67845988e-02  4.26380411e-02  7.54495859e-02 -1.14647346e-02
 -1.82883553e-02  5.23857679e-03 -8.19337666e-02 -2.37678662e-02
  1.32585332e-01 -3.86238247e-02  2.01662868e-01  1.86731480e-02]"
142,Packaging Material and Waste,Environment,manufacturing,6,0.3725,"[-5.04827537e-02  1.07648177e-02 -2.13245694e-02  7.44454842e-03
 -3.19682881e-02 -1.99924465e-02  6.48205429e-02  1.47770979e-02
 -4.29868586e-02 -2.32265368e-02  4.22115028e-02 -2.84769088e-02
  1.97285265e-02 -5.39339613e-03 -9.26234871e-02 -3.38307917e-02
  2.55211373e-03 -1.55422809e-02 -3.76534685e-02 -7.81760737e-02
 -4.48908992e-02 -3.46912593e-02  7.42144475e-04  3.97888683e-02
  1.09842364e-02  8.78757834e-02 -6.37926441e-03  3.61939147e-03
  8.65998790e-02 -1.22562505e-01 -5.43107092e-02  6.50579035e-02
  7.30821639e-02 -2.27453280e-02  6.87257051e-02  2.10593697e-02
  3.60077992e-02 -1.78646930e-02  4.19754870e-02 -4.37454768e-02
 -1.05717797e-02 -8.62351730e-02 -4.58751507e-02 -2.39024982e-02
  4.72841077e-02  4.96466830e-02  6.23537004e-02 -8.79024435e-03
 -3.35683711e-02  7.21000582e-02 -4.11893837e-02 -1.36763453e-02
 -4.21999916e-02 -2.87880674e-02  1.64690726e-02  2.70096492e-02
 -2.73070205e-02 -4.82567139e-02 -5.46458922e-03 -1.95131656e-02
  5.31545691e-02 -2.23965030e-02 -7.54126608e-02  2.62599587e-02
  1.24683075e-01  1.79213204e-03 -5.53376451e-02 -8.02986976e-03
 -9.67917666e-02 -1.67294182e-02  7.16470107e-02 -4.25838307e-02
 -5.06838746e-02  7.95268938e-02  2.36942377e-02 -6.06377274e-02
  5.22143990e-02 -4.64545824e-02  3.95100005e-02  5.09117637e-03
  6.19877204e-02  6.11307621e-02 -7.28256479e-02  1.94072537e-02
 -5.22544831e-02 -1.83366500e-02  5.81617579e-02  8.16008747e-02
  5.62787615e-02 -5.51164374e-02 -2.48011928e-02  1.39548065e-04
 -4.83928435e-02 -8.62480234e-03 -8.13401043e-02  6.23223223e-02
 -1.17642898e-02  3.72009426e-02  3.56056243e-02  1.61455050e-01
 -2.07952596e-03  8.20355397e-03 -6.43783668e-03 -5.23826815e-02
 -5.62200882e-02 -4.02110554e-02 -7.72876516e-02  7.74608329e-02
 -3.84403504e-02  5.26274033e-02 -1.95424519e-02  1.32818986e-02
 -6.98416531e-02  3.65284719e-02  3.17582232e-03 -1.45949284e-03
  2.19508819e-02  2.74308361e-02  3.09540667e-02 -2.92711463e-02
  8.64933990e-03  3.79666425e-02 -4.90501150e-02  1.61821526e-02
 -1.00339569e-01 -7.72371441e-02 -6.02168180e-02 -4.09283219e-33
 -6.47446979e-03 -3.35912071e-02  1.34333922e-02  6.84612021e-02
 -3.43195386e-02  4.44018692e-02  1.17229512e-02  8.87886435e-03
  3.38051207e-02  2.55741328e-02 -4.26478460e-02 -4.84644510e-02
 -3.20215747e-02  1.73304528e-02  1.24330111e-01 -5.80845401e-02
 -1.12204417e-03  3.53559889e-02 -1.46842375e-02 -1.04996655e-02
 -1.11520648e-01 -1.36686796e-02  5.76966675e-03  7.34904781e-02
  2.73646340e-02  2.74451803e-02  3.49690788e-03 -3.61503437e-02
 -4.41987105e-02  9.02137719e-03  7.48741701e-02  5.89683130e-02
  4.67558717e-03 -1.70722846e-02 -7.04723457e-03  2.30629202e-02
 -6.35486022e-02 -1.05002299e-01  3.50331739e-02  2.39212811e-02
 -4.10008157e-04  3.07039823e-02 -4.15874086e-03  4.09557931e-02
 -4.85159792e-02  6.93369210e-02  9.70776193e-03  4.03552838e-02
  1.78538095e-02  1.72111634e-02 -7.72458836e-02  5.34175932e-02
  5.47867864e-02 -4.83899862e-02  7.66159520e-02  8.47877527e-04
 -5.82836494e-02 -6.92158267e-02  2.16564313e-02  4.76338342e-02
 -1.33762127e-02  1.34708360e-01 -6.47180006e-02  1.15130842e-01
 -1.09253991e-02  1.49234766e-02  4.21651118e-02  1.39327804e-02
  5.97457439e-02 -4.14076596e-02 -6.78504035e-02 -5.33197932e-02
  7.25290701e-02 -2.47301180e-02 -1.95536520e-02  6.74920529e-02
 -2.39212587e-02  1.34570338e-02 -3.83527391e-02 -1.61183234e-02
 -1.03684239e-01  5.50563745e-02 -4.23122868e-02 -3.24532501e-02
  1.47150643e-02  1.99687388e-02 -8.19378346e-03 -7.76281813e-03
  4.22812514e-02  8.37805793e-02 -1.01286657e-01 -1.94616597e-02
  3.23163986e-04  5.44838905e-02 -4.94246818e-02  2.40733070e-33
 -3.30535173e-02 -5.89864887e-02  1.12282969e-02  3.10458839e-02
 -4.40462343e-02 -8.04150626e-02  1.27488980e-02 -6.51052520e-02
  1.73024908e-02  6.15735129e-02 -5.65406680e-02 -4.92682606e-02
  2.87480988e-02  2.35739518e-02 -6.99132159e-02  4.45125857e-03
  9.98242870e-02  7.60561135e-03 -2.22016871e-02 -3.12785581e-02
  1.91368647e-02  4.55230894e-03 -1.62054822e-02 -1.69397499e-02
 -2.32943203e-02  4.66206037e-02 -2.90888958e-02 -3.70566845e-02
 -1.72493681e-02  1.13840755e-02  3.80011648e-03 -8.34142640e-02
  1.68213267e-02  9.78378803e-02 -5.14273085e-02  8.32190178e-03
  6.92473054e-02  5.22281863e-02  7.28857592e-02 -9.84745100e-02
  8.88181105e-02 -1.23652248e-02 -4.23121378e-02  1.66468069e-01
 -3.97784486e-02 -7.46871084e-02  8.07757583e-03 -6.28802404e-02
  8.97955894e-02 -6.54010754e-03  1.45463608e-02  2.32200827e-02
  1.48304030e-02 -7.16948286e-02 -5.55379391e-02  3.75477001e-02
 -2.06769400e-04 -5.86104766e-02 -5.23248427e-02  1.20841525e-02
  4.10137214e-02  6.07220549e-03  5.40511236e-02  3.69853303e-02
  3.37756053e-02  4.35030013e-02  5.86797446e-02  4.66712052e-03
  2.50030681e-02 -1.31533563e-03  1.29620939e-01  6.69310167e-02
 -1.85390227e-02  2.32584029e-02 -2.82776803e-02 -2.68787723e-02
 -3.66925895e-02 -1.16926408e-03 -3.56110409e-02  5.64464414e-03
  2.66671292e-02 -2.69962009e-02 -1.23250214e-02  1.12197228e-01
 -6.48318827e-02 -1.67972047e-03  6.27248138e-02 -2.05251854e-02
 -5.43282665e-02 -3.24634314e-02 -1.11930743e-02  2.91108433e-02
 -5.64539246e-02  1.25842616e-02 -5.68876369e-03 -1.21153274e-08
 -1.15339952e-02 -8.63988101e-02  1.43925752e-02 -5.70504069e-02
 -6.34262105e-04 -7.46863836e-04  6.22293912e-02  4.76423185e-03
  1.33408513e-02  3.26049514e-02 -1.28626963e-02 -2.81081051e-02
 -1.38636352e-02  5.90204857e-02  5.73344193e-02  8.71489197e-03
 -5.18397056e-02  9.32631642e-02 -8.41340572e-02 -9.10545439e-02
  4.23691459e-02  4.64955643e-02  1.33490130e-01  3.08084693e-02
 -6.83494583e-02 -2.33052932e-02  5.18668965e-02  9.71927948e-04
  4.13411520e-02  7.13197514e-02  8.12759716e-03  3.01318057e-02
  3.49014252e-02  6.59114262e-03 -2.49156021e-02 -1.35924488e-01
  1.52933626e-02 -2.69696470e-02  3.09862308e-02 -1.09047100e-01
 -4.92508300e-02  7.49276280e-02 -3.05402931e-03  8.13021045e-03
  8.65569413e-02 -3.51241045e-02 -7.54333064e-02  6.04137173e-03
 -5.63313030e-02 -1.82137103e-03  2.79223570e-03  3.75939496e-02
  8.07612762e-02  3.40272412e-02 -4.56818350e-04 -1.81543035e-03
 -9.77271004e-04 -6.71172142e-02  8.09934642e-03 -1.07244905e-02
  1.06006920e-01 -5.15545607e-02  1.57987401e-01  3.52598280e-02]"
143,Packaging Material and Waste,Environment,wastewater,3,0.3608,"[-2.02315021e-02 -1.58366486e-02  1.77794117e-02 -9.64475609e-03
  5.27726226e-02 -8.45334530e-02  1.04166105e-01 -3.99488397e-03
 -1.86845921e-02 -4.52115685e-02  1.41157012e-03 -5.03815785e-02
 -9.80958994e-03  7.85080045e-02 -1.32090017e-01 -5.94653934e-02
 -1.47081306e-02 -2.70798933e-02 -2.90559847e-02 -1.14037581e-02
  5.32797128e-02  1.06450403e-04 -1.11151207e-02 -4.36713770e-02
 -2.92043127e-02  1.04105778e-01  5.37005439e-02 -3.72367799e-02
 -3.85451950e-02 -7.01425299e-02  7.67813474e-02  3.98618020e-02
  7.86473751e-02 -1.58188760e-01  6.09117560e-02  9.06026587e-02
  6.82088314e-03 -3.37469541e-02  5.72895408e-02 -2.36427430e-02
 -6.01457395e-02 -1.04269817e-01  7.04210401e-02 -1.90731846e-02
 -5.79989813e-02 -6.34209951e-03  5.26939444e-02 -6.16704896e-02
 -3.66586470e-03 -6.68375269e-02  2.75740158e-02 -7.07426015e-03
 -4.96400110e-02 -1.42288078e-02  6.40749037e-02 -5.87983057e-02
  2.04705670e-02 -4.01507430e-02 -7.96960592e-02 -4.56323214e-02
  1.70197077e-02 -4.00760248e-02 -3.13088521e-02  4.80074696e-02
  7.90824965e-02  2.77320482e-02 -1.70677677e-02  1.72770638e-02
  9.73761827e-03 -8.32279995e-02 -6.44385368e-02 -3.36965248e-02
 -3.96256102e-03 -6.38388423e-03 -2.48175301e-02 -1.51086999e-02
  9.42097306e-02 -3.36110257e-02  7.14042857e-02  6.66021020e-04
  4.65850756e-02 -5.16822040e-02  2.18647369e-03 -8.01353343e-03
  4.71943878e-02  5.79354763e-02 -2.07399577e-02 -6.83871806e-02
 -1.21547934e-02  2.99929306e-02  1.68685317e-02  2.94758119e-02
  7.15492815e-02 -5.53941317e-02 -4.57368232e-02  4.91196439e-02
 -4.67182742e-03  1.04214819e-02 -4.74105543e-03  1.41019732e-01
 -8.03933218e-02  7.06502795e-02 -1.59425195e-02 -6.98754340e-02
  5.78028411e-02 -3.45035195e-02  1.86746344e-02  7.58394301e-02
  9.56833661e-02 -2.79943235e-02 -5.77906556e-02 -3.53612974e-02
  4.47596004e-03  4.94225845e-02  3.99513878e-02  1.66034363e-02
  1.09010875e-01 -7.23227784e-02 -6.90582320e-02  7.85129443e-02
 -6.41399994e-02 -7.73399994e-02 -6.72245100e-02 -1.51448557e-02
 -3.88871729e-02 -3.77773982e-03 -4.02751658e-03 -4.47901808e-33
 -1.10562705e-02 -7.66764060e-02  5.79827353e-02 -4.74884622e-02
 -4.62417044e-02 -2.83084586e-02  8.47398397e-03 -5.15885912e-02
  7.66676441e-02 -8.52803439e-02 -9.58230346e-03 -4.48461398e-02
 -6.19847551e-02  6.97888285e-02  2.91774515e-02 -1.33266365e-02
  7.65732024e-03  2.72591189e-02  2.61864122e-02 -6.93687564e-03
  1.93328168e-02  6.11166246e-02 -4.80275825e-02 -1.89721417e-02
  5.06412722e-02 -8.80911723e-02  7.52872508e-03 -6.39969856e-02
  1.94189306e-02 -2.84817332e-04  5.37950695e-02  2.22611427e-02
 -6.57921135e-02  7.48373717e-02 -6.90467805e-02  2.87530776e-02
 -6.38856441e-02  2.98304670e-02 -2.35851407e-02 -1.13331461e-02
 -2.78997123e-02  2.01250985e-02  2.05722800e-03  5.06082661e-02
  4.40435894e-02 -3.65542546e-02 -5.72657995e-02  2.65492797e-02
  3.46106254e-02  2.08547097e-02  8.87345336e-03  4.27839160e-02
 -4.69043702e-02 -3.02079832e-03 -2.95353085e-02 -2.65949257e-02
  3.97097170e-02 -1.83191989e-02  2.76394244e-02  1.59789771e-02
 -5.55961132e-02  6.98968619e-02 -7.65312910e-02  4.37035561e-02
  1.03761993e-01  2.95407996e-02  7.49962684e-03  6.75858855e-02
  5.43741360e-02  6.80937618e-02 -1.41790241e-01 -4.37322408e-02
  3.18516903e-02  3.61288972e-02 -6.74476177e-02  1.43933129e-02
 -2.98524611e-02 -5.48403747e-02 -5.73858172e-02  3.86285186e-02
 -6.73150569e-02  4.50598105e-04 -1.65620458e-03 -1.15108944e-03
 -2.60658488e-02  4.60455045e-02 -2.82739867e-02 -4.01445245e-03
  9.74921957e-02 -3.50153516e-03  6.84774071e-02 -1.90463345e-02
 -5.83308488e-02 -1.96865164e-02 -2.88440622e-02  2.88502221e-33
  1.43317387e-01  1.40220174e-04 -2.06188690e-02  6.39076233e-02
  3.01417075e-02 -2.37273574e-02  1.23582557e-02  2.97916271e-02
  5.05810231e-02  5.49232587e-02 -4.18784134e-02  5.45700267e-02
 -8.61443055e-04 -2.41471045e-02  4.16766144e-02  4.01906520e-02
  5.48163839e-02  2.34300643e-02  2.15845909e-02 -1.81251112e-02
 -2.52968241e-02  4.51574661e-02  4.95095253e-02 -3.70035018e-03
  1.49015514e-02  4.61061783e-02 -2.99182814e-02 -5.44004664e-02
  3.82151529e-02 -1.13944551e-02 -5.80093004e-02  4.46399860e-02
  5.13516590e-02  3.22086662e-02 -1.39206946e-02  2.95849517e-02
 -1.62958074e-02  1.08345011e-02 -3.06388941e-02  3.46024632e-02
  5.71955405e-02 -6.21559247e-02 -2.88531813e-03  8.59540999e-02
 -3.38982008e-02  3.45854647e-02 -6.41053170e-02 -2.65426282e-02
  1.17136240e-02  1.90207525e-03  2.13804301e-02  6.68310225e-02
 -6.50820732e-02  2.32131537e-02  2.45395843e-02  1.05635151e-02
  8.01704228e-02  2.31987070e-02 -4.77338471e-02  1.94772966e-02
  3.84039804e-02  9.59275663e-02 -7.82221090e-03 -3.18993255e-02
 -6.65238127e-02  5.03357239e-02  1.16810361e-02  2.51280405e-02
 -4.97291908e-02 -4.41514142e-02  9.63065252e-02  6.31710561e-03
  5.62045118e-03 -1.06506320e-02 -2.60921232e-02 -4.74631414e-02
 -8.24419931e-02  4.61268164e-02 -4.39845137e-02  5.99912442e-02
 -4.47776839e-02  8.75084177e-02 -3.05191763e-02  1.38789751e-02
  6.43552095e-02 -1.09480433e-01 -9.47761349e-03 -5.74410148e-02
  5.64806908e-03 -6.03506900e-03 -3.53213586e-03 -1.02054998e-02
 -1.93893071e-02  3.06191295e-02  6.01918809e-02 -1.10557528e-08
 -7.71627948e-02 -3.45027857e-02  7.56198317e-02  5.31809032e-02
 -4.79024253e-04  6.01288527e-02  2.32125577e-02  9.92581919e-02
  1.65269505e-02 -9.03832261e-03 -3.74213383e-02  4.47938852e-02
  2.45184582e-02 -2.30983598e-03  3.14335078e-02  2.08596047e-02
 -4.17959057e-02 -1.17492020e-01 -5.18149473e-02 -6.10007942e-02
 -3.56685258e-02 -2.68448517e-02 -5.07401153e-02  4.24155258e-02
 -1.73172671e-02  2.32599117e-03  3.16222534e-02  9.30500031e-02
 -3.38634402e-02 -3.10353432e-02  2.46841758e-02  3.73994820e-02
 -4.15590107e-02 -1.79052316e-02 -1.44253084e-02 -2.08072849e-02
  1.12946071e-01 -1.18132591e-01 -7.96980336e-02 -3.86118367e-02
 -2.84969397e-02 -2.75686868e-02 -2.67278571e-02 -4.37792949e-02
  8.77950937e-02  2.42384430e-02 -4.64596599e-02  2.50449758e-02
  9.12410021e-03 -3.57784666e-02  6.63051233e-02 -2.75461711e-02
  1.43431202e-02  9.71061364e-02  6.25336834e-04  4.11219634e-02
  8.67297780e-03 -3.23962718e-02 -4.66738082e-02  2.00744742e-03
  1.53843269e-01  1.38621414e-02  1.69335708e-01 -5.77506907e-02]"
144,Packaging Material and Waste,Environment,environmentally,1,0.3479,"[ 8.41795560e-03  1.24931827e-01  8.03253800e-02  2.45253276e-02
  7.93462992e-02 -4.17729281e-02  6.46296144e-02 -1.54521549e-02
  1.11508146e-02  3.99401635e-02  1.51944198e-02 -9.23864841e-02
 -1.52761154e-02  3.75933051e-02 -1.78697202e-02  2.73128180e-03
 -6.80848435e-02 -1.23030525e-02 -1.35031894e-01  1.16881318e-02
 -9.42542404e-02  2.83009876e-02  2.89525837e-02  1.23692630e-03
 -7.32308701e-02  8.87071714e-02  9.96910594e-03  4.91764396e-02
  2.58818921e-02 -5.29144071e-02  2.81450301e-02  9.54565406e-02
  1.68870147e-02 -3.89022045e-02 -8.39521922e-03  6.40441924e-02
  5.76490909e-02 -4.75808494e-02  1.53394612e-02 -8.94675497e-03
 -7.07191080e-02 -8.08555782e-02 -3.62953506e-02 -4.86333035e-02
 -2.02300176e-02 -4.46801037e-02  1.70848668e-02 -5.79954162e-02
 -2.02409867e-02 -6.05678745e-02  6.37867376e-02  1.05568282e-02
 -4.61683050e-02 -9.33001935e-03 -2.69282274e-02 -6.97162673e-02
  4.12109718e-02 -5.60729019e-02  1.68788526e-03 -2.53934432e-02
  9.71883088e-02 -6.91710711e-02 -1.03627771e-01  2.94331331e-02
  8.39593858e-02  4.74121571e-02 -3.88035253e-02  1.00951426e-01
  2.67835683e-03 -6.60227984e-02  2.52205022e-02  4.58763586e-03
  1.05129527e-02 -5.14106415e-02  1.65117905e-02  2.74140928e-02
  4.16390523e-02  2.40963437e-02  5.16133495e-02 -3.27018462e-02
  7.63939247e-02 -3.82773727e-02 -2.49186959e-02 -1.57122966e-02
  5.85455783e-02  1.66997090e-02 -2.73325434e-03 -3.24183218e-02
 -8.96017998e-03  4.10278253e-02 -3.39407809e-02 -5.21334633e-03
  1.15246862e-01 -7.22489646e-03 -1.21311970e-01  4.39314097e-02
 -2.64507812e-02 -4.37832586e-02  1.86634567e-02  1.97473064e-01
 -3.85049582e-02  5.96512370e-02 -1.00554243e-01 -1.98782533e-02
 -2.00453326e-02 -3.17307897e-02 -3.46327312e-02  6.50811940e-02
  2.59036329e-02 -3.18647735e-02 -9.37932879e-02 -6.96717016e-03
 -4.14293557e-02  9.98071656e-02 -7.26916594e-03  2.32054330e-02
  8.29538181e-02 -3.37798037e-02  5.70683107e-02 -1.62292048e-02
  2.57706363e-02 -2.25382205e-02  1.15194097e-02  4.11961451e-02
  5.43339970e-03 -1.22215502e-01  4.22485322e-02 -6.32743483e-33
 -1.24236690e-02 -3.43979001e-02  9.82970670e-02 -7.82631114e-02
  6.65832078e-03  6.92618191e-02 -4.27295752e-02 -5.55733172e-03
 -1.93051100e-02  1.33670345e-02  5.19310907e-02  7.58323148e-02
 -3.49604823e-02  3.72340456e-02  1.25400066e-01 -4.55183350e-02
 -1.03530437e-01 -2.01367354e-03 -1.20276865e-02 -1.60023719e-02
 -1.36747593e-02  4.39650752e-02 -1.31169073e-02  6.62781075e-02
  3.99427488e-02 -8.80176201e-02  7.71675780e-02  2.21562851e-02
  3.33470516e-02  2.22038419e-04  5.97628132e-02  4.99781705e-02
 -3.25430408e-02 -3.18328515e-02  3.30632925e-02  3.47457193e-02
 -7.91298747e-02  4.64484431e-02 -1.74496640e-02  2.62050936e-03
 -1.95549447e-02 -1.93485878e-02 -4.10454988e-04 -1.09937065e-03
  5.64147271e-02 -1.49604175e-02  6.66694641e-02  2.12246906e-02
 -4.77088653e-02 -1.20670479e-02 -4.03557755e-02  6.30877614e-02
 -7.62714148e-02 -5.24078347e-02 -6.08732738e-03 -2.99450606e-02
  7.57885948e-02 -3.12770717e-02 -4.11605798e-02 -5.60339168e-02
 -3.19557898e-02  1.58047453e-01 -4.25735787e-02 -2.55826544e-02
  7.40225539e-02 -2.16442738e-02  1.40673630e-02  5.60982898e-02
 -3.50379422e-02 -1.30118579e-02 -2.03309022e-03 -5.38170934e-02
  3.03965751e-02  2.11555492e-02 -4.65331599e-02 -3.98085006e-02
  8.93663429e-03 -1.81602896e-03 -6.24714512e-03  6.39621466e-02
 -7.04901814e-02  4.03555334e-02 -1.12110106e-02 -4.84533533e-02
  1.45275798e-02 -3.07466816e-02  1.78928096e-02 -1.84036065e-02
  6.50404096e-02  5.08161448e-02  4.40139696e-03  3.15287113e-02
  5.58487438e-02 -3.50195169e-02 -9.57863629e-02  3.10305089e-33
  1.73052289e-02 -7.27206143e-03 -5.12308739e-02  6.27800152e-02
 -2.55618431e-02 -6.23423271e-02 -6.49525821e-02  3.95487025e-02
  2.06807703e-02  3.49196233e-02 -6.76320717e-02  1.17034450e-01
  7.48484284e-02  3.18603553e-02  4.56847511e-02 -2.94998102e-03
 -1.40905343e-02  4.28062975e-02 -2.98109073e-02 -3.65253426e-02
 -8.20733979e-03 -2.17134040e-02  5.12563661e-02  8.34508613e-02
 -7.90779069e-02  4.86647226e-02 -2.30536312e-02 -2.06884518e-02
  2.39535253e-02  1.39190617e-03 -4.44948040e-02  1.68381128e-02
 -4.82213423e-02  2.75233518e-02 -1.61756370e-02  4.26372280e-03
 -3.39422971e-02 -4.59293202e-02 -3.57614201e-03  4.41634394e-02
 -6.32687146e-03 -1.83621589e-02 -1.65332016e-02  2.60096937e-02
 -4.35513295e-02  4.11483161e-02 -7.78587759e-02  4.41770107e-02
  3.49924713e-02  1.02673611e-02  4.17899564e-02  5.18142954e-02
 -6.10631555e-02 -4.11970131e-02  2.77655665e-02 -1.66404005e-02
  5.18687768e-03  4.49243002e-02 -3.48460078e-02  1.01265861e-02
  1.07797869e-01  9.83127430e-02 -3.75204167e-04  8.08056965e-02
 -9.53243673e-02 -1.47328824e-02  1.43780466e-02 -1.19348280e-02
 -2.98011191e-02 -6.49639815e-02  1.94449425e-02  1.02034975e-02
 -1.09379098e-01 -5.24507575e-02 -1.04552463e-01 -3.28081404e-03
 -1.87670011e-02 -1.67606231e-02 -8.29121843e-02 -1.05998409e-03
 -5.60257249e-02  6.44858042e-03 -2.21749097e-02  3.18032280e-02
 -4.50259307e-03 -7.61502609e-02 -5.18955700e-02 -9.86995548e-02
 -2.83977948e-02  4.46897261e-02 -2.39000302e-02 -2.54403427e-02
 -7.19771236e-02  1.30759910e-01 -1.11361220e-02 -1.37753400e-08
  1.41333202e-02 -3.55283245e-02  7.74168596e-02  2.52260547e-02
 -3.08769848e-02 -3.34784226e-03  9.63913426e-02  3.28310803e-02
  2.91971788e-02  5.49014919e-02  1.10261003e-03  4.46566567e-03
  3.67313586e-02  1.07249022e-01  1.90721161e-03 -3.98320556e-02
  3.41808833e-02 -6.56529292e-02 -4.81333546e-02  3.85969356e-02
 -3.80542837e-02 -3.52188349e-02  1.42804533e-02  8.45834464e-02
 -5.69670647e-03 -6.72160089e-03  8.13937858e-02  3.27026262e-03
  2.94867828e-02  5.43959700e-02  2.58495957e-02  6.71447515e-02
 -2.45625321e-02 -1.64845295e-03 -8.29644948e-02 -7.90010616e-02
 -1.33639127e-02  2.04432029e-02 -6.62108958e-02 -1.78385135e-02
 -3.22915986e-02  4.38490175e-02 -5.29868864e-02  1.24783963e-02
  4.08829376e-02 -1.12866662e-01 -4.53029014e-03  7.70842209e-02
 -1.41113466e-02  1.11722462e-02  1.71338227e-02 -9.25147608e-02
  9.77493078e-03  6.10512728e-03  2.88824029e-02  1.23684602e-02
  1.55405595e-03  2.91493516e-02 -2.06545778e-02  2.62596961e-02
  8.86137933e-02 -4.09259349e-02  6.79454878e-02 -7.41952145e-03]"
145,Packaging Material and Waste,Environment,environmental,7,0.3476,"[ 2.94234902e-02  5.93595803e-02  4.65510637e-02  4.03250083e-02
  9.25535038e-02 -4.37608361e-02  9.30055305e-02 -2.79142596e-02
 -1.56695694e-02  4.91698682e-02  1.46241812e-02 -1.21006437e-01
 -3.04237474e-02  2.63481140e-02 -5.10410545e-03  5.66044182e-04
 -7.13069737e-02 -1.85578596e-02 -6.89479485e-02  1.00896778e-02
 -7.30881914e-02  9.15194973e-02  1.85075719e-02 -1.07861124e-02
 -1.04230046e-01  7.77317882e-02 -1.16722183e-02  6.19202703e-02
  4.40182984e-02 -6.36527315e-02  4.63096276e-02  1.35795444e-01
  7.58200958e-02 -6.41590282e-02  5.18101733e-03  8.27746168e-02
  4.76177000e-02 -3.58480364e-02  3.94728780e-02  4.79152752e-03
 -6.42248020e-02 -5.28732948e-02  5.73270023e-03 -6.61196038e-02
 -5.77181280e-02 -3.58366966e-02  2.54371241e-02 -1.10082909e-01
 -1.62164196e-02 -5.05823903e-02  2.88065579e-02  1.76714119e-02
 -9.06714574e-02  5.17519133e-04  7.01938290e-04 -9.29394811e-02
  1.48020955e-02 -1.67082194e-02 -7.69444276e-03 -2.37072427e-02
  1.29866913e-01 -4.48093787e-02 -1.06099740e-01  5.26965670e-02
  1.06077030e-01  3.21223363e-02 -4.66013290e-02  1.00679733e-01
  4.32769656e-02 -8.55781808e-02  5.51436283e-02 -3.06917331e-03
 -5.08446479e-04 -6.10806197e-02  1.47830890e-02  1.89991184e-02
 -1.33283818e-02  1.00695121e-03  5.42332865e-02 -4.69316542e-02
  9.74845588e-02 -4.55856994e-02 -7.38610104e-02 -1.03121130e-02
  8.22287276e-02 -1.22798595e-03  2.66994629e-02 -1.85170900e-02
 -2.11907700e-02  4.93032858e-02 -4.16678488e-02 -4.92380261e-02
  9.53871235e-02  1.01665733e-02 -9.53693241e-02  7.97835737e-02
  1.98846236e-02 -7.00567737e-02  2.11661849e-02  1.90571442e-01
 -4.41129096e-02  1.80129707e-02 -9.12160203e-02  2.78086774e-02
 -2.22663675e-03 -6.64783344e-02 -1.42638823e-02  3.96965295e-02
  2.63188872e-02  1.02832941e-02 -7.21670091e-02 -3.38842161e-02
 -3.14766541e-02  4.17146832e-02  3.38467099e-02  1.50637059e-02
  7.41173998e-02 -6.19875714e-02  4.97951359e-02 -1.73714161e-02
 -4.86150756e-03 -9.07943211e-03 -3.00881285e-02  3.37274820e-02
  4.05693194e-03 -8.36046636e-02  6.07936783e-03 -5.46133059e-33
  3.68937552e-02 -6.70837611e-02  8.19897130e-02 -6.14337921e-02
  2.70767137e-02  6.24167882e-02 -3.54157872e-02 -2.46629119e-02
 -6.25555031e-03  3.03228237e-02  2.62551736e-02  5.26719168e-02
 -6.63965270e-02  5.44198900e-02  1.51424214e-01 -1.69193372e-02
 -1.07613273e-01  3.02188937e-02 -2.79522454e-03  2.57840939e-03
 -2.31366828e-02  3.09065972e-02 -3.88305336e-02  5.96017949e-02
  5.74983917e-02 -6.55676201e-02  6.48263842e-02 -4.32679802e-02
 -2.42338162e-02  9.78320092e-03  7.95183107e-02  3.53806205e-02
 -4.30563688e-02 -9.09336656e-03  4.24328409e-02 -1.84061099e-02
 -4.89720814e-02  5.78875653e-02 -3.62631120e-02 -4.35453393e-02
 -2.11544838e-02  1.16679142e-03  2.90663149e-02  2.98514627e-02
  4.84351553e-02 -1.15346564e-02  4.62590046e-02  1.45283109e-02
 -3.13730463e-02  2.48040687e-02 -3.81848253e-02  4.39743400e-02
 -3.34139131e-02 -2.91978735e-02  7.10950699e-03 -6.28487673e-03
  7.14248046e-02 -2.07667667e-02 -3.75941768e-02 -1.34372786e-02
  2.66693849e-02  1.77349672e-01 -4.04703915e-02 -1.09065333e-02
  9.64723155e-02 -2.10637096e-02  3.57884094e-02  2.08221413e-02
  1.89184286e-02 -1.02257086e-02 -4.16537523e-02 -2.44810022e-02
  1.49678420e-02  2.68920287e-02 -5.72762378e-02 -2.22617146e-02
 -4.49381471e-02 -6.30477024e-03 -5.67882247e-02  5.21987006e-02
 -5.18746749e-02  2.06683632e-02 -6.46070391e-02 -2.15132236e-02
 -2.18314901e-02  8.30346067e-03 -2.32080044e-03 -5.64337857e-02
  7.04839602e-02  8.00417513e-02 -1.94831546e-02  1.05452454e-02
  1.23503404e-02  8.06189026e-04 -8.49922374e-02  3.32247344e-33
 -1.85735766e-02 -2.25647986e-02 -4.15043049e-02  2.13459246e-02
 -2.93566715e-02 -5.32729775e-02 -6.15489706e-02  2.52235439e-02
  5.56211583e-02  5.93355298e-02 -9.94036123e-02  1.09323934e-01
  9.50791091e-02  4.64330539e-02  2.44705863e-02 -5.82904853e-02
 -5.44509403e-02  5.39419614e-02  4.67187812e-04 -2.82340664e-02
 -3.01829111e-02  3.58304172e-03 -2.40244046e-02  2.49637384e-02
 -6.24447279e-02  6.91333562e-02 -3.58158462e-02 -1.99585035e-02
  2.31184792e-02  2.03754120e-02 -3.67810205e-02  3.91935818e-02
 -3.18603255e-02  6.22534230e-02 -3.80355641e-02  1.37951430e-02
  1.48286228e-03 -5.35822138e-02 -2.48922370e-02  1.18764089e-02
  2.41450090e-02  3.80402547e-03  4.24854569e-02  4.07686904e-02
 -2.21768748e-02  3.47569399e-02 -6.22857995e-02  2.74870656e-02
  2.75618676e-02 -2.35495456e-02  5.66889420e-02  5.10428436e-02
 -4.61455546e-02 -3.86656709e-02  8.24475214e-02 -1.13750910e-02
  1.25306370e-02  2.43886728e-02  3.13695753e-03  1.14133731e-02
  1.18067406e-01  9.68590677e-02 -2.37297397e-02  8.32712799e-02
 -8.81650075e-02  1.56793278e-02 -1.53318569e-02  2.54108254e-02
 -7.41499737e-02 -4.78495434e-02  6.14365505e-04  1.58856902e-02
 -9.72765237e-02 -6.27395213e-02 -7.27646202e-02 -5.65639092e-03
 -4.07611169e-02  2.63616946e-02 -3.50487866e-02  1.26121175e-02
 -4.38694954e-02  1.26560610e-02 -2.79752761e-02  2.06409711e-02
 -8.20602477e-03 -5.72121702e-02 -4.79213670e-02 -6.67885095e-02
 -6.51913229e-03 -1.23094385e-02 -1.61633715e-02  1.16000120e-02
 -1.15032032e-01  6.93974122e-02 -2.27947086e-02 -1.28662272e-08
  3.06701579e-04 -3.14678922e-02  5.92299774e-02  1.93422288e-02
 -5.51463105e-03  3.05357785e-03  1.06795311e-01  3.02069914e-02
  2.86450852e-02  6.34947568e-02 -1.41160553e-02  1.62381586e-02
  4.34507988e-02  1.06191196e-01 -1.95824225e-02 -5.16445152e-02
  5.22762677e-03 -8.68638307e-02 -4.94096614e-02  3.82326473e-03
  1.86009724e-02 -2.43300740e-02 -1.30977361e-02  4.12851274e-02
 -4.11151126e-02 -5.73971123e-02  4.89011891e-02  2.53267400e-03
  5.12218811e-02  4.92720641e-02  5.69865890e-02  9.14535522e-02
 -4.55191880e-02 -2.23763175e-02 -7.83428103e-02 -8.71393904e-02
  1.15007497e-02 -2.33703554e-02 -6.29855245e-02 -4.31614779e-02
 -5.10893613e-02  5.08135511e-03 -9.50673874e-03 -1.15847383e-02
  5.10271825e-02 -6.70967847e-02  1.27111189e-02  2.78030541e-02
  2.24319287e-03  1.70373041e-02 -3.66397686e-02 -9.30932015e-02
  3.07124555e-02  3.35388035e-02  3.71334627e-02 -1.68844108e-02
 -1.33052943e-02  1.24371490e-02 -1.88337881e-02  1.88166779e-02
  8.02235529e-02  1.68495364e-02  4.61320505e-02  4.82950173e-02]"
146,Packaging Material and Waste,Environment,wafers,1,0.3353,"[-1.16674332e-02  1.75768603e-02  2.08140556e-02 -8.06161109e-03
 -7.59418085e-02 -6.22801594e-02  1.07661389e-01 -1.27624199e-02
  1.45141054e-02  2.11779606e-02  3.72670554e-02 -6.93333820e-02
  1.57723688e-02  1.26932748e-03 -8.71874243e-02 -5.86150214e-02
  2.84725688e-02 -4.58883159e-02  6.61413837e-03  2.17527691e-02
  6.26783147e-02  1.18512195e-02 -2.73138238e-03 -1.46828825e-02
  4.67535527e-03  1.00231275e-01  4.62213717e-03  9.90293398e-02
  4.06819619e-02 -8.17392990e-02  3.82023193e-02  5.07617220e-02
  1.34037435e-02  8.33645556e-03  4.42772284e-02  2.27840599e-02
  2.96619032e-02 -4.69289720e-02  6.20640106e-02 -2.17176974e-02
  3.81945930e-02 -6.06052205e-02  1.98347252e-02  5.61783686e-02
 -2.34285127e-02 -2.82078665e-02  1.53251365e-02 -5.38122542e-02
  3.09095122e-02  3.41863884e-03 -3.46814818e-03 -7.34957457e-02
  2.51955930e-02  3.37368064e-02  9.26586241e-03 -7.92407095e-02
 -6.17558956e-02  1.92075092e-02  3.64587568e-02  4.48571797e-03
 -9.61658452e-03 -7.29710162e-02 -4.07252312e-02 -1.54861966e-02
 -1.64677179e-03 -1.11645516e-02 -7.34095722e-02  4.23523411e-02
 -2.01085154e-02 -2.66780844e-03 -5.73993735e-02  1.03638768e-01
  3.35745029e-02  2.34807413e-02  1.14306785e-01  3.54377143e-02
  7.48765245e-02 -7.56035745e-02  1.56423114e-02  1.58018358e-02
 -2.88651269e-02  3.14415549e-03 -1.17231254e-02 -2.74048327e-03
  1.11606298e-02 -5.82258776e-02  2.41819285e-02 -9.39521566e-03
  2.58489139e-02 -1.18103616e-01 -8.50087479e-02  3.23231705e-02
 -2.79727317e-02  5.40548563e-02 -5.01011359e-03 -3.90507951e-02
 -4.97763827e-02  1.39377667e-02 -1.78259555e-02  1.07310094e-01
 -4.93036723e-03  8.06373432e-02  2.96389367e-02 -3.56471390e-02
 -3.29912119e-02 -6.33819327e-02 -8.27354565e-02  1.04364976e-01
  5.86144486e-03 -2.34774072e-02 -9.03645307e-02  4.67193760e-02
 -5.38441986e-02  3.65786813e-02 -7.61398152e-02 -5.55742458e-02
  8.80684704e-03 -8.46687704e-03 -4.94125038e-02 -1.02156311e-01
 -5.32534085e-02  3.85295227e-02 -9.71146300e-03 -2.32937019e-02
 -6.34346977e-02 -4.33738790e-02  3.12971547e-02 -2.05683832e-33
  1.57998055e-02  2.92552263e-02 -3.50661166e-02 -8.35007615e-03
  9.13651362e-02 -4.53180969e-02  2.64464971e-02 -6.33490365e-03
  3.98601927e-02 -4.07468304e-02 -1.77984107e-02 -1.53811825e-02
 -7.14103058e-02  4.01218906e-02  9.97633189e-02 -5.39809093e-02
 -1.36662386e-02  1.20519837e-02  1.29378792e-02  7.21764006e-03
 -1.31086290e-01 -6.72363443e-03  2.04641670e-02  1.01174712e-01
  1.91578511e-02 -3.08888666e-02 -9.86084342e-03  1.33555699e-02
  1.79302704e-03 -4.77431749e-04  1.17765538e-01  7.22945556e-02
  1.52733568e-02 -3.88215706e-02 -4.39522602e-02  4.04613912e-02
 -7.68562183e-02 -7.74883386e-03  5.60204871e-02 -3.55005451e-02
 -1.52650634e-02  2.54401956e-02  9.35893282e-02  1.21299542e-01
  1.38405971e-02  1.13644544e-02 -2.11419947e-02  2.77972836e-02
  4.94878180e-02  3.93654294e-02 -5.40957935e-02  6.97615445e-02
 -1.89947467e-02  4.40483950e-02  1.65098216e-02 -9.56413001e-02
  2.43105385e-02 -3.91336754e-02 -2.84903906e-02 -1.09532699e-02
 -6.73993453e-02  1.12851076e-01 -6.25431314e-02  1.00702107e-01
 -1.58035293e-01  4.23114747e-02  5.75374952e-03  3.68180522e-03
  2.63223145e-02  3.90279517e-02 -5.88430976e-03 -4.41639312e-02
  4.88893837e-02 -2.14057136e-02 -7.53093883e-02  2.66504958e-02
  1.22847985e-02 -7.11913481e-02 -5.28514795e-02  3.16222496e-02
  9.18783247e-02 -2.39616148e-02 -6.10277466e-02 -2.39320323e-02
 -1.24825649e-01  3.43177840e-02  3.85071617e-03 -5.67274503e-02
  6.42882809e-02  2.08916795e-02 -1.30327791e-01 -1.04293982e-02
  3.17081623e-02 -3.42388749e-02 -1.00575007e-01  2.43886315e-33
  3.66515778e-02  1.13391858e-02 -2.11953409e-02  1.03311814e-01
 -2.90156268e-02 -1.22642070e-02  6.57928437e-02 -4.83760573e-02
 -1.15209946e-03 -5.25230505e-02  4.91924025e-02 -3.11518405e-02
  2.73269992e-02  4.98899594e-02 -8.68883580e-02  5.93332909e-02
  4.95747700e-02  2.59480234e-02  1.01946451e-01 -4.35506888e-02
  2.35468894e-02  8.30240771e-02  1.36830024e-02 -7.72582181e-03
 -3.35179642e-02  5.91940843e-02  3.37944441e-02  1.26566580e-02
 -6.09463975e-02 -2.41237246e-02 -6.23641424e-02 -9.76535603e-02
  4.54042926e-02  4.94906530e-02  4.06914651e-02  2.97024455e-02
  7.58089498e-02 -1.04479501e-02 -1.38165345e-02 -1.88205056e-02
  7.21806660e-02 -1.67711370e-03 -3.15865688e-02  1.14266150e-01
 -6.35707155e-02  5.40306009e-02  2.37558614e-02 -1.95797998e-02
  6.69543212e-03  2.99488846e-02 -4.09775600e-02  8.76242388e-03
 -3.68969850e-02 -4.00204100e-02 -4.92286356e-03  1.69824008e-02
 -4.57918420e-02 -1.99785363e-02 -3.18885595e-02 -2.82858238e-02
  2.24853605e-02  5.03540337e-02  1.17947692e-02 -2.19298564e-02
 -2.12510768e-02  6.88979998e-02  5.55144213e-02 -2.70311031e-02
  3.93333510e-02  2.28480175e-02  4.63660061e-02  5.30264303e-02
  6.19109608e-02 -6.87498078e-02 -2.57120747e-02  1.61668416e-02
 -6.89775273e-02 -4.64980584e-03 -5.22734933e-02 -2.04571187e-02
 -3.56259895e-03 -1.75428931e-02  2.22189818e-02  8.20771307e-02
  1.53070567e-02  2.38706060e-02  4.16867919e-02 -5.05854897e-02
 -3.47671062e-02  1.06223598e-01  1.04831615e-02  3.10689732e-02
  7.26675615e-02  7.83733744e-03  5.00943279e-03 -1.11584439e-08
  7.52745271e-02 -3.26686390e-02 -2.53980346e-02 -6.13425262e-02
 -1.71495937e-02 -7.55968615e-02  6.21265173e-02 -2.18628887e-02
 -1.95995951e-03  8.77431631e-02 -4.23917510e-02 -1.04142223e-02
 -3.72208580e-02  4.07945029e-02  6.39168024e-02  2.26837434e-02
 -3.97973433e-02  1.49195837e-02 -5.00781871e-02 -9.23398659e-02
 -6.84943125e-02  5.34447283e-02  1.67413309e-01  9.95483100e-02
 -2.18378175e-02  1.08476179e-02  3.72305661e-02 -5.75161353e-03
 -2.31206622e-02  9.72576886e-02 -1.51621215e-02  6.71011582e-02
  5.48411682e-02 -2.39036940e-02  6.02475144e-02  7.67582969e-04
 -5.00593707e-02  1.57750491e-02 -2.70459671e-02  9.08290967e-03
 -9.90694463e-02  1.52495615e-02 -5.36507256e-02  3.75546366e-02
  3.84580418e-02 -3.54191586e-02 -5.67055158e-02  7.75104091e-02
 -1.87104475e-03  3.72664109e-02  4.98387851e-02  5.88012114e-02
  4.81013060e-02 -4.53290530e-03 -5.14622629e-02 -1.17288893e-02
 -4.03771289e-02 -8.62653106e-02  3.33531685e-02  4.81944606e-02
  2.89885644e-02 -2.10310686e-02  5.88126518e-02 -3.61230895e-02]"
147,Packaging Material and Waste,Environment,products,5,0.3343,"[-5.87913357e-02  5.05784247e-03 -6.29593991e-03 -2.94913945e-04
  2.92562190e-02  1.99584719e-02  1.38282418e-01  6.79567680e-02
  6.56253775e-04 -2.83715483e-02  3.41378711e-02 -2.56551038e-02
  4.59173545e-02  5.76226646e-03 -1.00596966e-02  3.05401757e-02
  2.07552724e-02  3.79177257e-02 -1.25621870e-01 -6.06186800e-02
 -7.28496397e-03  6.41287304e-03  8.39665160e-03  5.42301200e-02
 -8.56025293e-02  7.43322894e-02 -1.33064929e-02 -1.59609038e-02
  4.60798889e-02 -1.18433610e-01  1.52246095e-02  8.41979031e-03
  7.53208026e-02 -2.54178364e-02  1.10035166e-02  3.45772654e-02
  2.63042282e-02 -3.71195227e-02 -3.92483994e-02 -2.24796589e-02
  4.42869402e-03 -1.08235694e-01 -8.57023671e-02  3.89705063e-03
  3.86006050e-02  8.60821363e-03  8.20965618e-02  7.28881657e-02
  4.32228036e-02  5.17166629e-02 -8.25196505e-02 -4.85871918e-04
 -6.70826882e-02  2.88107432e-03 -3.64170969e-02 -4.28003632e-02
 -5.53584583e-02  2.20860597e-02  3.98463244e-03 -2.38562766e-02
  9.49507430e-02 -4.96065877e-02 -1.08241200e-01  3.51700559e-02
  4.24488969e-02 -1.69612803e-02 -2.48049032e-02  2.13293582e-02
 -9.03966799e-02  1.70463286e-02  5.86300157e-04 -1.27536210e-03
 -2.24868413e-02  6.82208538e-02  4.35889550e-02  1.12020178e-02
  5.67344315e-02 -8.82405415e-02  4.10690792e-02 -1.65865645e-02
 -2.84322388e-02 -2.65328516e-03 -4.99750488e-02  2.31047329e-02
  1.21408151e-02 -6.21322542e-03 -1.95582304e-02 -2.62412913e-02
 -1.82994939e-02  2.60397643e-02 -4.49213237e-02 -1.24452589e-02
  7.11170305e-03 -1.13891503e-02 -8.42933133e-02  2.90408381e-04
  3.25418264e-02 -6.24311641e-02  7.72041380e-02  2.31964335e-01
 -1.82481613e-02  1.40482001e-02 -1.08634951e-02 -7.38154054e-02
 -9.81313139e-02 -4.13343906e-02 -7.02061877e-02  2.19719801e-02
  8.35304111e-02  7.15231672e-02 -9.95503142e-02 -3.71970311e-02
 -1.14582904e-01  5.39069921e-02 -2.78846733e-02 -3.29778008e-02
 -4.89294995e-03  7.40281958e-03  8.34732503e-03 -3.41384038e-02
  6.37566997e-03  3.47481854e-02  8.10906515e-02  3.10127647e-03
 -1.08969800e-01 -2.58888621e-02 -7.87114026e-04 -4.20454346e-33
 -2.97429152e-02 -3.85809988e-02  1.13645033e-03  6.64131716e-02
 -8.15990567e-02  4.39429730e-02  1.67678180e-03 -3.68564762e-02
  8.76355264e-03  7.96671286e-02 -6.31898716e-02  7.99446926e-02
 -2.59430264e-03  6.20856993e-02  1.78350702e-01  1.90827586e-02
  1.13450112e-02 -6.95854053e-03  2.45807339e-02 -3.13063636e-02
 -8.27919990e-02  5.46061806e-02 -1.25468774e-02  9.71486792e-02
 -2.50470024e-02 -9.07849595e-02  9.01378877e-03 -3.12269293e-02
  2.12602615e-02  1.98972169e-02  6.97747171e-02  5.76270185e-02
  2.31784210e-02 -9.64603871e-02 -7.53384680e-02  6.71351627e-02
 -8.46114289e-03 -1.17853515e-01  5.65705746e-02  3.50609533e-02
  1.03656510e-02  1.57099366e-02 -1.21717826e-02  6.26092628e-02
 -3.80541780e-03  1.64744351e-02  6.34852331e-03  3.17829177e-02
 -2.16419902e-02  1.74175445e-02 -5.55488877e-02  2.51100883e-02
  5.99516928e-03 -4.68748100e-02 -9.36649833e-03 -4.02480364e-02
 -2.09080242e-02 -1.37429545e-02  6.69837669e-02  4.94872332e-02
 -1.08493175e-02  1.43434182e-01  7.39389844e-03  8.76487140e-03
 -7.97489360e-02  1.05029391e-02  4.07329872e-02 -4.95124385e-02
 -7.79371848e-03  3.57479341e-02 -7.83483014e-02 -1.95087539e-03
  8.14457610e-02 -3.47083956e-02  3.08610573e-02  4.66724252e-03
 -2.33827680e-02  2.13317052e-02 -4.50165682e-02  5.68664819e-03
 -1.31411189e-02  6.48043538e-03  5.74321859e-03  8.48789588e-02
 -4.45373133e-02 -1.56600438e-02 -3.76028754e-02 -5.97748570e-02
  2.63609327e-02  1.98626928e-02 -4.37735505e-02  2.78287586e-02
  7.77304592e-03  5.77724278e-02 -6.01051413e-02  3.58644539e-33
 -5.91884777e-02 -6.69890046e-02  8.19309335e-03  6.01980314e-02
  6.37301803e-02 -1.64224431e-02 -2.16548648e-02 -7.01072365e-02
  6.46224665e-03  6.41157627e-02 -4.24025208e-02 -5.20214215e-02
  5.77171445e-02  3.73884924e-02 -6.20742403e-02  7.43120760e-02
  1.32989243e-01  1.28603168e-03  3.40608992e-02 -5.21378778e-02
 -2.17238348e-02  5.41472547e-02 -2.18338333e-02 -1.78782549e-02
 -6.58266693e-02  1.49474367e-02  2.64405869e-02 -1.90107692e-02
 -1.14661371e-02  7.82959908e-03  7.69097954e-02 -8.75754356e-02
 -3.87074947e-02  8.75517800e-02 -1.02202883e-02  4.84825037e-02
  4.45219763e-02  8.55367817e-03  1.82808544e-02 -7.79630616e-02
  1.06717736e-01 -4.22311760e-02  9.02870018e-03  1.09298334e-01
 -1.45963104e-02 -5.32791875e-02 -1.42916851e-02 -4.00865860e-02
  6.00570925e-02  2.43710913e-02 -3.49113792e-02  5.96650094e-02
  2.06061658e-02 -8.37164074e-02 -5.58129251e-02  6.31493004e-03
  2.33588144e-02 -1.76936407e-02 -1.15406364e-02 -1.88886020e-02
 -2.72861719e-02  5.46115749e-02 -1.02473916e-02 -4.94879670e-03
  3.33762802e-02  1.71909928e-02  3.61813419e-02 -1.91942248e-02
  4.62450534e-02  1.00281499e-02  7.66607448e-02  6.95745647e-02
 -6.89038932e-02 -8.13895836e-03 -5.56591712e-02 -1.71434190e-02
 -9.99706313e-02  1.80050246e-02  5.15326438e-03 -3.95756252e-02
  1.62003059e-02 -7.07692280e-02 -2.77959555e-03  3.90002131e-02
 -4.63363938e-02 -2.05045734e-02  1.65116030e-03 -2.48833820e-02
 -2.23649908e-02  1.35789961e-02 -4.91139404e-02  1.55882044e-02
 -6.45454600e-02  1.15772404e-01  7.58028403e-02 -1.26144268e-08
  1.67553257e-02 -1.70318559e-02  9.34164748e-02  4.48675677e-02
  6.43385062e-03  4.76558916e-02 -2.73258127e-02  7.23163784e-02
 -7.04928860e-03  5.18812723e-02  7.36039924e-03  5.08121289e-02
 -5.09647951e-02  9.54032391e-02  6.91088587e-02 -1.76308267e-02
 -5.84158674e-02 -1.50837307e-03 -3.56648676e-02 -4.24275361e-02
  1.04608750e-02  5.81135154e-02  8.41344371e-02 -1.53219057e-02
 -7.03619719e-02 -5.30223399e-02  7.76519626e-02  7.26070628e-02
  2.55656298e-02  5.71256271e-03  1.62227731e-02  2.02338062e-02
  1.28194597e-02 -3.01092230e-02  4.09353971e-02 -1.09295040e-01
  8.79311468e-03  2.16824771e-03 -9.13234800e-03 -3.79719096e-03
 -4.53203991e-02 -1.67809781e-02 -4.18937160e-03 -2.40199529e-02
 -1.70076694e-02 -3.72735336e-02  1.65155611e-03 -2.62649674e-02
 -3.41138057e-02  3.71059589e-02 -7.89362588e-04  2.30737124e-02
  4.94264290e-02 -3.34206969e-02  8.91670468e-04  4.69275611e-03
  5.13696484e-02 -6.97694346e-02 -1.87531430e-02  3.45401913e-02
  7.26866201e-02 -4.61827926e-02  1.20344140e-01  3.38946544e-02]"
148,Packaging Material and Waste,Environment,expense,1,0.3337,"[-1.63565744e-02  1.22137539e-01 -2.57996563e-02  3.27599235e-02
  6.83242306e-02  1.40004624e-02  1.66929260e-01  7.60759460e-04
  2.43970901e-02  3.34730409e-02  4.63297591e-02 -5.17470390e-02
 -5.08533008e-02  1.05642397e-02 -9.97797549e-02 -7.50976577e-02
  3.29526626e-02 -1.19980704e-03 -7.73569420e-02  4.89019752e-02
 -1.59396175e-02 -1.36765861e-03  2.27577947e-02  4.96757068e-02
  2.71918550e-02  2.70599965e-02  1.46996500e-02  6.13175472e-03
  7.20709702e-03 -7.57102221e-02  2.06321813e-02 -4.27430943e-02
  1.42624564e-02 -4.23899032e-02  4.78102230e-02  4.64664288e-02
 -5.71578089e-03  2.42416412e-02  5.97849395e-03  2.25499924e-02
 -7.64634013e-02 -2.54862290e-02 -2.32539140e-02 -1.34546617e-02
  5.91235841e-03 -2.69560460e-02 -1.85616850e-03  2.02831738e-02
  1.25986533e-02  9.10045579e-02  6.37499318e-02 -4.78063943e-03
 -1.75113212e-02 -3.37936394e-02  1.79736875e-02 -3.10974903e-02
  2.50115357e-02 -4.80035096e-02 -3.43269184e-02 -4.56890762e-02
 -4.87143435e-02  1.90160461e-02 -4.99953665e-02  3.73783000e-02
  6.97859749e-02  4.70597483e-03  3.69818462e-03  4.24409546e-02
 -1.32664770e-01  1.60668492e-02 -5.36833704e-02 -1.48961898e-02
 -4.59607914e-02 -3.28484038e-03  4.21848111e-02  1.58316223e-03
  1.23638295e-01  4.52016965e-02  1.96552183e-02 -1.93706118e-02
  4.20274436e-02  3.36726382e-02 -1.93612352e-02  1.57692283e-02
  5.33955880e-02  8.54628440e-03  1.03627564e-02  6.62570354e-03
  1.98306795e-02 -1.75112411e-02  3.39863673e-02 -6.92313984e-02
  3.87494862e-02 -2.94147376e-02  1.68389063e-02  1.80219002e-02
  4.83108778e-03  1.94627605e-02 -8.06125998e-03  1.98196709e-01
  2.67550573e-02  3.62094380e-02  7.45547786e-02  1.26445084e-03
 -2.52007544e-02 -2.99397483e-02  5.35278283e-02  5.80843836e-02
  4.70068492e-02  1.10540800e-02 -3.19636837e-02 -3.84777300e-02
 -4.01170552e-02 -8.05440079e-03  5.39653264e-02  4.43705022e-02
 -6.22379370e-02 -1.50913897e-03  1.00429356e-01 -2.37406678e-02
  5.37673570e-03  1.94806512e-02 -8.19076225e-03 -8.18897411e-03
 -1.40974283e-01 -1.45608738e-01 -3.25344391e-02 -4.58602591e-33
 -2.56209541e-02 -2.07224861e-02 -1.28076319e-02 -3.59212942e-02
 -6.07440099e-02 -2.95109209e-02 -1.83222874e-03  1.37613937e-02
 -5.94907291e-02  2.28315704e-02  8.05824436e-03  1.00406803e-01
 -2.92734113e-02 -3.13319708e-03  9.25004482e-02  2.37428863e-02
  1.61549449e-02  1.50664866e-01  7.20424056e-02 -3.29120792e-02
 -2.79599484e-02 -3.71849686e-02  5.61105981e-02  1.59463584e-02
  1.43072475e-02 -3.47601995e-02  2.01945640e-02 -7.19791427e-02
  4.18083221e-02 -4.64510609e-04  3.01564392e-02  3.29763666e-02
  6.51572794e-02 -1.90885067e-02 -5.70510980e-03  1.47756916e-02
 -3.30419652e-02 -8.46527424e-03  2.12832410e-02 -4.02331613e-02
 -3.07414215e-02 -3.74483392e-02  6.73258351e-03 -4.03363141e-04
 -5.72063550e-02 -4.83943382e-03  1.39663965e-01 -1.64686388e-03
 -8.32640305e-02  2.63123307e-02 -4.88888547e-02 -4.10292782e-02
 -6.79416060e-02 -2.32733916e-02 -3.77232470e-02 -8.45339224e-02
  4.98535447e-02 -3.04846019e-02  2.54601259e-02 -7.09829181e-02
  3.19979750e-02  6.22442784e-03 -5.07050706e-03 -6.28247531e-03
 -4.62354794e-02 -4.69665565e-02  8.69558100e-03 -1.03714662e-02
  4.67853062e-02 -2.92222835e-02 -9.35008228e-02 -3.29899602e-02
  7.16703162e-02  3.46073247e-02  1.88855436e-02  7.09749386e-02
 -2.26736385e-02 -2.99675297e-02 -6.53950172e-03  3.87309231e-02
 -7.47596920e-02 -5.53179942e-02  1.05524752e-02  4.31521684e-02
  1.91366095e-02  1.78157929e-02  2.93569528e-02 -2.26296503e-02
 -2.24195775e-02  2.41286270e-02  1.67030829e-03  5.09674521e-03
 -4.21557091e-02 -5.60809523e-02  5.63131943e-02  3.09865968e-33
  2.54482329e-02  3.72876227e-02  4.10644114e-02 -8.73378292e-03
 -1.73228011e-02  8.45905673e-03 -2.20703594e-02 -6.42618835e-02
  1.45401922e-04  6.98277131e-02 -1.52567521e-01  1.72348600e-02
 -4.07529809e-02  1.07117267e-02  3.87516171e-02 -6.31802157e-02
  6.12586290e-02 -5.03634773e-02 -1.81386690e-03 -5.75728975e-02
 -4.78130504e-02  9.23388004e-02  9.47149694e-02 -7.19401166e-02
 -7.58740157e-02  6.27736002e-02 -3.36614884e-02 -7.84296915e-03
 -4.84051332e-02  3.55000794e-02 -2.47250721e-02 -1.87673848e-02
 -2.02075616e-02  4.96611968e-02 -6.25531524e-02  2.15245672e-02
 -2.23159995e-02  1.06947944e-01 -4.07849159e-03 -2.17887498e-02
  3.85074057e-02 -2.88848188e-02  5.31292297e-02  5.56307957e-02
  4.44942415e-02 -8.34125504e-02 -9.12485868e-02 -8.48962069e-02
  1.05040178e-01 -4.66191657e-02  7.53259228e-04 -2.52553690e-02
  6.12343429e-03  4.00832901e-03 -1.20761685e-01  8.35846588e-02
  1.59626398e-02 -4.00771312e-02  3.24736312e-02 -1.44320242e-02
  1.07626142e-02  7.65349716e-02 -1.07929194e-02  5.44561148e-02
 -9.19575915e-02  9.35977232e-03  4.72733229e-02 -8.37110654e-02
  2.45724581e-02  1.04822377e-02 -2.63196845e-02  4.48610354e-03
 -7.43426830e-02 -9.99499299e-03 -8.25341418e-03  8.78227577e-02
 -4.38300456e-04  1.81830097e-02  3.52115147e-02 -4.53571742e-03
  3.86100188e-02 -4.36400101e-02  5.37416199e-04 -3.64524536e-02
 -7.32007697e-02 -1.07413799e-01  1.01969540e-02 -3.10715437e-02
 -4.83687557e-02  1.83014050e-02 -2.81118173e-02  4.25008824e-03
 -3.49301449e-03  9.26390141e-02 -1.93841029e-02 -1.21413830e-08
 -5.70780365e-03  2.92445868e-02  8.53143632e-02  1.93981901e-02
 -7.51081016e-03 -1.28185093e-01  3.39011066e-02  1.39226839e-01
  1.66194662e-02  1.11576900e-01  2.11559236e-02 -2.97672488e-02
  1.25690801e-02  7.01404437e-02 -5.00777364e-02  2.27498058e-02
 -6.93194009e-03 -2.62068156e-02 -4.89056632e-02  1.85109396e-02
 -3.45810986e-05  8.91911145e-03 -1.20909242e-02  6.08715303e-02
  2.89238291e-03 -5.83644733e-02  1.96797755e-02  1.30579025e-01
  1.64106041e-02 -1.55909834e-02  5.30366674e-02  6.83815926e-02
  2.46365797e-02 -2.73051877e-02 -7.35626668e-02 -1.04315706e-01
 -8.12849328e-02  1.01146484e-02  1.34786181e-02  8.58510062e-02
  2.05497677e-03  3.46397806e-04  4.56634685e-02  1.14546455e-02
  3.14598419e-02  1.04331216e-02 -1.60954252e-01 -3.93029824e-02
 -7.70105422e-02 -3.06337755e-02 -8.84746946e-03  2.03623325e-02
  6.17743470e-02  2.82977838e-02 -1.12683754e-02  3.76186194e-03
  6.69868514e-02  3.57781909e-02 -5.97681552e-02  3.78981568e-02
  8.83718207e-02 -6.61034882e-02  2.66110338e-02 -5.52146211e-02]"
149,Packaging Material and Waste,Environment,supply,7,0.3274,"[-4.80010584e-02  6.06196886e-03 -4.42236103e-02  9.44891851e-03
  1.37290265e-02 -1.26648322e-02  5.26407473e-02 -2.91309319e-03
 -1.67634320e-02 -2.07749400e-02  5.20413695e-03 -7.68590868e-02
 -1.91092901e-02  6.26681466e-03 -6.02371395e-02  8.10093246e-03
 -2.22981144e-02 -3.35747492e-03 -1.00904413e-01 -4.92415428e-02
 -6.06176928e-02  1.89930759e-02 -5.69036193e-02  1.30174346e-02
 -5.70755303e-02  6.57247454e-02 -3.93510535e-02 -9.31018218e-03
  6.36792630e-02 -1.17471099e-01  2.75561046e-02  1.78847592e-02
  8.31674114e-02 -6.17444108e-04 -3.32025578e-03  1.36477016e-02
  4.14656363e-02 -4.51939106e-02  1.00668231e-02  4.29894170e-03
  1.37190744e-02 -1.07438229e-01 -4.02807295e-02  4.32234928e-02
 -1.83944646e-02 -4.09223652e-03  4.66088541e-02  1.76988225e-02
  5.57742789e-02  2.96225585e-02 -1.47402175e-02 -3.03806402e-02
 -9.45890620e-02  5.43509349e-02  2.09253915e-02 -4.71819863e-02
 -3.31841805e-03 -4.31334926e-03 -3.25132012e-02 -3.66487950e-02
 -3.59992981e-02  6.73774909e-03 -7.69567341e-02  5.51030561e-02
  9.76072773e-02 -5.69230281e-02 -1.10204592e-02  3.86798456e-02
 -6.64361417e-02  1.79491809e-03  3.20817865e-02  5.92795499e-02
 -1.18640354e-02 -6.00157538e-03  2.33081002e-02 -3.65627278e-03
  7.32252225e-02 -5.54604679e-02  8.28627199e-02  1.54928723e-02
  5.35491891e-02  6.06043488e-02 -7.41526484e-02  2.86890324e-02
  3.84247229e-02 -3.34430151e-02  3.40257101e-02  5.61439283e-02
 -2.95798723e-02  7.51965260e-03 -4.24481742e-02 -1.38132768e-02
  1.04940772e-01 -1.73416134e-04 -5.52613288e-02  2.34881006e-02
  4.31210035e-03 -3.36746424e-02 -4.67131808e-02  2.08017692e-01
  4.93989419e-03  4.51129600e-02  5.38112372e-02 -7.48772770e-02
 -4.99077290e-02 -1.25254132e-02 -1.14620231e-01  7.25648403e-02
  2.03562845e-02  5.87203279e-02 -5.22178831e-03 -1.62694287e-02
 -6.66500181e-02 -2.15100148e-03 -1.95854697e-02  3.91552597e-02
 -2.96441535e-03  1.82027109e-02  3.33168209e-02 -1.83738563e-02
  5.14697377e-03 -4.98348475e-03  8.55202787e-04 -1.58485398e-02
 -7.98624679e-02 -5.97593114e-02  1.84063148e-02 -4.63955314e-33
 -3.12089864e-02 -5.24626710e-02 -1.47857228e-02  3.16112600e-02
  2.65172478e-02  7.75988400e-02  3.72760966e-02 -2.04402339e-02
 -2.73334067e-02  6.50621504e-02 -6.28053322e-02  9.03152600e-02
 -1.58826858e-02  8.41017812e-02  1.01291416e-02 -8.26159269e-02
  6.44665882e-02  2.75863726e-02  6.57918975e-02 -6.56001968e-03
 -7.90045634e-02 -1.45032899e-02 -6.27783611e-02  4.98157702e-02
  2.38891551e-03  1.81183070e-02  2.47508325e-02  1.93642881e-02
  4.66056019e-02  1.12958830e-02  5.94970174e-02  1.84730459e-02
  2.41901260e-02 -6.55197352e-02 -2.10508537e-02 -7.08121285e-02
 -5.42353140e-03 -4.56360802e-02  2.15734579e-02 -6.10640682e-02
  2.90372241e-02  7.76692927e-02 -1.06096398e-02  7.07535297e-02
 -1.44866826e-02  8.60985648e-03  5.01488522e-02 -2.28085984e-02
 -3.53587493e-02  1.38116973e-02 -7.88831264e-02  3.01136449e-03
 -9.45555791e-02  2.34117601e-02 -2.76916865e-02 -3.95580195e-02
  3.91330943e-02 -2.41239537e-02  4.08100411e-02 -2.48794146e-02
  4.33948860e-02  1.26049891e-01  2.23083235e-03  1.23289704e-01
  1.60274059e-02 -2.09286120e-02  7.45145790e-03 -5.25683202e-02
 -5.50038144e-02 -1.91111397e-02 -6.43084720e-02 -1.78435054e-02
  8.04544315e-02  5.81263099e-03  4.97402623e-03 -4.30201460e-03
 -1.40582900e-02  3.17837559e-02 -5.58724403e-02 -3.38433348e-02
 -1.02108784e-01 -1.90023798e-02  8.55783187e-03  1.33173868e-01
  4.91524078e-02  9.49481223e-03 -2.67141666e-02 -2.76579671e-02
  1.22029342e-01 -2.64705345e-02 -6.09574392e-02 -2.01900452e-02
 -1.05941398e-02 -3.96618620e-02  3.37460004e-02  3.94026294e-33
 -3.31194736e-02  5.57173528e-02 -6.20095916e-02  7.10263476e-02
  8.23771954e-02 -4.91578458e-03  6.62095547e-02 -9.66006219e-02
  5.46844490e-02  5.29061146e-02 -1.22940764e-01 -9.34934244e-03
  7.76234716e-02  5.93335591e-02  2.86311340e-02  2.03252826e-02
  9.44998264e-02 -1.59570742e-02  1.92617439e-02 -3.93278077e-02
 -2.28452217e-02  5.48883751e-02  2.06733849e-02 -5.65483905e-02
  2.82804277e-02  6.90404028e-02  3.26237120e-02 -3.01912334e-02
 -4.19238284e-02  6.27053678e-02  2.45502014e-02 -8.05880949e-02
 -3.92569462e-03  1.41140604e-02 -8.70492756e-02  4.20692079e-02
  1.02759339e-02  4.67764884e-02  2.79583838e-02 -1.59899332e-03
  4.33679782e-02 -2.75240541e-02  4.78751324e-02  1.53412148e-01
 -8.59731659e-02 -3.85619402e-02  7.67772123e-02 -6.86667487e-02
  1.56701386e-01  4.06896956e-02 -8.15823302e-02  1.81965549e-02
 -4.24338728e-02 -2.75380202e-02 -5.53725772e-02 -1.87184568e-02
 -6.74238503e-02  7.39038289e-02 -1.59533229e-02 -2.78628245e-02
  1.71225537e-02  3.32542732e-02 -4.64840084e-02 -1.01815714e-02
  9.60859936e-04  4.36685830e-02 -1.04443599e-02  1.70832332e-02
  4.50671948e-02 -9.25004482e-03  1.03008486e-01  1.20371999e-02
  7.78360292e-02  4.65786904e-02 -5.86202778e-02  9.12611373e-03
 -5.73456101e-02  6.84812367e-02  1.06119681e-02  1.00478999e-01
 -4.07890454e-02 -6.50817752e-02  2.16100942e-02  5.27933314e-02
 -6.35189656e-03 -4.09764424e-02  6.17193207e-02 -8.51712562e-03
 -1.07215345e-02  2.73602661e-02 -4.46147658e-02  3.65182795e-02
 -2.41150018e-02  5.68325333e-02  2.50593051e-02 -1.25110970e-08
 -2.23172866e-02  8.20992421e-03  2.14752350e-02  1.10845221e-02
  5.36358692e-02  6.70791790e-03  5.48785850e-02  4.25991341e-02
 -1.85618771e-03  1.06477305e-01 -3.52344252e-02 -7.88694713e-03
 -2.37967204e-02  2.30899733e-02  5.41903563e-02  6.54773116e-02
 -7.80601501e-02  2.30019484e-02 -7.96013772e-02 -6.94934800e-02
  1.39404032e-02  2.99881939e-02  9.59866941e-02 -3.46466005e-02
 -3.73966172e-02  4.26661083e-03  3.17212977e-02  5.19697694e-03
  1.88426655e-02  4.37594838e-02  3.10836732e-02  6.67942688e-02
 -2.04861239e-02 -1.04435593e-01  1.99830960e-02 -9.24144536e-02
 -1.01083487e-01  4.60209884e-02  4.89565097e-02 -6.55146539e-02
 -8.47851187e-02 -7.17078894e-02  3.71049047e-02 -4.40273248e-02
 -6.66779354e-02  1.68846473e-02 -1.39182642e-01 -2.66762543e-02
 -1.12927919e-02 -4.09244932e-02 -3.79681028e-03 -1.43676111e-02
  2.07736995e-02  1.78345907e-02  5.87381050e-02 -1.16878431e-02
 -3.71911451e-02 -8.62380303e-03 -1.01830997e-02  3.05009894e-02
  5.00164106e-02 -4.01919521e-02  3.16921026e-02 -4.15429659e-02]"
150,Opportunities in Clean Tech,Environment,industrial,1,0.4428,"[-6.16531633e-02 -1.16422456e-02 -3.23341880e-03  2.79231723e-02
  1.81764290e-02  1.45375533e-02  6.89284056e-02  7.98397977e-03
 -7.37736002e-02 -6.63515776e-02  4.09278087e-02 -3.99600007e-02
  5.97417308e-03 -2.22226996e-02 -5.27296811e-02 -1.50614809e-02
 -4.77834279e-03 -4.50956970e-02 -6.65432736e-02 -9.94295925e-02
 -5.57682589e-02  3.56758088e-02 -4.73812670e-02  1.33928526e-02
  2.87173726e-02  1.38013765e-01 -3.49342846e-03  3.45161818e-02
 -2.35861074e-03 -9.61938649e-02 -6.25331178e-02  7.73405433e-02
  6.30722046e-02 -2.97208130e-03  6.69991747e-02  2.28319746e-02
  2.64164079e-02  2.80649234e-02  8.50984678e-02 -3.25523093e-02
 -1.23497481e-02 -1.01064369e-01  1.85071900e-02 -7.46309608e-02
  4.40300629e-02  1.16312783e-02  5.69868647e-02 -7.58223757e-02
  1.25806930e-03  3.19679976e-02 -6.28565997e-02 -7.22286478e-02
  2.22440884e-02  2.13980041e-02  4.32550944e-02 -2.12483890e-02
  1.61190592e-02 -3.34930345e-02 -2.43325960e-02 -2.11088452e-03
  2.22384259e-02 -7.74985999e-02 -3.58464569e-02 -4.89231013e-03
  6.18767999e-02 -5.31037804e-03 -3.15724462e-02  1.70970447e-02
 -7.79682323e-02 -9.12404880e-02  1.30019775e-02 -9.02939737e-02
 -5.00029288e-02  3.97048481e-02  3.81516851e-02 -4.49813381e-02
  2.19714339e-03 -6.61644936e-02  4.56277281e-02 -6.73911497e-02
  2.68594828e-02  4.71277582e-03 -7.78481439e-02  7.81312585e-03
 -4.36418429e-02 -3.47339222e-03  2.75729336e-02 -3.90501483e-03
  7.04654604e-02  9.21661872e-03 -8.25843140e-02  4.41854441e-04
 -2.38470826e-02  1.84528697e-02  1.83035508e-02  4.44906577e-02
 -1.88366156e-02  2.19160877e-02 -1.22797536e-02  2.06868783e-01
  8.77959610e-06  3.65524292e-02 -5.79221696e-02 -1.20940125e-02
 -6.50960654e-02 -2.96164975e-02 -6.95119202e-02  8.67101625e-02
  1.12631619e-02 -1.11934990e-02 -1.35014001e-02  1.50918420e-02
 -7.74771199e-02 -2.55644508e-02  1.81591194e-02 -2.67312210e-02
  1.96002014e-02 -7.94349355e-04 -2.26664413e-02 -7.51694385e-03
 -9.19647701e-03  4.69105169e-02 -7.20307305e-02  5.36808223e-02
 -5.12236916e-02 -3.08643468e-02  3.67619679e-03 -4.57744039e-33
 -7.12327193e-04 -1.20209819e-02 -1.00434311e-02  4.31885831e-02
 -7.09740259e-03  9.10198689e-03 -1.33851813e-02  5.12122288e-02
  2.79510990e-02  3.57784554e-02 -2.68397201e-02  4.74306345e-02
 -3.27615552e-02  9.71307606e-03  1.27828673e-01 -5.41182011e-02
 -1.89325660e-02  1.87776424e-03  3.06408685e-02  3.79559137e-02
 -1.99798327e-02  4.46505323e-02 -2.07978096e-02  3.62661444e-02
 -2.75944592e-03 -1.68847200e-02  1.90675128e-02 -2.66372785e-02
  5.33728637e-02  4.50594760e-02  6.30812719e-02  1.04060531e-01
  2.78015318e-03 -1.63337532e-02 -5.79761602e-02 -7.28837168e-03
 -5.34718707e-02 -6.95993826e-02  5.08390833e-03 -2.63287537e-02
 -4.07355912e-02  5.71212023e-02 -1.21199498e-02  3.11988201e-02
  4.63445783e-02  6.07660376e-02 -2.19180118e-02  8.18995163e-02
  9.35544912e-03  2.50031874e-02 -4.68741395e-02  6.89870715e-02
  8.93441215e-02 -1.03901606e-04  6.45383447e-02 -1.56969354e-02
 -1.02691387e-03  1.39302723e-02  4.88885120e-02  5.12548648e-02
 -3.79021093e-02  1.79754138e-01 -3.63553390e-02  7.02272356e-02
  2.89313681e-03  5.04506826e-02  6.58842251e-02  2.27820203e-02
  4.28397469e-02  7.16681220e-03 -3.41417827e-02 -4.30345945e-02
  4.03104313e-02  3.31481770e-02 -6.30157217e-02  6.96897432e-02
 -7.47259706e-02  5.04000969e-02 -3.73256020e-02 -3.29323784e-02
 -9.62676629e-02  4.91455533e-02 -8.45849107e-04  6.39329106e-03
  4.91760187e-02 -1.60971154e-02  4.60991054e-04  1.24452058e-02
  4.63601984e-02  3.83566180e-03 -8.59364197e-02  4.51434491e-04
  4.78353165e-03  1.09610341e-01 -1.25446934e-02  2.54373322e-33
  7.42471516e-02 -3.55545580e-02 -5.77064678e-02  8.83515030e-02
 -1.37198456e-02 -3.24595720e-02  1.11209918e-02 -2.90146656e-02
 -2.37016883e-02  9.94200036e-02  4.52967547e-03 -3.12536396e-02
  3.66704091e-02  1.97174624e-02  1.59262549e-02 -1.78556405e-02
  8.46891850e-03 -1.03091374e-02 -3.49826850e-02  9.69443750e-03
  1.36569729e-02 -1.31829539e-02 -4.34050821e-02 -2.36768294e-02
 -4.07523178e-02  6.48785755e-02 -1.17405005e-01  7.88361649e-04
 -5.75802326e-02  1.37323588e-02 -1.30743794e-02 -6.59238547e-02
 -1.42763963e-03  5.73120564e-02 -2.04767119e-02  3.24305370e-02
 -4.54533026e-02 -3.57534625e-02  1.08782891e-02 -5.29418811e-02
  2.81103961e-02 -2.01907307e-02 -3.77857089e-02  1.82828024e-01
 -4.50800322e-02 -7.72576258e-02 -6.11503385e-02 -4.18308489e-02
  8.13266039e-02 -6.33431086e-03 -3.16894799e-02  5.34845293e-02
  3.57840545e-02 -1.03486754e-01  1.16903279e-02 -1.49808580e-03
  5.37545606e-02 -2.11004671e-02 -1.29964948e-01  2.61233449e-02
  1.75210238e-02 -2.05786843e-02  6.15900196e-02  1.20999984e-01
 -1.78549290e-02  7.26246387e-02  9.49613750e-02 -3.22693284e-03
  2.66508441e-02 -3.74038815e-02  1.56830013e-01  1.10863835e-01
 -4.79063997e-03  2.59913802e-02 -2.61124372e-02 -3.09509132e-02
 -4.44424152e-03  5.41323349e-02 -5.54991625e-02 -9.92629770e-03
  2.08970327e-02 -5.33869080e-02  4.18063020e-03  8.38418826e-02
 -9.15603638e-02  7.92476069e-03  3.27251926e-02  2.19087563e-02
  3.54575971e-03 -2.25365553e-02 -5.47477789e-02 -2.94746142e-02
 -2.77636200e-02  1.52186723e-02 -4.57196832e-02 -1.21949606e-08
 -3.61908749e-02  1.15651367e-02  5.78393750e-02 -5.28053641e-02
  1.54874381e-02 -1.58047546e-02  2.13207193e-02  5.85977547e-02
  2.34289910e-03  1.44372890e-02 -1.55827273e-02 -3.08336560e-02
  2.23656581e-03  1.21096581e-01  4.68126535e-02 -3.59361842e-02
 -8.15659612e-02  2.83364896e-02 -5.32521978e-02 -9.53440070e-02
  1.04430668e-01  6.87964074e-03  5.50739057e-02  2.94280369e-02
 -4.48466130e-02 -2.13192906e-02 -8.47462658e-03 -8.34511593e-03
 -4.90376865e-03  9.82663259e-02 -1.75441820e-02  3.84282917e-02
  4.29201638e-03 -5.48796244e-02 -6.81905374e-02 -7.06811324e-02
  5.72044887e-02 -7.94273913e-02 -2.24387553e-02 -1.23914450e-01
 -4.64064777e-02 -5.17513826e-02 -3.93632017e-02 -5.19337654e-02
  8.88289511e-02 -5.12696430e-02 -1.52692832e-02 -4.85516973e-02
  1.37169985e-03 -2.01995466e-02 -1.44883143e-02  4.29720469e-02
  7.65301138e-02  6.30885661e-02 -3.68888257e-03 -7.54335709e-03
  1.90891884e-02 -7.74979964e-02 -4.48813848e-02 -9.26022790e-03
  9.56128687e-02 -4.34043854e-02  5.75330816e-02  5.37359202e-03]"
151,Opportunities in Clean Tech,Environment,industry,7,0.4415,"[-2.75452584e-02 -1.38323810e-02 -4.26445827e-02 -4.57201013e-03
 -8.27888027e-03  1.15012629e-02  8.50026831e-02  1.31026199e-02
 -2.80186944e-02 -3.69616114e-02  8.30138847e-03 -7.99328263e-04
  1.72344167e-02  4.13944805e-03 -3.50120030e-02 -2.58976705e-02
 -2.56396160e-02 -6.68642074e-02 -7.98549280e-02 -8.20476338e-02
 -4.02412005e-02 -2.79241707e-03 -2.80188099e-02  1.88990254e-02
 -8.15454870e-03  8.49117488e-02 -3.32934819e-02  3.17205861e-02
 -1.60589609e-02 -9.82668921e-02 -1.04515247e-01  9.10096392e-02
  8.81070346e-02 -2.16572788e-02  2.15546824e-02  5.81363253e-02
 -6.26601605e-03 -1.36108864e-02  5.19671068e-02  2.23354045e-02
  2.76876660e-03 -7.90777430e-02 -6.03090040e-02 -5.22881486e-02
  1.33480877e-02 -3.22252549e-02  5.73290437e-02 -5.66284917e-03
  3.35569680e-02  3.28193605e-02 -7.01137185e-02 -4.13398407e-02
  2.49123424e-02 -6.54460536e-03 -2.70315539e-02 -2.34517865e-02
 -2.25801859e-02 -3.23148109e-02 -4.07543257e-02  1.97740109e-03
  5.80836497e-02 -3.91563289e-02 -4.65159155e-02  3.31057757e-02
  1.04084432e-01  1.40573531e-02 -5.86436205e-02  6.68748915e-02
 -9.24521536e-02 -9.05768573e-02  3.28905545e-02 -7.56663308e-02
 -8.02026689e-02  2.52206456e-02  2.47927681e-02 -4.74183932e-02
  5.12438128e-03  1.75048746e-02  8.28829780e-02 -5.64940125e-02
  6.87389970e-02 -4.30950001e-02 -7.68559352e-02  5.97959049e-02
 -6.79107904e-02 -2.73432042e-02  9.23630036e-03  2.98323873e-02
  5.55931702e-02  1.94249135e-02 -5.33912331e-02 -3.91462818e-02
 -1.46098966e-02  4.80711227e-03 -2.91711204e-02  5.70852272e-02
 -4.36695479e-02 -6.28754729e-03 -3.54198879e-03  2.23294452e-01
  6.27742242e-03  3.61617585e-03 -7.44439140e-02  7.28742778e-03
 -7.37846270e-02 -4.29416522e-02 -4.25577573e-02  9.71605554e-02
  3.37536745e-02  3.34503278e-02 -4.03811410e-02  3.40218171e-02
 -5.35107218e-02  2.69752182e-02  6.42760191e-03  2.49155611e-02
  1.05443224e-02  7.15524852e-02  3.28127593e-02  6.90642325e-03
 -5.30898310e-02  8.65888968e-02 -5.05354367e-02  1.19528519e-02
 -6.44275546e-02 -7.36939088e-02 -5.25799096e-02 -5.26439819e-33
 -1.96141582e-02 -5.59281697e-03  2.64331307e-02  5.43567538e-02
 -3.25171649e-02  3.80927473e-02 -9.63307451e-03  2.86891088e-02
 -1.75905190e-02  1.08985947e-02 -3.87650393e-02  4.88666818e-02
  1.22956503e-02  1.65080279e-02  1.61469877e-01 -8.35265219e-03
  7.05223810e-03  2.03091782e-02  4.01446223e-02 -2.71647386e-02
 -7.98551440e-02  4.12934460e-02 -2.95761488e-02  5.95406592e-02
 -2.77434830e-02 -6.05573691e-03 -4.01309738e-03 -1.60053205e-02
  4.00377885e-02  4.37451564e-02  5.69406115e-02  9.06018242e-02
  4.22402136e-02 -6.02375157e-02 -2.93548256e-02 -2.25221948e-03
 -1.38293682e-02 -1.03323445e-01  3.81838158e-02  8.71003699e-03
 -8.48327205e-02  1.26199555e-02 -3.76340561e-02  1.91249624e-02
 -1.88778564e-02  4.62231897e-02  1.39452070e-02  4.55502942e-02
 -1.75942965e-02  2.69419551e-02 -3.19027342e-02  7.82739818e-02
  6.59003556e-02 -5.23487255e-02  8.87634233e-02  1.33358524e-03
 -1.85833238e-02 -1.73627250e-02  2.92841741e-03  2.59071756e-02
  9.15618986e-03  1.54692993e-01 -1.28827114e-02  3.33234929e-02
 -3.98682617e-03  6.73967898e-02  3.86124700e-02  3.80603522e-02
  4.73566055e-02 -1.03886481e-02 -3.95777822e-02 -4.00249884e-02
  3.55683044e-02  1.97508708e-02 -3.34143043e-02  6.13148585e-02
 -3.55789959e-02  4.56465036e-02  6.59862300e-03  5.97320646e-02
 -6.03161938e-02  3.50463092e-02 -1.33883934e-02 -1.13802599e-02
  5.35703637e-02  1.14192888e-02  1.47022000e-02 -1.75690781e-02
  8.28029215e-02  3.12716849e-02 -1.27322078e-01  7.23853102e-03
  6.95479615e-03  1.09240569e-01  1.89675335e-02  2.25170480e-33
  5.98330051e-04  9.33070946e-03 -9.20415483e-03  5.60318008e-02
 -8.08384176e-03 -3.13230306e-02  1.28423003e-02 -2.74309814e-02
  1.79372579e-02  1.19697340e-01 -9.64615941e-02 -3.29059884e-02
  3.77251506e-02  3.28003578e-02 -9.33100842e-03 -3.08483690e-02
  3.99172194e-02 -2.23101489e-02 -4.72627170e-02  2.44306680e-03
  2.14325991e-02 -4.36563045e-02 -2.24824958e-02  2.50371769e-02
 -3.21059786e-02  2.09620763e-02 -1.03008635e-01 -4.32317369e-02
 -2.12637167e-02 -3.10836732e-02 -1.66617222e-02 -3.72446179e-02
 -4.04253863e-02  6.59864619e-02 -3.79690006e-02  7.12645501e-02
 -2.63021328e-02 -1.19650206e-02  1.08941998e-02 -8.98145363e-02
  4.23172750e-02 -5.76864146e-02 -3.97390267e-03  1.27403557e-01
 -4.17564027e-02 -6.35532588e-02  2.76072626e-03 -3.69232856e-02
  8.08379874e-02 -2.91184019e-02 -4.56214994e-02  5.31403311e-02
  2.68099029e-02 -5.56089021e-02 -4.84709963e-02  4.40717526e-02
  2.43648570e-02  1.18210418e-02 -1.17212079e-01 -8.61117430e-03
  2.05507185e-02  7.64392596e-03  8.33656918e-03  9.81308669e-02
  1.29145617e-02  7.56042600e-02  6.77434653e-02 -1.04677202e-02
  4.49928967e-03 -6.69938549e-02  1.62304074e-01  8.11483264e-02
 -5.87592460e-02  8.27470720e-02 -8.76842141e-02 -5.95630612e-03
 -4.07976322e-02 -1.48152076e-02 -4.60623167e-02  9.20952670e-03
  2.48678047e-02 -4.68664318e-02 -2.74188519e-02  4.88151647e-02
 -6.02974519e-02  1.55388443e-02  5.83882816e-02 -2.82113552e-02
 -4.69630808e-02 -4.87550087e-02 -7.07810894e-02 -1.35852722e-02
 -8.81706476e-02 -1.72299112e-03 -1.02218466e-04 -1.41792826e-08
 -3.89604494e-02 -4.90608141e-02  6.52615353e-02 -3.64650749e-02
  2.07303688e-02 -1.35996556e-02  3.55407596e-02  5.10807373e-02
  1.41715044e-02  5.59541211e-02 -5.25922254e-02 -1.10119376e-02
 -1.57754458e-02  9.57059264e-02  2.99448501e-02  6.12633070e-03
 -6.98383749e-02  6.81685582e-02 -3.37071307e-02 -9.17820036e-02
  8.40499923e-02  4.80143614e-02  7.33466446e-02  3.41877975e-02
 -1.32281985e-02 -3.90624143e-02  4.00750758e-03 -5.34672197e-03
 -3.54346004e-03  7.57952332e-02  3.65571328e-03 -2.51461789e-02
  2.99857855e-02 -5.32198474e-02 -6.68596774e-02 -8.55687112e-02
  8.00970793e-02 -6.22539036e-02  1.15685016e-02 -1.04189463e-01
 -1.03426799e-01  1.16442740e-02  1.77012924e-02 -1.65903401e-02
  1.61175858e-02 -4.32730988e-02 -4.86974930e-03  2.73388028e-02
 -3.03180539e-03 -2.55273078e-02 -2.61996016e-02  2.38253493e-02
  4.68875952e-02  1.55557906e-02 -1.13513311e-02 -5.40713891e-02
  4.52118479e-02 -7.48101324e-02 -5.24447076e-02  2.90537942e-02
  1.12335823e-01 -7.70463943e-02  1.18813939e-01  3.02085355e-02]"
152,Opportunities in Clean Tech,Environment,innovating,1,0.4373,"[ 2.53155385e-03  2.83287279e-02  1.40998187e-02 -4.00963761e-02
  2.87947226e-02 -6.05617575e-02  3.35402340e-02  3.46577950e-02
 -3.65417562e-02 -6.58086222e-03  2.71377321e-02 -1.42225502e-02
  3.12251151e-02  2.01361030e-02 -1.29568931e-02  1.00550111e-02
 -3.33397910e-02  5.41411862e-02 -9.25074518e-02 -1.23325944e-01
 -1.15434580e-01 -2.33853441e-02  2.58671828e-02  1.75693701e-03
 -5.52254878e-02  9.38905180e-02  2.62447912e-03 -2.28418037e-02
  4.21419926e-02 -1.11631662e-01  1.94185239e-03  8.43500495e-02
  5.45699745e-02 -4.01920788e-02  3.12094223e-02  4.65041697e-02
  2.56571788e-02  8.26226454e-03  4.94382828e-02 -3.52473482e-02
 -3.51007842e-02 -1.48385122e-01 -3.05746496e-02 -1.77264996e-02
  3.67347337e-02 -6.68397471e-02  2.85262261e-02 -2.32415367e-02
 -2.79428009e-02  2.53715441e-02 -7.35396594e-02 -7.34399483e-02
 -7.30171576e-02 -6.20297603e-02 -4.44841618e-03 -8.30638316e-03
 -8.82627163e-03  4.95976135e-02  6.77172141e-03 -4.82022539e-02
  1.26936987e-01  6.70340052e-03 -2.04268210e-02  6.12858087e-02
 -6.81680162e-03 -5.03572337e-02 -1.21588260e-02  7.60557353e-02
 -6.20971667e-03  2.10671593e-02  5.02024032e-02 -6.57483786e-02
 -6.68786690e-02  9.33240226e-04  6.79309964e-02 -2.38138321e-03
  3.14166434e-02  9.32820421e-03  6.72133192e-02  2.10157968e-02
  7.52867982e-02 -4.97525521e-02 -5.47170937e-02  7.87114426e-02
 -7.61631876e-03 -3.21919844e-02 -6.82934513e-03 -3.28614414e-02
  3.07044107e-02 -6.05542473e-02 -3.67428660e-02  1.47630712e-02
 -8.62249359e-02 -2.28548534e-02 -5.84455095e-02  3.82805057e-02
 -6.53559044e-02 -2.40487382e-02  4.69914339e-02  1.27304494e-01
  3.09061371e-02  4.21654470e-02 -3.66935953e-02 -6.42423928e-02
 -3.86350043e-02 -2.49928720e-02 -3.41978967e-02  7.22137988e-02
  1.53313810e-02  3.20460685e-02 -9.18447301e-02  1.14255724e-02
  1.10729067e-02  2.87105069e-02  1.15931720e-01  1.78557187e-02
  1.60512291e-02  2.59454753e-02  4.48326804e-02  6.95842505e-02
  5.07021993e-02  1.36278309e-02 -2.78833397e-02 -2.92426348e-02
 -9.01440531e-02 -9.11825802e-03 -5.35119548e-02 -3.69742528e-33
 -5.89772873e-02  7.11143836e-02  8.22115596e-03  1.57319650e-01
 -3.53081524e-02 -6.28644973e-03  1.84112403e-04  9.37573612e-03
 -4.79724854e-02 -3.03070880e-02  1.52402865e-02  1.76862385e-02
 -5.47555089e-02  7.95918480e-02  2.09707662e-01 -4.44257073e-02
 -1.08528323e-01 -1.38773080e-02  4.31771614e-02 -1.70389973e-02
 -2.35630833e-02 -7.54920468e-02  2.06200294e-02  2.15880610e-02
  7.99236149e-02  1.01674497e-02  5.92166372e-02 -4.56488952e-02
 -4.91755791e-02  7.17764907e-03  3.94369364e-02  7.91825950e-02
 -6.92679137e-02 -3.67637463e-02 -6.62611872e-02 -1.80354398e-02
  2.57744268e-02 -8.78876075e-02  6.27700984e-02  1.73956975e-02
 -3.61496359e-02  1.36004994e-02 -1.21540111e-02  2.61034090e-02
  7.17214793e-02  1.33539811e-01  8.59084800e-02  3.13467979e-02
 -2.73152348e-02 -1.54404473e-02 -5.76623715e-02  5.14546558e-02
  2.97983829e-02 -2.79346127e-02  5.57207130e-02 -5.01512028e-02
  9.69723146e-03 -4.19969037e-02  3.67158800e-02  4.12065350e-03
 -1.27043598e-03  3.54104526e-02 -7.02550784e-02  9.13351625e-02
  1.67987403e-02  7.60039464e-02  7.71985501e-02  3.44877988e-02
  4.49080877e-02  3.78572829e-02 -4.77495231e-02 -7.41963759e-02
  3.44888354e-03  1.02734286e-02 -5.77833243e-02 -7.06129596e-02
 -8.04794654e-02  6.89502507e-02  7.81968981e-02 -2.34541222e-02
  1.56438781e-03  5.42803593e-02 -3.51322927e-02 -1.78066175e-02
  3.01330592e-02 -2.85151135e-02  3.70796863e-03 -1.94888525e-02
  3.30178812e-02  8.44554529e-02 -4.30034325e-02  3.84121016e-03
 -1.68645252e-02  5.41019812e-02 -4.90320213e-02  1.23679409e-33
 -3.04717384e-02  1.16706667e-02  4.95550856e-02  8.50819871e-02
  2.00738460e-02 -2.26077195e-02 -3.87402400e-02 -5.10959141e-02
  7.81921521e-02  5.91893047e-02 -3.42807211e-02  2.48749498e-02
  6.62955716e-02  1.34056387e-02 -9.23530683e-02 -3.61806620e-03
  4.14628163e-02  1.49271672e-03 -1.64411981e-02 -1.56270266e-02
  4.62727509e-02  2.53638476e-02 -4.15669233e-02 -2.32092477e-02
 -6.68291876e-04  1.11617502e-02 -6.32706434e-02 -2.95791849e-02
 -3.22324759e-03  1.98149541e-03 -3.17868032e-02 -4.84721586e-02
 -1.63907446e-02  4.55317162e-02 -2.64777299e-02  5.67716770e-02
  1.34003133e-01 -8.34103972e-02 -5.73447789e-04 -3.68180983e-02
  2.73530767e-03 -4.19113636e-02 -8.12811926e-02  3.43481898e-02
 -1.42036714e-02 -8.57216679e-03 -6.15907125e-02 -1.68089047e-02
  3.21060270e-02 -2.13419180e-03  5.94334230e-02  3.17578018e-02
 -2.61181537e-02 -1.06511675e-01 -3.42381373e-02  5.61157577e-02
  1.08428806e-01  4.16289346e-04 -3.59787792e-03  3.93848680e-02
 -1.31003121e-02  3.39723043e-02 -7.87952263e-03 -3.82508300e-02
 -3.45877521e-02  2.43280595e-03  3.84976454e-02  8.29137787e-02
 -3.10390648e-02 -6.17185347e-02  4.45842966e-02 -2.36079060e-02
 -6.27731308e-02 -6.00449108e-02 -4.04275693e-02 -5.84743209e-02
 -1.13183015e-03 -2.49336604e-02 -4.24733981e-02 -1.15102358e-01
 -3.75939421e-02 -3.50995883e-02  5.21851927e-02 -2.32902560e-02
 -6.99036696e-04  3.75881642e-02 -2.04868782e-02 -8.16994440e-03
 -4.90577929e-02 -5.25567904e-02 -6.80663586e-02  2.85873213e-03
 -1.01097353e-01  1.92950610e-02 -1.32178981e-02 -1.44565444e-08
  2.28979141e-02 -2.93468405e-02  4.61167544e-02  1.86842307e-02
  1.85086485e-02  1.20914318e-02 -8.80462900e-02  9.64882672e-02
  3.64229418e-02  1.61323715e-02 -3.77632007e-02  4.05723564e-02
  4.46573012e-02  1.47315130e-01  4.01319414e-02 -7.09113246e-03
 -5.48978895e-02  4.76374701e-02 -5.26217707e-02 -1.08148297e-02
  6.64489493e-02  1.04921803e-01  1.63270626e-02 -2.63461936e-02
 -1.58326160e-02 -2.45073140e-02 -1.18839527e-02  7.46581331e-03
 -8.94755777e-03  5.71254604e-02  2.36697793e-02  4.15833071e-02
  3.71127985e-02 -8.11924879e-03 -1.15771554e-02 -6.80425689e-02
  1.96211357e-02 -2.16750074e-02 -6.13727514e-03 -1.12746820e-01
 -6.31519556e-02 -8.95741861e-03 -1.35111436e-02  3.73953171e-02
 -9.58953872e-02 -5.77984452e-02 -4.62595932e-02 -2.20053848e-02
  4.57703322e-03 -1.44001767e-02  5.18057011e-02 -4.44627646e-03
  3.13205807e-03 -2.08560061e-02  5.67931831e-02  1.70928109e-02
  2.77238376e-02  1.79932115e-03 -3.73806357e-02  3.13799940e-02
  8.72925743e-02 -5.24801835e-02  6.78038374e-02 -2.49080621e-02]"
153,Opportunities in Clean Tech,Environment,engineers,1,0.4168,"[-7.95388296e-02  4.20356803e-02  2.89928727e-02  4.54884134e-02
 -4.98386361e-02 -1.14979118e-01  9.95872319e-02  1.68474372e-02
 -3.60418744e-02 -2.61392631e-02 -3.88847701e-02 -1.04368739e-01
  4.31471057e-02 -1.34453399e-03 -1.24318168e-01  1.83991902e-02
 -4.71775122e-02 -5.16395979e-02 -1.66727901e-02 -1.48100987e-01
 -2.89802849e-02  2.31591668e-02 -4.87992028e-03 -6.20005233e-03
  3.33288796e-02  6.23084269e-02  3.26421820e-02  1.93856489e-02
  6.56291395e-02 -1.14884913e-01 -6.10964373e-02  1.84729397e-02
  1.87750943e-02  3.81425731e-02 -2.70080362e-02  4.57186848e-02
 -8.72678775e-03 -5.05194068e-02  6.61987364e-02  1.14535009e-02
 -6.47648647e-02 -7.90155903e-02  5.19046225e-02 -3.15543413e-02
  5.05449204e-03  1.46689974e-02  1.01367541e-01 -1.15418479e-01
  3.94653156e-02 -2.72090994e-02 -1.94817204e-02 -3.87785621e-02
 -2.91351005e-02 -1.60630830e-02  7.19451532e-03 -3.63371149e-03
  3.67456488e-02 -5.92872920e-03 -3.02143600e-02  5.46352006e-02
  3.53851356e-02 -5.43488376e-03 -2.93755680e-02  6.08018078e-02
  3.55158709e-02 -1.46191167e-02 -4.38562557e-02  5.53284660e-02
 -1.43847358e-03 -5.22233211e-02  6.60741329e-02 -2.78001111e-02
  7.82275572e-03 -1.19247576e-02  1.14837185e-01 -2.52575651e-02
  5.81411533e-02  3.74596491e-02  7.48449340e-02 -6.50991276e-02
 -2.05412246e-02 -8.16902742e-02 -1.60994768e-01  2.02307981e-02
  1.29165165e-02  2.45464640e-03 -3.41317290e-03  5.07682376e-02
  2.15351060e-02  3.12077440e-03 -3.91726336e-03 -4.53319624e-02
  2.19435152e-02  7.19866529e-02  1.03331935e-02  7.86478966e-02
 -3.30640539e-03 -5.67843504e-02 -1.09102704e-01  1.67118907e-01
 -6.83260150e-03  6.37317896e-02  1.67064480e-02  2.29435973e-02
 -9.55835953e-02 -1.54352514e-02 -2.08135042e-02  6.23905882e-02
  4.27190773e-02 -3.27058472e-02  6.85089920e-03  4.12397496e-02
 -3.94555666e-02  6.62164241e-02 -3.84390987e-02 -3.79388146e-02
  8.17393512e-03  3.49908024e-02  2.97964867e-02  8.19502026e-03
  6.31857896e-03  1.26203122e-02 -7.22410530e-02  9.36645083e-03
 -5.18351085e-02 -3.52125578e-02  5.40068001e-03 -4.98856440e-33
 -1.59077346e-02  1.19760111e-02  2.86602993e-02  4.33810167e-02
 -8.18408467e-03 -2.37467978e-02 -3.82242911e-02  6.56624287e-02
  1.79063044e-02 -1.94312148e-02  5.94156003e-03  4.24649194e-02
 -2.37104427e-02  2.88448501e-02  1.08175151e-01 -3.95904854e-02
 -6.47821724e-02  5.93527779e-02 -4.89085279e-02  5.20357937e-02
 -1.54806646e-02 -2.18614545e-02 -1.82251865e-03  3.67358029e-02
  3.92226279e-02 -4.43632863e-02  4.30579484e-02 -2.62257420e-02
 -2.57123727e-02  2.63008829e-02 -4.11543399e-02  1.06359042e-01
  1.82238240e-02  2.51638107e-02 -3.13374065e-02  1.16415881e-02
 -2.32005604e-02 -8.05320218e-02  5.44651560e-02  1.63774490e-02
 -1.69047676e-02  2.22896766e-02  5.39328754e-02  1.38756651e-02
  5.33236973e-02  2.12484710e-02  7.66757056e-02  2.54746564e-02
  5.89155629e-02 -1.23547204e-02 -5.54932617e-02  7.40632368e-03
  8.84541050e-02 -4.81730625e-02  1.52878702e-01  9.13267082e-04
  7.77082369e-02  1.69287585e-02 -3.17704529e-02  3.63309793e-02
 -7.42274523e-02  1.76933646e-01 -2.10236013e-02  9.81431641e-03
 -5.05135767e-03  3.56722698e-02  4.33281958e-02  6.16490841e-02
  4.39117923e-02 -2.67460104e-02 -1.23410031e-01 -8.56359489e-04
  5.40874712e-02 -1.62983015e-02 -4.74075526e-02  3.46219465e-02
 -5.68211302e-02  3.18282992e-02  2.26030480e-02  1.34528512e-02
 -1.20575028e-02  3.44777629e-02  1.31279845e-02 -4.00097109e-02
  1.06623217e-01  1.48846256e-02 -3.51183489e-02 -2.06989478e-02
  5.11593074e-02  1.96271837e-02 -7.93134496e-02 -5.65520115e-02
  1.77423302e-02  9.83612537e-02 -4.58631516e-02  2.70442734e-33
 -1.02755606e-01  2.63965707e-02 -6.52988106e-02  4.91344966e-02
  5.03635406e-02 -4.39211540e-02  7.33310580e-02 -1.79806799e-02
  3.41150314e-02  7.21892938e-02  7.66467955e-03 -2.60482472e-03
  6.00039493e-03  2.50500604e-03 -2.99453177e-02 -2.36481410e-02
  1.74598489e-03 -1.25085324e-01 -9.14280117e-02  2.79401243e-02
  7.61800120e-03  5.22467345e-02 -3.43212113e-02 -2.70147454e-02
  1.98476994e-03  3.06278132e-02 -3.06858658e-03  2.56994646e-02
 -3.86919640e-02 -4.92956117e-03 -1.34946872e-02  5.47092594e-03
 -6.94049001e-02  3.26039977e-02 -1.05220685e-03  4.44385670e-02
  2.36912109e-02  5.61270118e-02  1.61578804e-02 -2.36657355e-02
  4.97676656e-02 -4.26344164e-02  7.16030523e-02  9.13824663e-02
 -3.55675332e-02 -4.17627841e-02  4.68374463e-03 -2.14934237e-02
 -6.74266219e-02 -5.85695077e-03 -9.24277294e-04  1.72590197e-03
  1.57172768e-03 -7.79096335e-02  5.66318482e-02 -4.68643829e-02
 -4.00206037e-02 -2.70582307e-02  3.06680985e-02 -2.74505652e-02
  3.81985269e-02 -9.66789015e-03  6.79180995e-02  1.03620008e-01
 -1.30778715e-01 -1.81238241e-02 -1.01907912e-03  3.36357430e-02
 -9.22555923e-02 -8.19475297e-03  1.23283081e-01  2.87018847e-02
 -5.25271893e-02 -1.24486592e-02 -4.15109694e-02 -6.70228004e-02
 -4.53167856e-02 -2.96517778e-02 -2.85370890e-02 -3.53226215e-02
 -1.54730510e-02 -7.82575272e-03 -1.83649675e-03  9.19474289e-02
 -4.70515490e-02 -2.99377330e-02 -2.38304585e-02  1.08709298e-02
  7.02365786e-02 -5.91844395e-02 -2.70937774e-02  1.51007930e-02
 -3.64682004e-02 -6.94551766e-02 -2.38021873e-02 -1.11636123e-08
 -4.74085994e-02 -7.98468478e-03 -1.80355739e-02 -1.05387971e-01
  9.72882658e-03 -1.69219375e-02 -2.04943251e-02 -3.65988724e-03
  1.34715885e-02 -2.21469160e-02 -6.48474600e-03 -7.61278300e-03
  5.70641197e-02  5.35610542e-02  8.24903846e-02 -1.56813990e-02
 -3.23935784e-02  9.51673985e-02 -4.30726521e-02 -1.09785147e-01
  5.39983511e-02  2.65703984e-02  9.35584158e-02  7.35389441e-02
  4.25972091e-03 -1.20246569e-02  6.03488740e-03 -7.69393072e-02
  1.67493187e-02  7.47718960e-02 -7.17797354e-02  1.17421625e-02
  6.60718279e-03 -2.77390294e-02  1.12098947e-01  3.29674874e-03
  2.41245516e-02 -3.38529348e-02  4.23825458e-02  1.62594952e-02
 -7.15978593e-02  1.32590979e-02  2.30949987e-02  1.77689046e-02
  5.38442135e-02 -2.24328637e-02 -6.65155128e-02 -7.12083373e-03
  3.48300263e-02 -6.56714197e-03  3.80110703e-02 -4.03200909e-02
  4.25758772e-03  1.34479366e-02  6.49885647e-03 -1.25740627e-02
 -3.56979072e-02 -5.42105101e-02 -1.05051771e-01 -3.12603870e-03
  4.82822917e-02  8.84432904e-03  8.72740075e-02  4.18296531e-02]"
154,Opportunities in Clean Tech,Environment,wafertech,1,0.4031,"[-3.73586789e-02  2.80532427e-02  3.60810123e-02 -3.36808935e-02
 -2.04549003e-02 -7.16656446e-02  4.94823121e-02  1.45283705e-02
 -1.26603181e-02 -1.29683288e-02  7.97551998e-04 -3.36797209e-03
  5.36894053e-02 -5.39902132e-03 -1.13003954e-01  7.20825372e-03
 -2.86832033e-03 -4.53711934e-02  5.77632412e-02 -3.83472219e-02
  4.76051271e-02 -1.02885598e-02 -2.81339977e-02 -8.06601495e-02
  4.28800881e-02  7.26405457e-02  8.41880664e-02  9.96507630e-02
 -1.07795158e-02 -7.55382106e-02 -2.47499123e-02  6.53602257e-02
 -3.37998867e-02  1.67453103e-02  7.88673176e-04 -6.82078302e-03
 -2.13356238e-04 -3.67590114e-02  3.90584432e-02 -6.93863928e-02
 -6.27435930e-03 -3.39847617e-02  8.61631054e-03  4.69163172e-02
  1.77303981e-02 -2.23645288e-02 -5.88338031e-03 -6.95179850e-02
  2.10768245e-02  1.55721977e-02 -8.55678041e-03 -1.40554234e-01
  1.31037366e-02  4.79663275e-02 -1.80971716e-02 -2.99333734e-03
 -1.80046279e-02  3.52472849e-02  3.25096175e-02 -4.22623046e-02
  1.64624155e-02 -8.35342407e-02 -3.87103483e-02 -4.05601449e-02
  7.41406679e-02 -4.99008000e-02 -6.03326745e-02  3.56027521e-02
  7.27996696e-03 -6.86650574e-02 -1.31430170e-02  2.61763595e-02
 -7.80578749e-03  6.41888902e-02  1.09322570e-01  5.17177619e-02
  7.87284598e-02 -4.36951816e-02  8.24428797e-02  5.75002516e-03
  2.54844856e-02 -1.16915219e-02 -3.44966799e-02 -8.05269368e-03
  4.91868295e-02 -1.71298441e-02  4.12043370e-02  9.54161864e-03
  4.17011604e-02 -1.31831691e-01 -7.97766298e-02  3.72733944e-03
 -1.68693401e-02  5.04789427e-02 -3.43015864e-02 -5.81114702e-02
 -3.79026718e-02 -2.39526313e-02 -2.11953074e-02  1.14405923e-01
 -1.02650709e-02  2.05497146e-02  2.61877142e-02 -3.50798219e-02
 -8.60272795e-02 -4.58808728e-02 -6.22089691e-02  8.56696069e-02
  1.63661572e-03 -7.42005333e-02 -6.31329417e-02  6.12511039e-02
 -4.66638245e-02  9.10001248e-03  9.23202559e-03 -3.49586233e-02
 -1.15362993e-02  1.48999356e-02  1.59000363e-02 -2.24984959e-02
 -5.26113063e-02  3.77217010e-02 -5.66912964e-02  5.48633281e-04
 -6.89522400e-02 -4.03577872e-02 -3.95369306e-02  8.88316202e-35
  7.78459187e-04  6.01411425e-02  1.82703126e-03 -8.81306734e-03
  6.89455718e-02 -1.98042300e-02  3.49415913e-02  3.53038236e-02
 -1.62933916e-02 -3.41721848e-02  1.37281325e-02 -2.94941128e-03
 -1.01895206e-01  2.63280980e-02  8.39022323e-02 -8.77598524e-02
 -1.29913138e-02  2.34722961e-02  3.17308977e-02  7.78532401e-02
 -6.72242716e-02 -2.03637481e-02  3.91189717e-02  7.21133724e-02
  4.91364226e-02 -5.19400612e-02 -2.99792793e-02  4.26423624e-02
  5.19298948e-02  2.62404047e-02  1.48750795e-02  6.10982589e-02
 -7.78412167e-03 -4.60976250e-02 -5.37251420e-02 -2.43524313e-02
 -8.87271091e-02 -7.50627667e-02  5.55255450e-02  3.24992882e-03
 -5.09632155e-02  4.04698066e-02  4.39192727e-02  3.74334753e-02
  4.11353447e-02  3.18590365e-02 -1.05831139e-02  4.25252095e-02
  3.18670757e-02  6.53268397e-02 -1.31219715e-01  8.04234892e-02
  4.26852778e-02  2.21129265e-02  8.69592093e-03 -9.84425321e-02
  6.10196069e-02 -3.18103097e-02  1.29896775e-02  8.99332017e-02
 -7.90653452e-02  9.07368064e-02 -3.45801152e-02  9.59488675e-02
 -1.14945963e-01  4.88858186e-02  7.80361593e-02 -7.72423018e-03
  3.42259631e-02  7.00055137e-02 -2.98286751e-02 -3.78797539e-02
  3.25103030e-02 -3.74265835e-02 -2.99882516e-02  4.94684018e-02
 -6.55962527e-02 -1.46177905e-02 -7.03025907e-02 -1.70748178e-02
 -2.23362446e-03  9.10298619e-03 -1.87377334e-02 -4.30325270e-02
 -8.07944760e-02  3.32857370e-02 -3.86193907e-03 -5.63903265e-02
  3.25882994e-02  1.52044538e-02 -7.99103156e-02  2.30249967e-02
  1.62917171e-02  7.61157870e-02 -5.04232086e-02  4.11865578e-34
 -1.05123119e-02 -1.62653346e-02  3.06590777e-02  9.04927701e-02
 -2.79745627e-02 -5.54224523e-03  6.17032275e-02 -1.45375431e-02
  5.24674961e-03  6.69113696e-02  1.24109700e-01 -2.91877836e-02
  3.95152606e-02  4.77645956e-02 -4.55612317e-02  3.29228193e-02
  1.43240718e-02 -4.18030843e-02  4.92320396e-02 -4.14132290e-02
  1.16014421e-01  7.51113370e-02 -4.56259213e-02 -4.88807671e-02
 -1.16753569e-02  1.49377743e-02 -2.60259118e-02  3.08273523e-03
 -5.31393401e-02  3.73455957e-02 -6.86994791e-02 -7.38473386e-02
  7.64968097e-02  1.15909114e-01  3.01022660e-02 -4.39044498e-02
  1.29494101e-01 -1.01683717e-02  1.72800676e-03 -6.06438965e-02
  5.56542426e-02 -1.27998795e-02 -4.30769064e-02  6.82963952e-02
 -7.49756098e-02  1.19139964e-03  3.76343876e-02 -4.17052582e-02
  6.93027973e-02  1.44491456e-02 -4.21181507e-02 -1.34355081e-02
  4.79008853e-02 -1.01191342e-01  2.47833207e-02  1.95610262e-02
 -1.05509451e-02  2.48692483e-02 -1.29212672e-02  6.91454299e-03
  5.47970198e-02 -3.26578952e-02  2.99828760e-02 -3.79629387e-03
 -3.65606099e-02  5.66143990e-02  1.22547239e-01  2.85318624e-02
  6.74241036e-02 -1.52850691e-02  4.89931628e-02  8.07878897e-02
  8.43025222e-02 -3.17530856e-02 -9.25737992e-03 -4.66722297e-03
  1.68945007e-02 -5.07617788e-03 -8.95129815e-02 -1.47281550e-02
  1.40699581e-03 -5.39862104e-02  2.48179194e-02  8.37622955e-02
 -4.20049718e-03  4.59236614e-02  6.16869852e-02 -6.66210428e-02
 -3.68238837e-02  3.24863382e-02 -4.81973290e-02  9.50081926e-03
  4.31940593e-02 -4.05124910e-02 -7.62581304e-02 -1.24999513e-08
  7.45205767e-03 -5.84812574e-02 -3.43241729e-02 -8.51496905e-02
 -1.78743992e-02 -6.48251027e-02  6.34087473e-02 -2.01942548e-02
 -7.00491900e-03  5.79557903e-02 -2.58399807e-02 -4.21631224e-02
 -6.11292711e-03  9.60107818e-02  7.13440925e-02  3.14423209e-03
 -2.53479779e-02  7.77829811e-02 -2.63026059e-02 -6.83614090e-02
 -3.13266404e-02  6.77728429e-02  1.75902739e-01  5.65472692e-02
 -2.11274177e-02  1.52644524e-02 -1.07500600e-02  2.31892392e-02
  3.20494082e-03  5.21815680e-02 -4.16416898e-02  4.19221781e-02
  5.61108179e-02 -3.90329584e-02 -1.40622584e-02 -3.54636926e-03
 -1.57314055e-02  5.20897470e-02  1.45839294e-02  1.13871880e-03
 -5.41263670e-02  3.36931832e-02 -7.78672248e-02  2.24678069e-02
  5.63211255e-02 -7.39673898e-02 -4.11300845e-02 -5.31324744e-02
 -6.98298262e-03  2.25541573e-02  5.81283011e-02  6.97705969e-02
  4.48025167e-02 -2.68450156e-02 -6.12345897e-02  3.58771235e-02
 -7.70665407e-02 -1.02697194e-01 -2.30093710e-02  1.57233756e-02
  5.16446903e-02 -5.34456149e-02  6.09893389e-02 -3.33454050e-02]"
155,Opportunities in Clean Tech,Environment,occupational,4,0.4027,"[-2.68034618e-02  1.88899285e-03  5.05808517e-02  6.51460290e-02
 -3.80461924e-02 -6.34063706e-02  1.56710640e-01 -2.58932151e-02
 -8.66557434e-02 -1.60815883e-02  1.46552036e-02 -3.95763144e-02
 -4.21488099e-02  7.34927580e-02 -2.03003772e-02  2.20154747e-02
  3.82961147e-02  1.73368473e-02 -2.50180773e-02 -4.95263562e-02
 -6.10364005e-02  9.23324227e-02 -1.51659874e-02 -2.29569618e-03
  1.30791357e-02  4.57306206e-02  1.60960983e-02 -1.60720199e-02
  2.71990392e-02 -2.01030429e-02 -5.08137196e-02  7.92174339e-02
  8.51137415e-02  3.16800885e-02 -6.87488681e-03 -1.18649215e-03
  5.33603653e-02  4.03005406e-02  1.59870163e-02  8.99555720e-03
 -2.59297043e-02 -6.35727271e-02  2.62807384e-02 -5.49864098e-02
  9.49971937e-03  1.13050304e-02  5.67041188e-02 -1.04235783e-01
 -1.48456870e-02  6.34995773e-02 -1.18994154e-02 -4.52342629e-02
 -9.48178023e-03 -1.31858734e-03  3.12805213e-02 -5.83111271e-02
  2.82110441e-02 -9.66000371e-03 -7.40779564e-02  3.01794522e-02
  3.85935269e-02 -5.90323359e-02 -5.83907515e-02  5.25374040e-02
  1.48532301e-01  1.01001223e-03 -1.99439730e-02 -3.64904813e-02
 -7.05728158e-02 -5.04272357e-02  3.52565870e-02 -9.89689454e-02
 -5.40735833e-02  3.99493575e-02  7.33537003e-02 -5.37411198e-02
  1.99784115e-02 -7.10366815e-02  2.49303281e-02 -7.48967305e-02
 -1.21584171e-02  8.14355537e-03 -5.50764799e-02  6.12329505e-03
 -3.94851901e-02  2.08009202e-02 -7.68891396e-03  6.37650937e-02
  5.92448413e-02  2.87566539e-02 -5.56867048e-02 -1.06737785e-01
 -5.16252443e-02 -1.12140253e-02  1.32165905e-02 -2.64394209e-02
  2.79458817e-02  5.62926568e-02 -6.25504330e-02  1.98453709e-01
 -3.47786471e-02  5.45386039e-03 -5.46395145e-02  1.78365707e-02
 -6.40082657e-02  5.97281754e-03  1.55361565e-02 -1.59612596e-02
 -5.52155040e-02  3.05185635e-02 -5.22365421e-02  9.25763790e-03
 -7.77624100e-02  8.21881369e-03 -2.67564114e-02  5.74670471e-02
  8.62527755e-04  2.60236277e-03 -4.46985550e-02  1.02904879e-01
  3.66746075e-02  5.79506345e-02 -1.38990786e-02  4.47717123e-02
 -2.75904611e-02 -1.06507935e-01  5.74081168e-02 -6.36476706e-33
  3.20658907e-02 -3.33035551e-02  2.32703332e-02  5.12216091e-02
  4.27963510e-02  3.73458373e-03 -6.18877495e-03 -1.48573872e-02
  4.33940962e-02  2.57987659e-02 -9.54684243e-03  1.55375704e-01
  8.17705784e-03  5.92742600e-02  5.11953048e-02  3.88381742e-02
 -2.70995614e-03  6.21570498e-02  2.10178215e-02  7.05559105e-02
 -1.03673693e-02 -1.95161987e-03 -9.16491002e-02  4.02570851e-02
 -7.71469399e-02  8.80294666e-03 -5.61361294e-03 -3.88059653e-02
  3.87649722e-02  3.22082825e-02  5.35991602e-02  5.33356108e-02
 -1.72633473e-02 -1.49633130e-02 -9.08414461e-03  1.43081471e-02
 -5.18661924e-02 -3.49228717e-02  7.29677752e-02 -7.29352310e-02
 -5.83927110e-02 -3.23048159e-02  6.26842305e-02  1.96828172e-02
  2.83875410e-02  7.94616155e-03  1.49897160e-03  3.53023633e-02
  4.10047174e-03  1.27470419e-01  8.26622359e-03 -6.37528580e-03
  5.17425947e-02 -8.34940076e-02  1.90674476e-02  2.06019124e-03
  2.34369449e-02  1.80322826e-02 -2.00862251e-02  4.84351255e-02
 -5.80999907e-03  1.67193070e-01 -4.10696007e-02  4.94709536e-02
 -1.95727739e-02 -1.54822497e-02  2.16911100e-02  2.56340876e-02
  4.94831726e-02 -4.16134186e-02 -2.40559503e-02  6.03041835e-02
  3.42798196e-02  4.08987440e-02 -6.23327941e-02  6.49977997e-02
  5.70005998e-02 -5.67856394e-02 -6.38812482e-02  1.05340453e-02
  8.11612606e-03  2.32731458e-02 -3.73520404e-02 -6.05381429e-02
  6.68205991e-02  6.21307343e-02 -1.03823328e-02 -6.42755926e-02
  3.70361321e-02  5.30699641e-02 -3.57515141e-02 -2.13330408e-04
 -3.64786647e-02  8.84871483e-02 -3.59255336e-02  3.95553923e-33
 -8.21764488e-03 -3.18181328e-02 -5.41267134e-02 -2.38107909e-02
  4.30419073e-02 -2.62822509e-02  6.92438185e-02 -6.76042810e-02
 -3.25708278e-02  1.01774924e-01 -6.11699112e-02 -4.64874469e-02
  3.97382602e-02  2.25535501e-02  1.41101116e-02 -3.81272472e-02
 -1.33645097e-02  9.06738788e-02 -1.69729143e-02  1.77715886e-02
 -7.20274355e-03  4.36425880e-02 -2.28428710e-02 -1.23827741e-03
  1.60401762e-02  5.11701480e-02 -1.12035431e-01 -2.09955461e-02
 -5.24819531e-02  2.41731317e-03 -4.65526916e-02  1.99130201e-03
  2.38800105e-02  2.99845566e-03  1.05670728e-02  1.45251369e-02
 -5.27560785e-02  2.77417433e-03 -2.66640205e-02 -6.09933175e-02
 -1.83356460e-02  6.03376888e-04  1.19499797e-02  6.83478266e-02
  2.72856723e-03 -1.65601708e-02 -6.12605140e-02 -5.51988967e-02
 -2.71865856e-02 -1.99103542e-02  4.33878601e-02  2.26081237e-02
  1.56416949e-02 -6.08199239e-02  6.29120087e-03  4.20782752e-02
  1.53816063e-02 -1.23324275e-01 -6.07217625e-02  7.90619571e-03
  8.68447721e-02  3.21705788e-02  4.08588052e-02  1.54388338e-01
 -5.16076088e-02 -9.51478723e-03  2.21026223e-02  1.75108705e-02
 -7.33999535e-02  1.87658407e-02  7.59887546e-02  5.78924939e-02
 -5.91984987e-02 -5.79409674e-02 -3.21939066e-02 -3.12517174e-02
 -7.03748083e-04  2.04315074e-02 -5.29007390e-02  2.79334113e-02
 -5.67893796e-02 -7.32886940e-02  5.38144168e-03  7.97124282e-02
 -6.82531521e-02 -4.89505976e-02 -8.11667461e-03  2.29624752e-02
 -2.67942976e-02 -8.44990388e-02 -7.92009681e-02  1.49619756e-02
 -7.82734975e-02  2.28960793e-02 -3.79465781e-02 -1.19166028e-08
 -2.22598389e-02  3.58697921e-02  1.90246925e-02 -4.79938202e-02
 -4.98242117e-02 -6.52843639e-02  2.25590053e-03  2.52731312e-02
  1.05569018e-02  8.69817510e-02 -2.90510803e-02 -1.33998208e-02
  4.91928943e-02  7.96688572e-02  1.26517728e-01  9.57979541e-03
  3.46757844e-02 -3.37236375e-02 -4.54954393e-02 -7.12758228e-02
  1.37747407e-01 -1.57435127e-02  3.45258787e-02  2.52350103e-02
 -6.64644912e-02  1.19139524e-02 -5.83591424e-02  3.16724069e-02
 -1.24186957e-02  8.39152485e-02  1.43151656e-02  5.24622276e-02
 -5.37755229e-02 -9.24914107e-02 -5.41556105e-02 -1.06672779e-01
  8.24523419e-02 -4.35023718e-02 -3.42410207e-02  3.62528302e-02
 -2.49285642e-02 -4.16722819e-02  5.00344895e-02  2.85490323e-02
  9.65267867e-02 -5.37934974e-02 -2.56207120e-02 -2.18135696e-02
 -9.99504421e-03 -3.37775052e-02  1.73578821e-02 -3.47153866e-03
 -3.52094583e-02  8.70837457e-03 -3.60907055e-02  5.02781384e-02
  4.84587066e-02 -3.16200070e-02 -9.86734852e-02 -5.60451066e-03
  7.59711117e-02  4.87458855e-02  4.45529111e-02  1.96161065e-02]"
156,Opportunities in Clean Tech,Environment,certifications,1,0.3935,"[-1.16030741e-02 -1.46298027e-02 -2.64048781e-02  5.07002398e-02
 -3.45853530e-02 -3.85049768e-02  7.82058164e-02  2.40901648e-03
 -2.58384719e-02 -2.72941925e-02 -2.00163517e-02 -5.98762743e-02
  4.11016941e-02  6.45101219e-02 -1.06688283e-01 -5.75242788e-02
 -8.06149188e-03  3.78969982e-02  4.70966250e-02 -1.15503848e-01
 -5.10770753e-02  2.71664448e-02 -3.91675122e-02 -1.63343200e-03
 -2.58338195e-03 -1.44682880e-02 -3.20935324e-02 -3.35065182e-03
  1.42920567e-02 -1.09471962e-01 -3.69902663e-02 -6.96455166e-02
  3.60568725e-02  2.14974247e-02 -1.47305047e-02  2.89108325e-02
  8.50229710e-02  7.36644678e-03  3.02816480e-02  1.41901746e-02
 -1.69904977e-02 -1.03750736e-01 -1.18443761e-02  8.58818740e-03
 -1.16118165e-02  3.08169071e-02 -3.63619961e-02 -7.84924701e-02
 -3.53806019e-02 -4.69209300e-03 -2.34044362e-02 -9.35460776e-02
 -9.22602694e-03  8.66105780e-04 -5.71815819e-02 -4.06402536e-02
 -1.85803063e-02  2.75397114e-02 -4.49478738e-02  1.59495473e-02
  3.48239057e-02 -5.93742169e-02 -9.35059264e-02  6.93371296e-02
  9.35927704e-02  2.48986483e-02 -9.63633507e-02  8.22632983e-02
  3.80749069e-02 -5.02776317e-02 -2.06942279e-02 -2.44449433e-02
 -1.47721395e-02  8.31651315e-02  8.82898495e-02 -4.07642275e-02
  2.78386902e-02 -5.06864907e-03  6.91158101e-02 -6.16340972e-02
 -1.03618838e-02  2.03920268e-02 -3.17944661e-02 -3.42447199e-02
  7.86697939e-02 -1.12015679e-02  2.90122209e-03  4.71349480e-03
 -1.82110164e-02 -5.93436649e-03  1.29662916e-01 -9.73342210e-02
 -3.26856188e-02  2.78254300e-02 -8.16574991e-02  3.83348181e-03
 -2.45263949e-02  2.18431139e-03  6.47886842e-02  9.88492593e-02
 -8.95950478e-03 -4.09353673e-02 -8.76857564e-02  6.78749895e-03
 -2.99646910e-02  3.91348302e-02 -1.17389774e-02 -3.60861234e-02
  5.92048578e-02  3.77740785e-02 -4.66862321e-02  6.90536201e-02
 -9.38797966e-02 -1.70444120e-02 -9.88992956e-03  8.96850079e-02
  6.68585254e-03  2.95651704e-02  8.48073140e-02 -1.34701366e-02
 -5.75476214e-02  3.70826386e-02  3.80530357e-02 -9.01748538e-02
  1.33554032e-02 -5.88254146e-02 -3.48487534e-02 -4.13096633e-33
 -2.78355256e-02  6.51695505e-02 -1.68611426e-02  7.87765831e-02
  6.90992270e-03  8.62906594e-03  1.94929708e-02  2.07526255e-02
 -2.11147442e-02  6.76379055e-02  1.66874398e-02  1.39700726e-01
 -4.13062572e-02 -9.80901532e-03  1.22961283e-01  4.34692279e-02
 -2.74403207e-02  1.72284245e-02 -6.43029958e-02 -9.83301830e-03
 -5.53560443e-02 -3.85564752e-02  2.71997787e-02  7.38476142e-02
  1.25757409e-02  1.46379629e-02  7.92251248e-03  2.28949804e-02
  7.78667852e-02  3.49132083e-02  2.12065987e-02 -1.56949402e-03
  1.12605114e-02 -3.34784798e-02  4.55919318e-02  1.21771321e-01
  3.20770890e-02 -6.13855124e-02  6.40652478e-02 -3.73811275e-02
 -2.03318149e-02  8.76618782e-04  7.58873206e-03  5.55113964e-02
 -2.82335561e-03  3.36017832e-02  2.57142782e-02  4.23516966e-02
  4.70619239e-02  5.18797748e-02 -3.15560028e-02 -5.47567792e-02
 -6.80879354e-02 -7.16041476e-02  3.04459669e-02 -1.72289796e-02
  1.41716441e-02  2.89869569e-02 -5.24491519e-02  7.07385829e-03
 -6.66825846e-03  2.16746051e-02 -8.72588158e-02 -3.85372899e-02
 -5.17940335e-02 -6.15710439e-03 -2.08101980e-02 -2.60303579e-02
  8.34558681e-02 -5.68741672e-02 -1.54719263e-01  4.17877221e-03
  6.73531890e-02 -1.41949020e-02  6.46404130e-03 -3.23509844e-03
 -3.82166654e-02  1.34912115e-02  9.59100761e-03  2.39678770e-02
 -2.07398683e-02  6.58700243e-02 -1.47781707e-03 -2.04675295e-03
  4.69948649e-02  1.81709900e-02 -6.98885240e-04  4.56599742e-02
  1.21539962e-02  3.51657271e-02 -8.62794816e-02  3.62801477e-02
  7.43987486e-02  1.05243042e-01 -4.11058441e-02  2.09444955e-33
 -3.72201316e-02  2.84364112e-02 -7.92805944e-03  1.46413341e-01
  3.42079587e-02 -1.57339256e-02 -2.78021721e-03  3.91828865e-02
  5.15462505e-03  2.80988943e-02  2.67248675e-02 -4.18500975e-03
  7.01638609e-02  4.28370200e-02 -3.70119065e-02 -9.74102691e-02
 -1.09105393e-01  2.93534175e-02 -2.07025539e-02  2.50796984e-05
  5.68238832e-02  9.38119218e-02 -1.39880320e-02  3.06715053e-02
  2.11849483e-03  3.25446278e-02 -7.37238601e-02 -5.62807731e-03
  6.35911478e-03  1.39601519e-02  2.68662218e-02  1.86088157e-03
 -1.53587072e-03  8.68731886e-02 -6.67649433e-02 -6.92827255e-02
  7.61813149e-02 -4.67104837e-03  1.19436709e-02  6.01831377e-02
  4.18083407e-02 -4.72933464e-02 -4.45487462e-02  3.54769044e-02
 -5.46355918e-03 -7.73585737e-02  6.12328574e-02  2.66429316e-02
  6.70972168e-02 -6.08023964e-02  8.00997857e-03 -1.40296062e-02
 -3.19694281e-02 -2.51733288e-02  2.37676371e-02  3.13734971e-02
 -9.47671384e-02  2.69431621e-03 -1.11157000e-02  2.35035755e-02
  6.25899583e-02  5.98182380e-02  1.45155415e-02  6.80809766e-02
  4.43081073e-02 -7.47958478e-03  1.55862654e-02  5.69924079e-02
 -5.53826764e-02  2.74082646e-02  4.39939573e-02  2.35222075e-02
 -5.78055158e-02 -6.70043007e-02 -7.78958425e-02 -6.23008795e-02
 -3.73978019e-02 -3.58950943e-02 -3.76391374e-02 -2.28709728e-02
 -7.98316374e-02 -4.73210476e-02 -1.75746195e-02  7.94837773e-02
  8.64009485e-02  3.52280699e-02  7.38297254e-02 -1.30204603e-01
 -2.59181410e-02 -4.07949053e-02  4.26333863e-03  1.93531550e-02
  5.38331531e-02 -3.11590787e-02 -5.28341979e-02 -1.23606378e-08
 -1.12463161e-02  2.65353937e-02 -8.21161270e-02 -3.38786878e-02
 -3.91967893e-02  2.89333723e-02 -8.47520009e-02  2.41900375e-03
 -1.75634883e-02  5.16484641e-02 -6.26418926e-03 -6.22166134e-02
 -1.82418562e-02 -1.99193507e-02  4.13743667e-02 -1.89700071e-02
  2.09501348e-02  1.37317419e-01 -3.03378161e-02  3.56904231e-02
  5.98616675e-02 -1.44257592e-02  5.66833057e-02  4.95574437e-02
 -6.01075180e-02 -2.47887168e-02  6.29002899e-02  1.15275480e-01
  7.00911041e-04  7.21804351e-02 -1.49159925e-02 -3.38334180e-02
  1.11698084e-01 -5.52397668e-02  4.56960723e-02 -8.79785232e-03
  9.11988318e-03 -6.52376562e-02  2.36360170e-02  4.12112176e-02
 -1.06884211e-01 -1.23931244e-02  4.10474539e-02  3.86254452e-02
 -7.94176478e-03 -8.71463586e-03 -5.89627065e-02  3.27891670e-02
  5.14867343e-03  7.15642571e-02  1.89411491e-02 -8.78271535e-02
 -2.40130946e-02 -6.92722201e-02 -5.85970692e-02  1.50842257e-02
  3.06458939e-02 -4.62997071e-02 -1.07817195e-01  6.20418834e-03
  4.31152955e-02 -4.90458570e-02  1.13211371e-01  4.21218686e-02]"
157,Opportunities in Clean Tech,Environment,workforce,1,0.3866,"[-6.01225719e-02  8.11219332e-04 -3.42895836e-02  6.21383414e-02
 -7.83692766e-03  1.47626083e-02  6.16421849e-02 -6.95864782e-02
 -2.89757568e-02 -2.08420190e-03 -3.45239677e-02 -1.61232185e-02
 -8.24538339e-03 -7.54170865e-03 -2.77385116e-02 -3.13166268e-02
  1.25363143e-02 -1.67443380e-02  4.22765799e-02 -5.84965907e-02
 -8.48453119e-02 -1.27153564e-02 -4.97699566e-02  7.31486222e-03
  2.10995954e-02  4.82522100e-02 -5.15435152e-02  3.95232178e-02
 -7.07736313e-02 -8.35431740e-02 -2.65680272e-02  9.00611952e-02
  5.95679954e-02  9.30498727e-03  1.66342352e-02  4.06633466e-02
  3.48403677e-02  4.55019623e-02  5.01053557e-02 -6.61789672e-03
 -5.39526157e-02 -9.11292210e-02 -1.95321944e-02 -2.08071508e-02
 -2.55159140e-02 -1.22755347e-02  2.76468806e-02  2.54673101e-02
  4.15233243e-03  4.71785441e-02 -4.79860185e-03 -8.20216984e-02
  4.00661416e-02  9.31239948e-02 -1.17691502e-03 -4.79278490e-02
  3.73498537e-02 -5.97072616e-02 -4.00749072e-02  1.98270082e-02
 -3.17125916e-02 -3.43811363e-02 -6.52290657e-02  3.70273963e-02
  1.05599813e-01 -2.71414351e-02 -6.94716573e-02 -4.59164521e-03
 -8.30985978e-02 -7.54280314e-02 -1.31057585e-02 -5.00512272e-02
 -5.30527681e-02  4.21497459e-03  1.10228851e-01 -4.91558984e-02
 -1.11921411e-03 -2.11161170e-02  1.42690524e-01 -4.84893881e-02
  5.01959994e-02 -1.44590801e-02 -3.74307595e-02  1.15847670e-01
 -7.13332593e-02 -6.01008236e-02  1.33658508e-02  5.68119697e-02
  3.19801718e-02 -3.15538906e-02 -2.22508498e-02 -4.35420498e-02
  2.77787782e-02  2.17588004e-02 -8.23606327e-02 -2.98371091e-02
  1.62867997e-02  3.66851203e-02 -1.54577782e-02  1.85827062e-01
 -8.05261172e-03 -3.23398933e-02  1.65000092e-02 -1.92710999e-02
 -9.60354209e-02 -1.31842624e-02 -5.50493337e-02  4.91558947e-02
 -2.60757171e-02  1.27673922e-02 -4.94105667e-02  4.15815674e-02
 -1.20862603e-01  7.49910474e-02  1.03274658e-02 -9.28133260e-03
 -4.32712119e-03  3.89916152e-02 -2.33951379e-02  9.16833654e-02
 -1.41703961e-02  3.82731035e-02 -9.40272063e-02 -8.07924569e-03
 -5.15050329e-02 -8.73991176e-02  6.95073931e-03 -6.88488217e-33
  2.48216167e-02  1.00640638e-03  6.35212585e-02  1.10173322e-01
  7.87566155e-02 -1.62826143e-02 -4.92259394e-04  6.26436993e-02
  1.12531288e-02 -5.31490855e-02 -8.17099214e-02  8.47709477e-02
 -9.36946366e-03  5.07045537e-02  5.81542924e-02 -4.57599200e-02
  3.35091748e-03  1.15278192e-01 -2.19357572e-02  2.30442099e-02
 -1.42209670e-02 -3.01544238e-02 -8.79927948e-02  5.98448664e-02
  4.12910106e-03  3.18341777e-02 -2.13524643e-02  1.75245292e-03
  6.46415204e-02  4.01848294e-02 -8.24420014e-04  5.92423677e-02
  3.29212397e-02 -1.13955606e-02 -4.84156460e-02 -2.64939722e-02
 -2.88259983e-03 -7.12777451e-02  1.92263424e-02 -3.29018123e-02
 -4.06757593e-02  1.42306695e-02  7.02573508e-02  2.10089367e-02
  1.06760655e-02  4.69569378e-02  4.09793034e-02  2.34352071e-02
 -2.68498138e-02  1.18825950e-01 -1.26869231e-02  3.89132053e-02
  4.59869988e-02  3.62201259e-02  4.22721580e-02 -1.81404804e-03
  2.37294938e-02  4.96631861e-03 -1.78574547e-02 -3.23018432e-02
  4.27366905e-02  9.53053609e-02 -2.27123257e-02  2.07877643e-02
  7.88916722e-02  1.77977397e-03 -2.98936921e-03  4.24538665e-02
  9.89400521e-02  3.36035267e-02 -4.57760356e-02  2.83758938e-02
  4.30666320e-02  5.04170656e-02 -5.27065173e-02  7.16864839e-02
  2.84163393e-02  2.68735904e-02 -3.23398560e-02  4.07057721e-03
  1.72666013e-02  4.02592868e-03 -4.28851284e-02 -3.80760059e-02
  1.02172844e-01  1.20082339e-02  4.07575630e-02 -5.15358672e-02
  6.42072484e-02  3.18721607e-02 -6.09447025e-02 -2.93205045e-02
  3.05625238e-02  9.28657651e-02 -2.86904369e-02  4.15550000e-33
 -3.99073400e-02  1.80476101e-03 -9.51386690e-02  6.46256730e-02
  3.14361267e-02  4.68551693e-03  1.13660730e-01 -5.59118055e-02
  8.74623470e-03  8.99058878e-02 -8.23102295e-02 -7.62239248e-02
  8.13953858e-03  3.22608836e-02 -5.07470667e-02 -9.04939994e-02
  1.34050101e-02 -4.53111297e-03 -5.56436814e-02  6.42389655e-02
  4.42026295e-02 -6.29281476e-02  8.73336010e-03  3.01485825e-02
  6.31389022e-02  4.32610102e-02 -8.85448605e-02 -7.39885196e-02
 -6.35300428e-02  2.13736817e-02 -3.74293625e-02 -5.88570908e-02
  2.80020218e-02  3.93373407e-02  7.85840151e-04 -3.22675146e-02
 -3.69418599e-02  4.07368727e-02 -4.92210640e-03  1.16393529e-02
  5.63497581e-02 -4.93168682e-02 -6.64350763e-02  8.31017643e-02
 -2.24550236e-02 -4.00079042e-02 -3.10028009e-02 -2.01198068e-02
  2.78212726e-02 -4.11977246e-02 -4.46037911e-02  7.45467190e-03
 -5.99744879e-02 -2.75628660e-02 -4.68200259e-02 -3.80339213e-02
 -1.17040528e-02 -4.87315431e-02 -4.18823585e-02  2.54058950e-02
 -1.20920716e-02 -1.30840568e-02 -1.95830688e-03  8.89871046e-02
  2.65449472e-02 -6.04541712e-02  3.55863050e-02 -4.47366908e-02
 -2.54226197e-02  1.01106698e-02  9.64991227e-02  4.17312607e-02
  5.37282452e-02  1.05698910e-02 -3.17087620e-02  1.13097727e-02
 -2.27209572e-02 -3.07682883e-02 -3.99819762e-02  2.99219117e-02
 -3.63922678e-02 -6.37378544e-02  3.62146385e-02  3.33423577e-02
 -5.74296303e-02  6.95158094e-02  5.54965772e-02 -5.30800549e-04
 -7.25125223e-02 -1.01263106e-01 -5.78039587e-02 -1.81892980e-02
 -3.22220400e-02 -5.59824891e-02 -5.13032191e-02 -1.25799096e-08
  2.29386408e-02 -4.24181297e-03 -7.76705984e-03 -3.37196104e-02
  2.59312131e-02 -5.63172325e-02  2.04537921e-02  2.87122512e-03
  6.20050766e-02  1.00083061e-01  7.73522863e-03 -1.76186990e-02
  5.84147796e-02  4.82898578e-02  9.47915390e-02  8.78558457e-02
 -1.06325727e-02 -4.64030681e-03 -8.98464844e-02 -9.06431079e-02
  7.70798177e-02  5.25659807e-02 -5.07274196e-02  7.44134234e-03
 -9.30978078e-03  2.05584355e-02 -7.67234489e-02  7.46750608e-02
  1.62314642e-02  3.16558331e-02 -1.65974107e-02  1.55911325e-02
 -4.18153144e-02 -9.84547958e-02 -3.05530690e-02 -5.13421632e-02
  3.31972837e-02 -4.62985560e-02  1.60271619e-02 -9.74130258e-02
  4.38925065e-03  7.23044723e-02 -1.85163934e-02 -3.41982916e-02
  7.51123130e-02 -4.14772779e-02 -1.06678635e-03  6.52317554e-02
 -6.19915500e-02 -5.62885478e-02 -2.96851657e-02 -4.04295325e-03
  5.21001182e-02  4.24690656e-02  2.50238832e-02 -3.10461093e-02
  2.83482075e-02 -6.26567230e-02 -4.58031856e-02  5.58706075e-02
  1.35885358e-01 -1.80853345e-03  1.37263879e-01 -6.95199473e-03]"
158,Opportunities in Clean Tech,Environment,employers,1,0.3828,"[-3.89416851e-02  5.20302057e-02  3.28732431e-02  2.92388052e-02
  3.77890356e-02  3.66001911e-02  6.53128549e-02 -5.54965734e-02
 -3.03538833e-02 -5.67187928e-02 -2.52638143e-02  9.62797087e-03
 -7.13043213e-02 -2.27614455e-02 -6.11975677e-02  2.05634106e-02
  1.79847982e-02  3.25938314e-02  2.86633763e-02 -9.18597281e-02
 -8.57082605e-02 -1.32392105e-02 -4.67199497e-02 -2.64880024e-02
  6.95174793e-04  6.25362098e-02 -1.38442433e-02  4.21775766e-02
  1.75518617e-02 -5.94634153e-02 -3.07565778e-02 -2.33326573e-02
  9.05326083e-02  4.44275066e-02 -2.11864933e-02 -1.90821271e-02
  1.23374891e-02  1.79327596e-02  3.22958976e-02  6.03613677e-03
 -1.56853795e-02 -6.17750809e-02  1.17776329e-02 -3.33419293e-02
  1.89445205e-02 -3.51248868e-02  7.71844462e-02  6.71759248e-02
 -3.09932046e-02  9.46785882e-02  1.75887719e-02 -6.14960641e-02
  3.37002911e-02  7.47661293e-02 -2.40739137e-02 -3.44485752e-02
 -1.14213694e-02 -8.95336736e-03 -4.83608805e-02  4.30212952e-02
  1.66643914e-02 -7.59318471e-02 -1.60457939e-02  3.41015831e-02
  5.36201783e-02 -2.86174454e-02 -7.70206749e-02  2.84392871e-02
 -6.64211437e-02 -7.04890639e-02 -6.67156652e-04 -1.23003915e-01
 -9.81875807e-02  7.23183453e-02  8.61325935e-02 -5.35521768e-02
 -1.79302692e-03  1.49533423e-02  3.61998640e-02 -8.09905082e-02
 -1.72195653e-03 -7.70285130e-02 -5.24135679e-02  4.51284610e-02
 -3.24429348e-02 -4.73183282e-02  3.82148027e-02  4.89084907e-02
  5.90701550e-02  3.94803770e-02  2.07044687e-02 -1.42402068e-01
  3.35819460e-02 -1.16576562e-02 -1.16241584e-02 -2.03937311e-02
  1.68101676e-02  8.14627483e-02  1.63629986e-02  1.82369277e-01
 -1.80630405e-02 -1.67472009e-02 -6.21483624e-02  5.80255017e-02
 -5.28586917e-02  1.10741798e-02 -2.81969495e-02  3.13454233e-02
  1.01135171e-03  4.52781282e-02 -4.67188731e-02  7.83757865e-02
 -7.06348717e-02  3.01009305e-02  1.14091206e-02  4.34944406e-03
 -5.49462065e-02  5.86561821e-02  4.86917049e-03  4.88032252e-02
 -1.93947982e-02  1.16471499e-01 -9.82298553e-02 -4.07322170e-03
 -1.25904158e-01 -7.58420825e-02 -5.36964834e-02 -5.15824774e-33
  6.08263426e-02  4.15403210e-02  8.17361055e-04  2.96787601e-02
  3.52977216e-02 -1.72680765e-02 -5.29039577e-02  5.57674207e-02
 -3.94505449e-03  1.10249989e-01 -1.05753593e-01  8.17074031e-02
 -8.67294241e-03  7.78136402e-03  8.55731368e-02  1.98905282e-02
 -6.43784995e-04  1.30463108e-01  1.38305705e-02  2.54571084e-02
 -1.13553144e-02 -9.75482538e-03 -8.83345753e-02  7.38495514e-02
 -1.04024224e-02  1.75181050e-02 -4.07933444e-02  3.31142135e-02
  4.09686938e-02  3.26115638e-02  7.85905346e-02  5.21867350e-03
  4.78796847e-02 -2.64969170e-02 -1.48592750e-02 -1.64847858e-02
 -1.46503262e-02 -5.10196239e-02  1.62326766e-03 -5.83383739e-02
 -2.73072813e-02 -1.57916788e-02  1.02945641e-01  2.57831793e-02
  4.47898284e-02 -1.15250731e-02 -6.60689175e-03  4.69878577e-02
  2.39978787e-02  1.56131089e-01 -7.10096210e-03  1.56458449e-02
  3.76228765e-02 -4.09706961e-03  5.19139804e-02 -2.06191633e-02
 -1.12327719e-02 -1.01526023e-03  2.55045500e-02 -4.13182005e-02
 -7.37060141e-03  1.11225531e-01 -8.98876414e-02  1.15864130e-03
 -2.55613998e-02 -5.94031718e-03  2.62505971e-02 -1.65106989e-02
  1.17708884e-01 -8.14583804e-03 -3.53321768e-02  4.64186966e-02
  1.72618609e-02 -2.48564612e-02 -5.87660819e-02  5.02165779e-02
 -3.44784707e-02  3.20399031e-02  3.30148428e-03 -2.67019239e-03
  4.25595306e-02  1.90516803e-02 -7.05607422e-03 -4.25256277e-03
  7.59177953e-02  5.58068603e-02  9.55130346e-03 -6.12431318e-02
  2.15112213e-02  3.50566953e-02 -7.13322833e-02  5.12206554e-03
  8.45034141e-03  7.93619826e-02  7.38680502e-03  3.06597634e-33
 -2.05524787e-02 -7.10992664e-02 -5.39504290e-02  3.78609658e-03
  2.83863526e-02  4.35630372e-03  8.78728628e-02 -7.44374990e-02
 -4.11468334e-02  2.98860874e-02 -4.52902280e-02 -5.86727746e-02
  4.63303514e-02  2.09032465e-02 -5.81072010e-02 -3.12408265e-02
  4.31855284e-02  9.98882344e-04 -6.14336357e-02  1.02613214e-02
  3.50095741e-02 -4.58182730e-02  3.16916928e-02  1.54729830e-02
  2.23829653e-02  1.79730691e-02 -4.55690287e-02 -3.69862914e-02
 -6.97217733e-02  9.65569634e-03 -7.48828724e-02  2.68880725e-02
 -7.26952329e-02  1.06132723e-01 -1.78961586e-02 -7.68207712e-03
 -5.85826486e-02  1.40121961e-02  9.34040290e-04 -3.94658297e-02
  5.25457449e-02 -2.24586818e-02  1.13988481e-02  1.10669397e-01
 -3.30094695e-02 -2.97032613e-02 -4.10664193e-02  3.44978203e-03
  2.75617745e-02 -4.01995368e-02 -1.00791715e-01  1.61922835e-02
  7.03181094e-03 -3.18101561e-03 -2.22290624e-02 -4.97551821e-02
 -1.45689789e-02 -6.49069250e-02 -2.02476084e-02  5.54676577e-02
  2.97099911e-02  2.33205184e-02  6.85357824e-02  1.11811295e-01
 -3.88671979e-02 -6.28077835e-02  4.64665368e-02  3.16836350e-02
 -3.36111188e-02  2.03388240e-02  8.74396339e-02 -3.14725116e-02
  2.09477800e-03  4.38490277e-03 -5.23730516e-02 -6.20412417e-02
 -2.00770423e-03 -6.65862858e-03 -1.20175749e-01 -8.02439451e-03
  3.42492200e-03 -5.78898750e-02  4.47988883e-02  7.88396597e-02
 -1.09237302e-02  1.70958322e-02  3.07235122e-02  4.78469953e-03
 -1.70817797e-03 -4.84895743e-02 -3.75840850e-02  7.53508182e-04
 -5.96651025e-02  1.85154025e-02 -3.19602452e-02 -1.21692718e-08
 -1.59475598e-02 -1.48931897e-04  4.65515349e-03 -5.06915450e-02
  1.57067347e-02 -1.06691085e-01 -3.18567790e-02 -1.50998859e-02
  4.09431271e-02 -1.79753976e-03 -2.89661307e-02 -3.50130983e-02
 -7.97990244e-03  1.34135541e-02  9.45927277e-02  8.52654576e-02
  1.87700801e-02  2.10705530e-02  6.80567836e-03 -4.04812768e-02
  2.02086773e-02  7.18410611e-02  2.25028433e-02  1.65965799e-02
  1.97646059e-02  6.29317015e-02 -2.65681632e-02  1.85304470e-02
  7.88151249e-02  1.30838931e-01 -1.28782187e-02  8.61982107e-02
  1.87349580e-02 -1.16665788e-01 -3.28805372e-02 -5.21710217e-02
  5.90386689e-02 -8.88149366e-02 -1.78456698e-02 -1.41905278e-01
 -4.11344431e-02  2.02867817e-02  2.00340115e-02 -4.94780764e-02
  2.24470869e-02 -8.81768689e-02 -1.45317856e-02  6.13749586e-02
 -2.37472802e-02 -9.10118688e-03 -9.10726842e-03 -2.21413635e-02
  5.72641427e-03  2.52658948e-02  9.17266402e-03 -2.36230642e-02
  1.97705403e-02 -6.75819740e-02 -9.85393971e-02 -3.41771618e-02
  1.21375620e-01  4.10590507e-03  1.06721692e-01  2.85091940e-02]"
159,Opportunities in Clean Tech,Environment,wastewater,3,0.381,"[-2.02315021e-02 -1.58366486e-02  1.77794117e-02 -9.64475609e-03
  5.27726226e-02 -8.45334530e-02  1.04166105e-01 -3.99488397e-03
 -1.86845921e-02 -4.52115685e-02  1.41157012e-03 -5.03815785e-02
 -9.80958994e-03  7.85080045e-02 -1.32090017e-01 -5.94653934e-02
 -1.47081306e-02 -2.70798933e-02 -2.90559847e-02 -1.14037581e-02
  5.32797128e-02  1.06450403e-04 -1.11151207e-02 -4.36713770e-02
 -2.92043127e-02  1.04105778e-01  5.37005439e-02 -3.72367799e-02
 -3.85451950e-02 -7.01425299e-02  7.67813474e-02  3.98618020e-02
  7.86473751e-02 -1.58188760e-01  6.09117560e-02  9.06026587e-02
  6.82088314e-03 -3.37469541e-02  5.72895408e-02 -2.36427430e-02
 -6.01457395e-02 -1.04269817e-01  7.04210401e-02 -1.90731846e-02
 -5.79989813e-02 -6.34209951e-03  5.26939444e-02 -6.16704896e-02
 -3.66586470e-03 -6.68375269e-02  2.75740158e-02 -7.07426015e-03
 -4.96400110e-02 -1.42288078e-02  6.40749037e-02 -5.87983057e-02
  2.04705670e-02 -4.01507430e-02 -7.96960592e-02 -4.56323214e-02
  1.70197077e-02 -4.00760248e-02 -3.13088521e-02  4.80074696e-02
  7.90824965e-02  2.77320482e-02 -1.70677677e-02  1.72770638e-02
  9.73761827e-03 -8.32279995e-02 -6.44385368e-02 -3.36965248e-02
 -3.96256102e-03 -6.38388423e-03 -2.48175301e-02 -1.51086999e-02
  9.42097306e-02 -3.36110257e-02  7.14042857e-02  6.66021020e-04
  4.65850756e-02 -5.16822040e-02  2.18647369e-03 -8.01353343e-03
  4.71943878e-02  5.79354763e-02 -2.07399577e-02 -6.83871806e-02
 -1.21547934e-02  2.99929306e-02  1.68685317e-02  2.94758119e-02
  7.15492815e-02 -5.53941317e-02 -4.57368232e-02  4.91196439e-02
 -4.67182742e-03  1.04214819e-02 -4.74105543e-03  1.41019732e-01
 -8.03933218e-02  7.06502795e-02 -1.59425195e-02 -6.98754340e-02
  5.78028411e-02 -3.45035195e-02  1.86746344e-02  7.58394301e-02
  9.56833661e-02 -2.79943235e-02 -5.77906556e-02 -3.53612974e-02
  4.47596004e-03  4.94225845e-02  3.99513878e-02  1.66034363e-02
  1.09010875e-01 -7.23227784e-02 -6.90582320e-02  7.85129443e-02
 -6.41399994e-02 -7.73399994e-02 -6.72245100e-02 -1.51448557e-02
 -3.88871729e-02 -3.77773982e-03 -4.02751658e-03 -4.47901808e-33
 -1.10562705e-02 -7.66764060e-02  5.79827353e-02 -4.74884622e-02
 -4.62417044e-02 -2.83084586e-02  8.47398397e-03 -5.15885912e-02
  7.66676441e-02 -8.52803439e-02 -9.58230346e-03 -4.48461398e-02
 -6.19847551e-02  6.97888285e-02  2.91774515e-02 -1.33266365e-02
  7.65732024e-03  2.72591189e-02  2.61864122e-02 -6.93687564e-03
  1.93328168e-02  6.11166246e-02 -4.80275825e-02 -1.89721417e-02
  5.06412722e-02 -8.80911723e-02  7.52872508e-03 -6.39969856e-02
  1.94189306e-02 -2.84817332e-04  5.37950695e-02  2.22611427e-02
 -6.57921135e-02  7.48373717e-02 -6.90467805e-02  2.87530776e-02
 -6.38856441e-02  2.98304670e-02 -2.35851407e-02 -1.13331461e-02
 -2.78997123e-02  2.01250985e-02  2.05722800e-03  5.06082661e-02
  4.40435894e-02 -3.65542546e-02 -5.72657995e-02  2.65492797e-02
  3.46106254e-02  2.08547097e-02  8.87345336e-03  4.27839160e-02
 -4.69043702e-02 -3.02079832e-03 -2.95353085e-02 -2.65949257e-02
  3.97097170e-02 -1.83191989e-02  2.76394244e-02  1.59789771e-02
 -5.55961132e-02  6.98968619e-02 -7.65312910e-02  4.37035561e-02
  1.03761993e-01  2.95407996e-02  7.49962684e-03  6.75858855e-02
  5.43741360e-02  6.80937618e-02 -1.41790241e-01 -4.37322408e-02
  3.18516903e-02  3.61288972e-02 -6.74476177e-02  1.43933129e-02
 -2.98524611e-02 -5.48403747e-02 -5.73858172e-02  3.86285186e-02
 -6.73150569e-02  4.50598105e-04 -1.65620458e-03 -1.15108944e-03
 -2.60658488e-02  4.60455045e-02 -2.82739867e-02 -4.01445245e-03
  9.74921957e-02 -3.50153516e-03  6.84774071e-02 -1.90463345e-02
 -5.83308488e-02 -1.96865164e-02 -2.88440622e-02  2.88502221e-33
  1.43317387e-01  1.40220174e-04 -2.06188690e-02  6.39076233e-02
  3.01417075e-02 -2.37273574e-02  1.23582557e-02  2.97916271e-02
  5.05810231e-02  5.49232587e-02 -4.18784134e-02  5.45700267e-02
 -8.61443055e-04 -2.41471045e-02  4.16766144e-02  4.01906520e-02
  5.48163839e-02  2.34300643e-02  2.15845909e-02 -1.81251112e-02
 -2.52968241e-02  4.51574661e-02  4.95095253e-02 -3.70035018e-03
  1.49015514e-02  4.61061783e-02 -2.99182814e-02 -5.44004664e-02
  3.82151529e-02 -1.13944551e-02 -5.80093004e-02  4.46399860e-02
  5.13516590e-02  3.22086662e-02 -1.39206946e-02  2.95849517e-02
 -1.62958074e-02  1.08345011e-02 -3.06388941e-02  3.46024632e-02
  5.71955405e-02 -6.21559247e-02 -2.88531813e-03  8.59540999e-02
 -3.38982008e-02  3.45854647e-02 -6.41053170e-02 -2.65426282e-02
  1.17136240e-02  1.90207525e-03  2.13804301e-02  6.68310225e-02
 -6.50820732e-02  2.32131537e-02  2.45395843e-02  1.05635151e-02
  8.01704228e-02  2.31987070e-02 -4.77338471e-02  1.94772966e-02
  3.84039804e-02  9.59275663e-02 -7.82221090e-03 -3.18993255e-02
 -6.65238127e-02  5.03357239e-02  1.16810361e-02  2.51280405e-02
 -4.97291908e-02 -4.41514142e-02  9.63065252e-02  6.31710561e-03
  5.62045118e-03 -1.06506320e-02 -2.60921232e-02 -4.74631414e-02
 -8.24419931e-02  4.61268164e-02 -4.39845137e-02  5.99912442e-02
 -4.47776839e-02  8.75084177e-02 -3.05191763e-02  1.38789751e-02
  6.43552095e-02 -1.09480433e-01 -9.47761349e-03 -5.74410148e-02
  5.64806908e-03 -6.03506900e-03 -3.53213586e-03 -1.02054998e-02
 -1.93893071e-02  3.06191295e-02  6.01918809e-02 -1.10557528e-08
 -7.71627948e-02 -3.45027857e-02  7.56198317e-02  5.31809032e-02
 -4.79024253e-04  6.01288527e-02  2.32125577e-02  9.92581919e-02
  1.65269505e-02 -9.03832261e-03 -3.74213383e-02  4.47938852e-02
  2.45184582e-02 -2.30983598e-03  3.14335078e-02  2.08596047e-02
 -4.17959057e-02 -1.17492020e-01 -5.18149473e-02 -6.10007942e-02
 -3.56685258e-02 -2.68448517e-02 -5.07401153e-02  4.24155258e-02
 -1.73172671e-02  2.32599117e-03  3.16222534e-02  9.30500031e-02
 -3.38634402e-02 -3.10353432e-02  2.46841758e-02  3.73994820e-02
 -4.15590107e-02 -1.79052316e-02 -1.44253084e-02 -2.08072849e-02
  1.12946071e-01 -1.18132591e-01 -7.96980336e-02 -3.86118367e-02
 -2.84969397e-02 -2.75686868e-02 -2.67278571e-02 -4.37792949e-02
  8.77950937e-02  2.42384430e-02 -4.64596599e-02  2.50449758e-02
  9.12410021e-03 -3.57784666e-02  6.63051233e-02 -2.75461711e-02
  1.43431202e-02  9.71061364e-02  6.25336834e-04  4.11219634e-02
  8.67297780e-03 -3.23962718e-02 -4.66738082e-02  2.00744742e-03
  1.53843269e-01  1.38621414e-02  1.69335708e-01 -5.77506907e-02]"
160,Opportunities in Clean Tech,Environment,environmentally,1,0.372,"[ 8.41795560e-03  1.24931827e-01  8.03253800e-02  2.45253276e-02
  7.93462992e-02 -4.17729281e-02  6.46296144e-02 -1.54521549e-02
  1.11508146e-02  3.99401635e-02  1.51944198e-02 -9.23864841e-02
 -1.52761154e-02  3.75933051e-02 -1.78697202e-02  2.73128180e-03
 -6.80848435e-02 -1.23030525e-02 -1.35031894e-01  1.16881318e-02
 -9.42542404e-02  2.83009876e-02  2.89525837e-02  1.23692630e-03
 -7.32308701e-02  8.87071714e-02  9.96910594e-03  4.91764396e-02
  2.58818921e-02 -5.29144071e-02  2.81450301e-02  9.54565406e-02
  1.68870147e-02 -3.89022045e-02 -8.39521922e-03  6.40441924e-02
  5.76490909e-02 -4.75808494e-02  1.53394612e-02 -8.94675497e-03
 -7.07191080e-02 -8.08555782e-02 -3.62953506e-02 -4.86333035e-02
 -2.02300176e-02 -4.46801037e-02  1.70848668e-02 -5.79954162e-02
 -2.02409867e-02 -6.05678745e-02  6.37867376e-02  1.05568282e-02
 -4.61683050e-02 -9.33001935e-03 -2.69282274e-02 -6.97162673e-02
  4.12109718e-02 -5.60729019e-02  1.68788526e-03 -2.53934432e-02
  9.71883088e-02 -6.91710711e-02 -1.03627771e-01  2.94331331e-02
  8.39593858e-02  4.74121571e-02 -3.88035253e-02  1.00951426e-01
  2.67835683e-03 -6.60227984e-02  2.52205022e-02  4.58763586e-03
  1.05129527e-02 -5.14106415e-02  1.65117905e-02  2.74140928e-02
  4.16390523e-02  2.40963437e-02  5.16133495e-02 -3.27018462e-02
  7.63939247e-02 -3.82773727e-02 -2.49186959e-02 -1.57122966e-02
  5.85455783e-02  1.66997090e-02 -2.73325434e-03 -3.24183218e-02
 -8.96017998e-03  4.10278253e-02 -3.39407809e-02 -5.21334633e-03
  1.15246862e-01 -7.22489646e-03 -1.21311970e-01  4.39314097e-02
 -2.64507812e-02 -4.37832586e-02  1.86634567e-02  1.97473064e-01
 -3.85049582e-02  5.96512370e-02 -1.00554243e-01 -1.98782533e-02
 -2.00453326e-02 -3.17307897e-02 -3.46327312e-02  6.50811940e-02
  2.59036329e-02 -3.18647735e-02 -9.37932879e-02 -6.96717016e-03
 -4.14293557e-02  9.98071656e-02 -7.26916594e-03  2.32054330e-02
  8.29538181e-02 -3.37798037e-02  5.70683107e-02 -1.62292048e-02
  2.57706363e-02 -2.25382205e-02  1.15194097e-02  4.11961451e-02
  5.43339970e-03 -1.22215502e-01  4.22485322e-02 -6.32743483e-33
 -1.24236690e-02 -3.43979001e-02  9.82970670e-02 -7.82631114e-02
  6.65832078e-03  6.92618191e-02 -4.27295752e-02 -5.55733172e-03
 -1.93051100e-02  1.33670345e-02  5.19310907e-02  7.58323148e-02
 -3.49604823e-02  3.72340456e-02  1.25400066e-01 -4.55183350e-02
 -1.03530437e-01 -2.01367354e-03 -1.20276865e-02 -1.60023719e-02
 -1.36747593e-02  4.39650752e-02 -1.31169073e-02  6.62781075e-02
  3.99427488e-02 -8.80176201e-02  7.71675780e-02  2.21562851e-02
  3.33470516e-02  2.22038419e-04  5.97628132e-02  4.99781705e-02
 -3.25430408e-02 -3.18328515e-02  3.30632925e-02  3.47457193e-02
 -7.91298747e-02  4.64484431e-02 -1.74496640e-02  2.62050936e-03
 -1.95549447e-02 -1.93485878e-02 -4.10454988e-04 -1.09937065e-03
  5.64147271e-02 -1.49604175e-02  6.66694641e-02  2.12246906e-02
 -4.77088653e-02 -1.20670479e-02 -4.03557755e-02  6.30877614e-02
 -7.62714148e-02 -5.24078347e-02 -6.08732738e-03 -2.99450606e-02
  7.57885948e-02 -3.12770717e-02 -4.11605798e-02 -5.60339168e-02
 -3.19557898e-02  1.58047453e-01 -4.25735787e-02 -2.55826544e-02
  7.40225539e-02 -2.16442738e-02  1.40673630e-02  5.60982898e-02
 -3.50379422e-02 -1.30118579e-02 -2.03309022e-03 -5.38170934e-02
  3.03965751e-02  2.11555492e-02 -4.65331599e-02 -3.98085006e-02
  8.93663429e-03 -1.81602896e-03 -6.24714512e-03  6.39621466e-02
 -7.04901814e-02  4.03555334e-02 -1.12110106e-02 -4.84533533e-02
  1.45275798e-02 -3.07466816e-02  1.78928096e-02 -1.84036065e-02
  6.50404096e-02  5.08161448e-02  4.40139696e-03  3.15287113e-02
  5.58487438e-02 -3.50195169e-02 -9.57863629e-02  3.10305089e-33
  1.73052289e-02 -7.27206143e-03 -5.12308739e-02  6.27800152e-02
 -2.55618431e-02 -6.23423271e-02 -6.49525821e-02  3.95487025e-02
  2.06807703e-02  3.49196233e-02 -6.76320717e-02  1.17034450e-01
  7.48484284e-02  3.18603553e-02  4.56847511e-02 -2.94998102e-03
 -1.40905343e-02  4.28062975e-02 -2.98109073e-02 -3.65253426e-02
 -8.20733979e-03 -2.17134040e-02  5.12563661e-02  8.34508613e-02
 -7.90779069e-02  4.86647226e-02 -2.30536312e-02 -2.06884518e-02
  2.39535253e-02  1.39190617e-03 -4.44948040e-02  1.68381128e-02
 -4.82213423e-02  2.75233518e-02 -1.61756370e-02  4.26372280e-03
 -3.39422971e-02 -4.59293202e-02 -3.57614201e-03  4.41634394e-02
 -6.32687146e-03 -1.83621589e-02 -1.65332016e-02  2.60096937e-02
 -4.35513295e-02  4.11483161e-02 -7.78587759e-02  4.41770107e-02
  3.49924713e-02  1.02673611e-02  4.17899564e-02  5.18142954e-02
 -6.10631555e-02 -4.11970131e-02  2.77655665e-02 -1.66404005e-02
  5.18687768e-03  4.49243002e-02 -3.48460078e-02  1.01265861e-02
  1.07797869e-01  9.83127430e-02 -3.75204167e-04  8.08056965e-02
 -9.53243673e-02 -1.47328824e-02  1.43780466e-02 -1.19348280e-02
 -2.98011191e-02 -6.49639815e-02  1.94449425e-02  1.02034975e-02
 -1.09379098e-01 -5.24507575e-02 -1.04552463e-01 -3.28081404e-03
 -1.87670011e-02 -1.67606231e-02 -8.29121843e-02 -1.05998409e-03
 -5.60257249e-02  6.44858042e-03 -2.21749097e-02  3.18032280e-02
 -4.50259307e-03 -7.61502609e-02 -5.18955700e-02 -9.86995548e-02
 -2.83977948e-02  4.46897261e-02 -2.39000302e-02 -2.54403427e-02
 -7.19771236e-02  1.30759910e-01 -1.11361220e-02 -1.37753400e-08
  1.41333202e-02 -3.55283245e-02  7.74168596e-02  2.52260547e-02
 -3.08769848e-02 -3.34784226e-03  9.63913426e-02  3.28310803e-02
  2.91971788e-02  5.49014919e-02  1.10261003e-03  4.46566567e-03
  3.67313586e-02  1.07249022e-01  1.90721161e-03 -3.98320556e-02
  3.41808833e-02 -6.56529292e-02 -4.81333546e-02  3.85969356e-02
 -3.80542837e-02 -3.52188349e-02  1.42804533e-02  8.45834464e-02
 -5.69670647e-03 -6.72160089e-03  8.13937858e-02  3.27026262e-03
  2.94867828e-02  5.43959700e-02  2.58495957e-02  6.71447515e-02
 -2.45625321e-02 -1.64845295e-03 -8.29644948e-02 -7.90010616e-02
 -1.33639127e-02  2.04432029e-02 -6.62108958e-02 -1.78385135e-02
 -3.22915986e-02  4.38490175e-02 -5.29868864e-02  1.24783963e-02
  4.08829376e-02 -1.12866662e-01 -4.53029014e-03  7.70842209e-02
 -1.41113466e-02  1.11722462e-02  1.71338227e-02 -9.25147608e-02
  9.77493078e-03  6.10512728e-03  2.88824029e-02  1.23684602e-02
  1.55405595e-03  2.91493516e-02 -2.06545778e-02  2.62596961e-02
  8.86137933e-02 -4.09259349e-02  6.79454878e-02 -7.41952145e-03]"
161,Opportunities in Clean Tech,Environment,advancements,1,0.3698,"[-1.88228767e-02  3.86862941e-02 -2.78471829e-03 -2.19488591e-02
 -7.34114647e-02  1.60131082e-02 -1.60350613e-02 -1.44066690e-02
 -4.15074155e-02 -4.07204730e-03  6.37418330e-02  9.71201509e-02
  3.43273790e-03  3.42410170e-02  2.12435587e-03  2.70854738e-02
  1.59035958e-02  3.52215953e-02 -7.22291395e-02 -1.03546537e-01
 -1.42658979e-01 -3.07118222e-02  4.93145883e-02 -2.46727909e-03
  3.37095782e-02  5.25497086e-02 -5.87311313e-02 -8.33753869e-02
  5.37240654e-02 -1.85488742e-02 -3.60263772e-02  3.72392349e-02
  8.12385157e-02 -4.54933979e-02 -5.09476438e-02  1.38273342e-02
  6.76427111e-02  8.02480802e-02  1.79253761e-02  1.12620648e-02
 -6.11617416e-02 -1.09797448e-01 -3.14779952e-02 -1.40780648e-02
 -3.18336114e-03 -2.63631307e-02 -2.20746193e-02  2.55830074e-03
 -6.97609559e-02 -2.86569856e-02 -7.26165175e-02 -8.47030953e-02
  1.44023718e-02  2.64364537e-02  2.16077105e-03  1.26030762e-02
 -2.46094051e-03  1.61532089e-02 -5.13355481e-03 -5.87642193e-02
  3.03856134e-02 -1.82411317e-02 -7.31057003e-02  1.52892172e-02
  2.86999661e-02 -6.89806342e-02  1.74036548e-02  8.24352913e-03
 -8.24862160e-03  3.73675600e-02  1.92444567e-02 -1.49622941e-02
 -4.26787846e-02  1.17380708e-03  6.95971251e-02 -1.78539306e-02
  6.97168112e-02  4.03623693e-02  1.09674521e-01 -1.13822088e-01
  9.19999778e-02 -6.90278634e-02 -4.87720370e-02  4.62944470e-02
 -2.96709351e-02  3.15587246e-03 -9.07373205e-02 -2.89129354e-02
 -2.79156230e-02 -4.89835851e-02  2.97884177e-02 -5.40431477e-02
 -5.21797128e-02 -8.79325345e-03 -7.10970759e-02 -3.13428491e-02
 -7.21961856e-02 -6.10180609e-02  2.81712748e-02  1.75047904e-01
  6.10596326e-04  1.34634348e-02 -5.41304387e-02 -5.55896088e-02
 -2.09938362e-02 -2.76996456e-02 -1.27226980e-02  7.01171905e-02
  3.00274957e-02  1.88803598e-02 -6.35140669e-03  1.08256899e-02
 -1.00622736e-01  2.56758556e-02 -1.69147979e-02  2.93214675e-02
 -2.49647535e-02  4.94616590e-02  2.01100260e-02 -1.54714966e-02
  6.03862368e-02  3.93440649e-02  2.73140660e-03 -8.59798398e-03
 -3.58905457e-02 -3.10996342e-02 -3.56181376e-02 -6.09863514e-33
 -2.21261308e-02  3.11597660e-02  1.91619415e-02  1.30556256e-01
  1.06194913e-02  1.60982516e-02 -5.08459881e-02 -8.01132470e-02
  2.51088217e-02 -3.88201885e-02 -8.17631334e-02  1.29748181e-01
  1.21902768e-03  1.70642175e-02  1.71461284e-01 -7.27665499e-02
 -1.07390936e-02  7.10667297e-02  4.87316065e-02  7.50510441e-03
  3.13986577e-02 -5.22817262e-02 -7.49346334e-04  4.88383323e-02
  9.44068730e-02  2.16728039e-02  3.95415984e-02 -6.40251581e-03
 -5.10951551e-03  9.16512776e-03  5.31146899e-02  5.68628199e-02
 -8.41488019e-02 -7.11648017e-02 -3.61846834e-02  1.19576836e-02
 -1.83208585e-02 -1.72355875e-01  7.39016682e-02  2.39494592e-02
 -5.55865616e-02 -1.58165693e-02 -4.26200405e-02 -3.51908915e-02
  4.93335016e-02  6.20223992e-02  9.89157800e-03  2.67829299e-02
  1.49821453e-02  3.80802937e-02 -2.34695189e-02  5.48412800e-02
 -5.68067133e-02 -7.94769973e-02  7.30723590e-02 -2.51336768e-02
 -3.03001609e-02  3.91495600e-02  2.92616617e-02  2.34335754e-03
  5.22635616e-02 -8.16816837e-03 -2.69605443e-02  1.95392296e-02
 -5.15252054e-02  6.46864623e-02  5.22697717e-03 -3.62566337e-02
  5.30196428e-02  4.78546061e-02 -8.44472870e-02 -2.59244372e-03
  4.27242480e-02  2.18540933e-02  1.63053516e-02 -1.03707728e-03
 -5.00868708e-02  1.31518906e-03  7.60374516e-02  3.06939241e-02
 -2.45617479e-02 -1.38494959e-02 -1.17064733e-02  3.10254917e-02
  1.44105464e-01  1.65778643e-03 -3.21737491e-02  2.85146218e-02
  7.16747418e-02  3.35841067e-02 -1.02604128e-01 -3.44290882e-02
 -3.92783545e-02  9.38398093e-02 -1.45482067e-02  2.93037058e-33
 -1.44236097e-02  3.69412079e-02 -4.02363539e-02  3.85132171e-02
  7.00445026e-02  1.29135718e-04 -8.53077974e-03 -3.73397395e-02
  1.29423579e-02 -2.52477229e-02  3.45651768e-02  4.89819162e-02
 -1.63577944e-02  3.09055932e-02 -5.95391281e-02 -3.64868902e-02
 -1.46452449e-02 -2.90177260e-02 -2.07933709e-02  3.39164548e-02
  3.59159634e-02  3.35367694e-02 -2.97169909e-02  1.51656270e-02
  1.13985855e-02  1.04236742e-03 -9.09373984e-02  3.31962481e-02
 -5.87026924e-02  4.51473548e-04 -3.63514647e-02 -4.60444055e-02
 -4.16281335e-02  4.60273623e-02  6.31625298e-03  4.77688462e-02
  7.06249848e-02 -2.81144902e-02 -1.91732403e-02 -2.03710869e-02
  7.17604533e-02 -1.12783136e-02  3.16978395e-02  6.70499727e-02
 -7.60423578e-03  1.91962421e-02 -5.36030978e-02  4.40012440e-02
  2.38017812e-02 -1.23975733e-02  7.42709041e-02  1.87311210e-02
  1.04373973e-02 -1.46202371e-02 -5.04573667e-03 -7.12802634e-03
 -1.02812201e-02 -7.56204054e-02 -5.60867712e-02  7.72721097e-02
 -3.80836427e-02  1.88344792e-02  1.63101591e-02  5.76051623e-02
 -2.62851571e-03  1.04765324e-02  1.25485929e-02  2.79050618e-02
 -4.30679843e-02 -2.44996883e-02  9.60874408e-02  5.30728954e-04
 -8.88236985e-02 -1.62467677e-02 -6.62827939e-02  2.06149835e-02
  9.99828568e-04 -6.26422688e-02 -2.17467099e-02 -2.97405832e-02
 -1.00286625e-01 -5.99404722e-02  3.38221937e-02  2.01114975e-02
 -2.76014246e-02  3.57082896e-02  5.11985226e-03 -5.08581363e-02
  4.23985869e-02 -9.48386714e-02 -5.36749773e-02 -6.60818368e-02
 -7.94363916e-02 -6.41278736e-03  1.50680384e-02 -1.43416292e-08
 -4.07417007e-02  3.50562334e-02 -1.74253117e-02 -2.11791787e-02
  5.53064868e-02  3.50096747e-02 -7.54004568e-02  1.09931819e-01
 -7.47591723e-03 -6.00209795e-02 -2.56274901e-02  5.23876064e-02
  1.06632680e-01  6.00368492e-02  1.55404344e-01  6.58560405e-03
  1.22622726e-02  1.52558610e-02 -7.68273100e-02 -8.21657479e-02
  2.57618297e-02  4.86691110e-02  8.50377157e-02 -3.57241295e-02
 -3.08950506e-02  2.98380293e-03 -1.25846090e-02  4.68352959e-02
  1.89881108e-03  2.37233751e-03  4.94256765e-02 -1.13608316e-02
  7.34107122e-02 -1.43103385e-02  1.07105419e-01 -2.72565782e-02
  1.87476724e-02 -3.78843048e-03 -1.78686939e-02 -3.27510014e-02
 -2.35279873e-02 -7.83125218e-03  3.00188027e-02  8.02443549e-02
 -4.88250889e-02 -6.92888871e-02 -7.08127916e-02  2.75521129e-02
 -5.74374348e-02 -5.53386882e-02  6.44209981e-02  4.23292853e-02
  5.36624156e-03  4.90088575e-03  2.49782298e-02  2.70147026e-02
  2.31948644e-02 -5.67873903e-02 -5.34423329e-02  6.49048686e-02
  1.17364019e-01 -1.13484912e-01  7.26343766e-02  4.76509668e-02]"
162,Opportunities in Clean Tech,Environment,vacancies,1,0.3682,"[ 3.82774211e-02  3.18950154e-02  4.39576842e-02 -1.93261949e-03
 -6.52158037e-02 -2.97858827e-02  1.48899723e-02 -1.08012922e-01
 -5.20647429e-02 -3.27194668e-02  4.69198152e-02 -9.02635306e-02
 -2.40799077e-02  1.88264549e-02 -5.60783409e-02  1.38475811e-02
  8.12411606e-02  6.56079268e-03  7.34342039e-02 -4.22021486e-02
 -3.84469330e-02  9.43771936e-03 -1.99225247e-02 -7.73873627e-02
  5.31602167e-02  4.51576263e-02 -5.02062775e-02  3.31687406e-02
 -3.26682217e-02 -8.16352144e-02  1.35281612e-03  1.77916908e-03
 -5.03104292e-02  6.08414970e-02  1.17905624e-01  5.58229014e-02
 -5.41265123e-02  2.29436159e-02  3.79289803e-03 -1.29548898e-02
 -8.31349194e-03 -4.88696098e-02  1.71963070e-02  1.71309542e-02
 -2.26396192e-02  7.72730540e-03  2.98290905e-02 -3.18991244e-02
  4.87050675e-02  6.91185072e-02  2.06236783e-02 -3.70272808e-02
  1.62814017e-02  5.63033037e-02 -6.94943815e-02  3.53666358e-02
 -3.26248929e-02 -2.91954202e-04 -9.66940820e-03 -1.07037194e-01
  8.48652199e-02  2.24221591e-02 -7.90521577e-02 -1.80767979e-02
  2.11778674e-02 -5.08443266e-02 -1.96110513e-02  2.31840033e-02
 -2.56942096e-03 -9.35233161e-02  4.63942066e-02 -2.64644576e-03
 -2.42686644e-02  6.87969625e-02  9.31453705e-02  4.47311215e-02
 -1.23656066e-02  1.30059840e-02  1.25046819e-01 -9.62756798e-02
  4.31870855e-02 -4.14972305e-02 -1.13223091e-01  1.03678241e-01
 -5.26829995e-02 -2.58200523e-02  2.20217239e-02 -2.88511645e-02
  6.74391538e-02 -3.06196790e-02  5.34372069e-02 -3.10648466e-03
 -3.48315462e-02 -3.70763093e-02 -7.39561990e-02 -1.55559564e-02
 -2.37332359e-02  5.79742715e-02  8.63262117e-02  1.10244773e-01
 -3.83013450e-02 -6.34612143e-03  4.42752428e-02  4.81954999e-02
 -5.56749292e-02  1.72285698e-02 -7.04722255e-02  2.09668931e-02
 -1.31660337e-02 -1.42821763e-02 -1.32871717e-02  5.15206642e-02
 -2.30059996e-02  2.85113289e-04  2.78039277e-02  1.08028054e-01
 -8.52043461e-03 -3.63875297e-03 -8.26826878e-03 -4.03887480e-02
 -7.95998261e-04  4.63816859e-02 -5.50007038e-02 -5.13795987e-02
 -1.90530308e-02 -9.64143127e-02  4.44157757e-02 -2.60176848e-33
 -5.06684789e-03  1.86322664e-03  6.17774129e-02  3.04098334e-02
  5.63783571e-02  2.47839373e-02 -1.57938767e-02  2.36257408e-02
 -5.29614724e-02  2.21162885e-02 -7.77718201e-02 -3.27857807e-02
 -3.24028335e-03 -1.36592081e-02  1.02943167e-01  4.88234349e-02
  5.02159223e-02 -5.89730451e-03 -8.48291442e-02 -2.20176745e-02
 -4.28292481e-03  1.55448252e-02 -3.61859798e-02  3.52381989e-02
 -3.71122435e-02 -7.29892999e-02 -2.82721948e-02  1.11351768e-02
 -2.95901671e-02  5.14537469e-02 -5.84954023e-03  8.94384012e-02
  9.99534577e-02 -1.85824968e-02 -2.76410971e-02  1.00422665e-01
 -2.51447707e-02 -5.91573119e-02  2.32650656e-02 -2.80256886e-02
 -7.46945571e-03  2.56983172e-02  2.03402918e-02 -2.08087452e-03
  1.26177929e-02  2.66375989e-02  6.91306889e-02 -2.75387280e-02
  3.87394652e-02  7.01782927e-02 -2.82885619e-02 -9.67570953e-03
 -9.56933126e-02  3.34781595e-02  2.61553633e-03  1.92298591e-02
  4.47850898e-02  2.33503226e-02  7.41276238e-03  1.22692315e-02
  8.55913088e-02  8.30643177e-02  1.43392552e-02 -1.88334344e-03
 -2.51134448e-02 -1.82224780e-01  3.58522357e-03  2.45797206e-02
  1.34700164e-01  3.87697592e-02 -7.95783550e-02  3.40137929e-02
  3.54094729e-02 -4.45381664e-02 -3.82506698e-02 -8.84737447e-03
 -6.55957758e-02  1.80501398e-02 -3.10749654e-02  3.44835632e-02
  7.52462121e-03 -3.89176086e-02 -8.77560228e-02  4.76179533e-02
  9.46715176e-02  1.26586098e-03  3.05807795e-02 -7.60541037e-02
 -7.54089188e-03 -7.32096611e-03 -6.60562739e-02  7.83540830e-02
  1.99850537e-02  1.13376081e-02 -3.35522182e-02  6.63840828e-34
 -2.73182988e-02 -4.37246040e-02  2.43406445e-02  8.80179703e-02
  4.18247143e-03  3.83452065e-02  1.98663380e-02 -7.85151646e-02
 -9.02807862e-02  4.75977771e-02 -1.39757633e-01  3.06450613e-02
  9.86749679e-02 -1.00648412e-02 -2.15075295e-02  7.16454610e-02
  6.74147680e-02 -7.20187947e-02 -1.64454803e-02  5.60747758e-02
 -2.26783752e-02  7.14306533e-02 -7.44217783e-02 -5.87154850e-02
 -3.93245518e-02 -4.28810865e-02 -9.93101392e-03 -3.20234634e-02
 -7.05454499e-02  2.61823833e-02 -8.08494315e-02 -1.03073986e-02
 -9.80347302e-03  7.68894702e-02  1.43970735e-02 -5.68753388e-03
  1.08788170e-01  2.03889664e-02 -6.57428708e-03  3.10952794e-02
  2.82811970e-02 -5.67042232e-02 -6.45418167e-02  4.77448516e-02
  3.06648314e-02  1.78040843e-02 -2.85798740e-02  3.79635021e-02
  4.38726619e-02 -3.18749472e-02  5.30124456e-02  7.16049895e-02
 -9.21482518e-02  7.90431127e-02 -1.27196684e-02  5.16061857e-02
 -5.81493266e-02  2.81105582e-02  7.13835731e-02  3.80231962e-02
 -1.63224544e-02  3.54544148e-02  5.45724388e-03  1.72411110e-02
  1.95032340e-02 -2.59683039e-02 -2.75081722e-03  1.06007913e-02
 -1.55269140e-02 -3.69406007e-02 -1.68095008e-02 -2.99467035e-02
 -1.92596130e-02 -7.18816668e-02 -1.04846269e-01 -5.78264110e-02
  7.52491653e-02 -4.32426892e-02 -4.54995297e-02 -1.25473188e-02
 -6.36931807e-02 -2.22358797e-02  1.30540887e-02  4.81199753e-03
  2.46257130e-02  4.16161567e-02  5.14002331e-03 -5.11138961e-02
 -2.36014705e-02  2.15680208e-02 -5.02972640e-02 -1.10984407e-02
 -1.38102099e-02 -8.87973607e-02 -7.62160122e-02 -1.40097018e-08
 -2.70965714e-02  7.58770928e-02 -3.62750068e-02  7.27517484e-03
  1.67274158e-02 -8.16229656e-02  4.29926179e-02  1.82974741e-01
  4.21515964e-02  1.18234426e-01 -1.45753836e-02 -1.95302889e-02
 -1.19882461e-03  5.84332496e-02  7.88446441e-02  4.97400723e-02
  1.53495856e-02  4.12950180e-02 -7.16616958e-02  1.84632502e-02
 -3.39446515e-02  6.02021553e-02 -1.20038493e-02  6.01440929e-02
 -7.84097463e-02 -1.08640762e-02 -2.17360016e-02  2.22132169e-02
  2.33872216e-02 -1.29392068e-03  1.40994284e-02  7.49621391e-02
  2.47387923e-02 -1.09971270e-01 -9.21056373e-04 -4.88945609e-03
 -6.69159293e-02 -2.18031127e-02  1.53319649e-02 -9.67431441e-02
  1.03226081e-02 -3.58805433e-02 -9.13563592e-04  2.23202817e-02
 -2.63219997e-02 -8.88678525e-03  9.98685956e-02 -3.36311162e-02
 -1.57199334e-02 -3.02803982e-02 -7.72449598e-02 -1.81886964e-02
 -1.69778243e-04  2.92871427e-02  2.64082104e-02 -1.44567089e-02
  1.74100995e-02 -6.49875775e-02  2.16447525e-02  2.40946598e-02
  6.63661212e-02  5.91063593e-03 -8.97262804e-03 -5.64963445e-02]"
163,Opportunities in Clean Tech,Environment,technologies,3,0.3671,"[-4.64739911e-02  3.75833623e-02 -3.34711783e-02 -2.40879580e-02
 -4.12587151e-02 -5.15226014e-02  9.48352888e-02  6.21549897e-02
 -1.06457323e-02  3.92235890e-02  5.90983145e-02 -3.28276865e-02
  2.51034386e-02  3.41431163e-02 -3.00158467e-02 -6.46305969e-03
 -1.13659305e-02 -4.51947674e-02 -3.70314270e-02 -7.00873062e-02
  4.65393811e-03 -2.41919700e-02  3.27677764e-02  7.85314851e-03
 -3.78349423e-02  8.90800953e-02 -3.61193493e-02 -8.26980397e-02
  4.42393869e-02 -3.32393758e-02 -5.39507121e-02  1.06623061e-01
 -3.10692489e-02 -9.27387457e-03 -6.62474483e-02  2.79948022e-02
  6.92227185e-02 -2.40844470e-02  3.39076556e-02 -2.35432982e-02
 -4.13380936e-02 -1.25634611e-01  1.65221505e-02 -2.27028616e-02
  1.84636656e-02  4.33343230e-03  3.11097968e-03 -5.40147237e-02
 -9.04393867e-02 -2.74016662e-03 -8.09868425e-02 -3.85389142e-02
 -3.49006848e-04  2.35414598e-02 -4.04819697e-02 -7.37350136e-02
  4.83920798e-02  1.51697816e-02  3.26138027e-02  2.80249375e-03
  1.00192189e-01 -4.50478420e-02 -9.25688073e-02  2.46747565e-02
  8.83282050e-02  3.23796459e-02 -4.72657159e-02  6.83530644e-02
  1.29544642e-03 -6.83184117e-02  1.05076935e-02 -2.70023588e-02
 -3.87940370e-02  3.95178124e-02  5.73960468e-02 -7.09719732e-02
  2.93709990e-02  3.72847728e-02  6.66455328e-02 -1.92709211e-02
  5.28048426e-02 -4.91697751e-02 -4.19904552e-02  1.07723176e-02
  1.08364280e-02  1.56185422e-02 -6.28134310e-02  2.31986698e-02
 -2.49790139e-02 -5.12663350e-02 -3.67743187e-02 -6.21995963e-02
 -1.62978861e-02  2.23341584e-02 -5.81750758e-02 -2.03478634e-02
 -1.95664561e-05 -5.99455535e-02  1.07310014e-02  1.77702621e-01
  3.80750820e-02 -2.29139463e-03 -3.27733606e-02  5.39705306e-02
 -7.19250217e-02 -5.24310544e-02 -1.06334863e-02  3.12214307e-02
  6.14011697e-02  1.68897200e-03 -8.19523260e-02  1.94389746e-02
 -8.39033127e-02 -1.36451283e-02 -1.98553465e-02 -8.16705730e-03
 -1.16876820e-02  6.54481798e-02  8.93108845e-02 -2.25139558e-02
 -5.86798191e-02 -2.90750433e-02 -2.52458137e-02 -2.01510545e-02
 -2.38647056e-03 -8.68670270e-02 -4.24417406e-02 -5.98264397e-33
 -1.80611107e-02  4.45730276e-02  3.54874367e-03  1.15296483e-01
 -1.71878766e-02 -1.02774741e-03 -2.92626172e-02 -4.05212454e-02
 -1.72159988e-02 -3.11323386e-02  1.93214826e-02  9.57954898e-02
 -5.15316837e-02  5.98910525e-02  2.03461409e-01 -9.85230133e-02
 -7.26574566e-03  3.90475690e-02  5.90874180e-02 -1.85159606e-05
 -5.32271117e-02  8.69462546e-03  4.71080802e-02  4.51287255e-02
  7.73889497e-02 -3.45530473e-02 -3.44566144e-02 -1.70380119e-02
  1.63677540e-02  2.79811881e-02  2.40349658e-02  6.15592971e-02
 -9.18691047e-03 -8.26594681e-02  2.43153144e-02  6.07479699e-02
  1.54486671e-03 -1.22821331e-01  7.51496702e-02  1.66356470e-02
 -3.13377264e-03  3.18687372e-02 -8.72147549e-03  2.73213927e-02
  3.11795268e-02  3.09740454e-02  3.74356918e-02  3.92497703e-02
 -5.99285401e-02  1.48426834e-02 -4.42513004e-02  9.50452685e-02
 -2.11404469e-02 -9.83181372e-02  1.20487355e-01  2.45128814e-02
  5.02049662e-02 -8.56602378e-03  7.90122664e-04  2.62222886e-02
  2.55739875e-02  2.11996268e-02 -5.28386422e-02 -4.15077284e-02
  8.48220102e-03  6.37689382e-02  4.26519141e-02  7.96437915e-03
  3.97123657e-02  2.39571501e-02 -9.56696495e-02 -3.18611749e-02
  9.05824304e-02 -2.24679783e-02 -1.71029177e-02  5.80377169e-02
  3.25862952e-02  1.00480756e-02 -8.63459185e-02  3.65182087e-02
 -1.15267597e-01 -2.39328966e-02 -1.65038593e-02  1.64207090e-02
 -3.28945629e-02 -2.57528462e-02 -2.78885048e-02 -8.23286325e-02
 -6.87011471e-03  3.85139026e-02 -3.16135176e-02  5.82988188e-03
 -1.90943815e-02  9.34199467e-02 -1.97741017e-02  3.25640110e-33
 -5.37229031e-02  2.78380830e-02 -7.11376369e-02  7.34616667e-02
  5.11007383e-02 -7.10937008e-02  1.38075640e-02 -2.20647529e-02
  2.74706464e-02  7.11416379e-02  1.18809342e-02 -4.21725912e-03
 -2.30208077e-02 -4.32283478e-03 -6.96321949e-02 -4.55015488e-02
  3.68774086e-02 -9.32209343e-02  1.87454484e-02 -7.55527802e-03
 -3.96572165e-02  1.92897487e-02 -4.59524356e-02 -7.98303820e-03
 -2.85155177e-02  5.12184426e-02 -1.23794392e-01 -7.72472471e-02
 -1.80639811e-02 -2.31281910e-02 -6.37300871e-03 -1.15765199e-01
 -4.60185576e-03  7.80199319e-02  1.72026793e-03  5.55952266e-02
  8.90051425e-02 -1.51903685e-02 -1.44154727e-02 -6.59287572e-02
  9.97133255e-02  1.39554180e-02 -5.24221510e-02  6.08722493e-02
 -2.50960402e-02  3.25724017e-03 -7.29812011e-02  4.80944328e-02
  6.92589162e-03 -3.52070034e-02  1.19370572e-01 -1.64989606e-02
  5.17358482e-02 -1.20021448e-01  1.70893166e-02  3.96882407e-02
  2.57141031e-02 -9.50118992e-03 -3.69595215e-02  2.51506716e-02
  5.61378291e-03 -2.14373041e-02 -1.65602583e-02  7.13062808e-02
 -8.20586011e-02  1.78977642e-02  7.18066394e-02  7.00253621e-02
 -5.57022775e-03 -1.35086812e-02  1.14271559e-01  5.28329276e-02
 -6.47844747e-03 -1.21553140e-02 -3.49157676e-02 -3.61446664e-02
 -7.44250268e-02 -1.08882347e-02 -2.32639387e-02  5.54311555e-03
  1.10343527e-02  2.20248122e-02  1.34962145e-02 -4.50586528e-03
  2.03278800e-03  7.21243471e-02  4.97936970e-03 -8.38854015e-02
 -6.76241368e-02 -9.89578515e-02 -6.52799830e-02 -2.89182011e-02
 -1.17332500e-03  6.24076463e-02 -4.99810986e-02 -1.28637900e-08
 -1.94801595e-02 -6.58032224e-02  9.47690662e-03 -6.01396635e-02
 -3.37938406e-02  3.96918766e-02  5.80478786e-03  5.50277606e-02
 -5.05230799e-02  5.01671135e-02 -8.51623937e-02  2.63539143e-02
  5.66967316e-02  1.18001908e-01  8.26029852e-02 -9.09491722e-03
 -2.71287318e-02  6.57310849e-03 -3.84301208e-02 -2.04751249e-02
  7.86720067e-02  2.74696276e-02  4.25785519e-02  5.59808947e-02
  5.05341329e-02 -2.27782056e-02  3.94119695e-02  3.18926871e-02
  6.02895953e-02  8.25778022e-02 -3.62844020e-02 -1.31753758e-02
  4.77810949e-02  2.26801019e-02  5.20714512e-03 -3.72365639e-02
  2.86562759e-02 -3.60178836e-02  3.17769162e-02 -1.43976854e-02
 -3.16527523e-02  3.92743349e-02 -3.15700024e-02  5.05302399e-02
  2.68054716e-02 -3.73162478e-02 -3.44019718e-02  1.66554879e-02
 -4.70435247e-02  2.33986899e-02 -3.03798635e-02  2.71250438e-02
  2.82800086e-02  9.02930554e-03  2.15627700e-02  2.16387007e-02
  6.06958121e-02 -3.13034654e-02 -5.59022697e-03  5.47860563e-02
  1.09385163e-01 -8.78756121e-03  1.15496553e-01  3.87255400e-02]"
164,Opportunities in Clean Tech,Environment,pollution,1,0.3627,"[-7.90520478e-03  5.44987097e-02  8.17528814e-02  1.91137437e-02
  1.00608595e-01  2.74925716e-02  1.43466786e-01 -2.74727121e-02
 -4.51329909e-02  4.21834812e-02  2.08130963e-02 -6.38899207e-02
 -2.43091397e-02  1.55049155e-03 -6.62720874e-02  8.76421016e-03
 -9.64731723e-03 -1.94084942e-02 -1.14794031e-01 -2.51973756e-02
 -1.29508702e-02  7.27783889e-02 -2.92377602e-02  4.10004548e-04
 -7.27999732e-02  7.35225305e-02 -3.55388187e-02 -2.51354817e-02
  3.98595631e-02 -7.19994232e-02  2.10516993e-02  1.04605816e-01
 -2.94946171e-02 -8.10663402e-02 -5.11522219e-02 -3.88816325e-03
  2.15115454e-02 -1.99262258e-02  1.28573654e-02 -6.91313669e-03
 -4.94945645e-02 -6.41008019e-02 -1.41691035e-02 -4.12137620e-02
 -6.75623417e-02 -1.89119279e-02  2.49290541e-02 -2.96633970e-02
  5.81166781e-02 -5.70107438e-02  3.54425646e-02  4.52658683e-02
 -7.68482462e-02 -3.46176103e-02  5.20046540e-02 -1.45308942e-01
 -7.31486082e-03 -3.18758413e-02 -1.48805240e-02 -4.09104861e-02
  2.59431247e-02 -6.41232356e-02 -4.46734317e-02  3.34370509e-02
  1.56137630e-01 -2.63866666e-03 -5.83651736e-02  1.07617222e-01
 -2.22573895e-02  1.70570128e-02  1.50221456e-02 -1.57974027e-02
 -4.11944278e-02 -8.84392038e-02  1.77244674e-02  1.17093325e-02
  1.22193042e-02 -7.06873136e-03  9.29541364e-02 -5.21070994e-02
  6.55326098e-02 -6.32334426e-02 -3.23255882e-02  1.79647673e-02
  7.15413764e-02  4.24959790e-03 -1.42274220e-02 -2.78596543e-02
 -3.75967771e-02  2.33813701e-03 -1.24364882e-03 -3.91537473e-02
  5.83998263e-02  2.82205883e-02 -7.66967908e-02  8.94793198e-02
  3.85941379e-02 -2.52992325e-02  4.70869280e-02  1.91226050e-01
 -2.07717381e-02  5.25664911e-02 -1.13676034e-01 -1.84558779e-02
 -6.80296635e-03 -3.46649401e-02 -3.63231041e-02 -5.23698097e-03
  2.21606903e-02  5.44490867e-05 -7.82308728e-02 -2.26146076e-02
  5.27908979e-03  1.62495840e-02  1.09869260e-02  1.48561383e-02
  1.39500573e-01 -8.15436170e-02 -7.38389567e-02 -4.67392132e-02
 -4.70905453e-02 -4.18295115e-02 -9.81084630e-02  7.31741562e-02
  2.53133681e-02 -6.59879074e-02 -5.70368208e-03 -5.57211579e-33
 -3.60236689e-02 -6.71105757e-02  9.03287828e-02  5.66231161e-02
 -5.28004356e-02  2.11957246e-02 -2.58772988e-02 -4.26854156e-02
  3.96507941e-02  7.59685552e-03 -1.54841994e-03 -1.45151373e-02
 -7.28385746e-02  3.75293009e-02  1.26638800e-01 -3.17501239e-02
 -3.39503102e-02 -3.49705890e-02  9.78368986e-03 -4.00683284e-02
 -3.40170600e-02 -2.81585641e-02 -5.22384532e-02  5.43373339e-02
  1.08368751e-02 -3.01967841e-02  5.09902872e-02 -1.04514612e-02
 -2.45615784e-02  2.52273250e-02  8.61447304e-02  8.48177895e-02
 -7.37610459e-02  1.29686603e-02 -1.92455314e-02 -3.63864824e-02
 -6.10596016e-02  4.24708948e-02 -2.62787882e-02 -1.73041392e-02
 -5.39123714e-02  1.91688421e-03 -5.79800382e-02  7.73337530e-03
  3.71160693e-02 -7.99147761e-04  1.79838482e-02 -1.22398604e-02
  1.06034549e-02 -4.22015451e-02 -4.70663607e-02  5.56428991e-02
 -4.98145185e-02 -2.68402640e-02  2.54878458e-02  4.94229607e-03
  6.56441301e-02 -8.80440027e-02 -9.32242349e-03  1.58920009e-02
 -1.41578633e-03  1.31097779e-01 -4.87660691e-02  4.58903201e-02
  1.04400262e-01  2.66095363e-02  6.36588410e-02  1.49942534e-02
  3.14726867e-02 -2.99647301e-02  2.02217028e-02 -4.14808057e-02
  1.45270927e-02  3.96846645e-02 -2.30471361e-02  1.57809164e-02
 -6.88521471e-03  1.40332791e-03 -3.62952128e-02  5.49958795e-02
 -4.21332978e-02 -1.17086880e-02 -2.19793674e-02 -6.20414354e-02
  2.21736962e-03 -3.71964229e-03 -2.47612670e-02 -9.67628509e-03
  7.42080202e-03  4.34576981e-02 -5.77940606e-03  6.66313525e-03
  2.72328872e-02 -3.49727124e-02 -6.56142682e-02  3.14645895e-33
  1.09393178e-02  3.25170048e-02 -1.97192188e-02  2.19352599e-02
 -3.76558106e-04 -4.86286953e-02 -7.35993497e-03  1.07036931e-02
  9.57945809e-02  1.29217371e-01 -6.19237497e-02  7.31460750e-02
  9.45756063e-02 -1.32908886e-02  3.67135368e-02 -3.41237038e-02
  9.18354932e-03  5.75912558e-02 -3.96092981e-02 -3.92990373e-02
 -5.12662940e-02 -4.70869280e-02  3.72802466e-02  1.69790499e-02
 -8.49820152e-02  5.46466783e-02 -9.21960995e-02 -2.96493713e-02
  7.06898421e-02 -3.55169736e-02 -1.65183265e-02  1.05418883e-01
 -4.22301404e-02  3.52311209e-02 -2.26922184e-02  3.76085006e-02
  3.27187628e-02  2.99328961e-03 -2.48505846e-02 -1.59115940e-02
 -9.29333456e-03 -4.73296419e-02  7.33585954e-02  6.56151846e-02
  1.63130481e-02 -6.94937306e-03 -4.85979691e-02  2.25522351e-02
  3.36373597e-02 -4.54320423e-02  1.08033799e-01  8.56010169e-02
 -4.45125811e-02  3.59510258e-02  6.98662400e-02  6.30282834e-02
  5.38665652e-02 -1.07228905e-02  1.67914275e-02  8.95270612e-03
  6.50654137e-02  6.89960793e-02 -8.05894509e-02  5.44816591e-02
 -1.05012089e-01  2.05840543e-02  2.62759044e-03  1.74792446e-02
  6.63980544e-02 -3.94092947e-02 -1.07516637e-02 -7.82206189e-03
 -6.57114238e-02 -3.52348685e-02 -1.08443439e-01 -2.21536998e-02
 -3.32501978e-02  8.97195712e-02  3.07587162e-02 -1.86818885e-03
 -2.12043449e-02  3.45546715e-02  7.55087938e-03  1.87940337e-02
  4.45252545e-02 -1.17251545e-01 -1.68662723e-02 -9.46245492e-02
  1.99276973e-02 -4.72733900e-02 -5.78265786e-02 -3.20362207e-03
 -1.27147853e-01  1.31719457e-02 -3.04598324e-02 -1.19493517e-08
  4.67641931e-03 -4.47406210e-02  5.23157939e-02 -2.85782269e-03
 -2.91659180e-02 -2.37885844e-02  6.64871931e-02  1.30100593e-01
  1.68028828e-02  7.11469427e-02  3.99089325e-03  4.46091481e-02
  5.95045313e-02  3.20710614e-02  1.75685100e-02 -2.72005349e-02
 -1.05131306e-02 -4.74207513e-02 -3.78597826e-02 -8.81875120e-03
  5.54702692e-02  1.71813574e-02 -4.27608239e-03  2.17462163e-02
 -1.11070145e-02 -1.53221618e-02  7.15392083e-02  1.32696573e-02
  3.84311415e-02  1.39276125e-02  2.27134153e-02  4.70850877e-02
 -7.09303319e-02 -2.36489903e-02 -6.00164123e-02 -7.24491924e-02
  3.65170352e-02 -6.15592673e-02 -2.59951837e-02 -4.16978374e-02
 -1.21531989e-02  5.99943362e-02 -2.31904238e-02  9.03758593e-03
  6.91594258e-02 -5.60587309e-02  7.75049161e-03  3.56948599e-02
 -5.59185259e-03  5.07639954e-03 -7.35345390e-03 -3.69453691e-02
  5.47187850e-02  1.83569323e-02  3.64365499e-03 -1.15846535e-02
 -1.05402190e-02  4.03815433e-02 -2.62166467e-02 -1.39888376e-02
  1.28721461e-01  5.93896247e-02  3.06126941e-02  5.73256984e-02]"
165,Opportunities in Renewable Energy,Environment,renewable,3,0.6826,"[-6.88645020e-02  9.91182327e-02  3.06087732e-02  4.21508849e-02
  6.26726523e-02  1.73113309e-02  2.44722962e-02 -2.26443298e-02
 -1.73315536e-02  2.11048145e-02  2.80795572e-03 -4.72380668e-02
 -1.85474157e-02 -6.68225577e-03  3.91185880e-02  3.73119526e-02
 -4.20459956e-02 -6.67875959e-03 -4.98724915e-02  1.19579183e-02
  2.42173076e-02  2.40203571e-02  4.06166632e-03 -1.27670374e-02
  6.44235834e-02  1.00446738e-01 -1.01173125e-01  4.64974642e-02
  2.68401410e-02 -4.06126529e-02 -7.34664639e-03  1.13655634e-01
 -5.92951104e-02  1.76826864e-03  4.69816998e-02  1.17129363e-01
 -3.06254495e-02 -7.06875231e-03  1.12774391e-02  3.62830162e-02
 -6.25606328e-02 -8.02160576e-02  2.58233361e-02 -2.64091976e-02
 -4.97780517e-02  1.98561531e-02  2.42760722e-02 -6.31995276e-02
  4.86936606e-02 -6.93747178e-02  2.49333512e-02 -1.12363975e-02
 -4.96925488e-02 -9.82792582e-04  2.29088869e-02 -6.75811842e-02
  3.93980742e-02 -3.03464625e-02  2.39863060e-02 -1.25156268e-02
  1.27636433e-01 -7.94661567e-02 -6.33448288e-02 -1.63589753e-02
 -1.16906944e-03  9.38401930e-03 -2.54845303e-02  1.16857745e-01
  5.41633274e-03 -1.40019238e-01  2.38983817e-02 -3.42438668e-02
 -5.02387248e-03 -6.05308712e-02 -1.86578184e-02 -5.27672432e-02
  5.24434932e-02  6.00463292e-03  8.11523423e-02 -5.95496148e-02
  2.89434660e-02  1.29687125e-02 -7.20824376e-02 -8.35304633e-02
  1.56119019e-02  1.77322049e-02  3.51266116e-02 -1.69765782e-02
  6.00462332e-02  2.54249219e-02 -7.68416226e-02  3.27534229e-02
  8.78710523e-02  6.01405418e-03 -4.04931195e-02  9.67298448e-02
 -4.94378852e-04 -4.89650592e-02 -8.75034481e-02  1.85240254e-01
  6.94176182e-02  8.00174400e-02 -3.83970886e-02 -2.51035430e-02
  4.84019658e-03 -4.91755120e-02 -3.45934816e-02  9.19941068e-02
  6.59951940e-02 -5.13547845e-03 -3.26603204e-02  6.20796457e-02
  2.05761716e-02  2.82162111e-02 -1.67961027e-02  4.09132056e-02
  6.95014596e-02 -5.80501929e-02 -1.50000760e-02  1.53673543e-02
  3.49469110e-02 -3.98333482e-02 -5.97074861e-03  5.30621335e-02
 -4.70093377e-02 -5.67748509e-02  5.54753356e-02 -5.11301104e-33
  1.53499260e-03 -3.52021009e-02  1.32618085e-01 -9.94832162e-03
 -1.30582862e-02  4.83202748e-02 -8.36530402e-02 -2.14454159e-02
 -3.26145142e-02 -1.44144706e-02  8.69695470e-03  4.58647348e-02
 -8.84082541e-03  1.02539204e-01  6.70272261e-02 -1.33405343e-01
 -6.39313459e-02  3.59566323e-03  8.91262814e-02 -8.68387818e-02
 -6.80259690e-02  3.30491997e-02  4.27737013e-02  1.42598886e-03
  1.49301598e-02 -1.04681984e-01  1.04982890e-01 -7.20495060e-02
 -2.11082827e-02  4.56559025e-02  1.29195843e-02  2.41411291e-02
 -3.77243571e-02 -2.45970823e-02  1.12383552e-02  2.00612424e-03
 -7.80427232e-02  2.70579103e-02 -2.26060841e-02 -2.38728002e-02
 -2.26239022e-02  3.56821157e-02  2.95418408e-02  3.70542444e-02
  4.46342602e-02  5.38790748e-02  6.68225065e-02  5.85033670e-02
 -7.86777660e-02 -2.99710734e-03 -2.81845033e-02  7.86535591e-02
 -8.01723748e-02  1.47166825e-03  2.86215991e-02  1.98985450e-02
  5.12056798e-02  3.41893137e-02 -6.10214919e-02 -2.67707035e-02
 -7.90212490e-03  1.15315013e-01 -8.38590562e-02 -6.95065549e-03
  2.44491510e-02  1.80271268e-02 -3.03317569e-02  3.83403972e-02
 -7.74114579e-03  2.22484977e-03  1.46847656e-02 -1.19848736e-01
  2.49934308e-02  3.05259041e-02 -3.09925545e-02  1.80985481e-02
 -2.32849084e-02  4.25515622e-02 -6.86260164e-02  5.79772107e-02
 -7.22764134e-02  6.90109357e-02 -4.43741567e-02 -2.09311619e-02
 -6.26515672e-02 -2.91957613e-02 -2.06228974e-03 -3.18012312e-02
  3.22049297e-02 -2.26725009e-03 -4.94311191e-02  1.72462258e-02
  1.54165372e-01 -1.11326519e-02 -4.64611389e-02  2.94735519e-33
 -1.47339413e-02  2.40303092e-02 -7.37090856e-02 -2.66781282e-02
  5.65132052e-02 -4.27545905e-02 -3.13665234e-02 -6.66143745e-02
 -8.96491706e-02  1.57702882e-02 -1.96931474e-02  4.24099527e-03
 -4.24332097e-02  2.32236069e-02  4.36012372e-02  1.00780223e-02
  1.18730916e-03  5.95397651e-02 -4.38718833e-02  4.03477177e-02
 -3.21139507e-02  3.57457139e-02 -3.51469708e-03  6.71581179e-02
 -2.88441014e-02  5.24588041e-02 -5.38458563e-02  2.36389190e-02
 -1.06660770e-02  6.78979000e-03  1.71450712e-02  3.03048715e-02
 -7.95115456e-02  2.39808802e-02 -4.18242887e-02  1.42437881e-02
 -2.85837855e-02 -7.48336688e-02 -2.52086911e-02  2.83198263e-02
  6.59758747e-02 -2.71488372e-02  5.82139613e-03  5.49116842e-02
 -4.35603457e-03 -4.68432792e-02 -6.74092919e-02 -2.22052503e-02
  4.10588272e-03  1.93458050e-02  5.03155626e-02  8.75406619e-03
 -6.89551458e-02 -5.14620058e-02  3.12734768e-02 -6.02598079e-02
 -3.41917314e-02  8.35095346e-02 -5.07972389e-02 -6.92478567e-02
  2.56702397e-02  3.46063785e-02  1.38732754e-02  1.71042625e-02
 -2.78239548e-02  1.23884222e-02  2.11385582e-02 -5.57286479e-02
 -3.51957954e-03 -6.16358221e-02  5.37696593e-02  1.00362286e-01
 -1.15078151e-01 -5.10463826e-02 -2.78568566e-02 -1.72125269e-02
 -1.25566265e-02  1.40171889e-02 -5.85114062e-02 -5.40322326e-02
 -5.97468801e-02  5.84051479e-03 -3.55311073e-02 -7.17701912e-02
 -5.48173189e-02 -9.74914134e-02  4.18704227e-02 -1.20164134e-01
  4.00631465e-02  3.07164807e-02  8.56492389e-03 -3.83606404e-02
 -1.04530223e-01  8.27019736e-02 -2.16392111e-02 -1.13995142e-08
  4.84362245e-02  3.22509371e-02  7.66901020e-03 -2.10368214e-03
 -1.47545217e-02 -2.81850677e-02  3.62404138e-02  2.36539245e-02
  4.66176979e-02  2.53514815e-02  6.91761523e-02  2.38762926e-02
  9.77590904e-02  6.44158348e-02  2.72346493e-02 -4.30806763e-02
 -4.76674829e-03  5.70699014e-02 -4.91158813e-02  8.55839439e-03
  3.79119962e-02  1.59780821e-03 -2.27690265e-02  6.45154119e-02
 -2.51929350e-02 -6.78718369e-03  4.66948897e-02 -3.71291041e-02
  7.94797242e-02  5.84803671e-02  8.12743902e-02  5.52459434e-02
 -4.26119231e-02 -4.43195030e-02 -5.80165684e-02 -1.34606855e-02
 -3.32471393e-02 -2.68086344e-02 -1.18729556e-02  2.98559200e-02
 -3.70727219e-02  9.42974910e-02 -3.56290564e-02  4.46151085e-02
  5.42475842e-03 -2.43345127e-02 -3.50798666e-02  3.04233991e-02
  1.58073641e-02  1.79508701e-02  9.91921220e-03 -2.62393914e-02
  5.38775958e-02  1.39436219e-02 -2.84835696e-02  7.25900102e-03
 -4.60422151e-02  3.07660718e-02 -1.10538803e-01 -1.74768157e-02
  1.06952675e-01 -4.95753437e-02  2.23228373e-02  2.01475006e-02]"
166,Opportunities in Renewable Energy,Environment,environmentally,1,0.3814,"[ 8.41795560e-03  1.24931827e-01  8.03253800e-02  2.45253276e-02
  7.93462992e-02 -4.17729281e-02  6.46296144e-02 -1.54521549e-02
  1.11508146e-02  3.99401635e-02  1.51944198e-02 -9.23864841e-02
 -1.52761154e-02  3.75933051e-02 -1.78697202e-02  2.73128180e-03
 -6.80848435e-02 -1.23030525e-02 -1.35031894e-01  1.16881318e-02
 -9.42542404e-02  2.83009876e-02  2.89525837e-02  1.23692630e-03
 -7.32308701e-02  8.87071714e-02  9.96910594e-03  4.91764396e-02
  2.58818921e-02 -5.29144071e-02  2.81450301e-02  9.54565406e-02
  1.68870147e-02 -3.89022045e-02 -8.39521922e-03  6.40441924e-02
  5.76490909e-02 -4.75808494e-02  1.53394612e-02 -8.94675497e-03
 -7.07191080e-02 -8.08555782e-02 -3.62953506e-02 -4.86333035e-02
 -2.02300176e-02 -4.46801037e-02  1.70848668e-02 -5.79954162e-02
 -2.02409867e-02 -6.05678745e-02  6.37867376e-02  1.05568282e-02
 -4.61683050e-02 -9.33001935e-03 -2.69282274e-02 -6.97162673e-02
  4.12109718e-02 -5.60729019e-02  1.68788526e-03 -2.53934432e-02
  9.71883088e-02 -6.91710711e-02 -1.03627771e-01  2.94331331e-02
  8.39593858e-02  4.74121571e-02 -3.88035253e-02  1.00951426e-01
  2.67835683e-03 -6.60227984e-02  2.52205022e-02  4.58763586e-03
  1.05129527e-02 -5.14106415e-02  1.65117905e-02  2.74140928e-02
  4.16390523e-02  2.40963437e-02  5.16133495e-02 -3.27018462e-02
  7.63939247e-02 -3.82773727e-02 -2.49186959e-02 -1.57122966e-02
  5.85455783e-02  1.66997090e-02 -2.73325434e-03 -3.24183218e-02
 -8.96017998e-03  4.10278253e-02 -3.39407809e-02 -5.21334633e-03
  1.15246862e-01 -7.22489646e-03 -1.21311970e-01  4.39314097e-02
 -2.64507812e-02 -4.37832586e-02  1.86634567e-02  1.97473064e-01
 -3.85049582e-02  5.96512370e-02 -1.00554243e-01 -1.98782533e-02
 -2.00453326e-02 -3.17307897e-02 -3.46327312e-02  6.50811940e-02
  2.59036329e-02 -3.18647735e-02 -9.37932879e-02 -6.96717016e-03
 -4.14293557e-02  9.98071656e-02 -7.26916594e-03  2.32054330e-02
  8.29538181e-02 -3.37798037e-02  5.70683107e-02 -1.62292048e-02
  2.57706363e-02 -2.25382205e-02  1.15194097e-02  4.11961451e-02
  5.43339970e-03 -1.22215502e-01  4.22485322e-02 -6.32743483e-33
 -1.24236690e-02 -3.43979001e-02  9.82970670e-02 -7.82631114e-02
  6.65832078e-03  6.92618191e-02 -4.27295752e-02 -5.55733172e-03
 -1.93051100e-02  1.33670345e-02  5.19310907e-02  7.58323148e-02
 -3.49604823e-02  3.72340456e-02  1.25400066e-01 -4.55183350e-02
 -1.03530437e-01 -2.01367354e-03 -1.20276865e-02 -1.60023719e-02
 -1.36747593e-02  4.39650752e-02 -1.31169073e-02  6.62781075e-02
  3.99427488e-02 -8.80176201e-02  7.71675780e-02  2.21562851e-02
  3.33470516e-02  2.22038419e-04  5.97628132e-02  4.99781705e-02
 -3.25430408e-02 -3.18328515e-02  3.30632925e-02  3.47457193e-02
 -7.91298747e-02  4.64484431e-02 -1.74496640e-02  2.62050936e-03
 -1.95549447e-02 -1.93485878e-02 -4.10454988e-04 -1.09937065e-03
  5.64147271e-02 -1.49604175e-02  6.66694641e-02  2.12246906e-02
 -4.77088653e-02 -1.20670479e-02 -4.03557755e-02  6.30877614e-02
 -7.62714148e-02 -5.24078347e-02 -6.08732738e-03 -2.99450606e-02
  7.57885948e-02 -3.12770717e-02 -4.11605798e-02 -5.60339168e-02
 -3.19557898e-02  1.58047453e-01 -4.25735787e-02 -2.55826544e-02
  7.40225539e-02 -2.16442738e-02  1.40673630e-02  5.60982898e-02
 -3.50379422e-02 -1.30118579e-02 -2.03309022e-03 -5.38170934e-02
  3.03965751e-02  2.11555492e-02 -4.65331599e-02 -3.98085006e-02
  8.93663429e-03 -1.81602896e-03 -6.24714512e-03  6.39621466e-02
 -7.04901814e-02  4.03555334e-02 -1.12110106e-02 -4.84533533e-02
  1.45275798e-02 -3.07466816e-02  1.78928096e-02 -1.84036065e-02
  6.50404096e-02  5.08161448e-02  4.40139696e-03  3.15287113e-02
  5.58487438e-02 -3.50195169e-02 -9.57863629e-02  3.10305089e-33
  1.73052289e-02 -7.27206143e-03 -5.12308739e-02  6.27800152e-02
 -2.55618431e-02 -6.23423271e-02 -6.49525821e-02  3.95487025e-02
  2.06807703e-02  3.49196233e-02 -6.76320717e-02  1.17034450e-01
  7.48484284e-02  3.18603553e-02  4.56847511e-02 -2.94998102e-03
 -1.40905343e-02  4.28062975e-02 -2.98109073e-02 -3.65253426e-02
 -8.20733979e-03 -2.17134040e-02  5.12563661e-02  8.34508613e-02
 -7.90779069e-02  4.86647226e-02 -2.30536312e-02 -2.06884518e-02
  2.39535253e-02  1.39190617e-03 -4.44948040e-02  1.68381128e-02
 -4.82213423e-02  2.75233518e-02 -1.61756370e-02  4.26372280e-03
 -3.39422971e-02 -4.59293202e-02 -3.57614201e-03  4.41634394e-02
 -6.32687146e-03 -1.83621589e-02 -1.65332016e-02  2.60096937e-02
 -4.35513295e-02  4.11483161e-02 -7.78587759e-02  4.41770107e-02
  3.49924713e-02  1.02673611e-02  4.17899564e-02  5.18142954e-02
 -6.10631555e-02 -4.11970131e-02  2.77655665e-02 -1.66404005e-02
  5.18687768e-03  4.49243002e-02 -3.48460078e-02  1.01265861e-02
  1.07797869e-01  9.83127430e-02 -3.75204167e-04  8.08056965e-02
 -9.53243673e-02 -1.47328824e-02  1.43780466e-02 -1.19348280e-02
 -2.98011191e-02 -6.49639815e-02  1.94449425e-02  1.02034975e-02
 -1.09379098e-01 -5.24507575e-02 -1.04552463e-01 -3.28081404e-03
 -1.87670011e-02 -1.67606231e-02 -8.29121843e-02 -1.05998409e-03
 -5.60257249e-02  6.44858042e-03 -2.21749097e-02  3.18032280e-02
 -4.50259307e-03 -7.61502609e-02 -5.18955700e-02 -9.86995548e-02
 -2.83977948e-02  4.46897261e-02 -2.39000302e-02 -2.54403427e-02
 -7.19771236e-02  1.30759910e-01 -1.11361220e-02 -1.37753400e-08
  1.41333202e-02 -3.55283245e-02  7.74168596e-02  2.52260547e-02
 -3.08769848e-02 -3.34784226e-03  9.63913426e-02  3.28310803e-02
  2.91971788e-02  5.49014919e-02  1.10261003e-03  4.46566567e-03
  3.67313586e-02  1.07249022e-01  1.90721161e-03 -3.98320556e-02
  3.41808833e-02 -6.56529292e-02 -4.81333546e-02  3.85969356e-02
 -3.80542837e-02 -3.52188349e-02  1.42804533e-02  8.45834464e-02
 -5.69670647e-03 -6.72160089e-03  8.13937858e-02  3.27026262e-03
  2.94867828e-02  5.43959700e-02  2.58495957e-02  6.71447515e-02
 -2.45625321e-02 -1.64845295e-03 -8.29644948e-02 -7.90010616e-02
 -1.33639127e-02  2.04432029e-02 -6.62108958e-02 -1.78385135e-02
 -3.22915986e-02  4.38490175e-02 -5.29868864e-02  1.24783963e-02
  4.08829376e-02 -1.12866662e-01 -4.53029014e-03  7.70842209e-02
 -1.41113466e-02  1.11722462e-02  1.71338227e-02 -9.25147608e-02
  9.77493078e-03  6.10512728e-03  2.88824029e-02  1.23684602e-02
  1.55405595e-03  2.91493516e-02 -2.06545778e-02  2.62596961e-02
  8.86137933e-02 -4.09259349e-02  6.79454878e-02 -7.41952145e-03]"
167,Opportunities in Renewable Energy,Environment,energy,14,0.3656,"[-3.53945233e-02  9.90957469e-02 -1.07011227e-02  1.42395511e-01
  2.97486801e-02 -1.46927917e-02  1.31925583e-01 -2.91081443e-02
  5.23194894e-02  1.03706522e-02 -1.43427271e-02 -6.60666376e-02
 -7.14324862e-02 -9.31843556e-03  1.05638662e-02 -1.30752372e-02
  4.98455241e-02  2.10929615e-03 -1.62370846e-01 -3.66167836e-02
  5.38693741e-02 -2.41824277e-02  3.28872167e-02  3.88374999e-02
  5.16554788e-02  9.33771804e-02 -5.48851229e-02  1.03241667e-01
  4.76665832e-02 -7.57874772e-02  3.22522642e-03 -3.21159437e-02
 -9.72910691e-03 -9.35876218e-04  4.10854258e-03  1.17297255e-01
 -1.78176109e-02  4.81491722e-02 -2.01741746e-03 -1.04076844e-02
 -1.11878105e-01 -1.06565244e-01  7.25399330e-02 -3.00517282e-03
 -5.64736724e-02 -3.96692827e-02 -9.89230233e-04 -4.67624962e-02
  3.41006406e-02  1.88182741e-02  2.36510653e-02 -5.62309511e-02
 -4.06995974e-02  6.83400333e-02  7.37668201e-02  3.07630748e-02
  3.01733874e-02  1.56830228e-03  2.93393563e-02 -8.00414477e-03
  3.42325643e-02 -6.87468946e-02 -6.68407530e-02  3.28323506e-02
  9.67607200e-02 -2.39169020e-02  4.37301919e-02  4.41711098e-02
 -4.72434573e-02 -5.16845211e-02  2.84713358e-02 -3.67670543e-02
 -5.88598195e-03 -9.73558873e-02  2.29111817e-02 -7.34950602e-02
  1.46152638e-02  1.74952671e-02  1.21131130e-01  1.40752299e-02
  4.19303067e-02 -5.05644381e-02 -7.97823220e-02  9.42173321e-03
  6.47803321e-02  3.08959316e-02  7.76599571e-02  3.47465798e-02
  1.00345481e-02  2.34009475e-02 -7.12529942e-02 -1.20244008e-02
  1.71210822e-02  3.28550488e-02  2.76399050e-02  1.16072055e-02
 -2.58932412e-02 -1.01629056e-01 -4.57233116e-02  1.78435862e-01
 -1.84829365e-02  8.33606347e-02 -3.21224853e-02  6.03266843e-02
  3.34801734e-03 -5.60575388e-02 -5.77057377e-02  1.13841280e-01
  7.06244037e-02  6.75665811e-02  9.13209002e-03  2.98050400e-02
 -1.09215360e-02  6.10134862e-02 -5.28197587e-02 -2.81836092e-02
  5.13178147e-02 -1.98631734e-02  1.27720125e-02  2.87100524e-02
  1.97514091e-02 -4.03962145e-03  6.41776854e-03  6.97554415e-03
 -6.45022914e-02 -1.19431362e-01  4.67972830e-03 -4.47002151e-33
 -7.37233832e-02 -6.25981688e-02  1.17298760e-01  1.55606484e-02
  2.24265270e-02 -2.51997318e-02 -1.22568190e-01 -3.59326452e-02
  5.63272089e-03 -2.69530136e-02 -2.36140396e-02  6.32268563e-02
  6.63893968e-02  9.02436450e-02  1.04126455e-02 -5.66317476e-02
  2.46353028e-03  4.06286120e-02  3.82095538e-02 -4.11919355e-02
 -1.68121755e-02  3.67292762e-02  7.76227266e-02  3.34808715e-02
  3.23989172e-03  1.94083545e-02 -1.72496599e-03 -5.16188182e-02
 -4.63104956e-02  1.37824826e-02 -2.73239762e-02  6.57316530e-03
 -3.41402069e-02 -1.43112075e-02 -6.17422722e-02 -1.56428032e-02
  5.70814647e-02 -3.74620929e-02  6.06325688e-03 -2.05489788e-02
 -2.18527466e-02  4.31066267e-02  1.26948459e-02  1.17903331e-03
  4.88961078e-02  6.66977838e-03  1.45502344e-01  1.78380813e-02
 -1.04554139e-01  3.60254981e-02  6.72413828e-03 -1.90560818e-02
 -6.86173001e-03 -8.72556679e-03  3.81053872e-02 -2.86697000e-02
  3.31422836e-02  2.36470979e-02 -7.14523625e-03 -2.31966339e-02
  2.32688710e-02  7.03004822e-02  4.88686673e-02 -8.44969414e-03
  2.49186121e-02 -4.60305288e-02 -2.45150812e-02 -2.78366208e-02
 -1.59857254e-02  4.80566686e-03 -4.91634943e-02 -3.54272202e-02
  7.71361887e-02 -4.94258329e-02  9.46438834e-02  2.58563757e-02
 -3.98810767e-02 -1.26937600e-02 -1.33231416e-01  2.14571152e-02
 -4.35884371e-02 -3.56919430e-02  3.45390998e-02 -3.39477099e-02
 -4.08758521e-02 -4.28075306e-02 -7.12668970e-02 -6.31369799e-02
  1.93111952e-02  5.53408042e-02 -3.08132805e-02 -2.93039326e-02
  6.40937239e-02  3.36136203e-03 -5.79867475e-02  3.69138728e-33
 -3.90252210e-02  9.44136735e-03 -9.05988961e-02  7.04991221e-02
  5.30361682e-02 -2.67255362e-02 -5.71882576e-02 -9.81421247e-02
 -5.30909486e-02  2.28210259e-02  1.22911930e-02 -5.25385030e-02
 -2.93469261e-02  3.27945338e-03  2.44981349e-02  2.36768760e-02
  4.38215472e-02  1.61551591e-02 -5.14986692e-03  4.88571301e-02
 -4.07089014e-03  6.06887601e-02 -3.42872478e-02 -3.82187823e-03
 -7.68102938e-03  9.16013271e-02  1.13215968e-02 -6.49004728e-02
  6.96257176e-03 -1.11765191e-02 -2.14542150e-02  5.56358928e-03
 -4.14055474e-02  3.53331678e-02 -4.46091816e-02  1.09774113e-01
  8.48742053e-02  2.08593663e-02 -2.30063070e-02  1.43278735e-02
  7.79125988e-02  3.76066454e-02  3.82567346e-02  1.25785738e-01
 -4.36619781e-02 -5.04028164e-02 -7.00134039e-03  6.94142282e-03
 -7.16170669e-02  9.40417033e-03  6.87235892e-02 -3.54984030e-02
 -7.40326717e-02 -3.75451408e-02 -4.53234278e-02 -1.93900578e-02
 -6.47004833e-03  1.14323478e-02 -2.92502325e-02 -2.28359066e-02
  3.11365779e-02 -3.21532339e-02  3.83887142e-02  1.16456278e-01
 -7.04376101e-02  6.24165945e-02 -4.83526886e-02 -1.20889803e-03
  4.04354371e-02 -5.41281104e-02  2.96095461e-02  3.01210750e-02
 -2.60986648e-02  1.22601902e-02 -2.64329668e-02  3.83141451e-02
  4.28481959e-02 -4.81310524e-02 -2.06244234e-02 -2.45354734e-02
 -1.13522023e-01 -1.05056574e-03 -4.04463010e-03 -1.14987575e-01
 -4.07579094e-02 -8.33440125e-02 -3.25168744e-02 -3.45200971e-02
 -2.29523145e-03 -5.24862371e-02  1.68483995e-03 -1.70507114e-02
 -3.24070305e-02  5.89284487e-02 -1.67408101e-02 -1.16146524e-08
  3.48443948e-02 -3.29701565e-02  6.74393550e-02 -6.48887083e-02
  5.26901968e-02  7.68115837e-03  4.52075563e-02  2.11287793e-02
  4.81579341e-02  3.96049209e-02  1.02701396e-01  2.25173701e-02
  7.77129009e-02  9.71179232e-02  5.10106534e-02  2.10195668e-02
 -3.23843397e-03  1.83730088e-02 -5.33493906e-02 -3.22672985e-02
 -2.66406871e-03 -5.61426952e-03 -2.57266145e-02  3.03480327e-02
  3.46935950e-02 -2.25811428e-03 -8.80643912e-03  4.51999642e-02
  3.18049565e-02 -9.06269439e-03 -1.32481679e-02  3.60945351e-02
 -2.03455351e-02 -4.60599139e-02 -6.90099299e-02 -5.90240397e-02
 -1.32428538e-02  3.84962815e-03 -1.16817914e-02  3.29585224e-02
  1.57936066e-02 -1.22746192e-02 -1.98486447e-02 -1.83351785e-02
 -1.09965883e-01 -1.24086649e-03 -1.05889224e-01 -2.05991673e-03
  1.39947217e-02  7.08447397e-02  1.03211608e-02  5.11015058e-02
  1.49157681e-02 -1.85079165e-02 -1.64232645e-02  4.30737669e-03
 -5.00025675e-02  1.51698105e-02 -7.04792812e-02 -1.07400585e-02
  1.30377099e-01 -1.23166926e-02  1.07522141e-02  4.47474755e-02]"
168,Opportunities in Renewable Energy,Environment,sustainability,6,0.3539,"[ 4.10689507e-03  1.18057869e-01  6.51803939e-03  2.01633498e-02
  6.49562180e-02  1.96664799e-02 -1.85424853e-02 -4.37019281e-02
 -1.89063288e-02 -1.94131453e-02  1.53809488e-02 -6.06852099e-02
 -1.38276825e-02  3.28618800e-04 -6.36824667e-02  2.99334037e-03
 -1.04614154e-01  2.85492968e-02 -3.15095522e-02 -4.46097665e-02
 -4.81216013e-02 -6.52997335e-03  1.40605820e-02  2.21560858e-02
 -8.52372646e-02  1.11566447e-01 -4.57940809e-02 -2.10122038e-02
  4.49358523e-02 -1.23077948e-02  5.49973845e-02  3.48152332e-02
  3.21664698e-02 -2.58470494e-02  2.86358260e-02  1.19534075e-01
  5.20595536e-02 -2.03274265e-02  2.81015281e-02 -2.32810434e-02
 -6.83358535e-02 -7.98003227e-02 -4.64179367e-02 -1.00554347e-01
 -7.92264845e-03 -1.70614310e-02  2.38624699e-02 -6.67935014e-02
 -1.94664653e-02 -6.41482174e-02  5.69883808e-02  4.96568438e-03
 -4.35719267e-02 -3.31956074e-02  2.76494138e-02 -5.71230128e-02
  3.60825062e-02 -4.36470918e-02 -2.71218270e-02 -1.86118484e-02
  9.56522152e-02 -5.97844645e-02 -8.24462697e-02  5.98447919e-02
  1.10988669e-01  7.28443936e-02 -4.51058634e-02  8.06766748e-02
 -4.17143255e-02  7.66098092e-04  2.54031504e-04 -4.89965454e-02
 -1.68374404e-02 -5.68989106e-02  4.61863130e-02 -2.02786867e-02
  8.67558178e-04  2.07630154e-02  7.54866377e-02  5.18056750e-02
  1.27711102e-01  8.13136250e-03 -5.79651557e-02  7.83111807e-03
  3.19172740e-02  6.83634123e-03  2.01919791e-03 -2.10548956e-02
  6.34308755e-02  1.18735246e-03 -7.18195587e-02 -8.37190729e-03
  1.05033174e-01  2.79798973e-02 -9.91501734e-02  2.13863533e-02
 -6.40910119e-02 -5.91606274e-02  2.31871270e-02  1.83625534e-01
  2.49900687e-02  4.18050513e-02 -3.45870480e-02 -3.95139167e-03
 -2.92633194e-02 -4.18800972e-02 -1.71870794e-02  3.42051722e-02
 -1.35479672e-02  2.66578258e-03 -3.91931571e-02 -2.45667831e-03
 -7.11034834e-02  7.49404877e-02  9.91136394e-03 -3.60299572e-02
  6.80260435e-02 -3.77253108e-02  9.10507813e-02 -3.24005559e-02
  3.60881872e-02  7.83036370e-03  3.09122149e-02 -3.12274341e-02
  1.36454022e-02 -4.14511263e-02  3.10804024e-02 -5.98822610e-33
 -4.20500524e-02 -1.78565402e-02  8.01837370e-02 -8.57156664e-02
 -1.33083006e-02  5.31694852e-02 -7.89119601e-02  3.44478600e-02
 -8.46165046e-03  2.05724277e-02  8.70055184e-02  2.44436786e-02
 -7.10748648e-03 -1.89742970e-03  1.38179630e-01 -9.92585793e-02
 -5.09803519e-02  4.41081151e-02  4.71809506e-02 -3.58645283e-02
 -1.36118464e-03  2.77733579e-02  3.82069685e-02  3.04933991e-02
  8.42381641e-02 -4.07830551e-02  3.70854661e-02  8.79490562e-03
 -2.12327819e-02  1.41759776e-02  3.11466996e-02  7.02301115e-02
 -7.29705319e-02 -6.94170818e-02  2.55425628e-02 -1.99947655e-02
 -9.79593322e-02  4.79331054e-02 -1.63562633e-02 -1.23301568e-02
 -5.16318791e-02 -5.06974123e-02  4.21300977e-02  5.05314767e-03
  4.15054448e-02  6.74985647e-02  9.22009274e-02  5.00938557e-02
 -2.88826711e-02  2.07776297e-02 -4.79130074e-02  4.39208932e-02
 -8.31002668e-02 -6.24812357e-02  1.73073858e-02 -1.01528555e-01
  1.83164570e-02 -3.51613900e-03 -6.25279173e-02 -1.44605532e-01
 -1.36677362e-02  2.85939407e-02 -8.93416107e-02 -1.55326920e-02
  1.05306983e-01  2.87281573e-02 -1.57866739e-02  6.30112216e-02
 -2.49732174e-02 -8.28966498e-03 -2.13319547e-02 -6.17742389e-02
  1.65235307e-02  6.55286899e-03 -2.29617842e-02  2.05614772e-02
 -4.35336754e-02  4.40217033e-02 -8.03454667e-02  7.44381398e-02
 -1.41673014e-01  7.06722066e-02 -4.18889932e-02 -7.51749799e-02
  1.03186227e-01  1.93275735e-02  4.31355387e-02  1.08621372e-02
  9.54525545e-02  3.83123048e-02 -3.55879515e-02  1.21105807e-02
  2.25081947e-02  3.22218500e-02 -7.48636425e-02  2.79944384e-33
  3.25182788e-02  2.34985016e-02 -4.78637964e-02  3.06359679e-02
 -6.10395242e-03 -8.10623467e-02 -9.82098579e-02 -2.94141676e-02
 -2.68473173e-03  2.71393508e-02 -6.33887947e-02  5.89787625e-02
  3.10018323e-02  6.72343895e-02 -3.28807160e-02  1.36332577e-02
 -3.73079367e-02 -2.97917593e-02 -8.66425633e-02  5.85598731e-03
 -2.99682515e-03  3.79549339e-02 -4.76750098e-02  5.01095653e-02
 -7.48546496e-02  6.92744404e-02  5.10856928e-03 -5.68971317e-03
  7.57188275e-02 -2.12913658e-02  4.27858764e-03 -2.84907781e-02
 -1.84576549e-02  1.42566133e-02 -3.53323705e-02  2.09281370e-02
 -3.94660793e-02 -3.51648666e-02  4.30891030e-02  6.67249784e-02
  4.99502644e-02 -2.14167349e-02 -6.37839139e-02  4.89172563e-02
  4.69128927e-03 -4.99444548e-03 -5.04739396e-02  8.53523891e-03
  3.34124304e-02 -4.96575749e-03  6.77503645e-02  5.44972010e-02
 -3.90525758e-02 -8.24177787e-02  3.97184007e-02  1.32149225e-02
  1.86213050e-02  2.54194140e-02 -6.60167411e-02 -9.51215625e-03
  1.43197849e-02  8.64928067e-02  2.12305300e-02  8.93448740e-02
 -2.26828121e-02  2.66648084e-02  2.99995728e-02 -1.08755883e-02
 -3.19220945e-02 -6.02898747e-02  1.65625028e-02  1.80757716e-02
 -1.45757645e-01 -4.21574414e-02 -4.54589203e-02  4.21647578e-02
 -3.56710106e-02  6.78186130e-04 -4.44627292e-02 -1.77351385e-02
 -5.96962683e-02 -2.24278811e-02 -3.22564912e-04  7.75204645e-03
 -1.73715688e-02 -2.26540715e-02 -3.13948318e-02 -7.20482990e-02
  1.71975996e-02  8.21701735e-02 -8.66613258e-03  1.56573858e-02
 -1.15967043e-01  9.11872014e-02  3.16167958e-02 -1.32017126e-08
  2.07300205e-02  1.22500118e-02 -3.06454371e-03  3.00273811e-03
 -3.45179737e-02  3.64696980e-03  7.94852003e-02 -4.69883867e-02
  5.96033363e-03  9.00167450e-02 -1.75083764e-02  3.34479809e-02
  2.58500688e-02  1.12780787e-01 -4.40019518e-02  1.01531390e-02
 -3.32500935e-02 -1.32103032e-02 -5.13426773e-02 -2.24831383e-04
  1.91717164e-03 -4.27011028e-02 -1.05918478e-02  3.16308923e-02
 -2.03408804e-02 -3.21624614e-02  2.82074530e-02  3.31844166e-02
  3.55366841e-02  4.60452512e-02  6.49938807e-02  5.83545789e-02
 -2.71341410e-02 -4.11916077e-02 -6.86965138e-02 -8.03319514e-02
  1.82563607e-02 -4.64409031e-03  3.45770679e-02 -3.82146686e-02
 -1.18916817e-02  5.36681898e-02 -5.57984747e-02  6.41106293e-02
 -3.50771062e-02 -3.54594998e-02 -1.59875322e-02  7.17699677e-02
 -3.90187204e-02  3.44157666e-02 -1.69636570e-02 -5.74314147e-02
 -4.18853760e-03  6.09898493e-02  1.32456943e-02 -5.35725728e-02
  4.08484973e-02  1.07771652e-02 -3.16101499e-02  2.92236749e-02
  1.02763079e-01 -6.16308041e-02  9.00010392e-02  2.76221950e-02]"
169,Opportunities in Renewable Energy,Environment,economic,1,0.3474,"[-1.84907019e-02  4.03515995e-02 -5.57376370e-02  3.74768600e-02
  3.57613228e-02  1.71791520e-02  7.43514225e-02  3.33851911e-02
  1.32678151e-02  2.10913233e-02  3.46853696e-02 -8.32620915e-03
 -3.74769606e-02 -1.62910875e-02 -8.04248918e-03 -3.58067565e-02
 -3.16170081e-02 -5.81312813e-02 -1.32174522e-01 -6.25408590e-02
 -2.64618546e-02 -4.21193391e-02 -5.56381652e-03 -3.36444303e-02
 -4.24906202e-02  3.27847674e-02  6.48439815e-03 -8.08577694e-04
  9.42964666e-03 -5.47783077e-02 -3.06601971e-02  5.96908294e-02
  9.90773216e-02 -2.66925767e-02 -1.98567379e-02  3.60538531e-03
  4.21464257e-02  3.06285135e-02  2.71219667e-02  8.59286357e-03
 -1.84379257e-02 -8.01891312e-02 -6.08820915e-02 -3.23358215e-02
 -6.03209855e-03 -3.77575085e-02  5.56150079e-02  2.96109710e-02
 -2.71561760e-02  2.47075371e-02 -2.13688314e-02  2.52979863e-02
 -4.89961617e-02  5.37452893e-03  5.69734760e-02 -8.52786284e-03
  3.52010550e-03 -7.70587027e-02  1.92625336e-02 -1.14835873e-02
  5.19302972e-02 -5.11159860e-02 -7.04939365e-02 -3.34351370e-03
  1.46496683e-01 -2.41455249e-02 -3.87202129e-02  5.14335185e-02
 -1.48260772e-01  1.40185989e-02  6.85420483e-02 -9.37570557e-02
 -7.78939649e-02 -3.60320583e-02  2.04190556e-02 -6.07955679e-02
  4.09969017e-02  4.10943516e-02  5.10433652e-02 -9.25809890e-03
  8.92448500e-02 -8.11047629e-02 -1.20262071e-01 -1.04587516e-02
 -3.20450403e-02  2.99245381e-04  5.76904276e-03 -4.71718088e-02
  1.00547716e-01  2.15782598e-02  3.23878205e-03 -2.26931144e-02
 -2.02813577e-02  1.47824502e-02 -2.93720253e-02  5.96481003e-02
 -2.13122610e-02 -5.65184206e-02  1.51419966e-02  2.71599561e-01
  2.29324978e-02 -8.48648325e-03  1.24764489e-02  1.47740133e-02
 -2.55192500e-02 -1.06928878e-01 -6.72318088e-03  8.38562027e-02
  1.78631358e-02 -8.77227169e-03 -3.34713049e-02 -1.73807014e-02
 -1.10432515e-02  2.29490809e-02 -2.25071944e-02 -2.71245241e-02
  5.72964884e-02 -3.49939652e-02  7.06694415e-03  5.84329665e-02
  1.76551230e-02  1.20395515e-02 -4.26465534e-02  3.93276364e-02
 -3.80150303e-02 -1.02114148e-01 -6.98655024e-02 -5.78292454e-33
 -4.78248969e-02 -7.40044042e-02 -1.74056031e-02 -5.06014153e-02
 -8.74383450e-02  6.06859848e-02 -5.82498275e-02 -5.11002094e-02
 -1.50655359e-02  1.54464617e-02 -4.99679483e-02  4.26982418e-02
  2.19832286e-02  9.50444639e-02  1.47576824e-01 -1.71836875e-02
 -8.80586803e-02  4.65494134e-02  7.03267455e-02  3.94839384e-02
  1.74492951e-02  2.77229678e-02  4.51039784e-02  7.33510964e-03
 -1.87690146e-02 -2.09020991e-02 -1.11981332e-02 -4.38982137e-02
  1.14075407e-01  1.74082778e-02  6.75405413e-02  6.70662746e-02
 -1.63113587e-02 -4.28521633e-02 -6.76149875e-02 -3.21072303e-02
  5.36150439e-03 -4.28715721e-02 -2.61551677e-03 -1.10603524e-02
 -7.61493519e-02  4.00721980e-03 -6.47189468e-02  6.48625791e-02
  2.37897169e-02  1.19029675e-02  9.97753069e-02  2.03980543e-02
  2.28668191e-02 -4.30877134e-03 -2.25000046e-02  2.15869788e-02
 -6.09466843e-02 -1.14566438e-01  3.40627099e-04 -1.64004359e-02
 -2.13584639e-02 -8.05944949e-03 -1.80057976e-02 -2.45122202e-02
  1.77837838e-03  4.60313782e-02 -1.75594054e-02 -4.37928783e-03
 -3.23317125e-02  7.49693140e-02  1.33990757e-02 -1.38813350e-02
  3.72573324e-02 -1.93854030e-02 -1.06194122e-02  2.70420182e-02
  7.72800520e-02  2.50386223e-02  3.56858410e-02  1.04318790e-01
  1.53244184e-02  2.44335439e-02 -1.97372679e-02  1.14835668e-02
 -8.64282921e-02  3.85518279e-03  8.47041700e-03  8.52008164e-03
  3.37149277e-02  1.88803095e-02 -5.85900212e-04 -2.20300984e-02
  6.93623871e-02  4.59741540e-02 -8.75928476e-02  2.48796847e-02
 -4.36151549e-02  4.41962220e-02  4.96569537e-02  2.65819993e-33
 -2.54137404e-02  2.69799531e-02 -3.69004011e-02  7.01316893e-02
  1.17602125e-02 -8.29937588e-03 -9.39255394e-03 -7.02900216e-02
  1.21594705e-02  4.03347239e-02 -1.00348473e-01  1.41766286e-02
  1.15127325e-01  8.48430693e-02 -2.52612550e-02 -5.78037761e-02
  3.61873880e-02 -2.23281775e-02 -4.73351218e-03 -1.90742016e-02
 -4.98852096e-02  2.63305916e-03  5.04928678e-02  1.40454927e-02
 -2.48503443e-02  4.72339317e-02 -9.75202620e-02 -3.95913348e-02
 -7.32891485e-02 -1.05179744e-02  9.88389365e-03 -4.30553872e-03
 -2.75716968e-02  4.76669446e-02 -4.03655246e-02  1.23366825e-01
 -3.12868059e-02 -5.91562167e-02 -1.67298503e-02 -1.89650210e-03
  3.73726860e-02 -2.61138957e-02 -5.89939486e-03  5.13787530e-02
 -1.48962848e-02 -4.02687602e-02  1.20702209e-02  3.34578305e-02
  8.13616216e-02 -2.77841445e-02  8.37464482e-02  1.07145645e-01
  9.22173820e-03 -4.92944196e-02 -6.02031723e-02  1.07506393e-02
 -5.21206902e-03 -8.73564649e-03 -6.99362308e-02  5.88896275e-02
 -7.44375540e-03  6.32614791e-02 -1.20347301e-02  1.21366814e-01
 -3.79934832e-02  3.86329740e-02  1.97778437e-02 -6.63822144e-02
  6.42857030e-02 -7.83191249e-02  5.21705374e-02  2.40928270e-02
 -9.87423658e-02  4.31873016e-02 -2.12181062e-02  1.23107277e-01
 -2.30751485e-02 -2.37190886e-03  3.08553968e-02  1.00000640e-02
 -9.69070122e-02 -4.53036688e-02  4.01989408e-02 -4.75996844e-02
 -1.13494322e-01 -3.64988036e-02  1.18206199e-02 -3.65413912e-02
 -5.75158335e-02 -6.65835515e-02 -9.36726853e-02 -2.57132817e-02
  3.93128284e-04  2.35431269e-02 -1.22178691e-02 -1.45273216e-08
  9.76420101e-03 -6.87959045e-02  8.75197500e-02  4.99607697e-02
 -4.88906316e-02 -5.64619899e-02  2.83867549e-02  3.11135184e-02
  4.43051830e-02  1.12369210e-01 -2.09324937e-02  4.01181579e-02
 -1.21987043e-02  1.24368779e-01 -2.05932856e-02  4.08311337e-02
 -1.44534484e-02 -4.19498794e-03 -2.88074594e-02 -2.93319505e-02
  7.48598203e-02  3.74243222e-02  2.27925405e-02  1.25436056e-02
 -9.96709429e-03  1.89921688e-02  5.87882996e-02  3.51734906e-02
 -2.04706155e-02  4.85704504e-02  3.67124309e-03  1.68502573e-02
  4.96073568e-04 -3.66041064e-02 -4.07832861e-03 -4.41342369e-02
 -1.01781040e-02  1.81444380e-02  5.74877374e-02 -4.70501855e-02
  7.78905256e-03 -3.40198465e-02  3.72810522e-03 -2.99083050e-02
  8.62095356e-02 -2.03751903e-02 -3.93980518e-02 -2.15753410e-02
  3.64494137e-02 -5.33286035e-02  5.31478738e-03  3.41062658e-02
  2.40126494e-02 -5.79727441e-02  2.93064341e-02 -5.23534305e-02
  1.52527429e-02 -3.87708074e-03 -1.04476921e-01  3.27531956e-02
  7.09271580e-02 -3.25226076e-02  5.41969314e-02 -3.61004509e-02]"
170,Opportunities in Renewable Energy,Environment,electricity,4,0.3394,"[-5.20250872e-02  1.12257332e-01  2.99936887e-02  8.11169818e-02
  3.73906037e-03 -2.68525798e-02  1.06163263e-01 -4.80313227e-03
  1.63240433e-02  3.81336883e-02  4.36092466e-02 -6.53962642e-02
  1.76592059e-02  4.23796214e-02 -3.14848796e-02 -5.13170138e-02
 -1.94783304e-02 -3.32187489e-02 -9.57295373e-02 -2.41744891e-03
  6.25716299e-02 -8.59802775e-03  1.97573453e-02 -4.24315855e-02
  5.65806068e-02  9.96854082e-02 -4.45036869e-03  2.57276129e-02
 -1.22207375e-02 -8.81058946e-02 -4.42823544e-02 -2.33514439e-02
 -5.83451949e-02 -1.90793369e-02 -5.33182211e-02  5.79503514e-02
 -5.29436115e-03  2.10494064e-02  4.70559001e-02  5.53539693e-02
 -2.61910912e-02 -1.18240990e-01  5.28666563e-02 -4.43460234e-02
 -5.48263267e-02 -1.52577022e-02  1.01100847e-01  5.79999480e-03
 -6.47618528e-03  2.87419534e-03  2.03405153e-02 -4.07665223e-02
 -2.46729087e-02  5.68357743e-02  3.98794636e-02 -6.14248365e-02
  9.20915976e-02  1.20638581e-02  1.26554407e-02  3.32954042e-02
  9.38051660e-03 -4.61138226e-02 -3.55897881e-02  2.40817722e-02
  4.08913009e-02 -5.10799102e-02  5.25484905e-02  5.63546270e-02
 -2.08351333e-02 -5.44835255e-02  5.26224896e-02 -4.39495370e-02
  3.92468460e-02 -1.03643715e-01  3.66478749e-02 -7.65880868e-02
  3.51310596e-02 -1.80052277e-02  4.82483022e-02 -5.05652092e-03
  2.26842128e-02 -8.27905014e-02 -1.05108261e-01  3.24117728e-02
  7.40592331e-02  4.06546481e-02  7.35681280e-02 -1.71067044e-02
 -1.09717213e-01 -9.31721460e-03 -3.47489454e-02  2.01671664e-03
  4.27475609e-02  3.54828872e-02 -1.08265132e-02  7.56206224e-03
 -2.82042641e-02 -4.90795262e-02 -6.85671195e-02  1.64174125e-01
  3.80190052e-02  7.07528517e-02  3.28935171e-03  2.26828419e-02
  9.28485673e-03 -4.82427478e-02 -6.67863786e-02  5.31162024e-02
  3.85642089e-02 -2.50848643e-02  3.18171903e-02 -2.81479098e-02
 -8.81103277e-02  2.34065037e-02  1.44075882e-03 -3.02185975e-02
 -8.20516981e-03  1.40176192e-02  1.44139733e-02  7.26441517e-02
  4.36392725e-02  7.77679309e-03 -3.19823101e-02  3.83811854e-02
 -1.57573652e-02 -5.78671545e-02  9.46633890e-02 -5.42627441e-33
 -7.77268857e-02 -5.76756597e-02  9.02061462e-02 -4.31371108e-02
 -1.27123818e-02  2.77614817e-02 -3.76820862e-02  6.85000345e-02
  2.99121980e-02  6.75619543e-02  4.08841036e-02  9.93320495e-02
  1.00692213e-01  8.46500844e-02  6.00444488e-02 -7.59380534e-02
  3.78540577e-03 -7.02573061e-02  4.34148349e-02 -1.17311962e-02
  3.04804370e-02  2.17833389e-02  6.80344999e-02  3.96903977e-02
  1.60368178e-02 -9.25852284e-02  1.09270411e-02 -7.00201169e-02
 -2.95513179e-02  5.76344598e-03  4.28689411e-03  9.72424075e-02
  8.52838065e-03  3.83391343e-02 -8.26047137e-02  3.70882750e-02
  8.63861293e-02 -4.11485434e-02  2.37081908e-02 -6.18162788e-02
 -5.74505180e-02  1.97330417e-04 -7.76103511e-03  6.37519360e-02
  2.50566788e-02  1.25764711e-02  6.85208589e-02 -4.74855006e-02
 -2.78173573e-02  6.66511571e-03 -3.56596075e-02 -2.53428686e-02
  5.20820403e-03  3.56001891e-02  5.53918518e-02  2.85124797e-02
 -4.25506569e-02  5.15386276e-03  2.62886733e-02 -2.48872023e-02
 -1.66076589e-02  7.22984895e-02 -2.46473737e-02 -1.93029344e-02
 -3.30300466e-03 -2.30104402e-02  7.42568597e-02 -4.66533490e-02
 -3.63523811e-02 -7.61645958e-02 -5.26312962e-02 -8.10203105e-02
  4.24892120e-02 -4.10198942e-02  2.54838355e-02  5.08253500e-02
 -8.58327970e-02  6.05043992e-02 -6.55270591e-02 -4.57765535e-02
 -8.18089023e-02 -9.85104665e-02  2.98070349e-02 -5.17857373e-02
  2.97264550e-02 -6.33791313e-02 -2.42049787e-02 -2.27769595e-02
  1.29422955e-02  1.06972586e-02  5.23401126e-02  1.34343822e-02
  7.72433728e-02 -1.19429938e-02 -1.36161176e-02  4.12076047e-33
 -9.94072668e-03  2.48265509e-02 -7.21419603e-02  5.93223572e-02
  6.86938316e-02 -4.11641225e-02 -3.20560858e-02 -4.49900329e-02
 -2.45997682e-02  6.29525706e-02 -4.92274389e-02 -2.84636524e-02
  5.76745858e-03 -3.27243097e-02  5.15352935e-02  2.53127683e-02
  5.60372311e-04  6.66000620e-02  6.03616089e-02  3.62709239e-02
 -9.18311719e-03  4.91419137e-02 -1.14083942e-02 -6.28904700e-02
 -3.52435596e-02  8.25894326e-02 -3.85504449e-03 -4.58965860e-02
 -3.46964598e-02  3.65933441e-02 -4.38190363e-02  2.62813773e-02
 -3.19925286e-02  7.72311687e-02 -9.54358503e-02  2.46861652e-02
  5.34724519e-02  1.72248278e-02 -3.27525102e-02 -2.79152542e-02
  3.93107422e-02  4.19669338e-02  1.02654003e-01  1.17440253e-01
 -7.23113865e-02 -5.24763167e-02 -8.27591270e-02  3.02315652e-02
 -6.58612400e-02  1.84807926e-02  2.48945933e-02 -2.83112586e-03
 -3.76179777e-02 -6.76159710e-02 -1.71354469e-02 -5.45773022e-02
  3.19218636e-02  1.84541605e-02 -2.65684202e-02 -9.24905855e-03
  4.08892408e-02 -8.34921002e-03  2.53450535e-02  1.06794439e-01
 -7.43608475e-02  2.76077278e-02 -2.17895247e-02 -2.02809386e-02
  7.60148540e-02 -4.13509682e-02  3.53939682e-02  8.89208168e-02
 -5.86808957e-02 -1.08522370e-01 -9.89144817e-02  2.48926133e-02
 -1.31022269e-02 -2.16055922e-02 -2.32065637e-02 -9.08848792e-02
  2.95239617e-03  3.37742381e-02 -3.00886165e-02 -8.11576694e-02
 -2.83306297e-02 -8.64389241e-02  7.86383450e-02 -3.73500981e-04
  1.62952896e-02 -9.53186303e-04 -2.79438607e-02  2.29907464e-02
  9.95760877e-03  1.05525283e-02  1.41156791e-02 -1.13488809e-08
 -5.25534733e-06  8.10091272e-02  4.19155955e-02 -9.97463986e-02
  1.08184367e-01 -8.52725562e-03  7.82608613e-02  4.84679192e-02
 -1.55519750e-02 -8.67313892e-03  4.61815372e-02  1.33426357e-02
  1.09313019e-01  2.34635193e-02  6.48996234e-02  3.39431278e-02
  1.93108600e-02  2.99096871e-02 -4.51101512e-02  4.50476743e-02
 -9.74313915e-03  1.29232078e-03 -1.73718184e-02  6.55532554e-02
  9.55454856e-02  6.82542697e-02  7.64834806e-02  1.23866722e-02
 -1.90228652e-02  1.35463318e-02 -7.28888288e-02 -1.87416375e-03
 -2.50744093e-02 -5.02351597e-02 -5.59903607e-02 -5.43780029e-02
  6.31163479e-04 -8.56763124e-02 -4.74357978e-02 -1.00627974e-01
 -2.20864452e-02 -7.92852938e-02 -6.02779852e-04 -2.15921644e-02
 -3.87150720e-02 -6.12473562e-02 -2.36984696e-02 -4.91806902e-02
  4.04359289e-02  5.73032722e-02 -2.20550597e-02 -1.58325639e-02
  4.03470099e-02 -6.77457661e-04  3.20149958e-02  5.52368090e-02
 -6.54513687e-02  2.14556661e-02 -5.71081489e-02  8.54506914e-04
  8.92999694e-02  1.33574009e-02  2.44037081e-02  8.26400425e-03]"
171,Opportunities in Renewable Energy,Environment,sustainable,11,0.3241,"[ 9.22848657e-03  1.04225494e-01 -5.20337233e-03  5.47348708e-02
  6.56212270e-02  3.49341072e-02 -3.36268134e-02 -3.76468860e-02
 -3.96983027e-02  2.51432937e-02  1.69527251e-02 -6.44890815e-02
  3.16630933e-03 -1.16359778e-02 -6.44629896e-02  2.11503748e-02
 -7.73705691e-02 -1.85290948e-02 -5.18384688e-02 -3.76979560e-02
 -3.17952447e-02  2.19671428e-02  3.85503657e-02  2.70640347e-02
 -7.63282478e-02  1.03875540e-01 -2.92969681e-02 -1.91211142e-02
  4.23213653e-02  4.95439582e-03  4.85607237e-02  5.02502844e-02
  1.30012818e-02 -2.60172114e-02  2.93463916e-02  9.57414955e-02
  3.52528132e-02 -4.42201793e-02  1.43693034e-02 -2.51109973e-02
 -7.70237297e-02 -9.52913687e-02 -4.47366871e-02 -9.41595659e-02
 -2.59539764e-03 -1.26119899e-02  8.20878614e-03 -6.19556792e-02
 -2.95565594e-02 -4.27200533e-02  3.41579765e-02 -5.02084091e-04
 -3.00382003e-02 -1.89252812e-02  4.37179767e-02 -6.11736402e-02
  2.79853903e-02 -6.42527863e-02 -2.07235217e-02 -2.18733978e-02
  8.45526680e-02 -2.10564993e-02 -9.17030424e-02  2.87472475e-02
  1.00640893e-01  7.32735246e-02 -4.29532006e-02  9.35131684e-02
 -1.01452162e-02  1.78359766e-02 -2.33976170e-03 -1.58628561e-02
 -5.75798517e-03 -5.97963035e-02  4.22031507e-02 -1.17575238e-02
  3.97013128e-03  3.91095085e-03  7.51854256e-02  6.64167330e-02
  1.13268524e-01 -1.07284132e-02 -3.77447084e-02 -2.31292900e-02
  3.36776040e-02 -1.38704013e-03  1.88854020e-02 -2.25956254e-02
  6.18289635e-02  5.19074406e-03 -9.07039046e-02  4.43285704e-02
  6.67704120e-02  1.78690795e-02 -1.05950765e-01  3.86274932e-03
 -4.39076610e-02 -3.57128233e-02 -1.21811302e-02  1.94087461e-01
 -1.41280005e-03  5.02700917e-02 -2.97651440e-02 -2.10272409e-02
 -4.83780243e-02 -3.86787355e-02 -9.07786936e-03  6.36170655e-02
 -1.49172023e-02 -4.08357009e-03 -4.60484587e-02 -9.78361070e-03
 -5.33926673e-02  1.02120578e-01  3.39171961e-02 -1.53101832e-02
  7.39554167e-02 -5.02446443e-02  6.67683780e-02 -1.66818388e-02
  4.17237878e-02  1.31767010e-02  3.22599858e-02  9.48042329e-03
  6.20074454e-04 -2.80210432e-02  3.61135341e-02 -5.52840393e-33
 -1.48394601e-02 -3.34775522e-02  9.89520699e-02 -6.85551912e-02
 -2.94705592e-02  4.71741818e-02 -9.15629566e-02  1.37880892e-02
 -1.79847945e-02  5.16757928e-03  7.73872808e-02  2.91417111e-02
 -2.75963433e-02  1.77336913e-02  1.29787073e-01 -1.06546946e-01
 -4.13528904e-02  4.55355272e-02  2.12636534e-02 -2.50718109e-02
 -4.47093602e-03  6.01316430e-02  8.44855886e-03  3.08014601e-02
  9.07533020e-02 -3.71237732e-02  4.63145263e-02  9.65213217e-03
 -3.71443592e-02  1.91891808e-02  5.05467225e-03  5.53693138e-02
 -1.00778893e-01 -6.49165809e-02  1.78201981e-02 -2.91374754e-02
 -1.17507905e-01  7.11434931e-02 -3.52123342e-02  1.40156411e-03
 -4.16946560e-02 -2.99997497e-02  6.44450560e-02 -7.87003338e-03
  4.77563292e-02  4.65479232e-02  4.81169149e-02  5.75945191e-02
 -9.17959288e-02  1.41532915e-02 -3.60856541e-02  3.18858027e-02
 -1.17478035e-01 -5.55104725e-02 -1.34805748e-02 -9.49740931e-02
  1.08085293e-02  1.17899748e-02 -6.47198111e-02 -1.11516349e-01
 -4.49610082e-03  4.77622002e-02 -1.05567649e-01 -2.63494789e-03
  6.43549860e-02  1.48124760e-02 -8.25338997e-03  5.63167743e-02
 -1.48336114e-02 -1.08926147e-02  1.56978834e-02 -4.64977697e-02
  5.14241047e-02 -1.26619134e-02 -2.74164844e-02 -3.29976268e-02
 -2.37195287e-02  3.76674533e-02 -6.72404841e-02  8.07582885e-02
 -8.06140229e-02  8.10746402e-02 -3.86328474e-02 -7.41092637e-02
  1.20861135e-01  2.08178000e-03  2.19565239e-02 -6.61599543e-03
  8.28580037e-02  3.42445485e-02 -3.27432901e-02  2.21828036e-02
  4.93733808e-02 -1.77856088e-02 -7.77353570e-02  2.92105038e-33
  6.09750375e-02  3.88426259e-02 -6.63989782e-02  2.79159583e-02
 -5.53466603e-02 -6.01773188e-02 -1.09983422e-01  3.36026750e-03
 -9.33929550e-05  3.32125067e-03 -8.83268472e-03  5.21280505e-02
  5.92173524e-02  4.77920659e-02  1.07878400e-03 -9.70176980e-03
 -3.10023893e-02 -1.45024024e-02 -6.69280440e-02 -1.78756732e-02
 -3.16871330e-02  1.60111077e-02 -3.63075957e-02  4.25581224e-02
 -5.90747818e-02  5.28500564e-02 -5.77046629e-03  4.52349521e-02
  6.16407804e-02 -2.10503265e-02  1.42845968e-02 -3.18131484e-02
 -5.13933450e-02  7.18569942e-03 -2.67034210e-02  1.98693238e-02
 -2.73500197e-02 -4.33276743e-02  6.31152540e-02  5.41477688e-02
  5.77913448e-02 -6.60759211e-03 -1.04236215e-01  4.86186258e-02
  3.26525830e-02 -4.29465016e-03 -6.47674352e-02 -4.81524214e-04
  4.36642915e-02  2.74656573e-04  8.64008963e-02  4.58669178e-02
 -7.32465982e-02 -9.47188735e-02  1.20803146e-02 -5.71760722e-03
  1.09920511e-02  4.61515002e-02 -5.11154272e-02 -6.00319952e-02
  3.62726972e-02  5.81586920e-02  3.99780460e-02  1.01935655e-01
 -1.90357901e-02  1.56874415e-02  5.85634150e-02 -5.15712984e-03
  2.64164736e-03 -5.89668043e-02  2.02981811e-02  1.42573789e-02
 -1.51132405e-01 -2.72336490e-02 -3.34407575e-02  2.20838301e-02
 -2.90264077e-02 -3.90031259e-03 -3.15845162e-02 -1.64761264e-02
 -6.92284405e-02 -3.84390578e-02  1.87562115e-03 -2.44203433e-02
  6.09043380e-03 -6.55906275e-02 -5.36674410e-02 -7.88323507e-02
  4.57958458e-03  7.60348365e-02  9.78236739e-03 -1.57828536e-02
 -1.55801430e-01  9.45107788e-02  3.00860088e-02 -1.25546196e-08
  6.05057143e-02  2.95662526e-02 -1.74850374e-02  2.85795908e-02
 -1.44425500e-02 -2.65439674e-02  8.05598199e-02 -3.44175622e-02
  5.89632951e-02  1.07937708e-01  8.94644111e-03  1.78459845e-02
  2.18603462e-02  8.73749629e-02 -3.82472500e-02 -2.86708283e-03
 -6.67365361e-03 -1.20435245e-02 -6.73184097e-02 -2.14520749e-03
  1.76874567e-02 -3.53974216e-02 -3.22567560e-02  6.17222786e-02
 -3.87332439e-02 -3.67024839e-02  5.47896028e-02 -1.33393304e-02
  1.81088559e-02  3.96246165e-02  7.25238547e-02  5.66703342e-02
 -4.37665507e-02 -3.11234202e-02 -6.73405379e-02 -8.23970884e-02
  4.70331125e-02  3.90243419e-02  8.42126831e-03 -3.68036330e-03
 -2.35822760e-02  4.37031053e-02 -6.66967556e-02  5.79174720e-02
  1.87370982e-02 -4.97251078e-02  1.47886956e-02  5.74118495e-02
 -3.46751027e-02  4.61712368e-02 -5.07141091e-03 -1.56043917e-02
  2.25546844e-02  3.85336988e-02 -1.84016619e-02 -2.51526870e-02
  3.09344139e-02  4.52180319e-02 -6.07753582e-02  1.50869302e-02
  1.12989694e-01 -5.29464781e-02  4.81697209e-02  5.69882914e-02]"
172,Opportunities in Renewable Energy,Environment,efficiency,1,0.3174,"[ 9.05580446e-03  1.01922832e-01 -3.05689406e-02  5.89018092e-02
 -3.92938359e-03 -2.84382142e-02  5.00517972e-02 -2.29483135e-02
  9.95459408e-03 -1.02785546e-02  2.55918666e-03  8.95984992e-02
  2.22396068e-02 -1.43835563e-02  2.85376236e-02 -2.76170354e-02
  7.12344795e-02  4.38558422e-02 -1.43388614e-01 -6.74882308e-02
 -1.49087152e-02 -1.22986950e-01 -1.43516501e-02 -2.83186138e-03
  6.34897053e-02  2.48532053e-02 -1.03367440e-01  1.51778469e-02
  4.09605280e-02 -7.42308423e-02  7.82260764e-03 -2.44728494e-02
  5.09852991e-02 -2.95934826e-02 -4.37409952e-02  6.04749937e-03
  1.44492472e-02  1.09920902e-02 -8.27884022e-03  2.95055304e-02
 -2.23749001e-02 -8.15594420e-02 -1.99993029e-02 -1.67668965e-02
 -1.15687279e-02 -6.68427581e-03 -3.03502567e-02 -5.57966456e-02
 -4.71202396e-02 -1.55420676e-02  4.13460284e-02  1.72778200e-02
 -6.76086694e-02 -4.79654372e-02  4.22866456e-02  2.64898445e-02
 -1.76832266e-02 -3.08866613e-02 -3.95613350e-02 -1.78269744e-02
  5.18778376e-02 -2.20134836e-02 -6.73054457e-02  1.46337657e-03
  1.18581705e-01 -5.10336757e-02  9.69527885e-02  1.95687320e-02
 -5.61387204e-02  1.67575870e-02 -2.74672639e-03 -2.69189402e-02
 -3.93763296e-02 -5.07349372e-02  8.15207139e-02 -7.87066668e-02
  5.33506051e-02 -1.98703334e-02  2.40117237e-02 -6.16724230e-03
  4.81104478e-02 -1.52239380e-02 -6.51961416e-02 -2.92398408e-03
  6.36741370e-02 -4.91163693e-02  1.13063399e-02 -4.78042923e-02
  3.12652588e-02 -3.78362015e-02 -3.69099639e-02  5.42295836e-02
  1.91711057e-02 -3.07658054e-02  2.54591573e-02  2.05037761e-02
 -1.55668119e-02 -3.29457261e-02 -5.05983271e-02  2.10747033e-01
  1.20699813e-03  8.21370855e-02 -6.00788817e-02 -4.88426685e-02
 -5.63709773e-02 -7.64591321e-02  4.14412431e-02  1.10344246e-01
 -3.58375488e-03  1.69497207e-02 -9.96523537e-03  1.19085358e-02
 -3.81664336e-02  7.06871003e-02  6.34691957e-03  3.72964926e-02
  1.33755933e-02  3.04366481e-02  5.12120277e-02  5.83701357e-02
  5.65608358e-03  3.33586871e-03  3.11718639e-02  3.51624005e-02
 -4.84051071e-02 -6.93150461e-02 -1.55760003e-02 -4.71103716e-33
 -6.48381487e-02  3.36370468e-02  6.55479059e-02 -5.53842559e-02
 -3.38178873e-02 -1.98030714e-02 -7.51706734e-02 -3.67730781e-02
  6.67217523e-02  3.98223894e-03 -5.95332943e-02  4.58265990e-02
  1.45427985e-02  7.20068067e-02  1.85280159e-01 -5.53837605e-02
  4.64927629e-02  1.13546282e-01  2.69266758e-02 -5.38769923e-03
  9.19836387e-03  1.26625001e-02  1.64178871e-02  6.43436005e-03
  8.35296959e-02 -9.30158049e-03  1.96597502e-02 -3.55681442e-02
 -2.74121072e-02  3.02673671e-02  5.26960641e-02  3.93131673e-02
 -1.09430276e-01 -5.35155693e-03 -2.71098856e-02 -3.77275608e-02
 -1.92182120e-02  1.99417621e-02  5.07193394e-02  3.67323831e-02
 -9.07088146e-02  4.82919067e-02  9.55983847e-02 -4.96048443e-02
 -2.07002200e-02  4.77772243e-02  1.95675697e-02  1.48535436e-02
 -5.83650451e-03  2.19926611e-02 -8.33391864e-03  3.92345786e-02
 -5.81198093e-03 -6.86599733e-03  7.64094442e-02 -3.86520661e-02
  3.23497765e-02  8.95019900e-03  2.78444849e-02  1.06219262e-01
 -4.41959053e-02  7.19851181e-02 -9.79090631e-02  1.17987152e-02
 -3.53392363e-02  2.03723498e-02  1.44253287e-03  5.57395630e-03
  1.67847127e-02 -8.92374478e-03 -5.55347614e-02 -5.33815920e-02
 -1.25301220e-02 -9.67880413e-02  5.23973219e-02 -8.62706546e-03
  3.58995534e-02 -4.06816304e-02 -4.85394970e-02 -7.20582530e-03
 -1.35033742e-01  4.45011891e-02 -1.58207063e-02 -6.21830299e-02
  7.62860402e-02 -2.66689602e-02 -7.03028124e-03 -5.92876039e-02
  2.27396600e-02  5.89895993e-02  2.41370648e-02  2.86262743e-02
 -2.49195155e-02 -2.31366185e-03 -1.16132731e-02  3.54357731e-33
  6.15171082e-02  3.70888785e-02 -7.85198994e-03  9.98810977e-02
 -3.85111081e-04 -1.10032782e-03 -3.69702429e-02 -6.99054673e-02
 -3.82560417e-02  1.43124154e-02 -1.20328255e-01  2.87413206e-02
  4.30977084e-02  2.27551498e-02  2.43113060e-02  1.58468615e-02
 -2.67136414e-02 -8.11546743e-02 -2.88240332e-02 -3.90207060e-02
  6.00406714e-02  6.59874603e-02  2.68298648e-02 -3.96035314e-02
 -8.06238651e-02  3.78595926e-02 -1.38069034e-01 -1.57506466e-02
 -3.57217900e-02 -5.55397458e-02 -7.13282377e-02 -4.44498770e-02
 -5.57495952e-02 -2.03166599e-03 -5.21396585e-02  5.91173954e-02
  3.61920637e-03  4.76776659e-02 -3.42119194e-04 -8.12280644e-03
  5.05636893e-02 -9.28564288e-04 -9.42173507e-03  6.17568381e-02
 -1.34597262e-02  3.58871333e-02 -8.93383380e-03 -5.58726527e-02
  6.42776787e-02  8.44538286e-02  8.80390704e-02  2.63138432e-02
 -8.92481953e-02  6.62711821e-03 -6.92215040e-02 -4.77552488e-02
 -6.44115079e-03 -9.36596468e-03 -4.23276471e-03  3.65820080e-02
  1.84981842e-02  1.47112990e-02 -1.79736279e-02  1.61135137e-01
 -2.08992045e-02  6.51763286e-04  1.39871715e-02 -2.91941240e-02
  1.13954857e-01 -3.96583090e-03 -8.30530189e-03  2.53777448e-02
 -1.02481924e-01 -1.21231508e-02 -1.07824489e-01  9.63434502e-02
  3.55899632e-02 -4.68271300e-02 -6.50240704e-02  4.98532020e-02
 -1.16290927e-01 -2.35189162e-02  6.21800544e-03 -6.08573258e-02
 -1.15062915e-01 -2.71630455e-02  6.27464280e-02 -4.75448407e-02
  2.86623389e-02 -3.52413743e-03  1.75881218e-02  2.30709952e-03
 -1.60900857e-02  7.10382760e-02  1.67723559e-02 -1.23618102e-08
 -3.02223512e-03 -3.95292155e-02  8.31879079e-02  3.22947763e-02
 -1.31805437e-02 -3.06532942e-02  1.99344959e-02  1.45361617e-01
  3.38259302e-02 -1.05160186e-02  7.92395025e-02 -4.13446501e-03
  3.22380662e-02  7.11802095e-02  9.62474868e-02  4.15378585e-02
  1.48432096e-02  6.19322956e-02 -8.01206082e-02 -2.65973508e-02
  1.35918334e-02  3.90930548e-02 -4.94162031e-02  3.67206670e-02
 -4.33376506e-02  1.27910525e-02  1.47598032e-02  5.29552139e-02
 -8.51154327e-03  5.65917185e-03  3.55511978e-02  1.82606410e-02
 -1.85756627e-02  8.11517052e-03 -5.66051751e-02 -2.53419876e-02
 -2.90114675e-02 -1.94622781e-02 -1.88202146e-04 -2.39556506e-02
 -6.85204426e-03  6.65001944e-03 -1.07099460e-02  4.77339998e-02
  1.28205353e-02 -8.16707611e-02 -6.07693233e-02 -2.62954496e-02
 -1.96018890e-02 -1.34885907e-02  1.31519949e-02  1.43228034e-02
  6.08368637e-03 -8.77231918e-03  4.92154881e-02  8.13089125e-03
 -1.24011585e-03 -4.34990376e-02 -7.60439485e-02  3.64781693e-02
  1.07515238e-01  8.20030086e-03  5.55238724e-02 -1.91527605e-02]"
173,Opportunities in Renewable Energy,Environment,innovative,1,0.3094,"[-3.17356735e-02  2.20254827e-02  2.87482683e-02 -4.81364764e-02
  4.21967357e-03 -6.63898587e-02  7.11163431e-02  3.91558520e-02
 -2.27995776e-02  1.34912804e-02  5.44173494e-02  5.57985418e-02
 -6.17962796e-03 -9.91371796e-02  1.03829978e-02 -3.49530876e-02
  2.06978302e-02 -4.36151773e-02 -4.83764261e-02 -9.68398973e-02
 -5.16258031e-02 -6.65546060e-02  6.38839304e-02 -1.28202997e-02
 -4.35873717e-02  9.62942988e-02 -2.21457314e-02  9.70654748e-03
  5.87149486e-02 -7.10632876e-02  4.65922877e-02  6.96462467e-02
  1.32120848e-02 -8.49989802e-02 -1.53921517e-02  1.21460808e-03
  2.53958292e-02  3.86558585e-02  7.11715296e-02 -3.02138515e-02
 -6.20480031e-02 -1.33672774e-01  1.00259285e-03  9.02699493e-03
 -1.30430041e-02 -2.09940448e-02  4.32350533e-03  1.09724025e-03
 -2.61907727e-02  3.48919854e-02 -4.83734719e-02 -7.00674579e-02
 -4.59610075e-02 -8.63362849e-02  9.58267972e-03 -7.18190745e-02
 -3.57695892e-02 -3.01048420e-02  2.02205554e-02 -2.23764665e-02
  1.43055931e-01  5.34269959e-02  2.00424530e-03  2.74721626e-02
 -5.07801659e-02 -4.37815972e-02 -4.40797508e-02  4.70134430e-02
  4.78227735e-02 -6.92740455e-02  1.18645281e-01 -4.22506854e-02
 -4.95368382e-03 -3.06031089e-02  2.46178843e-02 -5.97774647e-02
  4.12909240e-02  3.90897691e-02  3.10239326e-02  3.00889295e-02
  7.21553527e-03 -5.08768223e-02 -7.13677853e-02 -5.17016742e-03
 -7.96356518e-03 -7.60974959e-02 -5.80620989e-02 -3.32685001e-02
  7.51241483e-03 -3.42878513e-02 -2.61947922e-02 -7.70406739e-04
 -3.36217582e-02 -4.96188365e-02 -1.75198000e-02  3.06626270e-03
 -5.62557485e-03 -6.78515658e-02 -3.75907309e-02  2.50574201e-01
  7.30651757e-03  1.01166688e-01  2.31343247e-02  5.01431711e-03
 -4.35233638e-02 -5.03127165e-02  1.10363625e-02  2.32247300e-02
  6.45073876e-02  4.05058376e-02 -5.88244312e-02  1.49708856e-02
 -6.77061640e-03  3.29356939e-02  7.35560944e-03  3.57770398e-02
  2.28835605e-02  4.10598442e-02  1.80454943e-02  2.66466546e-03
  5.06170988e-02  5.81093226e-03 -2.36518141e-02  2.04821303e-03
 -7.31443539e-02 -3.50618735e-02 -5.60596287e-02 -6.71939681e-33
 -3.13465856e-02  9.33989808e-02  3.67123447e-02  8.37279707e-02
  1.96420606e-02 -1.19996462e-02  3.31561007e-02 -4.18956093e-02
 -6.30651265e-02  3.58481668e-02 -2.92134341e-02  7.04579102e-03
 -3.54159041e-04  1.46760300e-01  1.42207041e-01 -6.66683093e-02
 -1.16734594e-01 -4.34275717e-02  3.89910191e-02 -7.19595030e-02
 -3.56804463e-04  2.50314120e-02  7.33619705e-02 -3.40096429e-02
  2.66266800e-02 -4.03557047e-02  5.10718450e-02 -3.31390910e-02
  1.78537276e-02  5.13211638e-02 -7.50827696e-03  6.49909675e-02
 -2.78668571e-02 -4.09850013e-03 -9.78679806e-02 -4.03432883e-02
 -4.27964628e-02 -1.59044251e-01  7.60155842e-02  6.34444728e-02
  3.76573042e-03 -1.76534615e-02 -7.71291135e-03  2.77888943e-02
  2.43783686e-02  1.12476915e-01  1.20448684e-02  4.41145413e-02
  7.16883615e-02  7.69011304e-03 -4.45400029e-02  1.56230405e-02
 -1.03639372e-01 -2.21083849e-03  7.29008093e-02 -3.51258554e-02
  1.02023296e-04  4.58904840e-02  5.75213097e-02 -6.26520813e-03
  4.11004247e-03  4.88074422e-02 -1.12790287e-01  6.73238561e-02
 -4.75495085e-02  5.95093966e-02  1.01094462e-01 -7.13789091e-03
  2.79456973e-02  5.65270521e-02 -3.40687782e-02 -4.62008156e-02
 -2.55529229e-02 -4.33484931e-03 -9.51198265e-02 -6.82060793e-03
 -2.61970982e-02  3.21714133e-02  7.99063221e-02  2.78886147e-02
  8.59400537e-03  2.35326048e-02  3.19129147e-04  5.33130057e-02
 -1.70993060e-02 -1.09677007e-02  8.66185687e-03  8.32059700e-03
 -1.07565727e-02  1.22362487e-02  2.30307356e-02  1.64324522e-03
 -3.51332570e-03  2.54321117e-02 -5.08946441e-02  3.73681977e-33
 -2.66780443e-02  2.30065882e-02  2.25102101e-02  1.09412469e-01
  2.36098245e-02  1.78756267e-02 -2.88636554e-02 -3.93313020e-02
 -4.10131477e-02  7.23835975e-02  6.28469652e-03  3.31091322e-02
 -2.31839810e-02  2.44272463e-02  1.88433155e-02  1.63068678e-02
  6.21155277e-02 -5.59351183e-02  8.25735927e-03  1.55999176e-02
  7.17527419e-02  2.62702741e-02  6.25661947e-03  4.17954661e-02
  2.97674425e-02  2.63730064e-03 -4.80994508e-02 -6.20942004e-03
 -8.44550952e-02 -1.19879553e-02 -6.02201512e-03 -2.52874810e-02
 -5.13758138e-02  3.39273475e-02  3.67026553e-02  1.11498378e-01
  4.47142050e-02 -1.30953295e-02  5.84483379e-03  1.74579732e-02
  2.99170241e-02 -3.68068889e-02 -4.22914932e-03  8.65143687e-02
  7.87750725e-03 -9.92257707e-03 -3.05874068e-02  8.14053637e-04
 -8.41152761e-03  2.85831392e-02  6.18010536e-02  1.86898019e-02
 -3.86238284e-02 -8.60338807e-02  5.91217307e-03  2.76902299e-02
  2.44439151e-02  2.07393374e-02  4.66035883e-04  1.51203945e-02
  1.55804260e-02  4.63914052e-02  1.33605460e-02 -2.24111024e-02
 -3.15664187e-02 -2.11342443e-02 -4.21666913e-02  3.11235408e-03
 -2.08770726e-02 -9.16668028e-02  6.26642853e-02 -1.77711416e-02
 -1.18620306e-01 -3.37112471e-02 -1.14307046e-01 -2.07230635e-02
 -1.76395755e-03 -5.93999692e-04 -7.17070773e-02 -2.17747428e-02
 -3.03264018e-02 -7.92208314e-03  5.72775342e-02 -4.43233736e-02
 -2.09179111e-02  5.63818030e-02 -4.12683003e-02  9.47802700e-03
 -2.96025500e-02 -4.29823361e-02 -4.15057549e-03  6.82584792e-02
 -8.38844255e-02  8.44344869e-02  5.80549911e-02 -1.28985640e-08
  1.76071376e-02  2.54342519e-02  7.20941201e-02  5.38961496e-03
 -2.00292543e-02 -4.81253788e-02 -9.02791694e-02  4.90813050e-03
 -8.08222406e-03 -7.91499615e-02  1.97921414e-02 -1.39340069e-02
  3.75031605e-02  1.22447811e-01  7.12039769e-02 -6.64859731e-03
 -2.84927320e-02  5.41255251e-02 -6.92515373e-02 -3.40281101e-03
  4.93799597e-02  1.15614370e-01 -1.75498277e-02 -6.11039214e-02
 -7.48640224e-02  2.49050930e-03  2.77191587e-02  4.80879145e-03
  2.21978780e-02  7.27479830e-02  1.81647390e-02 -1.70714930e-02
 -4.04967517e-02 -1.11195352e-02 -4.65320684e-02 -2.81961616e-02
 -2.98427069e-03 -8.21850374e-02 -1.21441483e-02 -7.26266429e-02
 -3.45311090e-02  7.31223077e-03 -1.52120180e-02 -3.65873403e-03
 -1.07529804e-01 -5.74276783e-02 -7.86288604e-02 -4.28277664e-02
 -9.68744233e-03  3.67482975e-02  3.16134617e-02  3.48303642e-04
  2.19165497e-02 -2.72643212e-02  4.75895926e-02  1.10994196e-02
 -1.66232400e-02  1.01793399e-02 -3.97132561e-02  4.10514958e-02
  1.75792262e-01 -2.17256807e-02  7.34197274e-02  1.01440111e-02]"
174,Opportunities in Renewable Energy,Environment,environmental,7,0.3074,"[ 2.94234902e-02  5.93595803e-02  4.65510637e-02  4.03250083e-02
  9.25535038e-02 -4.37608361e-02  9.30055305e-02 -2.79142596e-02
 -1.56695694e-02  4.91698682e-02  1.46241812e-02 -1.21006437e-01
 -3.04237474e-02  2.63481140e-02 -5.10410545e-03  5.66044182e-04
 -7.13069737e-02 -1.85578596e-02 -6.89479485e-02  1.00896778e-02
 -7.30881914e-02  9.15194973e-02  1.85075719e-02 -1.07861124e-02
 -1.04230046e-01  7.77317882e-02 -1.16722183e-02  6.19202703e-02
  4.40182984e-02 -6.36527315e-02  4.63096276e-02  1.35795444e-01
  7.58200958e-02 -6.41590282e-02  5.18101733e-03  8.27746168e-02
  4.76177000e-02 -3.58480364e-02  3.94728780e-02  4.79152752e-03
 -6.42248020e-02 -5.28732948e-02  5.73270023e-03 -6.61196038e-02
 -5.77181280e-02 -3.58366966e-02  2.54371241e-02 -1.10082909e-01
 -1.62164196e-02 -5.05823903e-02  2.88065579e-02  1.76714119e-02
 -9.06714574e-02  5.17519133e-04  7.01938290e-04 -9.29394811e-02
  1.48020955e-02 -1.67082194e-02 -7.69444276e-03 -2.37072427e-02
  1.29866913e-01 -4.48093787e-02 -1.06099740e-01  5.26965670e-02
  1.06077030e-01  3.21223363e-02 -4.66013290e-02  1.00679733e-01
  4.32769656e-02 -8.55781808e-02  5.51436283e-02 -3.06917331e-03
 -5.08446479e-04 -6.10806197e-02  1.47830890e-02  1.89991184e-02
 -1.33283818e-02  1.00695121e-03  5.42332865e-02 -4.69316542e-02
  9.74845588e-02 -4.55856994e-02 -7.38610104e-02 -1.03121130e-02
  8.22287276e-02 -1.22798595e-03  2.66994629e-02 -1.85170900e-02
 -2.11907700e-02  4.93032858e-02 -4.16678488e-02 -4.92380261e-02
  9.53871235e-02  1.01665733e-02 -9.53693241e-02  7.97835737e-02
  1.98846236e-02 -7.00567737e-02  2.11661849e-02  1.90571442e-01
 -4.41129096e-02  1.80129707e-02 -9.12160203e-02  2.78086774e-02
 -2.22663675e-03 -6.64783344e-02 -1.42638823e-02  3.96965295e-02
  2.63188872e-02  1.02832941e-02 -7.21670091e-02 -3.38842161e-02
 -3.14766541e-02  4.17146832e-02  3.38467099e-02  1.50637059e-02
  7.41173998e-02 -6.19875714e-02  4.97951359e-02 -1.73714161e-02
 -4.86150756e-03 -9.07943211e-03 -3.00881285e-02  3.37274820e-02
  4.05693194e-03 -8.36046636e-02  6.07936783e-03 -5.46133059e-33
  3.68937552e-02 -6.70837611e-02  8.19897130e-02 -6.14337921e-02
  2.70767137e-02  6.24167882e-02 -3.54157872e-02 -2.46629119e-02
 -6.25555031e-03  3.03228237e-02  2.62551736e-02  5.26719168e-02
 -6.63965270e-02  5.44198900e-02  1.51424214e-01 -1.69193372e-02
 -1.07613273e-01  3.02188937e-02 -2.79522454e-03  2.57840939e-03
 -2.31366828e-02  3.09065972e-02 -3.88305336e-02  5.96017949e-02
  5.74983917e-02 -6.55676201e-02  6.48263842e-02 -4.32679802e-02
 -2.42338162e-02  9.78320092e-03  7.95183107e-02  3.53806205e-02
 -4.30563688e-02 -9.09336656e-03  4.24328409e-02 -1.84061099e-02
 -4.89720814e-02  5.78875653e-02 -3.62631120e-02 -4.35453393e-02
 -2.11544838e-02  1.16679142e-03  2.90663149e-02  2.98514627e-02
  4.84351553e-02 -1.15346564e-02  4.62590046e-02  1.45283109e-02
 -3.13730463e-02  2.48040687e-02 -3.81848253e-02  4.39743400e-02
 -3.34139131e-02 -2.91978735e-02  7.10950699e-03 -6.28487673e-03
  7.14248046e-02 -2.07667667e-02 -3.75941768e-02 -1.34372786e-02
  2.66693849e-02  1.77349672e-01 -4.04703915e-02 -1.09065333e-02
  9.64723155e-02 -2.10637096e-02  3.57884094e-02  2.08221413e-02
  1.89184286e-02 -1.02257086e-02 -4.16537523e-02 -2.44810022e-02
  1.49678420e-02  2.68920287e-02 -5.72762378e-02 -2.22617146e-02
 -4.49381471e-02 -6.30477024e-03 -5.67882247e-02  5.21987006e-02
 -5.18746749e-02  2.06683632e-02 -6.46070391e-02 -2.15132236e-02
 -2.18314901e-02  8.30346067e-03 -2.32080044e-03 -5.64337857e-02
  7.04839602e-02  8.00417513e-02 -1.94831546e-02  1.05452454e-02
  1.23503404e-02  8.06189026e-04 -8.49922374e-02  3.32247344e-33
 -1.85735766e-02 -2.25647986e-02 -4.15043049e-02  2.13459246e-02
 -2.93566715e-02 -5.32729775e-02 -6.15489706e-02  2.52235439e-02
  5.56211583e-02  5.93355298e-02 -9.94036123e-02  1.09323934e-01
  9.50791091e-02  4.64330539e-02  2.44705863e-02 -5.82904853e-02
 -5.44509403e-02  5.39419614e-02  4.67187812e-04 -2.82340664e-02
 -3.01829111e-02  3.58304172e-03 -2.40244046e-02  2.49637384e-02
 -6.24447279e-02  6.91333562e-02 -3.58158462e-02 -1.99585035e-02
  2.31184792e-02  2.03754120e-02 -3.67810205e-02  3.91935818e-02
 -3.18603255e-02  6.22534230e-02 -3.80355641e-02  1.37951430e-02
  1.48286228e-03 -5.35822138e-02 -2.48922370e-02  1.18764089e-02
  2.41450090e-02  3.80402547e-03  4.24854569e-02  4.07686904e-02
 -2.21768748e-02  3.47569399e-02 -6.22857995e-02  2.74870656e-02
  2.75618676e-02 -2.35495456e-02  5.66889420e-02  5.10428436e-02
 -4.61455546e-02 -3.86656709e-02  8.24475214e-02 -1.13750910e-02
  1.25306370e-02  2.43886728e-02  3.13695753e-03  1.14133731e-02
  1.18067406e-01  9.68590677e-02 -2.37297397e-02  8.32712799e-02
 -8.81650075e-02  1.56793278e-02 -1.53318569e-02  2.54108254e-02
 -7.41499737e-02 -4.78495434e-02  6.14365505e-04  1.58856902e-02
 -9.72765237e-02 -6.27395213e-02 -7.27646202e-02 -5.65639092e-03
 -4.07611169e-02  2.63616946e-02 -3.50487866e-02  1.26121175e-02
 -4.38694954e-02  1.26560610e-02 -2.79752761e-02  2.06409711e-02
 -8.20602477e-03 -5.72121702e-02 -4.79213670e-02 -6.67885095e-02
 -6.51913229e-03 -1.23094385e-02 -1.61633715e-02  1.16000120e-02
 -1.15032032e-01  6.93974122e-02 -2.27947086e-02 -1.28662272e-08
  3.06701579e-04 -3.14678922e-02  5.92299774e-02  1.93422288e-02
 -5.51463105e-03  3.05357785e-03  1.06795311e-01  3.02069914e-02
  2.86450852e-02  6.34947568e-02 -1.41160553e-02  1.62381586e-02
  4.34507988e-02  1.06191196e-01 -1.95824225e-02 -5.16445152e-02
  5.22762677e-03 -8.68638307e-02 -4.94096614e-02  3.82326473e-03
  1.86009724e-02 -2.43300740e-02 -1.30977361e-02  4.12851274e-02
 -4.11151126e-02 -5.73971123e-02  4.89011891e-02  2.53267400e-03
  5.12218811e-02  4.92720641e-02  5.69865890e-02  9.14535522e-02
 -4.55191880e-02 -2.23763175e-02 -7.83428103e-02 -8.71393904e-02
  1.15007497e-02 -2.33703554e-02 -6.29855245e-02 -4.31614779e-02
 -5.10893613e-02  5.08135511e-03 -9.50673874e-03 -1.15847383e-02
  5.10271825e-02 -6.70967847e-02  1.27111189e-02  2.78030541e-02
  2.24319287e-03  1.70373041e-02 -3.66397686e-02 -9.30932015e-02
  3.07124555e-02  3.35388035e-02  3.71334627e-02 -1.68844108e-02
 -1.33052943e-02  1.24371490e-02 -1.88337881e-02  1.88166779e-02
  8.02235529e-02  1.68495364e-02  4.61320505e-02  4.82950173e-02]"
175,Opportunities in Renewable Energy,Environment,emissions,2,0.305,"[ 1.68955065e-02  9.36585739e-02  7.92850479e-02  5.87679483e-02
  9.59585458e-02 -2.11120453e-02  1.03124231e-01 -9.04076546e-03
  8.36734101e-03  1.42491963e-02  3.71764321e-03 -6.95867911e-02
 -3.58618982e-02  2.06573494e-02  5.56268933e-05  4.00823615e-02
 -1.85057744e-02  2.34444160e-02 -7.75493085e-02 -5.21299280e-02
 -9.46655218e-03  4.97749262e-02 -9.04355384e-03  7.09303655e-03
 -1.86955724e-02  2.26828679e-02 -6.84679300e-02  3.14821042e-02
  4.08764780e-02 -4.44138832e-02  1.97886545e-02  2.14567240e-02
 -6.44464120e-02 -1.03730345e-04 -2.22288445e-03 -5.79683557e-02
  3.16489041e-02  3.43721770e-02 -2.84770736e-03 -9.81333572e-03
 -7.09313899e-02 -1.39297441e-01  2.83838157e-03 -7.16264248e-02
 -7.14841336e-02 -4.24277969e-03  5.04886881e-02 -5.25026508e-02
  1.42580131e-02 -7.90788531e-02  9.19329971e-02 -3.21160369e-02
 -7.57488385e-02 -1.13881761e-02  5.01472801e-02 -1.04409747e-01
  1.28818927e-02 -1.44954147e-02 -1.64189041e-02 -4.13138606e-02
  3.77394035e-02 -1.07944809e-01 -6.36491179e-02  8.87315813e-03
  8.60026479e-02  3.08571514e-02 -2.21264223e-03  1.18236654e-02
 -2.66484842e-02  4.52702589e-05 -4.68132261e-04 -5.38278930e-02
 -6.41406104e-02 -1.12312563e-01  9.17597394e-03 -4.02649418e-02
  8.24032817e-03  4.55933176e-02  1.24848716e-01 -5.01362346e-02
  5.13853617e-02  5.30596031e-03 -9.72677097e-02  1.25556430e-02
  8.75397325e-02  3.46321985e-03  7.73293315e-04 -4.42692786e-02
 -7.02242479e-02  3.89840938e-02 -5.56134991e-02 -2.84873080e-02
  1.61209628e-01  2.33280081e-02 -5.10408394e-02  5.07287495e-02
  8.83493721e-02  5.06951986e-03  7.52978027e-02  9.80228260e-02
 -5.11002773e-03  8.50361064e-02 -1.13648191e-01 -1.31362006e-02
 -1.06480390e-01 -2.03642529e-03 -1.39648682e-02  5.01670018e-02
  1.57648139e-02 -2.83980276e-02 -2.52152942e-02 -2.27715541e-02
 -4.13170345e-02 -2.99845599e-02  1.86950788e-02 -1.59726609e-02
  7.98784047e-02  1.46587018e-03 -4.97281663e-02 -7.54753640e-03
 -5.78167848e-02 -6.22134143e-03 -7.48370681e-03  4.51362096e-02
  4.25361842e-02 -1.05911195e-01  4.11083624e-02 -4.03622920e-33
 -8.01580176e-02 -8.82249605e-03  2.58626807e-02  3.99079500e-03
 -1.07474374e-02  1.74471121e-02 -8.24942589e-02  8.91010929e-03
  3.96371596e-02  4.33711037e-02  1.71084190e-03  4.10438180e-02
 -3.86927165e-02  1.53444577e-02  1.56267762e-01 -3.87740359e-02
 -7.03632832e-02 -1.49505530e-02 -3.49691957e-02 -2.89384406e-02
 -6.37384281e-02 -4.11337987e-02  1.19915530e-02  7.45342672e-02
  5.27810305e-02 -2.46155914e-02  4.26798873e-02 -1.63724890e-03
 -9.50283110e-02  1.19947707e-02  3.26365680e-02  8.74502510e-02
 -3.68860252e-02  2.58748699e-02 -3.76419388e-02 -1.92216877e-03
 -1.61358844e-02  3.07056941e-02 -3.70856412e-02  1.52472295e-02
  3.08919866e-02  1.48484502e-02 -2.02393681e-02 -3.86365992e-03
 -4.58324840e-03  8.97688419e-03  2.78690252e-02 -9.43525694e-03
  8.27844813e-02  1.45452488e-02 -8.76179636e-02  3.98810282e-02
 -6.05558194e-02 -1.77423973e-02  7.66019300e-02  5.36756329e-02
  5.71571514e-02 -4.85578589e-02 -2.40640398e-02 -1.87923573e-02
 -6.96137920e-02  7.14154989e-02  3.29254605e-02  4.22367677e-02
  2.85024215e-02  3.58256176e-02  7.40610342e-03 -1.51260542e-02
 -1.20405992e-02 -6.62453333e-03 -1.62074976e-02 -5.69734462e-02
  7.24248588e-02 -3.06412075e-02 -2.68080109e-03 -1.58471707e-03
 -6.80811778e-02  4.91506644e-02 -3.54331657e-02  3.78065854e-02
 -1.07762575e-01 -5.48428893e-02 -4.17008922e-02 -1.44113496e-01
 -2.60670241e-02 -4.27696630e-02 -3.38119082e-02 -1.20443571e-02
  4.54759076e-02  5.96925840e-02 -1.02688195e-02 -2.94105131e-02
  2.85600051e-02  1.06803337e-02 -4.75681238e-02  2.90520839e-33
  5.86491600e-02  7.17906058e-02 -3.64436652e-03  1.61312278e-02
  2.97669210e-02 -1.02900928e-02  2.58243568e-02 -1.25413472e-02
  2.84145717e-02  1.37754083e-01 -5.78869134e-03  7.16562420e-02
  9.23580397e-03  1.13509288e-02  1.37332771e-02 -3.16810720e-02
  4.06306200e-02 -1.00538461e-03  2.61178203e-02 -3.93486880e-02
 -3.19261998e-02 -4.79927436e-02  5.63296713e-02 -4.08565030e-02
 -9.09841880e-02  6.96890578e-02 -2.51269080e-02 -2.95662247e-02
  5.80557473e-02 -2.11701375e-02 -7.31572136e-02  1.08832136e-01
 -6.14476530e-03  4.86670509e-02 -2.07826737e-02 -2.65334118e-02
  7.49226063e-02  5.84191568e-02 -5.79240806e-02 -6.70488551e-02
  3.80960037e-03 -2.35985611e-02  4.93575707e-02  7.62301460e-02
 -3.86725776e-02 -1.22202942e-02 -2.99899057e-02  1.34216473e-02
  3.59554701e-02 -3.87959229e-03  1.57813936e-01  6.36052042e-02
 -6.46427944e-02  6.19406775e-02  3.03695742e-02  4.18223478e-02
  8.85644928e-02  4.08191532e-02  4.59139841e-03  1.43290032e-03
  3.84615175e-02  3.55848297e-02  7.39319064e-03  3.98963280e-02
 -5.88195063e-02 -5.69095723e-02 -4.30582054e-02 -7.83709227e-04
  1.00804381e-01 -2.30397992e-02 -6.40608370e-03 -9.75250266e-03
 -2.60512196e-02 -4.07902747e-02 -1.34591654e-01 -6.58121854e-02
 -1.32829072e-02 -5.53626455e-02  2.30558813e-02  2.18175162e-04
 -1.06555857e-01  2.64644157e-02 -5.58971707e-03  1.10736974e-02
  7.06984252e-02 -7.03143924e-02 -4.63924147e-02 -6.26177713e-02
  4.46129628e-02  4.72617261e-02 -5.18556722e-02  4.77744490e-02
 -4.46793474e-02  1.73444618e-02 -1.22672832e-02 -1.11590062e-08
 -3.30962501e-02 -9.18546878e-03  6.34665042e-02  1.87463034e-02
  2.08474398e-02 -1.20937144e-02  5.54541759e-02  6.37765527e-02
  5.44890203e-03  4.72123884e-02  5.30556813e-02  4.42856662e-02
  9.96803716e-02  8.04387778e-02  2.63877343e-02 -2.99395565e-02
 -2.50805877e-02 -4.82458845e-02 -2.66651046e-02 -1.28486920e-02
  1.81860209e-03  2.14413367e-02 -4.90340497e-03  2.09767073e-02
  5.87991029e-02  2.02212017e-02  4.88148779e-02  6.82656765e-02
  4.54451516e-02  3.16386335e-02 -1.39792105e-02  6.24164939e-02
  4.45418619e-03 -4.05980609e-02 -5.58887534e-02 -8.99389163e-02
  2.12466251e-03 -2.47388370e-02 -5.47521785e-02 -4.02570292e-02
 -6.00877311e-03 -1.54554844e-02 -5.19999443e-03  1.07448427e-02
 -2.60415860e-02 -3.24739739e-02 -1.03892863e-01  2.52809115e-02
 -2.69586630e-02  4.87369001e-02  1.98921748e-02 -1.18908435e-01
  3.79012488e-02 -4.37777583e-03 -1.90814063e-02 -1.77523065e-02
 -2.18102541e-02  3.23890969e-02 -9.58723761e-03  1.68321021e-02
  1.42426208e-01  3.90783288e-02  5.18226102e-02 -1.24866031e-02]"
176,Opportunities in Renewable Energy,Environment,greenhouse,3,0.3029,"[ 2.24615559e-02  7.53499940e-02 -1.54952509e-02  1.28002269e-02
  9.46987793e-02 -3.58220711e-02  7.92173669e-03 -3.26931365e-02
  2.36453209e-02  6.27123117e-02  4.45852391e-02 -8.36820081e-02
 -6.24193205e-03 -2.24411968e-04  5.36655486e-02 -3.73779461e-02
 -5.48011251e-02 -1.40220188e-02 -4.10601720e-02 -8.17977041e-02
 -8.81969482e-02  1.99867040e-03 -2.52882093e-02  1.75891202e-02
 -1.22616421e-02  6.65960908e-02 -1.15648203e-01  1.25672013e-01
  2.09764037e-02 -3.63205075e-02  2.35258862e-02  5.49672581e-02
 -4.64675464e-02  1.98878087e-02  2.78606694e-02  3.46076190e-02
 -1.00106737e-02 -8.86390284e-02  9.07367747e-03  5.83779141e-02
 -1.64354015e-02 -8.79765004e-02  3.27678807e-02 -7.64228776e-03
 -8.16880316e-02  9.01531801e-03 -3.25437784e-02  1.89282633e-02
  5.68858646e-02 -9.56607163e-02  9.80106741e-03  1.31029825e-04
 -5.71297072e-02  1.57145094e-02 -5.59902713e-02  2.65607424e-02
  3.71910296e-02 -3.43240537e-02  3.50740515e-02 -1.07866963e-02
  1.27238035e-01 -7.93552473e-02 -7.73530975e-02  2.69707199e-02
  5.71890473e-02  2.35616714e-02 -8.81289393e-02  6.37405515e-02
  5.16144633e-02 -5.57653196e-02 -1.08380113e-02  2.32501719e-02
 -9.37359594e-03 -1.51372366e-02  4.84872982e-03 -1.32364770e-02
 -1.21054407e-02  1.77662186e-02  1.23763263e-01  9.93057899e-03
  1.36357263e-01  4.30771634e-02 -9.97649506e-02 -5.13038179e-03
 -3.29788551e-02 -2.28607599e-02  2.82224789e-02  3.38459201e-02
  5.04528210e-02 -1.72699464e-03 -2.24682931e-02 -2.30395142e-03
  2.17067413e-02  4.85051870e-02 -1.80033818e-01  2.63959207e-02
  1.69840269e-02 -1.45467564e-01  3.26044448e-02  1.43210575e-01
 -4.95884859e-04 -4.13387902e-02  1.85816586e-02 -1.98486373e-02
 -6.19265363e-02 -5.82437292e-02 -7.89813977e-03  5.58547154e-02
 -7.19373766e-03 -2.00515799e-02 -1.25943512e-01 -2.72763241e-03
 -6.23303764e-02  1.17245782e-02  3.05067073e-03 -2.56494023e-02
  1.26302719e-01 -4.19892222e-02  1.56459399e-03 -1.62999276e-02
  4.29317355e-02 -2.91199074e-03  3.04816011e-02  4.64285798e-02
 -3.80381830e-02 -5.58182187e-02 -9.41389892e-03 -4.27936882e-33
  4.73220367e-03  2.23628562e-02  7.34597221e-02 -5.36813075e-03
  1.31998166e-01  4.39024903e-02 -3.48749310e-02  1.65963955e-02
 -2.52653304e-02 -3.41144651e-02  6.21859282e-02  1.34546508e-03
 -4.55154143e-02  2.22597104e-02  7.64653981e-02 -3.46040092e-02
  5.44059835e-03  1.08883634e-01 -5.71641475e-02 -6.32587168e-03
 -6.44713566e-02  4.26398180e-02  1.76975727e-02  7.23491460e-02
  9.33447927e-02 -9.63444114e-02  4.94795404e-02 -2.66006347e-02
 -6.21283948e-02  1.12077314e-02  1.16029948e-01  1.96317509e-02
 -5.37137054e-02  7.52803087e-02  4.06279601e-02 -3.16077545e-02
 -5.88043779e-02 -4.06043231e-02  1.73889659e-02  2.31794547e-02
  1.99899580e-02  3.53742503e-02  1.17601931e-01  6.76679164e-02
  5.30120991e-02  3.25115323e-02  3.81186232e-02  7.09813386e-02
 -1.58270132e-02  3.95913720e-02 -3.18881683e-02  4.82355319e-02
 -1.46026284e-01 -4.61825839e-04  2.73378473e-02  3.30238719e-03
  8.23024884e-02 -1.67502835e-02 -4.07223254e-02 -7.24788010e-02
 -4.22561020e-02  1.28518268e-01 -9.41142663e-02 -5.83044030e-02
 -9.14750528e-03 -3.27972025e-02 -3.53320949e-02  6.62292615e-02
  2.48304405e-03  2.66506076e-02 -3.83553840e-02 -7.65489340e-02
  3.89566533e-02  1.62663870e-02  1.40292489e-03 -2.09444575e-02
 -2.89100669e-02  5.01030646e-02 -5.92473857e-02  6.65018335e-02
 -1.68650337e-02  3.90627887e-03 -7.04942495e-02 -5.45723699e-02
 -1.06195301e-01 -7.16411993e-02  8.20163544e-03  6.74091578e-02
  2.09945757e-02  3.88061069e-02  3.90791148e-02 -1.06591173e-02
  7.88392946e-02 -1.36661911e-02 -6.36148304e-02  3.03796909e-33
 -4.29352559e-02 -1.77526288e-02 -1.49048902e-02  6.46010414e-02
  6.53909966e-02 -4.22075093e-02 -5.36536463e-02 -7.27801099e-02
  4.38438216e-03 -8.70867539e-03  3.57825309e-03  7.25079626e-02
  1.66634154e-02  4.30707857e-02 -7.67267169e-03  2.29035178e-03
  4.61334921e-02 -1.85901113e-02 -3.68010881e-03  5.59803732e-02
 -6.25115484e-02 -4.31196056e-02 -8.42643378e-04  4.41993698e-02
 -5.42450622e-02  1.23819234e-02  4.97517586e-02  4.02959697e-02
  1.67458989e-02  3.58463936e-02 -9.20068771e-02 -3.76883596e-02
 -6.85647503e-02  4.02544253e-02  5.49760321e-03 -2.37987675e-02
  3.72918323e-02 -8.20419416e-02 -8.31062347e-02 -1.86842133e-03
  5.00297844e-02 -6.34506643e-02 -1.58414000e-03  4.30786461e-02
  1.09350514e-02  6.30284892e-04 -8.53662714e-02  5.69892637e-02
  4.38764691e-02  3.91581319e-02 -3.95036256e-03  3.55814807e-02
 -4.87883538e-02 -2.22816002e-02 -1.91547873e-03 -3.92882153e-02
 -2.03429591e-02  8.20575655e-02 -3.63829769e-02  1.37878060e-02
  7.96451271e-02  1.58633459e-02 -2.77980440e-03  5.60107678e-02
 -5.52058108e-02 -1.76602155e-02  1.42245013e-02  3.81090865e-02
  1.80457477e-02  6.08930248e-04  3.41856340e-03  6.99348152e-02
  3.27864438e-02 -8.26254711e-02 -7.65152425e-02 -4.78541013e-03
  5.67892753e-02 -5.86635098e-02 -5.00804838e-03  1.56089719e-02
 -7.26481155e-02  2.10678205e-02  1.63968299e-02 -6.61097793e-03
  7.55589232e-02 -7.25110099e-02 -2.40118820e-02 -5.26826680e-02
 -7.48649007e-04  7.22881705e-02  8.42604600e-03  2.63919607e-02
 -1.57739781e-02  1.32778650e-02  4.67015654e-02 -1.01778550e-08
 -1.89789012e-02 -6.19373168e-06  6.16026148e-02 -2.77451854e-02
  3.54463719e-02 -4.96819057e-02  1.20153561e-01 -5.79420142e-02
  3.92802246e-02  3.66442241e-02 -2.40655392e-02  7.15583861e-02
  1.07413761e-01  5.57986535e-02  9.89731168e-04 -6.42806962e-02
 -1.23774288e-02 -6.30416647e-02 -1.15314648e-02  5.89416251e-02
 -2.75676418e-02 -1.65427867e-02 -1.87336851e-03  1.48786383e-03
  4.69985139e-03 -3.83926835e-03  6.75443113e-02  6.41154125e-02
  1.71029158e-02  4.61505875e-02  4.69937474e-02 -1.62052847e-02
  1.30444467e-02 -5.90797979e-03 -3.00873816e-02 -4.28049937e-02
 -2.33165473e-02  1.68122668e-02 -6.48431927e-02 -9.36975926e-02
  2.65054721e-02  2.75862422e-02 -5.31664714e-02  1.85014680e-02
 -8.30843206e-03  1.99897755e-02 -3.48292850e-02 -4.93491767e-03
 -2.98312884e-02 -2.60447431e-03  1.37449857e-02 -5.62240668e-02
  2.88405232e-02 -6.20591640e-03 -1.85303632e-02 -1.25278877e-02
 -1.21802865e-02 -1.36487046e-02 -2.21947301e-02  7.02654719e-02
 -3.66489403e-02 -1.75184421e-02 -1.29061081e-02  5.14601618e-02]"
177,Opportunities in Renewable Energy,Environment,economy,2,0.3007,"[-3.20174657e-02  4.58573885e-02 -6.58578277e-02  2.80930661e-02
  6.37050271e-02  1.82745755e-02  8.78482908e-02 -4.82337028e-02
 -2.43608970e-02 -3.16795185e-02  3.56442779e-02 -2.03166660e-02
 -1.95266549e-02 -3.16317491e-02 -1.16060199e-02 -6.87182648e-04
 -3.09956484e-02 -5.95938750e-02 -8.17503408e-02 -3.32517512e-02
 -4.33762185e-02  4.57852054e-03 -2.84693390e-02 -3.26325782e-02
 -2.29248665e-02  6.38511851e-02 -2.47567482e-02  3.29201892e-02
 -2.40525939e-02 -1.01461165e-01 -2.62509882e-02  5.69949858e-02
  9.72543061e-02  1.52395647e-02 -2.01478302e-02  1.19772581e-02
  7.52224997e-02 -4.48249700e-03  3.89562435e-02 -2.53562629e-02
 -1.42526440e-02 -8.47115964e-02 -4.02645096e-02 -3.70153151e-02
  2.25848164e-02 -2.00036988e-02  4.15486842e-02  2.97849495e-02
  5.94760478e-02  5.91947585e-02  1.71841886e-02  4.40252200e-02
 -2.46755462e-02 -1.88149847e-02  3.42240222e-02  4.02570553e-02
 -2.08445489e-02 -5.76315820e-02  5.16649988e-03 -3.62905562e-02
  5.88152334e-02 -3.96554880e-02 -2.75276043e-02  1.24350470e-03
  1.41401112e-01 -3.59249450e-02 -5.95518798e-02  5.58521487e-02
 -1.64783716e-01  3.85884428e-03  5.05775623e-02 -9.81284529e-02
 -8.96998569e-02 -6.80130944e-02  1.68780629e-02 -6.75704926e-02
  4.53489199e-02  2.64761653e-02  4.67968248e-02 -3.41955014e-02
  7.98320323e-02 -6.79150373e-02 -1.10668108e-01 -3.90193821e-03
 -3.44474725e-02 -7.94118177e-03 -1.45566678e-02 -2.24277247e-02
  6.92863911e-02  5.80910454e-03 -1.04963016e-02 -3.54559980e-02
  3.73907224e-03  1.46874497e-02 -1.40674319e-02  4.06034477e-02
  1.22891022e-02 -3.64217311e-02  1.45679228e-02  2.57325858e-01
  6.09082021e-02  2.08994728e-02  6.15313500e-02  3.92584167e-02
 -5.47587462e-02 -8.59558582e-02 -2.35904269e-02  1.26156852e-01
  6.17103325e-03 -4.47431440e-03 -3.51380259e-02 -9.15644784e-03
 -3.43183242e-02  4.19592559e-02  3.73332016e-03 -2.06753090e-02
  5.45232035e-02 -4.47358191e-02  1.61934178e-02  5.83370849e-02
  1.39273554e-02  5.39132692e-02 -4.31928299e-02  3.54912318e-02
 -7.35832676e-02 -7.46397749e-02 -4.87976298e-02 -5.10947905e-33
 -4.00522910e-02 -6.00198135e-02  7.40105473e-03 -4.74608950e-02
 -8.39407668e-02  7.02858269e-02 -3.64100225e-02 -1.74625013e-02
 -4.79914024e-02  5.77602945e-02 -6.34219646e-02  6.82829693e-02
  2.62491629e-02  9.10056680e-02  1.36999190e-01  2.26088986e-02
 -1.01573579e-01  4.91397679e-02  7.29731470e-02  1.24103855e-02
  4.49734274e-03  1.01293679e-02  2.12130919e-02  1.58505868e-02
 -1.30168376e-02 -3.12223826e-02 -1.45247271e-02 -9.64501221e-03
  1.02491073e-01  1.91956982e-02  6.32545948e-02  6.42480627e-02
 -1.54605154e-02 -4.60917689e-02 -9.22018364e-02 -3.08435597e-02
  2.84205899e-02 -2.71326844e-02 -2.38028746e-02 -4.98752780e-02
 -9.43662822e-02  2.52976501e-03 -5.30481227e-02  4.12705131e-02
 -7.18646403e-03  2.57949028e-02  1.07576638e-01  2.41674203e-02
  4.05745916e-02  4.81609777e-02 -3.01118325e-02  1.68764521e-03
 -3.82584557e-02 -1.06931120e-01 -3.56334541e-03 -3.71516570e-02
 -4.11147289e-02  1.18356235e-02 -7.44770467e-03 -7.38587901e-02
  2.19352711e-02  2.11242791e-02 -1.42274415e-02 -1.11721270e-02
 -2.41065063e-02  8.20308700e-02  2.40692422e-02  6.85146824e-03
  1.23103037e-02  1.50293503e-02 -2.09853854e-02 -1.11295190e-02
  9.14338753e-02  4.17082794e-02  3.16469260e-02  1.27507344e-01
  1.21571012e-02  2.71597896e-02 -7.21539408e-02 -1.30386250e-02
 -3.87668572e-02  9.82614607e-03  3.83518189e-02 -1.50464205e-02
  6.75391555e-02  2.98569743e-02 -7.96024501e-03 -7.42431283e-02
  7.34283626e-02  2.81671397e-02 -1.33600280e-01  2.31874231e-02
  9.83738527e-03  5.09371273e-02  5.79223447e-02  2.61124223e-33
  2.51431693e-03  5.10834903e-02 -9.08710510e-02  6.07080832e-02
 -2.85892263e-02 -6.21447433e-03  3.20991911e-02 -3.14476565e-02
 -4.76066694e-02  1.56487245e-02 -1.18444048e-01  6.68003969e-03
  1.01198226e-01  6.94171339e-02  1.01883942e-02 -5.17054275e-02
  4.80163693e-02 -2.13287454e-02 -3.19482386e-02 -1.66233676e-03
 -5.49612269e-02 -2.23513246e-02  2.22467054e-02  1.95843671e-02
 -1.77861266e-02  7.36811608e-02 -1.11893572e-01 -6.05108403e-02
 -3.90969403e-02 -2.76438938e-03  1.07882358e-02 -5.45641547e-03
  1.65545382e-02  3.24208327e-02 -4.17313948e-02  5.90431280e-02
 -6.58182129e-02 -4.43508402e-02  1.29843857e-02  2.34846883e-02
  4.71139550e-02 -4.12917472e-02 -2.63265595e-02  1.27448782e-01
 -2.30564475e-02 -5.16549088e-02 -7.90376123e-03 -7.79134745e-04
  6.80325106e-02 -2.95377914e-02  4.32480127e-02  8.38918537e-02
 -1.46642802e-02 -4.89266478e-02 -5.43924235e-02  4.84086685e-02
  3.04616690e-02  2.30012904e-03 -6.72152415e-02  1.56981796e-02
 -3.30874920e-02  5.15479781e-02 -1.95379350e-02  7.31060803e-02
 -1.52770132e-02  3.13377157e-02  1.88878234e-02 -3.84519584e-02
  6.10409454e-02 -4.01815549e-02  4.31713015e-02  2.25908794e-02
 -7.63884485e-02  7.64832646e-02 -4.07392271e-02  8.32731947e-02
  2.98917964e-02  1.67196617e-02  5.83953261e-02  1.73594784e-02
 -6.24462701e-02 -6.18742444e-02  3.89788449e-02 -3.99653874e-02
 -1.01433568e-01 -2.82991584e-02 -1.32817812e-02 -2.84549966e-02
 -3.41236889e-02 -5.90770952e-02 -9.09244120e-02  9.30898543e-03
 -1.04575204e-02 -3.65703623e-03 -2.77768373e-02 -1.36177158e-08
  3.23325233e-03 -4.29558009e-02  5.52334003e-02  3.38146649e-02
 -5.20599522e-02 -1.26459785e-02  5.38734943e-02  6.56621605e-02
  7.07938522e-02  8.20101425e-02 -2.40276195e-02  3.73843536e-02
 -4.05255482e-02  6.75510466e-02 -2.32273117e-02  2.35411879e-02
 -2.92227603e-02  1.09676830e-02 -3.38245630e-02 -3.85010317e-02
  5.78410476e-02  3.90357263e-02  2.31518019e-02 -6.25197776e-04
 -5.79600409e-03 -5.27993962e-03  4.41738553e-02  3.74698602e-02
 -4.61821735e-04  1.67978816e-02 -1.71851572e-02  3.88537906e-02
 -6.21934608e-03 -6.44241124e-02 -3.96631658e-02 -2.97861863e-02
  2.09709406e-02  6.72344025e-03  3.68517861e-02 -9.02442336e-02
 -4.25658235e-03 -1.96059793e-02 -1.90536194e-02 -7.57817179e-02
  5.89310899e-02 -3.27941664e-02 -4.27922159e-02 -5.87553643e-02
  4.37370986e-02 -4.35824692e-02 -3.40202115e-02  1.71199758e-02
  4.84099202e-02  4.76504676e-03  4.94157150e-02 -7.37389252e-02
  1.36796581e-02 -1.28145022e-02 -9.98910740e-02  4.29379530e-02
  8.43494162e-02 -4.01008204e-02  5.55465110e-02 -3.06441560e-02]"
178,Opportunities in Renewable Energy,Environment,innovation,5,0.2977,"[-5.43591864e-02  2.03152373e-02 -4.29159366e-02 -4.56291586e-02
  8.66482966e-03 -1.24585731e-02  2.05276832e-02  5.62821254e-02
 -9.83100664e-03  1.73487812e-02  5.77561297e-02  4.57648672e-02
 -1.74277853e-02 -4.89021465e-02  3.03569762e-03 -2.18114797e-02
 -4.44225259e-02 -3.38124521e-02 -8.85906890e-02 -1.15808398e-01
 -2.83863284e-02 -1.68497153e-02  5.30976169e-02  7.25024380e-03
 -4.86682579e-02  8.49662945e-02 -1.78548098e-02 -1.74970888e-02
  7.43991360e-02 -9.14398506e-02  2.00039875e-02  8.35592672e-02
  4.04698998e-02 -8.95898864e-02  1.16803888e-02  2.41584815e-02
  6.55530319e-02  5.65523058e-02  3.89294326e-02 -5.68324886e-02
 -5.90606481e-02 -1.23366602e-01 -6.51980285e-03 -1.16730167e-03
  1.02352360e-02 -1.24071110e-02  2.63401568e-02  1.90468933e-02
 -1.82613209e-02  3.79118770e-02 -4.18338068e-02 -6.41434416e-02
 -5.14657646e-02 -1.03549883e-01  5.10940775e-02 -2.80044302e-02
 -2.63593774e-02 -2.43038237e-02 -1.00913160e-02 -2.63305977e-02
  1.18323609e-01  1.52793585e-03  1.64823849e-02  3.85471247e-02
  2.95149796e-02 -2.04545222e-02 -4.87899110e-02  6.66923672e-02
 -3.34955789e-02 -2.04144996e-02  6.34283945e-02 -3.06009315e-02
 -1.31427543e-03 -8.90158769e-03  3.99909467e-02 -5.58340810e-02
  2.28464454e-02  7.47855902e-02  8.54772329e-02  3.25005800e-02
  3.46534923e-02 -3.40061001e-02 -4.74814065e-02  5.75981699e-02
 -2.65318509e-02 -1.61239803e-02 -2.28408240e-02 -3.99584435e-02
  3.81332487e-02 -4.76853885e-02 -4.09987196e-02  5.13070170e-03
 -1.14952601e-01 -1.91523451e-02 -5.51182963e-02  3.62776406e-02
 -4.03490178e-02 -6.07491434e-02  1.24381082e-02  2.40183294e-01
  2.50269240e-03  5.48768714e-02 -1.46993427e-02 -3.42441648e-02
 -2.33546793e-02 -4.62049358e-02 -3.44495252e-02  5.38808703e-02
  6.02054819e-02  1.98418703e-02 -3.85774560e-02  1.58449896e-02
  1.74231958e-02  5.13192974e-02  4.70319837e-02  2.23180801e-02
  1.77578684e-02  1.44233089e-02  1.76391955e-02  2.10621115e-02
  5.72340749e-02  1.07178120e-02 -4.76711020e-02  1.38496573e-03
 -7.63588548e-02 -4.61593866e-02 -8.64157677e-02 -6.45704337e-33
 -5.85496910e-02  9.05218497e-02  4.26200889e-02  1.22777224e-01
 -2.83678733e-02  3.02601293e-05  5.71644353e-03 -2.50579789e-02
 -3.75724547e-02 -3.61351110e-02 -2.46953312e-02  1.17057711e-02
  7.15036876e-03  6.40125573e-02  1.49513990e-01 -7.03799650e-02
 -8.16465318e-02 -2.31331214e-02  6.67988211e-02 -4.82457839e-02
 -1.40288202e-02 -2.89706253e-02  6.81984201e-02 -1.21033052e-02
  2.53715143e-02 -3.74805667e-02  5.06985001e-02 -3.16691212e-02
  4.77023795e-02  3.64345275e-02  3.42421792e-02  8.20021182e-02
 -2.31372602e-02 -8.67141970e-03 -1.08343385e-01 -3.90327647e-02
  1.33351358e-02 -1.58985585e-01  5.03995456e-02  2.03935001e-02
 -3.42818126e-02 -1.85271110e-02 -4.15648855e-02  3.36089954e-02
  2.65044440e-02  7.01380447e-02  5.54207824e-02  1.90964304e-02
  2.70156786e-02 -1.30636478e-02 -6.54957220e-02  5.93882725e-02
 -4.89419736e-02 -5.51509671e-02  9.40962657e-02 -4.28149588e-02
 -4.91031297e-02  6.64695818e-03  7.67195895e-02  8.84856284e-03
  4.91954619e-03  5.87600358e-02 -5.92569411e-02  1.01821303e-01
 -1.07831461e-02  9.36511531e-02  1.10345170e-01 -2.83665359e-02
  4.48014066e-02  1.61430426e-02 -1.67733449e-02 -5.08578531e-02
 -4.72576767e-02  6.51047053e-03 -5.46615459e-02 -2.58577950e-02
 -7.32393861e-02  3.81372981e-02  3.23604606e-02  9.10712499e-03
 -3.81312072e-02  1.24603491e-02 -6.31298451e-03  5.58490790e-02
  7.21199205e-03 -4.20767552e-04  2.27836315e-02  1.01583004e-02
 -1.98888499e-03  2.92703770e-02 -2.28412356e-02  1.01458002e-02
 -9.77991614e-04  2.39192098e-02  2.97038420e-03  4.34228605e-33
 -1.58301294e-02  2.24363268e-03 -8.51516053e-03  8.52163881e-02
  4.87859175e-02 -3.26523185e-02 -2.68513616e-02 -5.75843118e-02
 -1.12504791e-02  3.13233286e-02  2.75604129e-02 -3.51728015e-02
 -1.73836835e-02  6.21334948e-02 -2.98661888e-02  7.02546025e-03
  3.99850346e-02 -6.14540838e-02 -4.00497578e-03  1.53795332e-02
  8.31087753e-02 -3.07439249e-02 -1.57019552e-02  2.69930083e-02
  1.36915268e-02  4.11275700e-02 -1.09976843e-01 -4.63199541e-02
 -4.66217063e-02 -1.32946586e-02  2.17322111e-02 -4.62723523e-02
 -3.50054577e-02  8.33601132e-02  4.73038368e-02  1.19821928e-01
  6.99007586e-02 -4.44714539e-02  5.39880618e-03 -2.55106986e-02
  3.96552915e-03 -4.38688435e-02  6.20034989e-03  7.67694116e-02
  2.70721558e-02 -2.87179630e-02 -7.72928214e-03  7.07005092e-04
  6.73635304e-03 -2.34105662e-02  8.39296356e-02  1.00103822e-02
 -5.54212090e-03 -1.36726394e-01 -2.83645261e-02  7.56646171e-02
  5.40717952e-02 -1.12586706e-04  2.59709486e-04  3.12068127e-02
  1.88347772e-02  1.12121319e-02 -4.34835218e-02  2.04348806e-02
 -2.58951392e-02  2.19640695e-02 -2.34171457e-04  4.37464043e-02
  8.73740762e-03 -6.99456781e-02  5.54515906e-02 -2.35891379e-02
 -1.26380503e-01 -3.01332660e-02 -9.35157239e-02  1.93723012e-02
 -4.98997234e-03 -5.41469455e-02 -7.97271356e-02 -1.00464048e-02
 -8.89618993e-02 -2.83045284e-02  7.46095926e-02 -2.34604590e-02
 -5.19631170e-02  7.08782896e-02 -2.31812708e-02 -1.29701020e-02
 -4.09933217e-02 -4.01253365e-02 -7.92913437e-02  4.25282009e-02
 -1.27310231e-01  3.82455774e-02  2.19319128e-02 -1.31745548e-08
 -1.03601059e-02 -1.98978260e-02  5.80177307e-02  3.15008871e-03
 -7.03592726e-04  3.95187922e-03 -3.92795764e-02  4.29676324e-02
 -9.47374851e-03  2.09414773e-03 -5.49516641e-02  4.94684651e-02
  4.68403734e-02  1.36036739e-01  4.36935537e-02  2.79156324e-02
 -4.27911766e-02  1.68189891e-02 -4.83350344e-02 -1.11027993e-02
  7.90684745e-02  1.03277490e-01  8.83387227e-04 -4.63253371e-02
 -2.67820675e-02  9.42672486e-04  5.01386262e-02 -3.86975706e-02
 -1.77527312e-02  4.08053100e-02  3.18958461e-02 -1.08963056e-02
  1.03001893e-02  2.74139810e-02 -2.04001758e-02 -5.10479212e-02
  7.91993178e-03 -6.95755854e-02 -7.14549609e-03 -8.40019286e-02
 -1.40638743e-02  4.68416698e-02  1.39225069e-02  3.46136205e-02
 -9.50161591e-02 -4.92841303e-02 -2.61051729e-02 -2.36743428e-02
 -2.77568195e-02 -3.64006162e-02  4.70084175e-02  3.72807980e-02
  2.23611332e-02 -3.61436456e-02  6.74438924e-02 -1.62197109e-02
  3.41256522e-02 -1.11587420e-02 -4.16524448e-02  4.53553908e-02
  1.62027761e-01 -2.10310854e-02  1.31104335e-01  2.45737731e-02]"
179,Opportunities in Renewable Energy,Environment,pollution,1,0.2928,"[-7.90520478e-03  5.44987097e-02  8.17528814e-02  1.91137437e-02
  1.00608595e-01  2.74925716e-02  1.43466786e-01 -2.74727121e-02
 -4.51329909e-02  4.21834812e-02  2.08130963e-02 -6.38899207e-02
 -2.43091397e-02  1.55049155e-03 -6.62720874e-02  8.76421016e-03
 -9.64731723e-03 -1.94084942e-02 -1.14794031e-01 -2.51973756e-02
 -1.29508702e-02  7.27783889e-02 -2.92377602e-02  4.10004548e-04
 -7.27999732e-02  7.35225305e-02 -3.55388187e-02 -2.51354817e-02
  3.98595631e-02 -7.19994232e-02  2.10516993e-02  1.04605816e-01
 -2.94946171e-02 -8.10663402e-02 -5.11522219e-02 -3.88816325e-03
  2.15115454e-02 -1.99262258e-02  1.28573654e-02 -6.91313669e-03
 -4.94945645e-02 -6.41008019e-02 -1.41691035e-02 -4.12137620e-02
 -6.75623417e-02 -1.89119279e-02  2.49290541e-02 -2.96633970e-02
  5.81166781e-02 -5.70107438e-02  3.54425646e-02  4.52658683e-02
 -7.68482462e-02 -3.46176103e-02  5.20046540e-02 -1.45308942e-01
 -7.31486082e-03 -3.18758413e-02 -1.48805240e-02 -4.09104861e-02
  2.59431247e-02 -6.41232356e-02 -4.46734317e-02  3.34370509e-02
  1.56137630e-01 -2.63866666e-03 -5.83651736e-02  1.07617222e-01
 -2.22573895e-02  1.70570128e-02  1.50221456e-02 -1.57974027e-02
 -4.11944278e-02 -8.84392038e-02  1.77244674e-02  1.17093325e-02
  1.22193042e-02 -7.06873136e-03  9.29541364e-02 -5.21070994e-02
  6.55326098e-02 -6.32334426e-02 -3.23255882e-02  1.79647673e-02
  7.15413764e-02  4.24959790e-03 -1.42274220e-02 -2.78596543e-02
 -3.75967771e-02  2.33813701e-03 -1.24364882e-03 -3.91537473e-02
  5.83998263e-02  2.82205883e-02 -7.66967908e-02  8.94793198e-02
  3.85941379e-02 -2.52992325e-02  4.70869280e-02  1.91226050e-01
 -2.07717381e-02  5.25664911e-02 -1.13676034e-01 -1.84558779e-02
 -6.80296635e-03 -3.46649401e-02 -3.63231041e-02 -5.23698097e-03
  2.21606903e-02  5.44490867e-05 -7.82308728e-02 -2.26146076e-02
  5.27908979e-03  1.62495840e-02  1.09869260e-02  1.48561383e-02
  1.39500573e-01 -8.15436170e-02 -7.38389567e-02 -4.67392132e-02
 -4.70905453e-02 -4.18295115e-02 -9.81084630e-02  7.31741562e-02
  2.53133681e-02 -6.59879074e-02 -5.70368208e-03 -5.57211579e-33
 -3.60236689e-02 -6.71105757e-02  9.03287828e-02  5.66231161e-02
 -5.28004356e-02  2.11957246e-02 -2.58772988e-02 -4.26854156e-02
  3.96507941e-02  7.59685552e-03 -1.54841994e-03 -1.45151373e-02
 -7.28385746e-02  3.75293009e-02  1.26638800e-01 -3.17501239e-02
 -3.39503102e-02 -3.49705890e-02  9.78368986e-03 -4.00683284e-02
 -3.40170600e-02 -2.81585641e-02 -5.22384532e-02  5.43373339e-02
  1.08368751e-02 -3.01967841e-02  5.09902872e-02 -1.04514612e-02
 -2.45615784e-02  2.52273250e-02  8.61447304e-02  8.48177895e-02
 -7.37610459e-02  1.29686603e-02 -1.92455314e-02 -3.63864824e-02
 -6.10596016e-02  4.24708948e-02 -2.62787882e-02 -1.73041392e-02
 -5.39123714e-02  1.91688421e-03 -5.79800382e-02  7.73337530e-03
  3.71160693e-02 -7.99147761e-04  1.79838482e-02 -1.22398604e-02
  1.06034549e-02 -4.22015451e-02 -4.70663607e-02  5.56428991e-02
 -4.98145185e-02 -2.68402640e-02  2.54878458e-02  4.94229607e-03
  6.56441301e-02 -8.80440027e-02 -9.32242349e-03  1.58920009e-02
 -1.41578633e-03  1.31097779e-01 -4.87660691e-02  4.58903201e-02
  1.04400262e-01  2.66095363e-02  6.36588410e-02  1.49942534e-02
  3.14726867e-02 -2.99647301e-02  2.02217028e-02 -4.14808057e-02
  1.45270927e-02  3.96846645e-02 -2.30471361e-02  1.57809164e-02
 -6.88521471e-03  1.40332791e-03 -3.62952128e-02  5.49958795e-02
 -4.21332978e-02 -1.17086880e-02 -2.19793674e-02 -6.20414354e-02
  2.21736962e-03 -3.71964229e-03 -2.47612670e-02 -9.67628509e-03
  7.42080202e-03  4.34576981e-02 -5.77940606e-03  6.66313525e-03
  2.72328872e-02 -3.49727124e-02 -6.56142682e-02  3.14645895e-33
  1.09393178e-02  3.25170048e-02 -1.97192188e-02  2.19352599e-02
 -3.76558106e-04 -4.86286953e-02 -7.35993497e-03  1.07036931e-02
  9.57945809e-02  1.29217371e-01 -6.19237497e-02  7.31460750e-02
  9.45756063e-02 -1.32908886e-02  3.67135368e-02 -3.41237038e-02
  9.18354932e-03  5.75912558e-02 -3.96092981e-02 -3.92990373e-02
 -5.12662940e-02 -4.70869280e-02  3.72802466e-02  1.69790499e-02
 -8.49820152e-02  5.46466783e-02 -9.21960995e-02 -2.96493713e-02
  7.06898421e-02 -3.55169736e-02 -1.65183265e-02  1.05418883e-01
 -4.22301404e-02  3.52311209e-02 -2.26922184e-02  3.76085006e-02
  3.27187628e-02  2.99328961e-03 -2.48505846e-02 -1.59115940e-02
 -9.29333456e-03 -4.73296419e-02  7.33585954e-02  6.56151846e-02
  1.63130481e-02 -6.94937306e-03 -4.85979691e-02  2.25522351e-02
  3.36373597e-02 -4.54320423e-02  1.08033799e-01  8.56010169e-02
 -4.45125811e-02  3.59510258e-02  6.98662400e-02  6.30282834e-02
  5.38665652e-02 -1.07228905e-02  1.67914275e-02  8.95270612e-03
  6.50654137e-02  6.89960793e-02 -8.05894509e-02  5.44816591e-02
 -1.05012089e-01  2.05840543e-02  2.62759044e-03  1.74792446e-02
  6.63980544e-02 -3.94092947e-02 -1.07516637e-02 -7.82206189e-03
 -6.57114238e-02 -3.52348685e-02 -1.08443439e-01 -2.21536998e-02
 -3.32501978e-02  8.97195712e-02  3.07587162e-02 -1.86818885e-03
 -2.12043449e-02  3.45546715e-02  7.55087938e-03  1.87940337e-02
  4.45252545e-02 -1.17251545e-01 -1.68662723e-02 -9.46245492e-02
  1.99276973e-02 -4.72733900e-02 -5.78265786e-02 -3.20362207e-03
 -1.27147853e-01  1.31719457e-02 -3.04598324e-02 -1.19493517e-08
  4.67641931e-03 -4.47406210e-02  5.23157939e-02 -2.85782269e-03
 -2.91659180e-02 -2.37885844e-02  6.64871931e-02  1.30100593e-01
  1.68028828e-02  7.11469427e-02  3.99089325e-03  4.46091481e-02
  5.95045313e-02  3.20710614e-02  1.75685100e-02 -2.72005349e-02
 -1.05131306e-02 -4.74207513e-02 -3.78597826e-02 -8.81875120e-03
  5.54702692e-02  1.71813574e-02 -4.27608239e-03  2.17462163e-02
 -1.11070145e-02 -1.53221618e-02  7.15392083e-02  1.32696573e-02
  3.84311415e-02  1.39276125e-02  2.27134153e-02  4.70850877e-02
 -7.09303319e-02 -2.36489903e-02 -6.00164123e-02 -7.24491924e-02
  3.65170352e-02 -6.15592673e-02 -2.59951837e-02 -4.16978374e-02
 -1.21531989e-02  5.99943362e-02 -2.31904238e-02  9.03758593e-03
  6.91594258e-02 -5.60587309e-02  7.75049161e-03  3.56948599e-02
 -5.59185259e-03  5.07639954e-03 -7.35345390e-03 -3.69453691e-02
  5.47187850e-02  1.83569323e-02  3.64365499e-03 -1.15846535e-02
 -1.05402190e-02  4.03815433e-02 -2.62166467e-02 -1.39888376e-02
  1.28721461e-01  5.93896247e-02  3.06126941e-02  5.73256984e-02]"
180,Opportunities in Green Building,Environment,building,2,0.5313,"[-7.15871947e-03  4.59162593e-02 -1.99778322e-02  3.57943289e-02
 -5.16728237e-02 -5.33350706e-02 -2.79052975e-03 -1.27339177e-02
 -3.25381644e-02  3.11074350e-02 -1.78204384e-02 -8.32601264e-02
  1.57599635e-02  2.70404872e-02  2.24432908e-02  1.73548888e-02
 -4.64647375e-02 -4.72185435e-04 -5.73480837e-02 -2.98775323e-02
 -4.94343080e-02 -2.51628235e-02 -5.37249306e-03 -4.44466807e-03
  6.72968030e-02  8.70935768e-02 -1.20380688e-02  5.67000173e-02
  1.12756819e-01 -9.03142020e-02  2.04468868e-03 -2.16680914e-02
  9.26382914e-02 -1.07381828e-02  3.54651138e-02  8.64979848e-02
  5.47138005e-02 -5.77004906e-03  1.24246897e-02 -1.61291864e-02
 -7.32381716e-02 -6.46215677e-02  5.81660420e-02 -2.27107778e-02
 -1.47314593e-02  3.55941802e-02  1.00767508e-03 -5.39041646e-02
  5.57132848e-02 -4.07724492e-02  1.50692626e-03 -7.39226630e-03
 -8.02031904e-02 -4.08760682e-02 -2.39320143e-04  9.55816358e-02
 -4.89433333e-02 -1.62738115e-02 -7.99115747e-03 -6.92769513e-02
  1.19471677e-01  2.45183073e-02 -7.62789696e-02  8.78622476e-03
  5.53959236e-02  2.84303725e-03 -1.02754254e-02  5.30025549e-02
  1.44592784e-02 -1.73413921e-02  1.02633193e-01 -3.96900401e-02
  1.63734201e-02  2.28274539e-02  8.29056650e-02 -8.81549716e-03
  3.78290825e-02 -1.52444970e-02  7.43394718e-02 -3.88644785e-02
  4.38257009e-02 -1.26078865e-02 -6.61121458e-02  6.23083711e-02
 -9.07378644e-03  1.52811026e-02  7.12652206e-02  1.54963955e-01
  3.00531406e-02 -2.31946688e-02 -4.91074892e-03  1.24084456e-02
 -5.84794693e-02  6.93611279e-02 -2.97053959e-02  1.40781375e-02
 -7.12883919e-02 -4.60734777e-02 -3.23112644e-02  2.05414101e-01
 -3.44319306e-02  2.13640165e-02  9.31195170e-02 -3.84291038e-02
 -2.72986628e-02 -4.08913791e-02 -8.65559578e-02  7.14409277e-02
 -4.82481681e-02 -3.40998173e-02 -3.41005698e-02 -3.97454649e-02
 -3.66612449e-02  1.49790775e-02  4.55560489e-03 -4.96112974e-03
  1.75576601e-02 -3.52022983e-02  2.72973528e-04  2.19778437e-02
  1.03185371e-01  3.76837626e-02 -2.06902381e-02  1.99660715e-02
 -5.86805604e-02 -9.75106135e-02 -2.24843305e-02 -5.86079920e-33
  3.69114205e-02 -5.13196457e-03  1.32877519e-02  1.30309030e-01
  1.13198139e-01 -6.50272425e-03  4.64381836e-03  5.34989275e-02
 -4.52221222e-02  6.35027513e-02  3.27614881e-02 -5.97852543e-02
 -7.97083043e-03  7.76609331e-02  1.32311881e-01 -1.16485573e-01
  3.67423706e-02  9.03201010e-03 -8.93161222e-02  1.08158300e-02
 -6.95718899e-02 -3.19419503e-02 -1.60286983e-03  2.83693392e-02
  7.50388801e-02 -4.24069203e-02  8.43711942e-02 -1.20859286e-02
 -1.49917662e-01 -5.58196707e-03  1.03020873e-02 -5.97456889e-03
 -1.93262938e-02  2.11109929e-02 -2.86264066e-02 -1.24666821e-02
  1.55379428e-02 -5.27732894e-02  2.51878024e-04 -3.52081433e-02
  3.80524812e-04 -2.35910201e-03  3.35463285e-02  1.43790040e-02
  5.25026657e-02  8.67841989e-02  3.96611765e-02 -1.00939581e-02
 -2.88362801e-02  1.51316496e-02  1.74005460e-02  3.16785984e-02
 -1.19084522e-01  6.39572963e-02  3.35436203e-02 -2.41611507e-02
  5.20219188e-03 -2.58571282e-02  4.98116203e-02 -3.36145125e-02
  2.86536254e-02  1.09013051e-01 -1.08330354e-01  1.07806079e-01
 -5.13429046e-02 -3.79063040e-02 -9.69910994e-03  3.43100727e-02
  9.56277251e-02 -5.01914322e-02 -2.75219865e-02 -5.45877740e-02
  5.57321683e-02  5.20566897e-03 -3.71954106e-02  1.85149629e-02
 -9.60794836e-02  5.65215759e-02 -1.67531427e-02  7.05754310e-02
 -4.65548113e-02  6.63429871e-02  1.35327745e-02  2.86541618e-02
  5.00872210e-02  2.04361603e-02 -1.94154913e-03 -2.38026753e-02
 -3.50074507e-02  6.75532967e-02 -1.08151555e-01 -4.03181426e-02
  2.33527105e-02 -7.43100652e-03 -3.60255837e-02  4.22609284e-33
  8.22079892e-04  1.32690426e-02 -7.54900053e-02 -3.96717563e-02
  3.16167041e-03 -1.64410956e-02 -5.82454726e-02 -1.41179562e-01
  3.45953517e-02  3.19097415e-02 -4.45219651e-02  1.18908100e-03
  1.28631994e-01 -9.43312887e-03 -4.32952754e-02 -6.83501735e-03
  1.09123945e-01 -1.97342355e-02 -3.63491327e-02  3.96602750e-02
 -1.53399017e-02 -1.21695232e-02 -4.69219424e-02 -1.45723335e-02
 -9.42869298e-03  2.19892301e-02 -9.28765628e-03 -2.67614778e-02
  3.22664641e-02  5.19396551e-02 -6.04779385e-02 -4.90791872e-02
 -2.91578006e-02  7.97110721e-02 -6.66239783e-02  5.31365722e-02
  5.53860478e-02 -1.43159237e-02 -2.19088458e-02 -7.44248331e-02
  9.07279477e-02  2.90880948e-02 -5.12260851e-03  9.96736437e-02
 -1.33226849e-02 -6.32274523e-02  5.90480445e-03 -9.55826230e-03
 -6.82659224e-02 -3.02051753e-02  1.92411095e-02  5.28934188e-02
 -3.75352427e-02 -1.08044639e-01  4.26021889e-02 -2.88598351e-02
  5.69409085e-03 -2.34474204e-02 -2.02986207e-02  5.63456453e-02
  1.23256501e-02  4.46038845e-04 -4.49808373e-04  2.55251229e-02
 -4.34998833e-02  3.23354900e-02 -3.06289755e-02  1.71570182e-02
 -5.18462807e-02  1.34846363e-02 -3.17984000e-02  3.33117209e-02
 -7.58068562e-02  1.63472798e-02 -8.05584565e-02 -6.53971806e-02
 -1.32325327e-03  5.73739037e-02  1.47614218e-02 -2.31037401e-02
 -8.18761904e-03 -3.74804065e-02 -7.88758683e-04  5.94578236e-02
  1.19598424e-02 -5.67964092e-02  6.10439144e-02  3.37829925e-02
  1.61912385e-02 -7.20833242e-03  1.98858324e-02  7.44886696e-02
 -1.54239014e-02 -1.13877291e-02 -2.08019260e-02 -1.28386963e-08
 -8.81540217e-03  2.76368242e-02 -7.35432208e-02 -5.95403351e-02
  1.66228376e-02 -2.61041615e-02  1.07822932e-01  1.95957310e-02
  4.23650853e-02 -1.24391457e-02 -2.75535625e-04 -3.66846332e-03
 -1.71832310e-03  1.14499390e-01 -3.55379879e-02 -5.99577837e-02
 -4.13441993e-02  4.80341837e-02 -6.87292442e-02 -5.33592552e-02
  3.32223140e-02  1.64091159e-02  3.73597555e-02  7.42021874e-02
 -5.59065826e-02 -2.58356277e-02  2.63015088e-03 -3.40287723e-02
  5.28893210e-02  5.70542961e-02  3.19360308e-02  1.01819418e-01
 -5.74657768e-02  3.26496921e-03  1.61076412e-02 -3.63311544e-02
  5.14138937e-02  2.01753639e-02 -4.42851707e-03 -8.17617700e-02
 -3.24041285e-02 -4.83530611e-02 -1.28404107e-02 -2.08603963e-02
  1.91733390e-02  4.46705520e-02 -1.01109706e-01 -7.82794598e-03
 -3.63664366e-02 -7.23405927e-02  9.42680333e-03 -2.87663378e-02
  4.05285209e-02  5.81137789e-03  6.06482141e-02  2.73506027e-02
 -2.37325281e-02  1.62803289e-02  7.88881816e-03 -3.18138115e-02
  6.73913360e-02 -1.19191408e-02  2.51068957e-02  6.97260052e-02]"
181,Opportunities in Green Building,Environment,greenhouse,3,0.5201,"[ 2.24615559e-02  7.53499940e-02 -1.54952509e-02  1.28002269e-02
  9.46987793e-02 -3.58220711e-02  7.92173669e-03 -3.26931365e-02
  2.36453209e-02  6.27123117e-02  4.45852391e-02 -8.36820081e-02
 -6.24193205e-03 -2.24411968e-04  5.36655486e-02 -3.73779461e-02
 -5.48011251e-02 -1.40220188e-02 -4.10601720e-02 -8.17977041e-02
 -8.81969482e-02  1.99867040e-03 -2.52882093e-02  1.75891202e-02
 -1.22616421e-02  6.65960908e-02 -1.15648203e-01  1.25672013e-01
  2.09764037e-02 -3.63205075e-02  2.35258862e-02  5.49672581e-02
 -4.64675464e-02  1.98878087e-02  2.78606694e-02  3.46076190e-02
 -1.00106737e-02 -8.86390284e-02  9.07367747e-03  5.83779141e-02
 -1.64354015e-02 -8.79765004e-02  3.27678807e-02 -7.64228776e-03
 -8.16880316e-02  9.01531801e-03 -3.25437784e-02  1.89282633e-02
  5.68858646e-02 -9.56607163e-02  9.80106741e-03  1.31029825e-04
 -5.71297072e-02  1.57145094e-02 -5.59902713e-02  2.65607424e-02
  3.71910296e-02 -3.43240537e-02  3.50740515e-02 -1.07866963e-02
  1.27238035e-01 -7.93552473e-02 -7.73530975e-02  2.69707199e-02
  5.71890473e-02  2.35616714e-02 -8.81289393e-02  6.37405515e-02
  5.16144633e-02 -5.57653196e-02 -1.08380113e-02  2.32501719e-02
 -9.37359594e-03 -1.51372366e-02  4.84872982e-03 -1.32364770e-02
 -1.21054407e-02  1.77662186e-02  1.23763263e-01  9.93057899e-03
  1.36357263e-01  4.30771634e-02 -9.97649506e-02 -5.13038179e-03
 -3.29788551e-02 -2.28607599e-02  2.82224789e-02  3.38459201e-02
  5.04528210e-02 -1.72699464e-03 -2.24682931e-02 -2.30395142e-03
  2.17067413e-02  4.85051870e-02 -1.80033818e-01  2.63959207e-02
  1.69840269e-02 -1.45467564e-01  3.26044448e-02  1.43210575e-01
 -4.95884859e-04 -4.13387902e-02  1.85816586e-02 -1.98486373e-02
 -6.19265363e-02 -5.82437292e-02 -7.89813977e-03  5.58547154e-02
 -7.19373766e-03 -2.00515799e-02 -1.25943512e-01 -2.72763241e-03
 -6.23303764e-02  1.17245782e-02  3.05067073e-03 -2.56494023e-02
  1.26302719e-01 -4.19892222e-02  1.56459399e-03 -1.62999276e-02
  4.29317355e-02 -2.91199074e-03  3.04816011e-02  4.64285798e-02
 -3.80381830e-02 -5.58182187e-02 -9.41389892e-03 -4.27936882e-33
  4.73220367e-03  2.23628562e-02  7.34597221e-02 -5.36813075e-03
  1.31998166e-01  4.39024903e-02 -3.48749310e-02  1.65963955e-02
 -2.52653304e-02 -3.41144651e-02  6.21859282e-02  1.34546508e-03
 -4.55154143e-02  2.22597104e-02  7.64653981e-02 -3.46040092e-02
  5.44059835e-03  1.08883634e-01 -5.71641475e-02 -6.32587168e-03
 -6.44713566e-02  4.26398180e-02  1.76975727e-02  7.23491460e-02
  9.33447927e-02 -9.63444114e-02  4.94795404e-02 -2.66006347e-02
 -6.21283948e-02  1.12077314e-02  1.16029948e-01  1.96317509e-02
 -5.37137054e-02  7.52803087e-02  4.06279601e-02 -3.16077545e-02
 -5.88043779e-02 -4.06043231e-02  1.73889659e-02  2.31794547e-02
  1.99899580e-02  3.53742503e-02  1.17601931e-01  6.76679164e-02
  5.30120991e-02  3.25115323e-02  3.81186232e-02  7.09813386e-02
 -1.58270132e-02  3.95913720e-02 -3.18881683e-02  4.82355319e-02
 -1.46026284e-01 -4.61825839e-04  2.73378473e-02  3.30238719e-03
  8.23024884e-02 -1.67502835e-02 -4.07223254e-02 -7.24788010e-02
 -4.22561020e-02  1.28518268e-01 -9.41142663e-02 -5.83044030e-02
 -9.14750528e-03 -3.27972025e-02 -3.53320949e-02  6.62292615e-02
  2.48304405e-03  2.66506076e-02 -3.83553840e-02 -7.65489340e-02
  3.89566533e-02  1.62663870e-02  1.40292489e-03 -2.09444575e-02
 -2.89100669e-02  5.01030646e-02 -5.92473857e-02  6.65018335e-02
 -1.68650337e-02  3.90627887e-03 -7.04942495e-02 -5.45723699e-02
 -1.06195301e-01 -7.16411993e-02  8.20163544e-03  6.74091578e-02
  2.09945757e-02  3.88061069e-02  3.90791148e-02 -1.06591173e-02
  7.88392946e-02 -1.36661911e-02 -6.36148304e-02  3.03796909e-33
 -4.29352559e-02 -1.77526288e-02 -1.49048902e-02  6.46010414e-02
  6.53909966e-02 -4.22075093e-02 -5.36536463e-02 -7.27801099e-02
  4.38438216e-03 -8.70867539e-03  3.57825309e-03  7.25079626e-02
  1.66634154e-02  4.30707857e-02 -7.67267169e-03  2.29035178e-03
  4.61334921e-02 -1.85901113e-02 -3.68010881e-03  5.59803732e-02
 -6.25115484e-02 -4.31196056e-02 -8.42643378e-04  4.41993698e-02
 -5.42450622e-02  1.23819234e-02  4.97517586e-02  4.02959697e-02
  1.67458989e-02  3.58463936e-02 -9.20068771e-02 -3.76883596e-02
 -6.85647503e-02  4.02544253e-02  5.49760321e-03 -2.37987675e-02
  3.72918323e-02 -8.20419416e-02 -8.31062347e-02 -1.86842133e-03
  5.00297844e-02 -6.34506643e-02 -1.58414000e-03  4.30786461e-02
  1.09350514e-02  6.30284892e-04 -8.53662714e-02  5.69892637e-02
  4.38764691e-02  3.91581319e-02 -3.95036256e-03  3.55814807e-02
 -4.87883538e-02 -2.22816002e-02 -1.91547873e-03 -3.92882153e-02
 -2.03429591e-02  8.20575655e-02 -3.63829769e-02  1.37878060e-02
  7.96451271e-02  1.58633459e-02 -2.77980440e-03  5.60107678e-02
 -5.52058108e-02 -1.76602155e-02  1.42245013e-02  3.81090865e-02
  1.80457477e-02  6.08930248e-04  3.41856340e-03  6.99348152e-02
  3.27864438e-02 -8.26254711e-02 -7.65152425e-02 -4.78541013e-03
  5.67892753e-02 -5.86635098e-02 -5.00804838e-03  1.56089719e-02
 -7.26481155e-02  2.10678205e-02  1.63968299e-02 -6.61097793e-03
  7.55589232e-02 -7.25110099e-02 -2.40118820e-02 -5.26826680e-02
 -7.48649007e-04  7.22881705e-02  8.42604600e-03  2.63919607e-02
 -1.57739781e-02  1.32778650e-02  4.67015654e-02 -1.01778550e-08
 -1.89789012e-02 -6.19373168e-06  6.16026148e-02 -2.77451854e-02
  3.54463719e-02 -4.96819057e-02  1.20153561e-01 -5.79420142e-02
  3.92802246e-02  3.66442241e-02 -2.40655392e-02  7.15583861e-02
  1.07413761e-01  5.57986535e-02  9.89731168e-04 -6.42806962e-02
 -1.23774288e-02 -6.30416647e-02 -1.15314648e-02  5.89416251e-02
 -2.75676418e-02 -1.65427867e-02 -1.87336851e-03  1.48786383e-03
  4.69985139e-03 -3.83926835e-03  6.75443113e-02  6.41154125e-02
  1.71029158e-02  4.61505875e-02  4.69937474e-02 -1.62052847e-02
  1.30444467e-02 -5.90797979e-03 -3.00873816e-02 -4.28049937e-02
 -2.33165473e-02  1.68122668e-02 -6.48431927e-02 -9.36975926e-02
  2.65054721e-02  2.75862422e-02 -5.31664714e-02  1.85014680e-02
 -8.30843206e-03  1.99897755e-02 -3.48292850e-02 -4.93491767e-03
 -2.98312884e-02 -2.60447431e-03  1.37449857e-02 -5.62240668e-02
  2.88405232e-02 -6.20591640e-03 -1.85303632e-02 -1.25278877e-02
 -1.21802865e-02 -1.36487046e-02 -2.21947301e-02  7.02654719e-02
 -3.66489403e-02 -1.75184421e-02 -1.29061081e-02  5.14601618e-02]"
182,Opportunities in Green Building,Environment,environmentally,1,0.4953,"[ 8.41795560e-03  1.24931827e-01  8.03253800e-02  2.45253276e-02
  7.93462992e-02 -4.17729281e-02  6.46296144e-02 -1.54521549e-02
  1.11508146e-02  3.99401635e-02  1.51944198e-02 -9.23864841e-02
 -1.52761154e-02  3.75933051e-02 -1.78697202e-02  2.73128180e-03
 -6.80848435e-02 -1.23030525e-02 -1.35031894e-01  1.16881318e-02
 -9.42542404e-02  2.83009876e-02  2.89525837e-02  1.23692630e-03
 -7.32308701e-02  8.87071714e-02  9.96910594e-03  4.91764396e-02
  2.58818921e-02 -5.29144071e-02  2.81450301e-02  9.54565406e-02
  1.68870147e-02 -3.89022045e-02 -8.39521922e-03  6.40441924e-02
  5.76490909e-02 -4.75808494e-02  1.53394612e-02 -8.94675497e-03
 -7.07191080e-02 -8.08555782e-02 -3.62953506e-02 -4.86333035e-02
 -2.02300176e-02 -4.46801037e-02  1.70848668e-02 -5.79954162e-02
 -2.02409867e-02 -6.05678745e-02  6.37867376e-02  1.05568282e-02
 -4.61683050e-02 -9.33001935e-03 -2.69282274e-02 -6.97162673e-02
  4.12109718e-02 -5.60729019e-02  1.68788526e-03 -2.53934432e-02
  9.71883088e-02 -6.91710711e-02 -1.03627771e-01  2.94331331e-02
  8.39593858e-02  4.74121571e-02 -3.88035253e-02  1.00951426e-01
  2.67835683e-03 -6.60227984e-02  2.52205022e-02  4.58763586e-03
  1.05129527e-02 -5.14106415e-02  1.65117905e-02  2.74140928e-02
  4.16390523e-02  2.40963437e-02  5.16133495e-02 -3.27018462e-02
  7.63939247e-02 -3.82773727e-02 -2.49186959e-02 -1.57122966e-02
  5.85455783e-02  1.66997090e-02 -2.73325434e-03 -3.24183218e-02
 -8.96017998e-03  4.10278253e-02 -3.39407809e-02 -5.21334633e-03
  1.15246862e-01 -7.22489646e-03 -1.21311970e-01  4.39314097e-02
 -2.64507812e-02 -4.37832586e-02  1.86634567e-02  1.97473064e-01
 -3.85049582e-02  5.96512370e-02 -1.00554243e-01 -1.98782533e-02
 -2.00453326e-02 -3.17307897e-02 -3.46327312e-02  6.50811940e-02
  2.59036329e-02 -3.18647735e-02 -9.37932879e-02 -6.96717016e-03
 -4.14293557e-02  9.98071656e-02 -7.26916594e-03  2.32054330e-02
  8.29538181e-02 -3.37798037e-02  5.70683107e-02 -1.62292048e-02
  2.57706363e-02 -2.25382205e-02  1.15194097e-02  4.11961451e-02
  5.43339970e-03 -1.22215502e-01  4.22485322e-02 -6.32743483e-33
 -1.24236690e-02 -3.43979001e-02  9.82970670e-02 -7.82631114e-02
  6.65832078e-03  6.92618191e-02 -4.27295752e-02 -5.55733172e-03
 -1.93051100e-02  1.33670345e-02  5.19310907e-02  7.58323148e-02
 -3.49604823e-02  3.72340456e-02  1.25400066e-01 -4.55183350e-02
 -1.03530437e-01 -2.01367354e-03 -1.20276865e-02 -1.60023719e-02
 -1.36747593e-02  4.39650752e-02 -1.31169073e-02  6.62781075e-02
  3.99427488e-02 -8.80176201e-02  7.71675780e-02  2.21562851e-02
  3.33470516e-02  2.22038419e-04  5.97628132e-02  4.99781705e-02
 -3.25430408e-02 -3.18328515e-02  3.30632925e-02  3.47457193e-02
 -7.91298747e-02  4.64484431e-02 -1.74496640e-02  2.62050936e-03
 -1.95549447e-02 -1.93485878e-02 -4.10454988e-04 -1.09937065e-03
  5.64147271e-02 -1.49604175e-02  6.66694641e-02  2.12246906e-02
 -4.77088653e-02 -1.20670479e-02 -4.03557755e-02  6.30877614e-02
 -7.62714148e-02 -5.24078347e-02 -6.08732738e-03 -2.99450606e-02
  7.57885948e-02 -3.12770717e-02 -4.11605798e-02 -5.60339168e-02
 -3.19557898e-02  1.58047453e-01 -4.25735787e-02 -2.55826544e-02
  7.40225539e-02 -2.16442738e-02  1.40673630e-02  5.60982898e-02
 -3.50379422e-02 -1.30118579e-02 -2.03309022e-03 -5.38170934e-02
  3.03965751e-02  2.11555492e-02 -4.65331599e-02 -3.98085006e-02
  8.93663429e-03 -1.81602896e-03 -6.24714512e-03  6.39621466e-02
 -7.04901814e-02  4.03555334e-02 -1.12110106e-02 -4.84533533e-02
  1.45275798e-02 -3.07466816e-02  1.78928096e-02 -1.84036065e-02
  6.50404096e-02  5.08161448e-02  4.40139696e-03  3.15287113e-02
  5.58487438e-02 -3.50195169e-02 -9.57863629e-02  3.10305089e-33
  1.73052289e-02 -7.27206143e-03 -5.12308739e-02  6.27800152e-02
 -2.55618431e-02 -6.23423271e-02 -6.49525821e-02  3.95487025e-02
  2.06807703e-02  3.49196233e-02 -6.76320717e-02  1.17034450e-01
  7.48484284e-02  3.18603553e-02  4.56847511e-02 -2.94998102e-03
 -1.40905343e-02  4.28062975e-02 -2.98109073e-02 -3.65253426e-02
 -8.20733979e-03 -2.17134040e-02  5.12563661e-02  8.34508613e-02
 -7.90779069e-02  4.86647226e-02 -2.30536312e-02 -2.06884518e-02
  2.39535253e-02  1.39190617e-03 -4.44948040e-02  1.68381128e-02
 -4.82213423e-02  2.75233518e-02 -1.61756370e-02  4.26372280e-03
 -3.39422971e-02 -4.59293202e-02 -3.57614201e-03  4.41634394e-02
 -6.32687146e-03 -1.83621589e-02 -1.65332016e-02  2.60096937e-02
 -4.35513295e-02  4.11483161e-02 -7.78587759e-02  4.41770107e-02
  3.49924713e-02  1.02673611e-02  4.17899564e-02  5.18142954e-02
 -6.10631555e-02 -4.11970131e-02  2.77655665e-02 -1.66404005e-02
  5.18687768e-03  4.49243002e-02 -3.48460078e-02  1.01265861e-02
  1.07797869e-01  9.83127430e-02 -3.75204167e-04  8.08056965e-02
 -9.53243673e-02 -1.47328824e-02  1.43780466e-02 -1.19348280e-02
 -2.98011191e-02 -6.49639815e-02  1.94449425e-02  1.02034975e-02
 -1.09379098e-01 -5.24507575e-02 -1.04552463e-01 -3.28081404e-03
 -1.87670011e-02 -1.67606231e-02 -8.29121843e-02 -1.05998409e-03
 -5.60257249e-02  6.44858042e-03 -2.21749097e-02  3.18032280e-02
 -4.50259307e-03 -7.61502609e-02 -5.18955700e-02 -9.86995548e-02
 -2.83977948e-02  4.46897261e-02 -2.39000302e-02 -2.54403427e-02
 -7.19771236e-02  1.30759910e-01 -1.11361220e-02 -1.37753400e-08
  1.41333202e-02 -3.55283245e-02  7.74168596e-02  2.52260547e-02
 -3.08769848e-02 -3.34784226e-03  9.63913426e-02  3.28310803e-02
  2.91971788e-02  5.49014919e-02  1.10261003e-03  4.46566567e-03
  3.67313586e-02  1.07249022e-01  1.90721161e-03 -3.98320556e-02
  3.41808833e-02 -6.56529292e-02 -4.81333546e-02  3.85969356e-02
 -3.80542837e-02 -3.52188349e-02  1.42804533e-02  8.45834464e-02
 -5.69670647e-03 -6.72160089e-03  8.13937858e-02  3.27026262e-03
  2.94867828e-02  5.43959700e-02  2.58495957e-02  6.71447515e-02
 -2.45625321e-02 -1.64845295e-03 -8.29644948e-02 -7.90010616e-02
 -1.33639127e-02  2.04432029e-02 -6.62108958e-02 -1.78385135e-02
 -3.22915986e-02  4.38490175e-02 -5.29868864e-02  1.24783963e-02
  4.08829376e-02 -1.12866662e-01 -4.53029014e-03  7.70842209e-02
 -1.41113466e-02  1.11722462e-02  1.71338227e-02 -9.25147608e-02
  9.77493078e-03  6.10512728e-03  2.88824029e-02  1.23684602e-02
  1.55405595e-03  2.91493516e-02 -2.06545778e-02  2.62596961e-02
  8.86137933e-02 -4.09259349e-02  6.79454878e-02 -7.41952145e-03]"
183,Opportunities in Green Building,Environment,sustainability,6,0.4775,"[ 4.10689507e-03  1.18057869e-01  6.51803939e-03  2.01633498e-02
  6.49562180e-02  1.96664799e-02 -1.85424853e-02 -4.37019281e-02
 -1.89063288e-02 -1.94131453e-02  1.53809488e-02 -6.06852099e-02
 -1.38276825e-02  3.28618800e-04 -6.36824667e-02  2.99334037e-03
 -1.04614154e-01  2.85492968e-02 -3.15095522e-02 -4.46097665e-02
 -4.81216013e-02 -6.52997335e-03  1.40605820e-02  2.21560858e-02
 -8.52372646e-02  1.11566447e-01 -4.57940809e-02 -2.10122038e-02
  4.49358523e-02 -1.23077948e-02  5.49973845e-02  3.48152332e-02
  3.21664698e-02 -2.58470494e-02  2.86358260e-02  1.19534075e-01
  5.20595536e-02 -2.03274265e-02  2.81015281e-02 -2.32810434e-02
 -6.83358535e-02 -7.98003227e-02 -4.64179367e-02 -1.00554347e-01
 -7.92264845e-03 -1.70614310e-02  2.38624699e-02 -6.67935014e-02
 -1.94664653e-02 -6.41482174e-02  5.69883808e-02  4.96568438e-03
 -4.35719267e-02 -3.31956074e-02  2.76494138e-02 -5.71230128e-02
  3.60825062e-02 -4.36470918e-02 -2.71218270e-02 -1.86118484e-02
  9.56522152e-02 -5.97844645e-02 -8.24462697e-02  5.98447919e-02
  1.10988669e-01  7.28443936e-02 -4.51058634e-02  8.06766748e-02
 -4.17143255e-02  7.66098092e-04  2.54031504e-04 -4.89965454e-02
 -1.68374404e-02 -5.68989106e-02  4.61863130e-02 -2.02786867e-02
  8.67558178e-04  2.07630154e-02  7.54866377e-02  5.18056750e-02
  1.27711102e-01  8.13136250e-03 -5.79651557e-02  7.83111807e-03
  3.19172740e-02  6.83634123e-03  2.01919791e-03 -2.10548956e-02
  6.34308755e-02  1.18735246e-03 -7.18195587e-02 -8.37190729e-03
  1.05033174e-01  2.79798973e-02 -9.91501734e-02  2.13863533e-02
 -6.40910119e-02 -5.91606274e-02  2.31871270e-02  1.83625534e-01
  2.49900687e-02  4.18050513e-02 -3.45870480e-02 -3.95139167e-03
 -2.92633194e-02 -4.18800972e-02 -1.71870794e-02  3.42051722e-02
 -1.35479672e-02  2.66578258e-03 -3.91931571e-02 -2.45667831e-03
 -7.11034834e-02  7.49404877e-02  9.91136394e-03 -3.60299572e-02
  6.80260435e-02 -3.77253108e-02  9.10507813e-02 -3.24005559e-02
  3.60881872e-02  7.83036370e-03  3.09122149e-02 -3.12274341e-02
  1.36454022e-02 -4.14511263e-02  3.10804024e-02 -5.98822610e-33
 -4.20500524e-02 -1.78565402e-02  8.01837370e-02 -8.57156664e-02
 -1.33083006e-02  5.31694852e-02 -7.89119601e-02  3.44478600e-02
 -8.46165046e-03  2.05724277e-02  8.70055184e-02  2.44436786e-02
 -7.10748648e-03 -1.89742970e-03  1.38179630e-01 -9.92585793e-02
 -5.09803519e-02  4.41081151e-02  4.71809506e-02 -3.58645283e-02
 -1.36118464e-03  2.77733579e-02  3.82069685e-02  3.04933991e-02
  8.42381641e-02 -4.07830551e-02  3.70854661e-02  8.79490562e-03
 -2.12327819e-02  1.41759776e-02  3.11466996e-02  7.02301115e-02
 -7.29705319e-02 -6.94170818e-02  2.55425628e-02 -1.99947655e-02
 -9.79593322e-02  4.79331054e-02 -1.63562633e-02 -1.23301568e-02
 -5.16318791e-02 -5.06974123e-02  4.21300977e-02  5.05314767e-03
  4.15054448e-02  6.74985647e-02  9.22009274e-02  5.00938557e-02
 -2.88826711e-02  2.07776297e-02 -4.79130074e-02  4.39208932e-02
 -8.31002668e-02 -6.24812357e-02  1.73073858e-02 -1.01528555e-01
  1.83164570e-02 -3.51613900e-03 -6.25279173e-02 -1.44605532e-01
 -1.36677362e-02  2.85939407e-02 -8.93416107e-02 -1.55326920e-02
  1.05306983e-01  2.87281573e-02 -1.57866739e-02  6.30112216e-02
 -2.49732174e-02 -8.28966498e-03 -2.13319547e-02 -6.17742389e-02
  1.65235307e-02  6.55286899e-03 -2.29617842e-02  2.05614772e-02
 -4.35336754e-02  4.40217033e-02 -8.03454667e-02  7.44381398e-02
 -1.41673014e-01  7.06722066e-02 -4.18889932e-02 -7.51749799e-02
  1.03186227e-01  1.93275735e-02  4.31355387e-02  1.08621372e-02
  9.54525545e-02  3.83123048e-02 -3.55879515e-02  1.21105807e-02
  2.25081947e-02  3.22218500e-02 -7.48636425e-02  2.79944384e-33
  3.25182788e-02  2.34985016e-02 -4.78637964e-02  3.06359679e-02
 -6.10395242e-03 -8.10623467e-02 -9.82098579e-02 -2.94141676e-02
 -2.68473173e-03  2.71393508e-02 -6.33887947e-02  5.89787625e-02
  3.10018323e-02  6.72343895e-02 -3.28807160e-02  1.36332577e-02
 -3.73079367e-02 -2.97917593e-02 -8.66425633e-02  5.85598731e-03
 -2.99682515e-03  3.79549339e-02 -4.76750098e-02  5.01095653e-02
 -7.48546496e-02  6.92744404e-02  5.10856928e-03 -5.68971317e-03
  7.57188275e-02 -2.12913658e-02  4.27858764e-03 -2.84907781e-02
 -1.84576549e-02  1.42566133e-02 -3.53323705e-02  2.09281370e-02
 -3.94660793e-02 -3.51648666e-02  4.30891030e-02  6.67249784e-02
  4.99502644e-02 -2.14167349e-02 -6.37839139e-02  4.89172563e-02
  4.69128927e-03 -4.99444548e-03 -5.04739396e-02  8.53523891e-03
  3.34124304e-02 -4.96575749e-03  6.77503645e-02  5.44972010e-02
 -3.90525758e-02 -8.24177787e-02  3.97184007e-02  1.32149225e-02
  1.86213050e-02  2.54194140e-02 -6.60167411e-02 -9.51215625e-03
  1.43197849e-02  8.64928067e-02  2.12305300e-02  8.93448740e-02
 -2.26828121e-02  2.66648084e-02  2.99995728e-02 -1.08755883e-02
 -3.19220945e-02 -6.02898747e-02  1.65625028e-02  1.80757716e-02
 -1.45757645e-01 -4.21574414e-02 -4.54589203e-02  4.21647578e-02
 -3.56710106e-02  6.78186130e-04 -4.44627292e-02 -1.77351385e-02
 -5.96962683e-02 -2.24278811e-02 -3.22564912e-04  7.75204645e-03
 -1.73715688e-02 -2.26540715e-02 -3.13948318e-02 -7.20482990e-02
  1.71975996e-02  8.21701735e-02 -8.66613258e-03  1.56573858e-02
 -1.15967043e-01  9.11872014e-02  3.16167958e-02 -1.32017126e-08
  2.07300205e-02  1.22500118e-02 -3.06454371e-03  3.00273811e-03
 -3.45179737e-02  3.64696980e-03  7.94852003e-02 -4.69883867e-02
  5.96033363e-03  9.00167450e-02 -1.75083764e-02  3.34479809e-02
  2.58500688e-02  1.12780787e-01 -4.40019518e-02  1.01531390e-02
 -3.32500935e-02 -1.32103032e-02 -5.13426773e-02 -2.24831383e-04
  1.91717164e-03 -4.27011028e-02 -1.05918478e-02  3.16308923e-02
 -2.03408804e-02 -3.21624614e-02  2.82074530e-02  3.31844166e-02
  3.55366841e-02  4.60452512e-02  6.49938807e-02  5.83545789e-02
 -2.71341410e-02 -4.11916077e-02 -6.86965138e-02 -8.03319514e-02
  1.82563607e-02 -4.64409031e-03  3.45770679e-02 -3.82146686e-02
 -1.18916817e-02  5.36681898e-02 -5.57984747e-02  6.41106293e-02
 -3.50771062e-02 -3.54594998e-02 -1.59875322e-02  7.17699677e-02
 -3.90187204e-02  3.44157666e-02 -1.69636570e-02 -5.74314147e-02
 -4.18853760e-03  6.09898493e-02  1.32456943e-02 -5.35725728e-02
  4.08484973e-02  1.07771652e-02 -3.16101499e-02  2.92236749e-02
  1.02763079e-01 -6.16308041e-02  9.00010392e-02  2.76221950e-02]"
184,Opportunities in Green Building,Environment,green,12,0.4709,"[-3.77239734e-02  6.68767765e-02 -3.18775550e-02 -2.66361907e-02
  5.34322709e-02  3.60089280e-02  1.53908968e-01 -5.87298768e-04
  3.40487659e-02 -9.28717491e-04 -4.11192738e-02 -8.31852034e-02
 -2.51689423e-02 -3.35596241e-02  4.29269336e-02  5.61238900e-02
 -3.24090347e-02 -7.08489642e-02 -1.42353326e-01 -7.66554698e-02
 -4.45996039e-02  1.50131891e-02 -2.80975015e-03 -3.66865918e-02
 -1.15811251e-01  5.31567149e-02  2.91238329e-03  4.15836014e-02
  1.22785233e-02 -1.20479003e-01 -2.38651056e-02  1.15263490e-02
  3.41800973e-02 -2.32130773e-02 -1.08591184e-01 -5.59520014e-02
 -2.99867932e-02 -6.24122210e-02 -1.79823004e-02  3.03849280e-02
 -5.20755053e-02 -2.44113561e-02  2.89157350e-02  6.62540495e-02
 -5.08472975e-03  4.41128947e-03  1.75155774e-02  5.40995710e-02
 -2.49817111e-02 -3.07709593e-02  5.69757558e-02 -5.70197962e-02
 -6.64284676e-02  1.20659210e-02  3.72183770e-02  1.32409884e-02
 -1.48471128e-02 -2.21590288e-02  4.04726006e-02 -5.25516719e-02
  3.85564677e-02 -5.15703745e-02 -4.98438552e-02  2.79992335e-02
 -2.47746259e-02  3.13436091e-02 -2.20940672e-02 -4.63274168e-03
  7.38770422e-03 -1.04218140e-01  3.66040319e-02  6.08637966e-02
  6.33326843e-02 -5.15095778e-02  4.02694978e-02 -1.44721065e-02
  8.50423202e-02  7.86777958e-03  1.05124842e-02  7.42430566e-03
  5.09199426e-02  6.51720241e-02 -5.88029921e-02  4.73100208e-02
  5.43185882e-02  3.97357792e-02 -7.93142766e-02  5.79723120e-02
 -1.10176601e-01  4.38785516e-02 -9.12312884e-03  8.00160542e-02
  3.42100672e-02  1.41590387e-02 -9.18233469e-02  8.84348974e-02
 -4.35357317e-02 -1.64849252e-01 -3.38612534e-02  1.46942407e-01
  2.27790028e-02  3.99071090e-02 -7.84571108e-04 -6.46525761e-03
 -5.15005626e-02 -6.63760677e-02 -3.63988765e-02  5.11904843e-02
 -1.58592090e-02 -1.86807960e-02  3.66309807e-02 -2.39505786e-02
 -8.02528262e-02  6.56125695e-02 -4.43492122e-02  5.89491799e-02
  4.60859388e-02  4.26502302e-02  4.95772995e-02 -2.60958280e-02
  3.44565809e-02  1.32435793e-02 -2.71039605e-02 -3.08962148e-02
 -1.40516326e-01 -6.55916110e-02 -2.73611695e-02 -4.76797039e-33
  3.11471280e-02 -1.26247332e-02  3.40824574e-02 -3.51120681e-02
  1.12276815e-01  2.52821892e-02  1.10064810e-02 -3.50099467e-02
 -8.03876519e-02 -4.64158552e-03  2.52045179e-03 -6.08250033e-03
 -7.32374713e-02  3.25309089e-03  9.46808532e-02  3.30943167e-02
 -6.70157298e-02  6.24807216e-02 -7.22624734e-02 -1.96182486e-02
 -1.64632872e-02  8.46885815e-02  1.99788203e-03  6.11653440e-02
  1.10020554e-02 -4.65165116e-02  7.73594603e-02  1.20123699e-02
  3.72022055e-02 -3.16836834e-02  1.57410977e-03  2.76380610e-02
  4.58153673e-02  4.72287498e-02  8.37668777e-03 -7.88456127e-02
 -4.05853614e-02 -2.63306554e-02  2.07932629e-02  8.83948058e-02
 -5.07007400e-03 -1.09317703e-02 -1.95174795e-02  3.33404280e-02
  4.96666227e-03 -1.08055929e-02  4.86884229e-02  1.21135805e-02
 -5.38133420e-02  4.17557098e-02 -5.14402874e-02  9.85443965e-03
  7.10316421e-03  2.58176029e-02 -3.04387100e-02 -1.46265160e-02
  7.88861513e-02  3.52235027e-02 -6.57814890e-02 -1.12929977e-01
  1.39555447e-02  1.17843576e-01  1.91352479e-02 -1.83456391e-02
 -1.01326248e-02 -2.08693612e-02 -6.88945949e-02  4.89796624e-02
  1.80725697e-02  1.71559572e-03  1.60214561e-03 -5.21787032e-02
  5.97177930e-02 -3.86148505e-02  4.36881520e-02 -5.84934540e-02
  4.97163367e-03  2.13263910e-02  6.20768405e-03  1.34489005e-02
 -7.68958703e-02  1.73995122e-02 -7.76404142e-02  7.94362929e-03
 -9.92773250e-02  3.44631262e-02 -3.88300465e-03  7.91421384e-02
  1.25052687e-02 -7.77638704e-03 -7.93635659e-03 -2.40815654e-02
  5.58607951e-02 -6.37880489e-02 -1.01714790e-01  3.45071473e-33
 -1.25994803e-02  1.62041048e-03  3.18974890e-02  1.22663178e-01
  8.13310593e-02 -1.14733092e-01  2.49922927e-02  2.51492672e-02
  5.85481785e-02  2.56175902e-02  6.14336866e-04  8.07778090e-02
 -3.25705893e-02  1.16723612e-01  5.65521121e-02  1.00140825e-01
 -1.75722258e-03  7.20658526e-02 -1.87128838e-02  2.55797114e-02
 -2.92074755e-02 -7.78942779e-02  3.73732746e-02  3.68097797e-02
 -4.91681546e-02  8.64775702e-02  6.55004606e-02 -6.56345207e-03
 -3.36743668e-02 -3.26699764e-02 -6.42485917e-03  1.61553249e-02
 -3.07277981e-02  2.43044887e-02  1.22775882e-02  3.94447595e-02
  5.29191904e-02 -7.44119361e-02 -7.92200677e-03  9.20360759e-02
  7.16246665e-02 -4.93272245e-02  6.25432208e-02  1.05960891e-01
 -6.31115958e-02  1.69507414e-02 -5.89281991e-02  4.56710309e-02
 -5.94520047e-02  1.26179336e-02  1.86535027e-02  1.01761982e-01
 -8.10797438e-02  4.72553335e-02  1.10144392e-02 -5.78026706e-03
 -5.76447435e-02  2.92601027e-02 -1.84603147e-02  5.23961335e-02
 -2.30484805e-03 -2.35705543e-02 -4.66282405e-02  7.10614696e-02
  3.62768210e-02 -4.74211797e-02 -6.74091512e-03 -3.85857634e-02
 -1.03031462e-02 -2.53104698e-02  3.67191508e-02 -1.45569732e-02
 -1.92225743e-02  2.50839349e-03 -8.87760520e-03 -5.21082245e-02
 -4.54124734e-02 -3.25274281e-02 -1.56629160e-02  3.56943011e-02
 -6.48723766e-02 -1.93328895e-02 -8.47935211e-03  2.66379658e-02
  2.66921408e-02 -6.65990124e-03  7.16394206e-05  3.77926417e-02
  1.31722158e-02 -3.99815589e-02  3.30030695e-02  7.52363130e-02
  2.27811597e-02  6.60906434e-02 -3.47233820e-03 -1.30883491e-08
  5.40926494e-02 -3.22563946e-02  1.51707721e-03  1.75179597e-02
  1.15662040e-02 -1.33499270e-02 -3.01985089e-02 -3.69274803e-02
 -5.09412633e-03  6.64005652e-02 -7.07848836e-03  3.72906327e-02
  1.32053718e-02  4.94661964e-02  1.91668943e-02 -1.05360001e-02
 -9.30284262e-02 -5.95285594e-02  2.12803390e-02  4.09149490e-02
 -6.33057356e-02 -3.00693996e-02 -7.40752071e-02  7.89448097e-02
 -1.45414250e-03  1.88220441e-02  2.43274607e-02  5.47822081e-02
  4.42151865e-03  1.16365634e-01  2.59022489e-02  9.55383778e-02
 -4.33318317e-02  6.35103136e-03 -6.90730363e-02 -2.62291301e-02
  2.39357073e-02  2.49814205e-02 -9.09473933e-03 -3.37385796e-02
 -2.88441367e-02  4.05512787e-02 -5.76323532e-02 -1.75963063e-02
 -5.67180179e-02 -1.15070373e-01 -4.03675437e-02  2.34039295e-02
 -1.47068379e-02 -1.91695690e-02 -2.56269947e-02 -6.73770625e-03
 -1.88741293e-02  9.14628431e-02  4.33711968e-02 -7.29961917e-02
  1.83673333e-02  3.99394035e-02 -4.48262803e-02  3.70445698e-02
  7.58561194e-02 -3.79607826e-02  6.62456751e-02  3.24341469e-02]"
185,Opportunities in Green Building,Environment,environmental,7,0.4559,"[ 2.94234902e-02  5.93595803e-02  4.65510637e-02  4.03250083e-02
  9.25535038e-02 -4.37608361e-02  9.30055305e-02 -2.79142596e-02
 -1.56695694e-02  4.91698682e-02  1.46241812e-02 -1.21006437e-01
 -3.04237474e-02  2.63481140e-02 -5.10410545e-03  5.66044182e-04
 -7.13069737e-02 -1.85578596e-02 -6.89479485e-02  1.00896778e-02
 -7.30881914e-02  9.15194973e-02  1.85075719e-02 -1.07861124e-02
 -1.04230046e-01  7.77317882e-02 -1.16722183e-02  6.19202703e-02
  4.40182984e-02 -6.36527315e-02  4.63096276e-02  1.35795444e-01
  7.58200958e-02 -6.41590282e-02  5.18101733e-03  8.27746168e-02
  4.76177000e-02 -3.58480364e-02  3.94728780e-02  4.79152752e-03
 -6.42248020e-02 -5.28732948e-02  5.73270023e-03 -6.61196038e-02
 -5.77181280e-02 -3.58366966e-02  2.54371241e-02 -1.10082909e-01
 -1.62164196e-02 -5.05823903e-02  2.88065579e-02  1.76714119e-02
 -9.06714574e-02  5.17519133e-04  7.01938290e-04 -9.29394811e-02
  1.48020955e-02 -1.67082194e-02 -7.69444276e-03 -2.37072427e-02
  1.29866913e-01 -4.48093787e-02 -1.06099740e-01  5.26965670e-02
  1.06077030e-01  3.21223363e-02 -4.66013290e-02  1.00679733e-01
  4.32769656e-02 -8.55781808e-02  5.51436283e-02 -3.06917331e-03
 -5.08446479e-04 -6.10806197e-02  1.47830890e-02  1.89991184e-02
 -1.33283818e-02  1.00695121e-03  5.42332865e-02 -4.69316542e-02
  9.74845588e-02 -4.55856994e-02 -7.38610104e-02 -1.03121130e-02
  8.22287276e-02 -1.22798595e-03  2.66994629e-02 -1.85170900e-02
 -2.11907700e-02  4.93032858e-02 -4.16678488e-02 -4.92380261e-02
  9.53871235e-02  1.01665733e-02 -9.53693241e-02  7.97835737e-02
  1.98846236e-02 -7.00567737e-02  2.11661849e-02  1.90571442e-01
 -4.41129096e-02  1.80129707e-02 -9.12160203e-02  2.78086774e-02
 -2.22663675e-03 -6.64783344e-02 -1.42638823e-02  3.96965295e-02
  2.63188872e-02  1.02832941e-02 -7.21670091e-02 -3.38842161e-02
 -3.14766541e-02  4.17146832e-02  3.38467099e-02  1.50637059e-02
  7.41173998e-02 -6.19875714e-02  4.97951359e-02 -1.73714161e-02
 -4.86150756e-03 -9.07943211e-03 -3.00881285e-02  3.37274820e-02
  4.05693194e-03 -8.36046636e-02  6.07936783e-03 -5.46133059e-33
  3.68937552e-02 -6.70837611e-02  8.19897130e-02 -6.14337921e-02
  2.70767137e-02  6.24167882e-02 -3.54157872e-02 -2.46629119e-02
 -6.25555031e-03  3.03228237e-02  2.62551736e-02  5.26719168e-02
 -6.63965270e-02  5.44198900e-02  1.51424214e-01 -1.69193372e-02
 -1.07613273e-01  3.02188937e-02 -2.79522454e-03  2.57840939e-03
 -2.31366828e-02  3.09065972e-02 -3.88305336e-02  5.96017949e-02
  5.74983917e-02 -6.55676201e-02  6.48263842e-02 -4.32679802e-02
 -2.42338162e-02  9.78320092e-03  7.95183107e-02  3.53806205e-02
 -4.30563688e-02 -9.09336656e-03  4.24328409e-02 -1.84061099e-02
 -4.89720814e-02  5.78875653e-02 -3.62631120e-02 -4.35453393e-02
 -2.11544838e-02  1.16679142e-03  2.90663149e-02  2.98514627e-02
  4.84351553e-02 -1.15346564e-02  4.62590046e-02  1.45283109e-02
 -3.13730463e-02  2.48040687e-02 -3.81848253e-02  4.39743400e-02
 -3.34139131e-02 -2.91978735e-02  7.10950699e-03 -6.28487673e-03
  7.14248046e-02 -2.07667667e-02 -3.75941768e-02 -1.34372786e-02
  2.66693849e-02  1.77349672e-01 -4.04703915e-02 -1.09065333e-02
  9.64723155e-02 -2.10637096e-02  3.57884094e-02  2.08221413e-02
  1.89184286e-02 -1.02257086e-02 -4.16537523e-02 -2.44810022e-02
  1.49678420e-02  2.68920287e-02 -5.72762378e-02 -2.22617146e-02
 -4.49381471e-02 -6.30477024e-03 -5.67882247e-02  5.21987006e-02
 -5.18746749e-02  2.06683632e-02 -6.46070391e-02 -2.15132236e-02
 -2.18314901e-02  8.30346067e-03 -2.32080044e-03 -5.64337857e-02
  7.04839602e-02  8.00417513e-02 -1.94831546e-02  1.05452454e-02
  1.23503404e-02  8.06189026e-04 -8.49922374e-02  3.32247344e-33
 -1.85735766e-02 -2.25647986e-02 -4.15043049e-02  2.13459246e-02
 -2.93566715e-02 -5.32729775e-02 -6.15489706e-02  2.52235439e-02
  5.56211583e-02  5.93355298e-02 -9.94036123e-02  1.09323934e-01
  9.50791091e-02  4.64330539e-02  2.44705863e-02 -5.82904853e-02
 -5.44509403e-02  5.39419614e-02  4.67187812e-04 -2.82340664e-02
 -3.01829111e-02  3.58304172e-03 -2.40244046e-02  2.49637384e-02
 -6.24447279e-02  6.91333562e-02 -3.58158462e-02 -1.99585035e-02
  2.31184792e-02  2.03754120e-02 -3.67810205e-02  3.91935818e-02
 -3.18603255e-02  6.22534230e-02 -3.80355641e-02  1.37951430e-02
  1.48286228e-03 -5.35822138e-02 -2.48922370e-02  1.18764089e-02
  2.41450090e-02  3.80402547e-03  4.24854569e-02  4.07686904e-02
 -2.21768748e-02  3.47569399e-02 -6.22857995e-02  2.74870656e-02
  2.75618676e-02 -2.35495456e-02  5.66889420e-02  5.10428436e-02
 -4.61455546e-02 -3.86656709e-02  8.24475214e-02 -1.13750910e-02
  1.25306370e-02  2.43886728e-02  3.13695753e-03  1.14133731e-02
  1.18067406e-01  9.68590677e-02 -2.37297397e-02  8.32712799e-02
 -8.81650075e-02  1.56793278e-02 -1.53318569e-02  2.54108254e-02
 -7.41499737e-02 -4.78495434e-02  6.14365505e-04  1.58856902e-02
 -9.72765237e-02 -6.27395213e-02 -7.27646202e-02 -5.65639092e-03
 -4.07611169e-02  2.63616946e-02 -3.50487866e-02  1.26121175e-02
 -4.38694954e-02  1.26560610e-02 -2.79752761e-02  2.06409711e-02
 -8.20602477e-03 -5.72121702e-02 -4.79213670e-02 -6.67885095e-02
 -6.51913229e-03 -1.23094385e-02 -1.61633715e-02  1.16000120e-02
 -1.15032032e-01  6.93974122e-02 -2.27947086e-02 -1.28662272e-08
  3.06701579e-04 -3.14678922e-02  5.92299774e-02  1.93422288e-02
 -5.51463105e-03  3.05357785e-03  1.06795311e-01  3.02069914e-02
  2.86450852e-02  6.34947568e-02 -1.41160553e-02  1.62381586e-02
  4.34507988e-02  1.06191196e-01 -1.95824225e-02 -5.16445152e-02
  5.22762677e-03 -8.68638307e-02 -4.94096614e-02  3.82326473e-03
  1.86009724e-02 -2.43300740e-02 -1.30977361e-02  4.12851274e-02
 -4.11151126e-02 -5.73971123e-02  4.89011891e-02  2.53267400e-03
  5.12218811e-02  4.92720641e-02  5.69865890e-02  9.14535522e-02
 -4.55191880e-02 -2.23763175e-02 -7.83428103e-02 -8.71393904e-02
  1.15007497e-02 -2.33703554e-02 -6.29855245e-02 -4.31614779e-02
 -5.10893613e-02  5.08135511e-03 -9.50673874e-03 -1.15847383e-02
  5.10271825e-02 -6.70967847e-02  1.27111189e-02  2.78030541e-02
  2.24319287e-03  1.70373041e-02 -3.66397686e-02 -9.30932015e-02
  3.07124555e-02  3.35388035e-02  3.71334627e-02 -1.68844108e-02
 -1.33052943e-02  1.24371490e-02 -1.88337881e-02  1.88166779e-02
  8.02235529e-02  1.68495364e-02  4.61320505e-02  4.82950173e-02]"
186,Opportunities in Green Building,Environment,sustainable,11,0.4242,"[ 9.22848657e-03  1.04225494e-01 -5.20337233e-03  5.47348708e-02
  6.56212270e-02  3.49341072e-02 -3.36268134e-02 -3.76468860e-02
 -3.96983027e-02  2.51432937e-02  1.69527251e-02 -6.44890815e-02
  3.16630933e-03 -1.16359778e-02 -6.44629896e-02  2.11503748e-02
 -7.73705691e-02 -1.85290948e-02 -5.18384688e-02 -3.76979560e-02
 -3.17952447e-02  2.19671428e-02  3.85503657e-02  2.70640347e-02
 -7.63282478e-02  1.03875540e-01 -2.92969681e-02 -1.91211142e-02
  4.23213653e-02  4.95439582e-03  4.85607237e-02  5.02502844e-02
  1.30012818e-02 -2.60172114e-02  2.93463916e-02  9.57414955e-02
  3.52528132e-02 -4.42201793e-02  1.43693034e-02 -2.51109973e-02
 -7.70237297e-02 -9.52913687e-02 -4.47366871e-02 -9.41595659e-02
 -2.59539764e-03 -1.26119899e-02  8.20878614e-03 -6.19556792e-02
 -2.95565594e-02 -4.27200533e-02  3.41579765e-02 -5.02084091e-04
 -3.00382003e-02 -1.89252812e-02  4.37179767e-02 -6.11736402e-02
  2.79853903e-02 -6.42527863e-02 -2.07235217e-02 -2.18733978e-02
  8.45526680e-02 -2.10564993e-02 -9.17030424e-02  2.87472475e-02
  1.00640893e-01  7.32735246e-02 -4.29532006e-02  9.35131684e-02
 -1.01452162e-02  1.78359766e-02 -2.33976170e-03 -1.58628561e-02
 -5.75798517e-03 -5.97963035e-02  4.22031507e-02 -1.17575238e-02
  3.97013128e-03  3.91095085e-03  7.51854256e-02  6.64167330e-02
  1.13268524e-01 -1.07284132e-02 -3.77447084e-02 -2.31292900e-02
  3.36776040e-02 -1.38704013e-03  1.88854020e-02 -2.25956254e-02
  6.18289635e-02  5.19074406e-03 -9.07039046e-02  4.43285704e-02
  6.67704120e-02  1.78690795e-02 -1.05950765e-01  3.86274932e-03
 -4.39076610e-02 -3.57128233e-02 -1.21811302e-02  1.94087461e-01
 -1.41280005e-03  5.02700917e-02 -2.97651440e-02 -2.10272409e-02
 -4.83780243e-02 -3.86787355e-02 -9.07786936e-03  6.36170655e-02
 -1.49172023e-02 -4.08357009e-03 -4.60484587e-02 -9.78361070e-03
 -5.33926673e-02  1.02120578e-01  3.39171961e-02 -1.53101832e-02
  7.39554167e-02 -5.02446443e-02  6.67683780e-02 -1.66818388e-02
  4.17237878e-02  1.31767010e-02  3.22599858e-02  9.48042329e-03
  6.20074454e-04 -2.80210432e-02  3.61135341e-02 -5.52840393e-33
 -1.48394601e-02 -3.34775522e-02  9.89520699e-02 -6.85551912e-02
 -2.94705592e-02  4.71741818e-02 -9.15629566e-02  1.37880892e-02
 -1.79847945e-02  5.16757928e-03  7.73872808e-02  2.91417111e-02
 -2.75963433e-02  1.77336913e-02  1.29787073e-01 -1.06546946e-01
 -4.13528904e-02  4.55355272e-02  2.12636534e-02 -2.50718109e-02
 -4.47093602e-03  6.01316430e-02  8.44855886e-03  3.08014601e-02
  9.07533020e-02 -3.71237732e-02  4.63145263e-02  9.65213217e-03
 -3.71443592e-02  1.91891808e-02  5.05467225e-03  5.53693138e-02
 -1.00778893e-01 -6.49165809e-02  1.78201981e-02 -2.91374754e-02
 -1.17507905e-01  7.11434931e-02 -3.52123342e-02  1.40156411e-03
 -4.16946560e-02 -2.99997497e-02  6.44450560e-02 -7.87003338e-03
  4.77563292e-02  4.65479232e-02  4.81169149e-02  5.75945191e-02
 -9.17959288e-02  1.41532915e-02 -3.60856541e-02  3.18858027e-02
 -1.17478035e-01 -5.55104725e-02 -1.34805748e-02 -9.49740931e-02
  1.08085293e-02  1.17899748e-02 -6.47198111e-02 -1.11516349e-01
 -4.49610082e-03  4.77622002e-02 -1.05567649e-01 -2.63494789e-03
  6.43549860e-02  1.48124760e-02 -8.25338997e-03  5.63167743e-02
 -1.48336114e-02 -1.08926147e-02  1.56978834e-02 -4.64977697e-02
  5.14241047e-02 -1.26619134e-02 -2.74164844e-02 -3.29976268e-02
 -2.37195287e-02  3.76674533e-02 -6.72404841e-02  8.07582885e-02
 -8.06140229e-02  8.10746402e-02 -3.86328474e-02 -7.41092637e-02
  1.20861135e-01  2.08178000e-03  2.19565239e-02 -6.61599543e-03
  8.28580037e-02  3.42445485e-02 -3.27432901e-02  2.21828036e-02
  4.93733808e-02 -1.77856088e-02 -7.77353570e-02  2.92105038e-33
  6.09750375e-02  3.88426259e-02 -6.63989782e-02  2.79159583e-02
 -5.53466603e-02 -6.01773188e-02 -1.09983422e-01  3.36026750e-03
 -9.33929550e-05  3.32125067e-03 -8.83268472e-03  5.21280505e-02
  5.92173524e-02  4.77920659e-02  1.07878400e-03 -9.70176980e-03
 -3.10023893e-02 -1.45024024e-02 -6.69280440e-02 -1.78756732e-02
 -3.16871330e-02  1.60111077e-02 -3.63075957e-02  4.25581224e-02
 -5.90747818e-02  5.28500564e-02 -5.77046629e-03  4.52349521e-02
  6.16407804e-02 -2.10503265e-02  1.42845968e-02 -3.18131484e-02
 -5.13933450e-02  7.18569942e-03 -2.67034210e-02  1.98693238e-02
 -2.73500197e-02 -4.33276743e-02  6.31152540e-02  5.41477688e-02
  5.77913448e-02 -6.60759211e-03 -1.04236215e-01  4.86186258e-02
  3.26525830e-02 -4.29465016e-03 -6.47674352e-02 -4.81524214e-04
  4.36642915e-02  2.74656573e-04  8.64008963e-02  4.58669178e-02
 -7.32465982e-02 -9.47188735e-02  1.20803146e-02 -5.71760722e-03
  1.09920511e-02  4.61515002e-02 -5.11154272e-02 -6.00319952e-02
  3.62726972e-02  5.81586920e-02  3.99780460e-02  1.01935655e-01
 -1.90357901e-02  1.56874415e-02  5.85634150e-02 -5.15712984e-03
  2.64164736e-03 -5.89668043e-02  2.02981811e-02  1.42573789e-02
 -1.51132405e-01 -2.72336490e-02 -3.34407575e-02  2.20838301e-02
 -2.90264077e-02 -3.90031259e-03 -3.15845162e-02 -1.64761264e-02
 -6.92284405e-02 -3.84390578e-02  1.87562115e-03 -2.44203433e-02
  6.09043380e-03 -6.55906275e-02 -5.36674410e-02 -7.88323507e-02
  4.57958458e-03  7.60348365e-02  9.78236739e-03 -1.57828536e-02
 -1.55801430e-01  9.45107788e-02  3.00860088e-02 -1.25546196e-08
  6.05057143e-02  2.95662526e-02 -1.74850374e-02  2.85795908e-02
 -1.44425500e-02 -2.65439674e-02  8.05598199e-02 -3.44175622e-02
  5.89632951e-02  1.07937708e-01  8.94644111e-03  1.78459845e-02
  2.18603462e-02  8.73749629e-02 -3.82472500e-02 -2.86708283e-03
 -6.67365361e-03 -1.20435245e-02 -6.73184097e-02 -2.14520749e-03
  1.76874567e-02 -3.53974216e-02 -3.22567560e-02  6.17222786e-02
 -3.87332439e-02 -3.67024839e-02  5.47896028e-02 -1.33393304e-02
  1.81088559e-02  3.96246165e-02  7.25238547e-02  5.66703342e-02
 -4.37665507e-02 -3.11234202e-02 -6.73405379e-02 -8.23970884e-02
  4.70331125e-02  3.90243419e-02  8.42126831e-03 -3.68036330e-03
 -2.35822760e-02  4.37031053e-02 -6.66967556e-02  5.79174720e-02
  1.87370982e-02 -4.97251078e-02  1.47886956e-02  5.74118495e-02
 -3.46751027e-02  4.61712368e-02 -5.07141091e-03 -1.56043917e-02
  2.25546844e-02  3.85336988e-02 -1.84016619e-02 -2.51526870e-02
  3.09344139e-02  4.52180319e-02 -6.07753582e-02  1.50869302e-02
  1.12989694e-01 -5.29464781e-02  4.81697209e-02  5.69882914e-02]"
187,Opportunities in Green Building,Environment,renewable,3,0.4178,"[-6.88645020e-02  9.91182327e-02  3.06087732e-02  4.21508849e-02
  6.26726523e-02  1.73113309e-02  2.44722962e-02 -2.26443298e-02
 -1.73315536e-02  2.11048145e-02  2.80795572e-03 -4.72380668e-02
 -1.85474157e-02 -6.68225577e-03  3.91185880e-02  3.73119526e-02
 -4.20459956e-02 -6.67875959e-03 -4.98724915e-02  1.19579183e-02
  2.42173076e-02  2.40203571e-02  4.06166632e-03 -1.27670374e-02
  6.44235834e-02  1.00446738e-01 -1.01173125e-01  4.64974642e-02
  2.68401410e-02 -4.06126529e-02 -7.34664639e-03  1.13655634e-01
 -5.92951104e-02  1.76826864e-03  4.69816998e-02  1.17129363e-01
 -3.06254495e-02 -7.06875231e-03  1.12774391e-02  3.62830162e-02
 -6.25606328e-02 -8.02160576e-02  2.58233361e-02 -2.64091976e-02
 -4.97780517e-02  1.98561531e-02  2.42760722e-02 -6.31995276e-02
  4.86936606e-02 -6.93747178e-02  2.49333512e-02 -1.12363975e-02
 -4.96925488e-02 -9.82792582e-04  2.29088869e-02 -6.75811842e-02
  3.93980742e-02 -3.03464625e-02  2.39863060e-02 -1.25156268e-02
  1.27636433e-01 -7.94661567e-02 -6.33448288e-02 -1.63589753e-02
 -1.16906944e-03  9.38401930e-03 -2.54845303e-02  1.16857745e-01
  5.41633274e-03 -1.40019238e-01  2.38983817e-02 -3.42438668e-02
 -5.02387248e-03 -6.05308712e-02 -1.86578184e-02 -5.27672432e-02
  5.24434932e-02  6.00463292e-03  8.11523423e-02 -5.95496148e-02
  2.89434660e-02  1.29687125e-02 -7.20824376e-02 -8.35304633e-02
  1.56119019e-02  1.77322049e-02  3.51266116e-02 -1.69765782e-02
  6.00462332e-02  2.54249219e-02 -7.68416226e-02  3.27534229e-02
  8.78710523e-02  6.01405418e-03 -4.04931195e-02  9.67298448e-02
 -4.94378852e-04 -4.89650592e-02 -8.75034481e-02  1.85240254e-01
  6.94176182e-02  8.00174400e-02 -3.83970886e-02 -2.51035430e-02
  4.84019658e-03 -4.91755120e-02 -3.45934816e-02  9.19941068e-02
  6.59951940e-02 -5.13547845e-03 -3.26603204e-02  6.20796457e-02
  2.05761716e-02  2.82162111e-02 -1.67961027e-02  4.09132056e-02
  6.95014596e-02 -5.80501929e-02 -1.50000760e-02  1.53673543e-02
  3.49469110e-02 -3.98333482e-02 -5.97074861e-03  5.30621335e-02
 -4.70093377e-02 -5.67748509e-02  5.54753356e-02 -5.11301104e-33
  1.53499260e-03 -3.52021009e-02  1.32618085e-01 -9.94832162e-03
 -1.30582862e-02  4.83202748e-02 -8.36530402e-02 -2.14454159e-02
 -3.26145142e-02 -1.44144706e-02  8.69695470e-03  4.58647348e-02
 -8.84082541e-03  1.02539204e-01  6.70272261e-02 -1.33405343e-01
 -6.39313459e-02  3.59566323e-03  8.91262814e-02 -8.68387818e-02
 -6.80259690e-02  3.30491997e-02  4.27737013e-02  1.42598886e-03
  1.49301598e-02 -1.04681984e-01  1.04982890e-01 -7.20495060e-02
 -2.11082827e-02  4.56559025e-02  1.29195843e-02  2.41411291e-02
 -3.77243571e-02 -2.45970823e-02  1.12383552e-02  2.00612424e-03
 -7.80427232e-02  2.70579103e-02 -2.26060841e-02 -2.38728002e-02
 -2.26239022e-02  3.56821157e-02  2.95418408e-02  3.70542444e-02
  4.46342602e-02  5.38790748e-02  6.68225065e-02  5.85033670e-02
 -7.86777660e-02 -2.99710734e-03 -2.81845033e-02  7.86535591e-02
 -8.01723748e-02  1.47166825e-03  2.86215991e-02  1.98985450e-02
  5.12056798e-02  3.41893137e-02 -6.10214919e-02 -2.67707035e-02
 -7.90212490e-03  1.15315013e-01 -8.38590562e-02 -6.95065549e-03
  2.44491510e-02  1.80271268e-02 -3.03317569e-02  3.83403972e-02
 -7.74114579e-03  2.22484977e-03  1.46847656e-02 -1.19848736e-01
  2.49934308e-02  3.05259041e-02 -3.09925545e-02  1.80985481e-02
 -2.32849084e-02  4.25515622e-02 -6.86260164e-02  5.79772107e-02
 -7.22764134e-02  6.90109357e-02 -4.43741567e-02 -2.09311619e-02
 -6.26515672e-02 -2.91957613e-02 -2.06228974e-03 -3.18012312e-02
  3.22049297e-02 -2.26725009e-03 -4.94311191e-02  1.72462258e-02
  1.54165372e-01 -1.11326519e-02 -4.64611389e-02  2.94735519e-33
 -1.47339413e-02  2.40303092e-02 -7.37090856e-02 -2.66781282e-02
  5.65132052e-02 -4.27545905e-02 -3.13665234e-02 -6.66143745e-02
 -8.96491706e-02  1.57702882e-02 -1.96931474e-02  4.24099527e-03
 -4.24332097e-02  2.32236069e-02  4.36012372e-02  1.00780223e-02
  1.18730916e-03  5.95397651e-02 -4.38718833e-02  4.03477177e-02
 -3.21139507e-02  3.57457139e-02 -3.51469708e-03  6.71581179e-02
 -2.88441014e-02  5.24588041e-02 -5.38458563e-02  2.36389190e-02
 -1.06660770e-02  6.78979000e-03  1.71450712e-02  3.03048715e-02
 -7.95115456e-02  2.39808802e-02 -4.18242887e-02  1.42437881e-02
 -2.85837855e-02 -7.48336688e-02 -2.52086911e-02  2.83198263e-02
  6.59758747e-02 -2.71488372e-02  5.82139613e-03  5.49116842e-02
 -4.35603457e-03 -4.68432792e-02 -6.74092919e-02 -2.22052503e-02
  4.10588272e-03  1.93458050e-02  5.03155626e-02  8.75406619e-03
 -6.89551458e-02 -5.14620058e-02  3.12734768e-02 -6.02598079e-02
 -3.41917314e-02  8.35095346e-02 -5.07972389e-02 -6.92478567e-02
  2.56702397e-02  3.46063785e-02  1.38732754e-02  1.71042625e-02
 -2.78239548e-02  1.23884222e-02  2.11385582e-02 -5.57286479e-02
 -3.51957954e-03 -6.16358221e-02  5.37696593e-02  1.00362286e-01
 -1.15078151e-01 -5.10463826e-02 -2.78568566e-02 -1.72125269e-02
 -1.25566265e-02  1.40171889e-02 -5.85114062e-02 -5.40322326e-02
 -5.97468801e-02  5.84051479e-03 -3.55311073e-02 -7.17701912e-02
 -5.48173189e-02 -9.74914134e-02  4.18704227e-02 -1.20164134e-01
  4.00631465e-02  3.07164807e-02  8.56492389e-03 -3.83606404e-02
 -1.04530223e-01  8.27019736e-02 -2.16392111e-02 -1.13995142e-08
  4.84362245e-02  3.22509371e-02  7.66901020e-03 -2.10368214e-03
 -1.47545217e-02 -2.81850677e-02  3.62404138e-02  2.36539245e-02
  4.66176979e-02  2.53514815e-02  6.91761523e-02  2.38762926e-02
  9.77590904e-02  6.44158348e-02  2.72346493e-02 -4.30806763e-02
 -4.76674829e-03  5.70699014e-02 -4.91158813e-02  8.55839439e-03
  3.79119962e-02  1.59780821e-03 -2.27690265e-02  6.45154119e-02
 -2.51929350e-02 -6.78718369e-03  4.66948897e-02 -3.71291041e-02
  7.94797242e-02  5.84803671e-02  8.12743902e-02  5.52459434e-02
 -4.26119231e-02 -4.43195030e-02 -5.80165684e-02 -1.34606855e-02
 -3.32471393e-02 -2.68086344e-02 -1.18729556e-02  2.98559200e-02
 -3.70727219e-02  9.42974910e-02 -3.56290564e-02  4.46151085e-02
  5.42475842e-03 -2.43345127e-02 -3.50798666e-02  3.04233991e-02
  1.58073641e-02  1.79508701e-02  9.91921220e-03 -2.62393914e-02
  5.38775958e-02  1.39436219e-02 -2.84835696e-02  7.25900102e-03
 -4.60422151e-02  3.07660718e-02 -1.10538803e-01 -1.74768157e-02
  1.06952675e-01 -4.95753437e-02  2.23228373e-02  2.01475006e-02]"
188,Opportunities in Green Building,Environment,environment,12,0.3982,"[ 2.33644731e-02  2.18580198e-02  4.84402329e-02  2.53892560e-02
  9.61136594e-02 -5.16454242e-02  6.97700456e-02 -1.41005013e-02
 -3.41628045e-02  1.94270946e-02 -1.80527824e-03 -1.22163437e-01
  5.87061746e-04  2.41899900e-02  3.53952348e-02 -8.96298327e-03
 -3.78377736e-02 -1.04786418e-02 -6.04017824e-02  1.46315796e-02
 -8.17503706e-02  8.54109153e-02 -1.87415183e-02  4.12513007e-04
 -1.00401200e-01  6.98208660e-02  1.22120855e-02  8.91624540e-02
  3.49422768e-02 -1.38685942e-01  1.29033001e-02  1.06855422e-01
  5.68192303e-02 -4.38616201e-02  1.94474403e-02  1.23612463e-01
  3.45581844e-02 -3.53549533e-02  8.73706210e-03 -1.85381696e-02
 -4.21698317e-02 -6.35177419e-02 -2.88589089e-03 -6.79324567e-02
 -4.53753583e-02 -5.01465499e-02  3.68279815e-02 -7.81768784e-02
  4.09625545e-02 -6.07624538e-02  7.90585857e-03 -1.50915422e-02
 -1.08964741e-01 -1.88317359e-03  5.00403810e-03 -3.61914672e-02
  1.03831235e-02  5.69124660e-03  1.27366302e-03 -1.31937945e-02
  1.23778999e-01 -2.89570278e-04 -6.76719099e-02  9.64008197e-02
  1.14906214e-01  3.15997074e-03 -6.37826025e-02  1.12660810e-01
 -1.29361628e-02 -1.08178973e-01 -2.24746782e-02 -1.38711547e-02
 -3.07310931e-02 -8.17129463e-02 -1.01908408e-02 -1.44987917e-02
 -3.43085229e-02 -1.60658490e-02  1.09193616e-01 -8.87072994e-04
  8.14530626e-02 -2.56949719e-02 -1.11542843e-01  3.94444689e-02
 -9.65291914e-03 -8.16686824e-03  3.31681781e-02 -4.32622433e-03
  2.98048444e-02  7.05209151e-02 -2.06467118e-02 -6.68823868e-02
  9.65704247e-02  1.36720743e-02 -3.91561054e-02  5.08231334e-02
  2.76354328e-02 -6.18121438e-02  7.39366263e-02  2.06648201e-01
 -1.18304044e-02 -1.79128554e-02  1.61861070e-02  3.05576269e-02
  1.65510532e-02 -8.85703489e-02  1.16048930e-02  2.61527300e-02
  4.64541130e-02 -1.06099425e-02 -8.16501006e-02 -1.95546001e-02
 -2.64935251e-02  6.88949414e-03  6.85297921e-02 -3.63771692e-02
  6.51407242e-02 -3.79089639e-02  1.81040633e-02  5.48403803e-03
  4.22726534e-02 -2.95765847e-02  1.77190118e-02  7.02168047e-03
  2.20425446e-02 -3.82844545e-02  4.90661226e-02 -5.26335604e-33
  3.95574197e-02 -1.03494972e-01  5.49935289e-02 -1.52555518e-02
  6.25433326e-02  4.10627499e-02 -1.80450492e-02 -6.97509339e-03
 -2.21378393e-02  1.93453114e-02  2.09278520e-02  6.51206598e-02
 -6.19755052e-02  4.08728458e-02  1.40061140e-01 -8.89539067e-03
 -5.86254969e-02  8.38092491e-02 -4.02802378e-02  2.35806033e-02
 -6.18906543e-02  4.38132882e-03 -3.66587117e-02  1.41741587e-02
  4.78837416e-02 -5.16073518e-02  6.20960891e-02 -4.83354814e-02
 -2.39072833e-02  4.82434127e-03  7.42773041e-02  2.29782909e-02
 -4.74663340e-02  3.71650681e-02  3.35917361e-02  3.67151722e-02
 -2.46649534e-02  1.96771882e-02 -2.69506052e-02 -5.48793115e-02
 -4.42420617e-02  1.71992648e-02  5.32386042e-02 -1.93753503e-02
  6.57054782e-02  7.61341862e-03  1.09702006e-01  4.98276092e-02
 -3.27400230e-02  2.81997323e-02 -4.79887798e-02  1.27907014e-02
  6.72886334e-03 -1.70785841e-02  2.57480610e-02  1.77239580e-03
  5.27571738e-02 -1.37507869e-02 -2.70013120e-02 -4.22072178e-03
  3.19309048e-02  1.29968867e-01 -6.11014850e-03 -6.60958737e-02
  8.52966979e-02 -3.28664631e-02  5.83361555e-03  2.27541421e-02
  2.71526556e-02  1.59754381e-02 -1.10382475e-01 -4.36896086e-02
  9.96702630e-03  5.20829596e-02 -2.97340825e-02 -3.40342186e-02
 -5.93370236e-02 -1.50742475e-02 -7.59957507e-02  3.31646465e-02
 -8.03051069e-02  3.76475416e-02 -5.03134876e-02  1.40681509e-02
  8.85243155e-03  2.95624249e-02  7.97884725e-03 -7.77019709e-02
  2.27048863e-02  5.94608448e-02 -2.97099315e-02 -2.91036405e-02
  3.92825454e-02  1.71548780e-02 -6.01729155e-02  3.46829535e-33
 -3.18984203e-02 -2.65864879e-02 -4.55456637e-02  8.44374858e-03
  1.45142088e-02 -2.12465320e-02 -5.16113974e-02  4.26219031e-02
 -3.59162800e-02  4.24568094e-02 -7.53761902e-02  8.84887278e-02
  1.19863234e-01  3.75612266e-02 -1.22323940e-02 -3.76544409e-02
  3.20453867e-02  8.52147583e-03  1.62867587e-02  1.93882696e-02
 -4.90693860e-02  1.64304972e-02 -3.09050921e-02  2.09064279e-02
 -9.05316919e-02  7.90200233e-02  1.38924653e-02  1.87219214e-02
 -2.86406511e-03  2.83480790e-02 -4.26415317e-02  1.76433604e-02
 -5.08972481e-02  8.33589062e-02 -5.84149696e-02  2.79677194e-02
  4.45216186e-02 -1.12980381e-01 -8.94009620e-02 -2.94840559e-02
  7.47299418e-02 -4.07969467e-02  1.53344134e-02  6.01530783e-02
 -1.44062773e-03  3.27702761e-02 -4.52851206e-02 -4.28736676e-04
  1.70291904e-02 -1.78245623e-02  2.37181187e-02  1.95850413e-02
 -5.56834564e-02 -2.08660029e-02  3.14949676e-02 -4.81543317e-02
  2.97331391e-03  5.53190112e-02 -6.80504460e-03  2.68062786e-03
  4.83568124e-02  6.19467534e-02 -2.61719730e-02  4.28740606e-02
 -1.16639413e-01  3.17427740e-02 -2.40533501e-02  6.62343502e-02
 -7.50383735e-02 -4.30174582e-02  1.72801223e-02 -2.12994665e-02
 -1.08222477e-01 -4.84736972e-02 -4.74335849e-02 -4.91533503e-02
 -4.66140769e-02 -3.44758108e-02 -2.72409283e-02  1.64527632e-02
 -4.46931310e-02 -9.36014391e-03 -3.87573540e-02  2.07285676e-02
 -2.33777054e-02 -4.94104549e-02 -3.72339562e-02 -2.67811622e-02
  1.14253964e-02  3.74468416e-02 -3.14212888e-02  3.35009955e-02
 -1.31737918e-01  5.97790889e-02 -3.66999060e-02 -1.19952857e-08
  1.45915747e-02 -1.86945274e-02  8.24242383e-02  5.39038284e-03
 -3.81034240e-02  2.98110396e-03  9.74817649e-02  1.25247035e-02
  2.90639773e-02  1.17605813e-01 -2.24858578e-02  1.32963089e-02
  8.45004395e-02  1.16270021e-01  3.32873277e-02  4.63178335e-03
 -4.06811498e-02 -2.50607673e-02 -7.83652663e-02  1.06120519e-02
  4.05148380e-02  1.92327648e-02 -8.44392180e-03  3.48386876e-02
 -6.79071993e-03 -6.09513521e-02 -1.51927201e-02 -6.20927429e-03
  3.17065008e-02  4.04941551e-02  4.90804203e-02  8.48616660e-02
 -6.22213446e-02 -2.13269666e-02 -8.12063366e-02 -2.26048920e-02
  1.98088475e-02 -3.74044292e-03 -7.71847228e-03 -1.00763300e-02
 -8.04642886e-02  5.64307114e-03  1.27659822e-02 -4.18242253e-02
  1.64447073e-02 -3.60355265e-02 -2.57604825e-03 -3.12748551e-02
 -2.45842747e-02 -9.68676247e-03 -2.32992526e-02 -7.58328736e-02
  1.70359444e-02  3.99080999e-02  1.16938435e-01  1.17092254e-03
 -7.49916630e-03 -2.00981852e-02 -4.92538251e-02  6.69232383e-02
  2.91147456e-02  4.12308723e-02  2.07546111e-02  2.29336061e-02]"
189,Opportunities in Green Building,Environment,facilities,9,0.3733,"[ 7.17870668e-02  7.11912615e-03 -2.68937405e-02  3.48630473e-02
 -7.48900250e-02  1.07634440e-02  6.45663068e-02 -3.52379493e-02
  2.13557873e-02  1.99208409e-02  4.75982726e-02 -3.52458619e-02
  1.13540338e-02  7.49115869e-02  7.08049834e-02 -1.94329750e-02
  5.71269020e-02 -5.53017780e-02 -2.35963780e-02 -8.00855830e-02
  8.19842797e-03 -3.62448879e-02  6.94836024e-04 -1.44797442e-02
 -4.05855924e-02  7.58212060e-02 -7.14134872e-02  6.65711910e-02
  7.30207935e-02 -7.52723813e-02  2.13564858e-02  2.48217918e-02
  3.60962413e-02 -4.57272455e-02  6.55338541e-02  1.00192845e-01
  3.32667120e-02 -5.12078889e-02  5.42165563e-02  1.01788277e-02
 -3.59614231e-02 -6.54771775e-02  2.08283849e-02  4.57604462e-03
  2.96535287e-02  4.61653061e-03  1.31535123e-03 -3.10726054e-02
  4.04761620e-02 -2.73130964e-02  9.34144035e-02 -3.84622067e-02
  4.29423638e-02  5.46880923e-02 -4.14317250e-02 -5.90647236e-02
 -6.41196920e-03 -4.12214622e-02  2.93418695e-03 -1.52091356e-02
  6.02494814e-02 -2.11990494e-02 -8.21503624e-02 -1.16400830e-02
  1.88476201e-02 -4.56422046e-02 -2.62526199e-02  8.30496624e-02
  6.38006181e-02 -9.56341922e-02  1.52418213e-02 -4.82916869e-02
  1.29915467e-02 -3.48061533e-03  3.61216739e-02  2.61305645e-02
 -4.96096089e-02  5.76554332e-03  8.47084597e-02 -4.49663587e-02
  7.34500140e-02 -2.72180960e-02  1.09142419e-02  4.06470485e-02
 -4.17598151e-02 -4.59316373e-02 -2.67913062e-02  1.76614989e-02
 -2.06485707e-02 -1.73724834e-02 -9.76635516e-03  3.58224623e-02
 -1.90981608e-02 -3.60922776e-02 -8.34282022e-03 -1.87668242e-02
 -3.15601788e-02 -3.77586856e-02 -2.33978909e-02  1.91097811e-01
  2.20623035e-02  4.56542186e-02  7.54637867e-02  2.23821052e-03
 -1.03970639e-01 -7.07809627e-02 -4.02680077e-02  5.82890771e-02
  3.18657346e-02 -1.05553688e-02 -4.17436399e-02  1.71459559e-02
 -6.17793165e-02 -1.74869932e-02 -6.17696568e-02  5.96422888e-02
  4.55772355e-02 -1.44040175e-02  3.81001756e-02 -3.71026210e-02
 -2.51331162e-02  2.87473598e-03  2.36548670e-03 -7.84425717e-03
 -3.35799232e-02 -2.85874382e-02 -5.25419675e-02 -4.64851004e-33
 -4.20952588e-02 -4.52850051e-02 -4.77933399e-02  5.48966937e-02
  4.77442406e-02 -8.00159469e-04 -7.48139024e-02  1.09794978e-02
  9.43939015e-03 -5.77010075e-03 -4.05724831e-02  2.39931531e-02
  2.55661625e-02 -6.90068156e-02  1.27465010e-01 -7.43692666e-02
  6.68621212e-02  1.04989983e-01  1.30949803e-02  8.48554820e-03
 -2.54882220e-02  5.74165198e-04 -1.35790706e-02  4.32533473e-02
  1.12418845e-01  2.51186863e-02 -3.62460427e-02  1.12537751e-02
 -1.27340769e-02  2.12155934e-02  4.34357896e-02  6.47972450e-02
 -2.88168080e-02 -6.84226630e-03  1.05082896e-02  2.35431641e-02
 -3.05602662e-02 -4.20361497e-02  7.84373656e-03 -6.52384162e-02
  7.52612110e-03  5.38580231e-02 -2.63426527e-02  6.90657943e-02
  7.23793879e-02  8.12793225e-02  3.66621325e-03  1.24717578e-02
  8.79465789e-02  1.04796467e-02 -5.22582717e-02  3.54404747e-02
 -1.32477015e-01 -4.45122831e-02  7.51952976e-02 -2.00466923e-02
  1.67734269e-02  5.91241568e-02  5.79434931e-02 -1.12305293e-02
  4.32884917e-02  8.87381881e-02 -1.52583584e-01 -1.38250468e-02
  3.96742448e-02 -7.91653842e-02  1.07635269e-02 -2.27108058e-02
  1.63932979e-01  3.30681279e-02 -8.54564309e-02 -1.07060382e-02
  7.76365846e-02  4.07593809e-02 -3.13323587e-02 -8.80379416e-03
 -1.11204684e-01  5.45416139e-02 -8.61788020e-02  5.15510701e-02
 -3.61083224e-02 -1.32113984e-02 -3.01034506e-02  1.05853863e-01
  2.32084244e-02 -5.12644015e-02  1.89091451e-02 -3.34472992e-02
 -5.99574968e-02 -2.15251744e-02 -5.00053279e-02 -8.03841371e-03
  2.04454791e-02  3.77654098e-02 -4.53754365e-02  3.53121589e-33
  5.08600511e-02 -6.16351794e-03 -6.77552968e-02  1.76733155e-02
 -4.45213728e-03  4.08163518e-02  5.75566106e-02 -7.02130049e-02
  3.53846438e-02  5.20929731e-02 -7.77031779e-02 -4.08524182e-03
  5.09599298e-02  1.68075284e-03 -2.73233205e-02  2.00691000e-02
  3.01738977e-02 -3.42842899e-02 -4.01367843e-02  6.64365888e-02
 -3.09832580e-02  2.84716785e-02  7.56502599e-02 -2.93360483e-02
 -3.54493409e-02  4.75388616e-02 -1.36106275e-03 -1.24762662e-01
 -6.00861236e-02  2.45744437e-02 -9.50731933e-02 -6.64404556e-02
 -4.83536758e-02  1.15474381e-01 -2.09557023e-02 -5.01083164e-03
  4.88231666e-02  6.77763671e-02 -6.09150268e-02  2.72278185e-03
  1.29557520e-01 -2.25291550e-02 -5.05207703e-02  1.50873989e-01
  3.61650027e-02 -5.80246001e-03 -6.12580366e-02 -3.79694370e-03
 -9.22327675e-03 -4.98648360e-02 -5.10605201e-02 -5.01541011e-02
 -8.38172883e-02 -7.24548846e-02  3.25311609e-02 -6.99124625e-03
 -2.64340937e-02 -6.65884931e-03 -3.19578350e-02 -1.03924870e-02
  5.60288206e-02  1.02259414e-02 -6.58853278e-02  8.98335725e-02
 -4.63586077e-02  3.65934558e-02 -2.78847981e-02  5.71021438e-03
 -2.68864110e-02  2.02242984e-03  2.05087159e-02 -3.86279486e-02
  1.66700594e-02  1.39811942e-02 -5.99944293e-02 -8.28140997e-04
  2.26039123e-02 -1.49871921e-02 -5.41212969e-03 -3.70915681e-02
 -1.26189031e-02  1.40055642e-02 -7.50353858e-02  1.47202704e-02
  3.96302156e-02  3.00819576e-02  1.02402478e-01 -2.82012299e-02
 -4.77047963e-03  3.33253207e-04 -1.89828835e-02  4.09810245e-02
 -3.09747811e-02 -2.59761829e-02  3.96718178e-03 -1.13040040e-08
 -2.57325843e-02  3.33020724e-02 -7.23766861e-03  9.50877182e-03
 -1.26204127e-02 -1.11590594e-01  1.93275902e-02  5.52432388e-02
  3.50041315e-02  1.33238211e-01 -6.47675321e-02  1.54781397e-02
 -1.39010120e-02  1.91824157e-02  1.20609589e-02  6.81803152e-02
 -9.05693769e-02  5.07231355e-02 -6.32716566e-02 -1.01513639e-02
  6.02074945e-03  2.80422270e-02  2.09651534e-02  3.28604467e-02
  7.08591251e-04 -2.96992734e-02 -1.34969165e-03 -4.27751802e-03
  8.09507594e-02  3.98406163e-02  6.26124144e-02 -4.52239923e-02
  1.66360028e-02 -3.54120210e-02 -1.25915196e-03 -2.44658012e-02
 -3.61966062e-03 -3.22822556e-02  4.84936647e-02 -9.91456509e-02
 -9.31146219e-02 -1.41304836e-01 -3.31327207e-02  3.27968262e-02
  9.24179628e-02  5.23691326e-02 -3.69360223e-02  2.54977886e-02
 -1.24745416e-02 -4.62617427e-02 -4.45692092e-02  9.06505063e-03
  3.18116334e-04  2.79836711e-02  5.30570410e-02  6.05998002e-02
  1.32472590e-02 -4.75051962e-02  5.05540287e-04  7.66013414e-02
  1.46416482e-02  6.12667501e-02  8.09803903e-02 -2.09665224e-02]"
190,Opportunities in Green Building,Environment,innovating,1,0.3733,"[ 2.53155385e-03  2.83287279e-02  1.40998187e-02 -4.00963761e-02
  2.87947226e-02 -6.05617575e-02  3.35402340e-02  3.46577950e-02
 -3.65417562e-02 -6.58086222e-03  2.71377321e-02 -1.42225502e-02
  3.12251151e-02  2.01361030e-02 -1.29568931e-02  1.00550111e-02
 -3.33397910e-02  5.41411862e-02 -9.25074518e-02 -1.23325944e-01
 -1.15434580e-01 -2.33853441e-02  2.58671828e-02  1.75693701e-03
 -5.52254878e-02  9.38905180e-02  2.62447912e-03 -2.28418037e-02
  4.21419926e-02 -1.11631662e-01  1.94185239e-03  8.43500495e-02
  5.45699745e-02 -4.01920788e-02  3.12094223e-02  4.65041697e-02
  2.56571788e-02  8.26226454e-03  4.94382828e-02 -3.52473482e-02
 -3.51007842e-02 -1.48385122e-01 -3.05746496e-02 -1.77264996e-02
  3.67347337e-02 -6.68397471e-02  2.85262261e-02 -2.32415367e-02
 -2.79428009e-02  2.53715441e-02 -7.35396594e-02 -7.34399483e-02
 -7.30171576e-02 -6.20297603e-02 -4.44841618e-03 -8.30638316e-03
 -8.82627163e-03  4.95976135e-02  6.77172141e-03 -4.82022539e-02
  1.26936987e-01  6.70340052e-03 -2.04268210e-02  6.12858087e-02
 -6.81680162e-03 -5.03572337e-02 -1.21588260e-02  7.60557353e-02
 -6.20971667e-03  2.10671593e-02  5.02024032e-02 -6.57483786e-02
 -6.68786690e-02  9.33240226e-04  6.79309964e-02 -2.38138321e-03
  3.14166434e-02  9.32820421e-03  6.72133192e-02  2.10157968e-02
  7.52867982e-02 -4.97525521e-02 -5.47170937e-02  7.87114426e-02
 -7.61631876e-03 -3.21919844e-02 -6.82934513e-03 -3.28614414e-02
  3.07044107e-02 -6.05542473e-02 -3.67428660e-02  1.47630712e-02
 -8.62249359e-02 -2.28548534e-02 -5.84455095e-02  3.82805057e-02
 -6.53559044e-02 -2.40487382e-02  4.69914339e-02  1.27304494e-01
  3.09061371e-02  4.21654470e-02 -3.66935953e-02 -6.42423928e-02
 -3.86350043e-02 -2.49928720e-02 -3.41978967e-02  7.22137988e-02
  1.53313810e-02  3.20460685e-02 -9.18447301e-02  1.14255724e-02
  1.10729067e-02  2.87105069e-02  1.15931720e-01  1.78557187e-02
  1.60512291e-02  2.59454753e-02  4.48326804e-02  6.95842505e-02
  5.07021993e-02  1.36278309e-02 -2.78833397e-02 -2.92426348e-02
 -9.01440531e-02 -9.11825802e-03 -5.35119548e-02 -3.69742528e-33
 -5.89772873e-02  7.11143836e-02  8.22115596e-03  1.57319650e-01
 -3.53081524e-02 -6.28644973e-03  1.84112403e-04  9.37573612e-03
 -4.79724854e-02 -3.03070880e-02  1.52402865e-02  1.76862385e-02
 -5.47555089e-02  7.95918480e-02  2.09707662e-01 -4.44257073e-02
 -1.08528323e-01 -1.38773080e-02  4.31771614e-02 -1.70389973e-02
 -2.35630833e-02 -7.54920468e-02  2.06200294e-02  2.15880610e-02
  7.99236149e-02  1.01674497e-02  5.92166372e-02 -4.56488952e-02
 -4.91755791e-02  7.17764907e-03  3.94369364e-02  7.91825950e-02
 -6.92679137e-02 -3.67637463e-02 -6.62611872e-02 -1.80354398e-02
  2.57744268e-02 -8.78876075e-02  6.27700984e-02  1.73956975e-02
 -3.61496359e-02  1.36004994e-02 -1.21540111e-02  2.61034090e-02
  7.17214793e-02  1.33539811e-01  8.59084800e-02  3.13467979e-02
 -2.73152348e-02 -1.54404473e-02 -5.76623715e-02  5.14546558e-02
  2.97983829e-02 -2.79346127e-02  5.57207130e-02 -5.01512028e-02
  9.69723146e-03 -4.19969037e-02  3.67158800e-02  4.12065350e-03
 -1.27043598e-03  3.54104526e-02 -7.02550784e-02  9.13351625e-02
  1.67987403e-02  7.60039464e-02  7.71985501e-02  3.44877988e-02
  4.49080877e-02  3.78572829e-02 -4.77495231e-02 -7.41963759e-02
  3.44888354e-03  1.02734286e-02 -5.77833243e-02 -7.06129596e-02
 -8.04794654e-02  6.89502507e-02  7.81968981e-02 -2.34541222e-02
  1.56438781e-03  5.42803593e-02 -3.51322927e-02 -1.78066175e-02
  3.01330592e-02 -2.85151135e-02  3.70796863e-03 -1.94888525e-02
  3.30178812e-02  8.44554529e-02 -4.30034325e-02  3.84121016e-03
 -1.68645252e-02  5.41019812e-02 -4.90320213e-02  1.23679409e-33
 -3.04717384e-02  1.16706667e-02  4.95550856e-02  8.50819871e-02
  2.00738460e-02 -2.26077195e-02 -3.87402400e-02 -5.10959141e-02
  7.81921521e-02  5.91893047e-02 -3.42807211e-02  2.48749498e-02
  6.62955716e-02  1.34056387e-02 -9.23530683e-02 -3.61806620e-03
  4.14628163e-02  1.49271672e-03 -1.64411981e-02 -1.56270266e-02
  4.62727509e-02  2.53638476e-02 -4.15669233e-02 -2.32092477e-02
 -6.68291876e-04  1.11617502e-02 -6.32706434e-02 -2.95791849e-02
 -3.22324759e-03  1.98149541e-03 -3.17868032e-02 -4.84721586e-02
 -1.63907446e-02  4.55317162e-02 -2.64777299e-02  5.67716770e-02
  1.34003133e-01 -8.34103972e-02 -5.73447789e-04 -3.68180983e-02
  2.73530767e-03 -4.19113636e-02 -8.12811926e-02  3.43481898e-02
 -1.42036714e-02 -8.57216679e-03 -6.15907125e-02 -1.68089047e-02
  3.21060270e-02 -2.13419180e-03  5.94334230e-02  3.17578018e-02
 -2.61181537e-02 -1.06511675e-01 -3.42381373e-02  5.61157577e-02
  1.08428806e-01  4.16289346e-04 -3.59787792e-03  3.93848680e-02
 -1.31003121e-02  3.39723043e-02 -7.87952263e-03 -3.82508300e-02
 -3.45877521e-02  2.43280595e-03  3.84976454e-02  8.29137787e-02
 -3.10390648e-02 -6.17185347e-02  4.45842966e-02 -2.36079060e-02
 -6.27731308e-02 -6.00449108e-02 -4.04275693e-02 -5.84743209e-02
 -1.13183015e-03 -2.49336604e-02 -4.24733981e-02 -1.15102358e-01
 -3.75939421e-02 -3.50995883e-02  5.21851927e-02 -2.32902560e-02
 -6.99036696e-04  3.75881642e-02 -2.04868782e-02 -8.16994440e-03
 -4.90577929e-02 -5.25567904e-02 -6.80663586e-02  2.85873213e-03
 -1.01097353e-01  1.92950610e-02 -1.32178981e-02 -1.44565444e-08
  2.28979141e-02 -2.93468405e-02  4.61167544e-02  1.86842307e-02
  1.85086485e-02  1.20914318e-02 -8.80462900e-02  9.64882672e-02
  3.64229418e-02  1.61323715e-02 -3.77632007e-02  4.05723564e-02
  4.46573012e-02  1.47315130e-01  4.01319414e-02 -7.09113246e-03
 -5.48978895e-02  4.76374701e-02 -5.26217707e-02 -1.08148297e-02
  6.64489493e-02  1.04921803e-01  1.63270626e-02 -2.63461936e-02
 -1.58326160e-02 -2.45073140e-02 -1.18839527e-02  7.46581331e-03
 -8.94755777e-03  5.71254604e-02  2.36697793e-02  4.15833071e-02
  3.71127985e-02 -8.11924879e-03 -1.15771554e-02 -6.80425689e-02
  1.96211357e-02 -2.16750074e-02 -6.13727514e-03 -1.12746820e-01
 -6.31519556e-02 -8.95741861e-03 -1.35111436e-02  3.73953171e-02
 -9.58953872e-02 -5.77984452e-02 -4.62595932e-02 -2.20053848e-02
  4.57703322e-03 -1.44001767e-02  5.18057011e-02 -4.44627646e-03
  3.13205807e-03 -2.08560061e-02  5.67931831e-02  1.70928109e-02
  2.77238376e-02  1.79932115e-03 -3.73806357e-02  3.13799940e-02
  8.72925743e-02 -5.24801835e-02  6.78038374e-02 -2.49080621e-02]"
191,Opportunities in Green Building,Environment,emissions,2,0.3327,"[ 1.68955065e-02  9.36585739e-02  7.92850479e-02  5.87679483e-02
  9.59585458e-02 -2.11120453e-02  1.03124231e-01 -9.04076546e-03
  8.36734101e-03  1.42491963e-02  3.71764321e-03 -6.95867911e-02
 -3.58618982e-02  2.06573494e-02  5.56268933e-05  4.00823615e-02
 -1.85057744e-02  2.34444160e-02 -7.75493085e-02 -5.21299280e-02
 -9.46655218e-03  4.97749262e-02 -9.04355384e-03  7.09303655e-03
 -1.86955724e-02  2.26828679e-02 -6.84679300e-02  3.14821042e-02
  4.08764780e-02 -4.44138832e-02  1.97886545e-02  2.14567240e-02
 -6.44464120e-02 -1.03730345e-04 -2.22288445e-03 -5.79683557e-02
  3.16489041e-02  3.43721770e-02 -2.84770736e-03 -9.81333572e-03
 -7.09313899e-02 -1.39297441e-01  2.83838157e-03 -7.16264248e-02
 -7.14841336e-02 -4.24277969e-03  5.04886881e-02 -5.25026508e-02
  1.42580131e-02 -7.90788531e-02  9.19329971e-02 -3.21160369e-02
 -7.57488385e-02 -1.13881761e-02  5.01472801e-02 -1.04409747e-01
  1.28818927e-02 -1.44954147e-02 -1.64189041e-02 -4.13138606e-02
  3.77394035e-02 -1.07944809e-01 -6.36491179e-02  8.87315813e-03
  8.60026479e-02  3.08571514e-02 -2.21264223e-03  1.18236654e-02
 -2.66484842e-02  4.52702589e-05 -4.68132261e-04 -5.38278930e-02
 -6.41406104e-02 -1.12312563e-01  9.17597394e-03 -4.02649418e-02
  8.24032817e-03  4.55933176e-02  1.24848716e-01 -5.01362346e-02
  5.13853617e-02  5.30596031e-03 -9.72677097e-02  1.25556430e-02
  8.75397325e-02  3.46321985e-03  7.73293315e-04 -4.42692786e-02
 -7.02242479e-02  3.89840938e-02 -5.56134991e-02 -2.84873080e-02
  1.61209628e-01  2.33280081e-02 -5.10408394e-02  5.07287495e-02
  8.83493721e-02  5.06951986e-03  7.52978027e-02  9.80228260e-02
 -5.11002773e-03  8.50361064e-02 -1.13648191e-01 -1.31362006e-02
 -1.06480390e-01 -2.03642529e-03 -1.39648682e-02  5.01670018e-02
  1.57648139e-02 -2.83980276e-02 -2.52152942e-02 -2.27715541e-02
 -4.13170345e-02 -2.99845599e-02  1.86950788e-02 -1.59726609e-02
  7.98784047e-02  1.46587018e-03 -4.97281663e-02 -7.54753640e-03
 -5.78167848e-02 -6.22134143e-03 -7.48370681e-03  4.51362096e-02
  4.25361842e-02 -1.05911195e-01  4.11083624e-02 -4.03622920e-33
 -8.01580176e-02 -8.82249605e-03  2.58626807e-02  3.99079500e-03
 -1.07474374e-02  1.74471121e-02 -8.24942589e-02  8.91010929e-03
  3.96371596e-02  4.33711037e-02  1.71084190e-03  4.10438180e-02
 -3.86927165e-02  1.53444577e-02  1.56267762e-01 -3.87740359e-02
 -7.03632832e-02 -1.49505530e-02 -3.49691957e-02 -2.89384406e-02
 -6.37384281e-02 -4.11337987e-02  1.19915530e-02  7.45342672e-02
  5.27810305e-02 -2.46155914e-02  4.26798873e-02 -1.63724890e-03
 -9.50283110e-02  1.19947707e-02  3.26365680e-02  8.74502510e-02
 -3.68860252e-02  2.58748699e-02 -3.76419388e-02 -1.92216877e-03
 -1.61358844e-02  3.07056941e-02 -3.70856412e-02  1.52472295e-02
  3.08919866e-02  1.48484502e-02 -2.02393681e-02 -3.86365992e-03
 -4.58324840e-03  8.97688419e-03  2.78690252e-02 -9.43525694e-03
  8.27844813e-02  1.45452488e-02 -8.76179636e-02  3.98810282e-02
 -6.05558194e-02 -1.77423973e-02  7.66019300e-02  5.36756329e-02
  5.71571514e-02 -4.85578589e-02 -2.40640398e-02 -1.87923573e-02
 -6.96137920e-02  7.14154989e-02  3.29254605e-02  4.22367677e-02
  2.85024215e-02  3.58256176e-02  7.40610342e-03 -1.51260542e-02
 -1.20405992e-02 -6.62453333e-03 -1.62074976e-02 -5.69734462e-02
  7.24248588e-02 -3.06412075e-02 -2.68080109e-03 -1.58471707e-03
 -6.80811778e-02  4.91506644e-02 -3.54331657e-02  3.78065854e-02
 -1.07762575e-01 -5.48428893e-02 -4.17008922e-02 -1.44113496e-01
 -2.60670241e-02 -4.27696630e-02 -3.38119082e-02 -1.20443571e-02
  4.54759076e-02  5.96925840e-02 -1.02688195e-02 -2.94105131e-02
  2.85600051e-02  1.06803337e-02 -4.75681238e-02  2.90520839e-33
  5.86491600e-02  7.17906058e-02 -3.64436652e-03  1.61312278e-02
  2.97669210e-02 -1.02900928e-02  2.58243568e-02 -1.25413472e-02
  2.84145717e-02  1.37754083e-01 -5.78869134e-03  7.16562420e-02
  9.23580397e-03  1.13509288e-02  1.37332771e-02 -3.16810720e-02
  4.06306200e-02 -1.00538461e-03  2.61178203e-02 -3.93486880e-02
 -3.19261998e-02 -4.79927436e-02  5.63296713e-02 -4.08565030e-02
 -9.09841880e-02  6.96890578e-02 -2.51269080e-02 -2.95662247e-02
  5.80557473e-02 -2.11701375e-02 -7.31572136e-02  1.08832136e-01
 -6.14476530e-03  4.86670509e-02 -2.07826737e-02 -2.65334118e-02
  7.49226063e-02  5.84191568e-02 -5.79240806e-02 -6.70488551e-02
  3.80960037e-03 -2.35985611e-02  4.93575707e-02  7.62301460e-02
 -3.86725776e-02 -1.22202942e-02 -2.99899057e-02  1.34216473e-02
  3.59554701e-02 -3.87959229e-03  1.57813936e-01  6.36052042e-02
 -6.46427944e-02  6.19406775e-02  3.03695742e-02  4.18223478e-02
  8.85644928e-02  4.08191532e-02  4.59139841e-03  1.43290032e-03
  3.84615175e-02  3.55848297e-02  7.39319064e-03  3.98963280e-02
 -5.88195063e-02 -5.69095723e-02 -4.30582054e-02 -7.83709227e-04
  1.00804381e-01 -2.30397992e-02 -6.40608370e-03 -9.75250266e-03
 -2.60512196e-02 -4.07902747e-02 -1.34591654e-01 -6.58121854e-02
 -1.32829072e-02 -5.53626455e-02  2.30558813e-02  2.18175162e-04
 -1.06555857e-01  2.64644157e-02 -5.58971707e-03  1.10736974e-02
  7.06984252e-02 -7.03143924e-02 -4.63924147e-02 -6.26177713e-02
  4.46129628e-02  4.72617261e-02 -5.18556722e-02  4.77744490e-02
 -4.46793474e-02  1.73444618e-02 -1.22672832e-02 -1.11590062e-08
 -3.30962501e-02 -9.18546878e-03  6.34665042e-02  1.87463034e-02
  2.08474398e-02 -1.20937144e-02  5.54541759e-02  6.37765527e-02
  5.44890203e-03  4.72123884e-02  5.30556813e-02  4.42856662e-02
  9.96803716e-02  8.04387778e-02  2.63877343e-02 -2.99395565e-02
 -2.50805877e-02 -4.82458845e-02 -2.66651046e-02 -1.28486920e-02
  1.81860209e-03  2.14413367e-02 -4.90340497e-03  2.09767073e-02
  5.87991029e-02  2.02212017e-02  4.88148779e-02  6.82656765e-02
  4.54451516e-02  3.16386335e-02 -1.39792105e-02  6.24164939e-02
  4.45418619e-03 -4.05980609e-02 -5.58887534e-02 -8.99389163e-02
  2.12466251e-03 -2.47388370e-02 -5.47521785e-02 -4.02570292e-02
 -6.00877311e-03 -1.54554844e-02 -5.19999443e-03  1.07448427e-02
 -2.60415860e-02 -3.24739739e-02 -1.03892863e-01  2.52809115e-02
 -2.69586630e-02  4.87369001e-02  1.98921748e-02 -1.18908435e-01
  3.79012488e-02 -4.37777583e-03 -1.90814063e-02 -1.77523065e-02
 -2.18102541e-02  3.23890969e-02 -9.58723761e-03  1.68321021e-02
  1.42426208e-01  3.90783288e-02  5.18226102e-02 -1.24866031e-02]"
192,Opportunities in Green Building,Environment,pollution,1,0.3229,"[-7.90520478e-03  5.44987097e-02  8.17528814e-02  1.91137437e-02
  1.00608595e-01  2.74925716e-02  1.43466786e-01 -2.74727121e-02
 -4.51329909e-02  4.21834812e-02  2.08130963e-02 -6.38899207e-02
 -2.43091397e-02  1.55049155e-03 -6.62720874e-02  8.76421016e-03
 -9.64731723e-03 -1.94084942e-02 -1.14794031e-01 -2.51973756e-02
 -1.29508702e-02  7.27783889e-02 -2.92377602e-02  4.10004548e-04
 -7.27999732e-02  7.35225305e-02 -3.55388187e-02 -2.51354817e-02
  3.98595631e-02 -7.19994232e-02  2.10516993e-02  1.04605816e-01
 -2.94946171e-02 -8.10663402e-02 -5.11522219e-02 -3.88816325e-03
  2.15115454e-02 -1.99262258e-02  1.28573654e-02 -6.91313669e-03
 -4.94945645e-02 -6.41008019e-02 -1.41691035e-02 -4.12137620e-02
 -6.75623417e-02 -1.89119279e-02  2.49290541e-02 -2.96633970e-02
  5.81166781e-02 -5.70107438e-02  3.54425646e-02  4.52658683e-02
 -7.68482462e-02 -3.46176103e-02  5.20046540e-02 -1.45308942e-01
 -7.31486082e-03 -3.18758413e-02 -1.48805240e-02 -4.09104861e-02
  2.59431247e-02 -6.41232356e-02 -4.46734317e-02  3.34370509e-02
  1.56137630e-01 -2.63866666e-03 -5.83651736e-02  1.07617222e-01
 -2.22573895e-02  1.70570128e-02  1.50221456e-02 -1.57974027e-02
 -4.11944278e-02 -8.84392038e-02  1.77244674e-02  1.17093325e-02
  1.22193042e-02 -7.06873136e-03  9.29541364e-02 -5.21070994e-02
  6.55326098e-02 -6.32334426e-02 -3.23255882e-02  1.79647673e-02
  7.15413764e-02  4.24959790e-03 -1.42274220e-02 -2.78596543e-02
 -3.75967771e-02  2.33813701e-03 -1.24364882e-03 -3.91537473e-02
  5.83998263e-02  2.82205883e-02 -7.66967908e-02  8.94793198e-02
  3.85941379e-02 -2.52992325e-02  4.70869280e-02  1.91226050e-01
 -2.07717381e-02  5.25664911e-02 -1.13676034e-01 -1.84558779e-02
 -6.80296635e-03 -3.46649401e-02 -3.63231041e-02 -5.23698097e-03
  2.21606903e-02  5.44490867e-05 -7.82308728e-02 -2.26146076e-02
  5.27908979e-03  1.62495840e-02  1.09869260e-02  1.48561383e-02
  1.39500573e-01 -8.15436170e-02 -7.38389567e-02 -4.67392132e-02
 -4.70905453e-02 -4.18295115e-02 -9.81084630e-02  7.31741562e-02
  2.53133681e-02 -6.59879074e-02 -5.70368208e-03 -5.57211579e-33
 -3.60236689e-02 -6.71105757e-02  9.03287828e-02  5.66231161e-02
 -5.28004356e-02  2.11957246e-02 -2.58772988e-02 -4.26854156e-02
  3.96507941e-02  7.59685552e-03 -1.54841994e-03 -1.45151373e-02
 -7.28385746e-02  3.75293009e-02  1.26638800e-01 -3.17501239e-02
 -3.39503102e-02 -3.49705890e-02  9.78368986e-03 -4.00683284e-02
 -3.40170600e-02 -2.81585641e-02 -5.22384532e-02  5.43373339e-02
  1.08368751e-02 -3.01967841e-02  5.09902872e-02 -1.04514612e-02
 -2.45615784e-02  2.52273250e-02  8.61447304e-02  8.48177895e-02
 -7.37610459e-02  1.29686603e-02 -1.92455314e-02 -3.63864824e-02
 -6.10596016e-02  4.24708948e-02 -2.62787882e-02 -1.73041392e-02
 -5.39123714e-02  1.91688421e-03 -5.79800382e-02  7.73337530e-03
  3.71160693e-02 -7.99147761e-04  1.79838482e-02 -1.22398604e-02
  1.06034549e-02 -4.22015451e-02 -4.70663607e-02  5.56428991e-02
 -4.98145185e-02 -2.68402640e-02  2.54878458e-02  4.94229607e-03
  6.56441301e-02 -8.80440027e-02 -9.32242349e-03  1.58920009e-02
 -1.41578633e-03  1.31097779e-01 -4.87660691e-02  4.58903201e-02
  1.04400262e-01  2.66095363e-02  6.36588410e-02  1.49942534e-02
  3.14726867e-02 -2.99647301e-02  2.02217028e-02 -4.14808057e-02
  1.45270927e-02  3.96846645e-02 -2.30471361e-02  1.57809164e-02
 -6.88521471e-03  1.40332791e-03 -3.62952128e-02  5.49958795e-02
 -4.21332978e-02 -1.17086880e-02 -2.19793674e-02 -6.20414354e-02
  2.21736962e-03 -3.71964229e-03 -2.47612670e-02 -9.67628509e-03
  7.42080202e-03  4.34576981e-02 -5.77940606e-03  6.66313525e-03
  2.72328872e-02 -3.49727124e-02 -6.56142682e-02  3.14645895e-33
  1.09393178e-02  3.25170048e-02 -1.97192188e-02  2.19352599e-02
 -3.76558106e-04 -4.86286953e-02 -7.35993497e-03  1.07036931e-02
  9.57945809e-02  1.29217371e-01 -6.19237497e-02  7.31460750e-02
  9.45756063e-02 -1.32908886e-02  3.67135368e-02 -3.41237038e-02
  9.18354932e-03  5.75912558e-02 -3.96092981e-02 -3.92990373e-02
 -5.12662940e-02 -4.70869280e-02  3.72802466e-02  1.69790499e-02
 -8.49820152e-02  5.46466783e-02 -9.21960995e-02 -2.96493713e-02
  7.06898421e-02 -3.55169736e-02 -1.65183265e-02  1.05418883e-01
 -4.22301404e-02  3.52311209e-02 -2.26922184e-02  3.76085006e-02
  3.27187628e-02  2.99328961e-03 -2.48505846e-02 -1.59115940e-02
 -9.29333456e-03 -4.73296419e-02  7.33585954e-02  6.56151846e-02
  1.63130481e-02 -6.94937306e-03 -4.85979691e-02  2.25522351e-02
  3.36373597e-02 -4.54320423e-02  1.08033799e-01  8.56010169e-02
 -4.45125811e-02  3.59510258e-02  6.98662400e-02  6.30282834e-02
  5.38665652e-02 -1.07228905e-02  1.67914275e-02  8.95270612e-03
  6.50654137e-02  6.89960793e-02 -8.05894509e-02  5.44816591e-02
 -1.05012089e-01  2.05840543e-02  2.62759044e-03  1.74792446e-02
  6.63980544e-02 -3.94092947e-02 -1.07516637e-02 -7.82206189e-03
 -6.57114238e-02 -3.52348685e-02 -1.08443439e-01 -2.21536998e-02
 -3.32501978e-02  8.97195712e-02  3.07587162e-02 -1.86818885e-03
 -2.12043449e-02  3.45546715e-02  7.55087938e-03  1.87940337e-02
  4.45252545e-02 -1.17251545e-01 -1.68662723e-02 -9.46245492e-02
  1.99276973e-02 -4.72733900e-02 -5.78265786e-02 -3.20362207e-03
 -1.27147853e-01  1.31719457e-02 -3.04598324e-02 -1.19493517e-08
  4.67641931e-03 -4.47406210e-02  5.23157939e-02 -2.85782269e-03
 -2.91659180e-02 -2.37885844e-02  6.64871931e-02  1.30100593e-01
  1.68028828e-02  7.11469427e-02  3.99089325e-03  4.46091481e-02
  5.95045313e-02  3.20710614e-02  1.75685100e-02 -2.72005349e-02
 -1.05131306e-02 -4.74207513e-02 -3.78597826e-02 -8.81875120e-03
  5.54702692e-02  1.71813574e-02 -4.27608239e-03  2.17462163e-02
 -1.11070145e-02 -1.53221618e-02  7.15392083e-02  1.32696573e-02
  3.84311415e-02  1.39276125e-02  2.27134153e-02  4.70850877e-02
 -7.09303319e-02 -2.36489903e-02 -6.00164123e-02 -7.24491924e-02
  3.65170352e-02 -6.15592673e-02 -2.59951837e-02 -4.16978374e-02
 -1.21531989e-02  5.99943362e-02 -2.31904238e-02  9.03758593e-03
  6.91594258e-02 -5.60587309e-02  7.75049161e-03  3.56948599e-02
 -5.59185259e-03  5.07639954e-03 -7.35345390e-03 -3.69453691e-02
  5.47187850e-02  1.83569323e-02  3.64365499e-03 -1.15846535e-02
 -1.05402190e-02  4.03815433e-02 -2.62166467e-02 -1.39888376e-02
  1.28721461e-01  5.93896247e-02  3.06126941e-02  5.73256984e-02]"
193,Opportunities in Green Building,Environment,developing,1,0.3122,"[ 5.15524819e-02  3.31109785e-03 -3.99710089e-02  2.89757643e-02
 -5.20870239e-02 -4.48200926e-02 -1.63405668e-03  4.41136248e-02
  2.27493676e-03  7.04387054e-02  4.51454446e-02 -5.67310750e-02
  1.28259463e-03  1.19962841e-02 -1.48241455e-02 -1.79252811e-02
 -7.13525862e-02 -6.69244379e-02 -3.79699431e-02 -9.83762294e-02
 -8.84026885e-02 -1.75418388e-02  6.06657844e-03 -1.70303769e-02
  1.30907409e-02  4.33311313e-02  4.26474474e-02 -1.02579612e-02
  1.63186893e-01 -6.48482814e-02  1.78101063e-02  3.13459449e-02
  7.42511824e-02 -3.31101157e-02 -7.57280365e-02  4.77514677e-02
  4.04182337e-02  8.99754371e-03  4.44417559e-02 -2.23923549e-02
 -9.01778191e-02 -5.81970364e-02 -1.43626025e-02  1.37421885e-03
 -1.64687075e-02 -7.33261332e-02  3.05727012e-02 -1.23709673e-02
 -6.65116832e-02 -1.62593462e-02 -3.34410481e-02 -9.03259069e-02
 -2.54209545e-02 -7.40893185e-02 -2.73895226e-02  6.11605356e-03
 -4.39153127e-02 -4.05676721e-04  3.99326459e-02 -2.44652703e-02
  3.83967683e-02 -4.48567048e-02 -4.71588299e-02  4.23717266e-03
  9.16521251e-03 -1.17801661e-02 -1.37365693e-02  7.07162544e-02
 -1.86833329e-02 -2.67457832e-02 -2.18508616e-02 -2.21437383e-02
 -2.66389884e-02  9.34792906e-02  2.56802049e-02 -4.44639102e-02
  5.92144281e-02  2.67486740e-02  1.19459979e-01 -5.51411919e-02
  8.68146345e-02  6.24275990e-02 -8.14040527e-02  6.99544400e-02
 -5.46419360e-02  3.42588648e-02  8.55895802e-02  5.61250485e-02
  1.60314161e-02 -2.32768767e-02  3.79701667e-02  1.15062967e-02
 -3.28598768e-02  1.60845574e-02 -6.53767064e-02  7.15589803e-03
 -2.06694752e-02 -9.58463699e-02 -3.62199061e-02  1.83103561e-01
 -1.76252834e-02  2.96181161e-03  1.93097442e-02  3.47236777e-03
  1.91463809e-02 -1.48103936e-02  2.35572271e-03  3.06206513e-02
 -3.23985107e-02  3.05048749e-02 -4.19832654e-02 -1.17733022e-02
 -7.63642415e-02  1.11443745e-02  8.12868103e-02  4.21915688e-02
 -1.55799268e-02  4.54219151e-03  4.30695638e-02  6.49900809e-02
  9.75788236e-02  9.20720249e-02 -8.59787464e-02  6.58356026e-03
 -7.99892992e-02 -1.18699305e-01 -7.98364505e-02 -5.29854336e-33
  6.52934909e-02 -1.72838792e-02 -2.59659290e-02  1.41469315e-01
  3.04263383e-02 -1.60343498e-02  5.33393212e-02  2.72511821e-02
 -5.77698946e-02  4.19540098e-03 -3.51850037e-03 -3.56798172e-02
 -4.70085107e-02  2.55666561e-02  1.49031922e-01 -5.08147888e-02
 -4.15625237e-02  2.29853019e-02 -6.65997015e-03  6.04821071e-02
 -9.71476287e-02 -4.19963412e-02  2.22639758e-02 -9.11403820e-03
  6.45779073e-02  5.27531169e-02  3.38255949e-02 -3.39617543e-02
  1.65177546e-02 -1.02291591e-02  1.90720484e-02 -8.92357808e-03
 -1.08715288e-01 -3.04974020e-02  2.18811329e-03 -3.80185433e-02
  3.54041881e-03 -5.89987524e-02  3.79715823e-02  1.75763725e-03
 -5.02117462e-02 -2.20396537e-02 -5.54497913e-03 -5.17374575e-02
  5.04288189e-02  7.93441758e-02  6.57914057e-02 -2.52211783e-02
 -8.29804167e-02  3.62244509e-02 -3.42822857e-02  1.72702991e-03
 -2.71741487e-02 -4.40734141e-02  4.07863706e-02  2.12695040e-02
 -5.04585691e-02 -5.68023510e-02 -4.84334445e-03 -1.14907837e-02
  4.65572514e-02  1.05991669e-01 -1.50123373e-01  2.43214145e-02
 -4.62761447e-02 -1.88177638e-02  5.12991175e-02  5.47986291e-03
  1.74589142e-01 -8.93113613e-02 -3.21549550e-02 -6.12353580e-03
  4.60994877e-02  3.14431749e-02 -2.14377586e-02 -4.11646254e-02
 -4.04548123e-02  3.69432122e-02  4.22502346e-02  3.92025672e-02
 -2.29016803e-02  2.64708828e-02 -2.16837320e-02  2.17987746e-02
  3.43174115e-02 -5.10381348e-03  1.67025197e-02 -9.57890507e-03
 -2.34466605e-02  1.07266888e-01 -1.12702698e-01 -1.14028854e-02
 -9.01679881e-03  1.26261204e-01  1.71163362e-02  3.14149726e-33
 -3.59655283e-02 -3.16829828e-04 -1.19254924e-01  4.68878634e-02
  2.00651977e-02  3.64455022e-02  1.25356540e-02 -1.75181217e-02
  1.31250778e-03  1.86347086e-02 -2.67498139e-02 -1.55304857e-02
 -8.89360672e-04  8.52653086e-02 -2.26783846e-02 -3.80887017e-02
  3.35023589e-02  8.47107824e-03 -3.76851927e-03  1.54653694e-02
 -4.51867059e-02  3.80626693e-02 -2.33785324e-02  1.97781227e-03
  1.11882305e-02  2.32085548e-02  2.27528308e-02  3.73572228e-03
 -6.94530830e-02  1.34741981e-02 -2.99209659e-03 -1.72627568e-02
 -5.32379784e-02  3.94050106e-02 -2.99737602e-02 -2.83742826e-02
 -8.59977119e-03 -4.22409177e-02  1.59555227e-02 -4.18463349e-02
  6.84572607e-02 -1.04074003e-02  1.47935869e-02  4.94475104e-02
 -3.81638482e-02 -1.61840618e-02  5.29025830e-02  2.50750594e-02
  2.50836704e-02 -5.04878014e-02  4.70461510e-02  8.81849322e-04
 -4.02653441e-02 -1.31042883e-01  3.66261951e-03  1.19010024e-02
  1.09104812e-01 -4.57429513e-02  2.04316881e-02  5.89593165e-02
 -1.51171582e-02 -6.23601349e-03  3.95755284e-02 -2.44299062e-02
 -7.05333725e-02  4.21685465e-02 -4.78282459e-02  7.34675452e-02
  2.88401172e-02  1.87839139e-02 -6.83005108e-03  2.59992890e-02
 -5.87544516e-02 -6.50430024e-02 -4.62904274e-02 -5.38518839e-02
 -6.10663146e-02 -2.59410590e-02 -2.96616033e-02  3.59473052e-03
 -2.29342785e-02 -1.06498878e-02 -3.01105576e-03  5.60993738e-02
 -4.56096381e-02 -9.41786822e-03  4.78731431e-02 -9.97681450e-03
 -3.44687738e-02 -6.60738442e-03 -6.69034570e-02  7.19175339e-02
 -6.06423654e-02  1.09941727e-02 -3.37240994e-02 -1.23310153e-08
  2.53466051e-02  4.45251091e-04 -3.23140970e-03 -1.44201657e-02
  4.95624356e-03  7.11439922e-02 -1.51873818e-02  5.19971596e-03
  2.41421424e-02  1.00814305e-01 -6.73995912e-02 -2.68884674e-02
  2.92971674e-02  1.31345853e-01  3.52066010e-02  1.05014173e-02
  3.89545894e-04  5.91971353e-02 -7.00064823e-02 -3.90716717e-02
  8.24913457e-02  7.15754256e-02  6.33327011e-03  4.34878096e-02
 -3.40394117e-02 -9.11265016e-02  4.65207435e-02 -1.38571709e-02
 -3.86046879e-02  2.12938469e-02  6.92533702e-02  9.73046795e-02
  6.67847320e-03 -2.29863077e-02 -6.55965228e-03 -2.96704751e-02
  5.57320602e-02  1.42990677e-02  6.62762746e-02  2.35724431e-02
 -7.53319785e-02  3.36333364e-02  1.07949562e-01 -9.57990531e-03
 -3.63945998e-02  8.37823667e-04 -6.22787997e-02 -1.49628371e-02
 -2.04504449e-02 -8.16629082e-02 -3.87532404e-03 -1.26275029e-02
  5.52632734e-02 -3.66976187e-02  1.26370773e-01  6.25866950e-02
 -3.77969554e-04 -3.00228279e-02 -3.88396680e-02  4.65651900e-02
  4.44668978e-02  6.57212660e-02  6.44258559e-02  7.18657374e-02]"
194,Opportunities in Green Building,Environment,innovation,5,0.3088,"[-5.43591864e-02  2.03152373e-02 -4.29159366e-02 -4.56291586e-02
  8.66482966e-03 -1.24585731e-02  2.05276832e-02  5.62821254e-02
 -9.83100664e-03  1.73487812e-02  5.77561297e-02  4.57648672e-02
 -1.74277853e-02 -4.89021465e-02  3.03569762e-03 -2.18114797e-02
 -4.44225259e-02 -3.38124521e-02 -8.85906890e-02 -1.15808398e-01
 -2.83863284e-02 -1.68497153e-02  5.30976169e-02  7.25024380e-03
 -4.86682579e-02  8.49662945e-02 -1.78548098e-02 -1.74970888e-02
  7.43991360e-02 -9.14398506e-02  2.00039875e-02  8.35592672e-02
  4.04698998e-02 -8.95898864e-02  1.16803888e-02  2.41584815e-02
  6.55530319e-02  5.65523058e-02  3.89294326e-02 -5.68324886e-02
 -5.90606481e-02 -1.23366602e-01 -6.51980285e-03 -1.16730167e-03
  1.02352360e-02 -1.24071110e-02  2.63401568e-02  1.90468933e-02
 -1.82613209e-02  3.79118770e-02 -4.18338068e-02 -6.41434416e-02
 -5.14657646e-02 -1.03549883e-01  5.10940775e-02 -2.80044302e-02
 -2.63593774e-02 -2.43038237e-02 -1.00913160e-02 -2.63305977e-02
  1.18323609e-01  1.52793585e-03  1.64823849e-02  3.85471247e-02
  2.95149796e-02 -2.04545222e-02 -4.87899110e-02  6.66923672e-02
 -3.34955789e-02 -2.04144996e-02  6.34283945e-02 -3.06009315e-02
 -1.31427543e-03 -8.90158769e-03  3.99909467e-02 -5.58340810e-02
  2.28464454e-02  7.47855902e-02  8.54772329e-02  3.25005800e-02
  3.46534923e-02 -3.40061001e-02 -4.74814065e-02  5.75981699e-02
 -2.65318509e-02 -1.61239803e-02 -2.28408240e-02 -3.99584435e-02
  3.81332487e-02 -4.76853885e-02 -4.09987196e-02  5.13070170e-03
 -1.14952601e-01 -1.91523451e-02 -5.51182963e-02  3.62776406e-02
 -4.03490178e-02 -6.07491434e-02  1.24381082e-02  2.40183294e-01
  2.50269240e-03  5.48768714e-02 -1.46993427e-02 -3.42441648e-02
 -2.33546793e-02 -4.62049358e-02 -3.44495252e-02  5.38808703e-02
  6.02054819e-02  1.98418703e-02 -3.85774560e-02  1.58449896e-02
  1.74231958e-02  5.13192974e-02  4.70319837e-02  2.23180801e-02
  1.77578684e-02  1.44233089e-02  1.76391955e-02  2.10621115e-02
  5.72340749e-02  1.07178120e-02 -4.76711020e-02  1.38496573e-03
 -7.63588548e-02 -4.61593866e-02 -8.64157677e-02 -6.45704337e-33
 -5.85496910e-02  9.05218497e-02  4.26200889e-02  1.22777224e-01
 -2.83678733e-02  3.02601293e-05  5.71644353e-03 -2.50579789e-02
 -3.75724547e-02 -3.61351110e-02 -2.46953312e-02  1.17057711e-02
  7.15036876e-03  6.40125573e-02  1.49513990e-01 -7.03799650e-02
 -8.16465318e-02 -2.31331214e-02  6.67988211e-02 -4.82457839e-02
 -1.40288202e-02 -2.89706253e-02  6.81984201e-02 -1.21033052e-02
  2.53715143e-02 -3.74805667e-02  5.06985001e-02 -3.16691212e-02
  4.77023795e-02  3.64345275e-02  3.42421792e-02  8.20021182e-02
 -2.31372602e-02 -8.67141970e-03 -1.08343385e-01 -3.90327647e-02
  1.33351358e-02 -1.58985585e-01  5.03995456e-02  2.03935001e-02
 -3.42818126e-02 -1.85271110e-02 -4.15648855e-02  3.36089954e-02
  2.65044440e-02  7.01380447e-02  5.54207824e-02  1.90964304e-02
  2.70156786e-02 -1.30636478e-02 -6.54957220e-02  5.93882725e-02
 -4.89419736e-02 -5.51509671e-02  9.40962657e-02 -4.28149588e-02
 -4.91031297e-02  6.64695818e-03  7.67195895e-02  8.84856284e-03
  4.91954619e-03  5.87600358e-02 -5.92569411e-02  1.01821303e-01
 -1.07831461e-02  9.36511531e-02  1.10345170e-01 -2.83665359e-02
  4.48014066e-02  1.61430426e-02 -1.67733449e-02 -5.08578531e-02
 -4.72576767e-02  6.51047053e-03 -5.46615459e-02 -2.58577950e-02
 -7.32393861e-02  3.81372981e-02  3.23604606e-02  9.10712499e-03
 -3.81312072e-02  1.24603491e-02 -6.31298451e-03  5.58490790e-02
  7.21199205e-03 -4.20767552e-04  2.27836315e-02  1.01583004e-02
 -1.98888499e-03  2.92703770e-02 -2.28412356e-02  1.01458002e-02
 -9.77991614e-04  2.39192098e-02  2.97038420e-03  4.34228605e-33
 -1.58301294e-02  2.24363268e-03 -8.51516053e-03  8.52163881e-02
  4.87859175e-02 -3.26523185e-02 -2.68513616e-02 -5.75843118e-02
 -1.12504791e-02  3.13233286e-02  2.75604129e-02 -3.51728015e-02
 -1.73836835e-02  6.21334948e-02 -2.98661888e-02  7.02546025e-03
  3.99850346e-02 -6.14540838e-02 -4.00497578e-03  1.53795332e-02
  8.31087753e-02 -3.07439249e-02 -1.57019552e-02  2.69930083e-02
  1.36915268e-02  4.11275700e-02 -1.09976843e-01 -4.63199541e-02
 -4.66217063e-02 -1.32946586e-02  2.17322111e-02 -4.62723523e-02
 -3.50054577e-02  8.33601132e-02  4.73038368e-02  1.19821928e-01
  6.99007586e-02 -4.44714539e-02  5.39880618e-03 -2.55106986e-02
  3.96552915e-03 -4.38688435e-02  6.20034989e-03  7.67694116e-02
  2.70721558e-02 -2.87179630e-02 -7.72928214e-03  7.07005092e-04
  6.73635304e-03 -2.34105662e-02  8.39296356e-02  1.00103822e-02
 -5.54212090e-03 -1.36726394e-01 -2.83645261e-02  7.56646171e-02
  5.40717952e-02 -1.12586706e-04  2.59709486e-04  3.12068127e-02
  1.88347772e-02  1.12121319e-02 -4.34835218e-02  2.04348806e-02
 -2.58951392e-02  2.19640695e-02 -2.34171457e-04  4.37464043e-02
  8.73740762e-03 -6.99456781e-02  5.54515906e-02 -2.35891379e-02
 -1.26380503e-01 -3.01332660e-02 -9.35157239e-02  1.93723012e-02
 -4.98997234e-03 -5.41469455e-02 -7.97271356e-02 -1.00464048e-02
 -8.89618993e-02 -2.83045284e-02  7.46095926e-02 -2.34604590e-02
 -5.19631170e-02  7.08782896e-02 -2.31812708e-02 -1.29701020e-02
 -4.09933217e-02 -4.01253365e-02 -7.92913437e-02  4.25282009e-02
 -1.27310231e-01  3.82455774e-02  2.19319128e-02 -1.31745548e-08
 -1.03601059e-02 -1.98978260e-02  5.80177307e-02  3.15008871e-03
 -7.03592726e-04  3.95187922e-03 -3.92795764e-02  4.29676324e-02
 -9.47374851e-03  2.09414773e-03 -5.49516641e-02  4.94684651e-02
  4.68403734e-02  1.36036739e-01  4.36935537e-02  2.79156324e-02
 -4.27911766e-02  1.68189891e-02 -4.83350344e-02 -1.11027993e-02
  7.90684745e-02  1.03277490e-01  8.83387227e-04 -4.63253371e-02
 -2.67820675e-02  9.42672486e-04  5.01386262e-02 -3.86975706e-02
 -1.77527312e-02  4.08053100e-02  3.18958461e-02 -1.08963056e-02
  1.03001893e-02  2.74139810e-02 -2.04001758e-02 -5.10479212e-02
  7.91993178e-03 -6.95755854e-02 -7.14549609e-03 -8.40019286e-02
 -1.40638743e-02  4.68416698e-02  1.39225069e-02  3.46136205e-02
 -9.50161591e-02 -4.92841303e-02 -2.61051729e-02 -2.36743428e-02
 -2.77568195e-02 -3.64006162e-02  4.70084175e-02  3.72807980e-02
  2.23611332e-02 -3.61436456e-02  6.74438924e-02 -1.62197109e-02
  3.41256522e-02 -1.11587420e-02 -4.16524448e-02  4.53553908e-02
  1.62027761e-01 -2.10310854e-02  1.31104335e-01  2.45737731e-02]"
195,Labor Management,Social,labor,3,0.8045,"[-5.51208369e-02  3.66711058e-02 -1.84312817e-02  7.42833465e-02
  3.71009968e-02  3.27879488e-02  1.48016484e-02 -7.03885481e-02
 -3.99386734e-02  3.80976833e-02  3.15474495e-02 -2.64666189e-04
 -4.01660763e-02  3.36606093e-02 -3.59363854e-02 -3.32616717e-02
  3.49030383e-02  1.48014920e-02 -4.88454998e-02 -5.51544763e-02
 -7.52475904e-03 -3.62323970e-02 -4.38149497e-02  2.72320933e-03
  3.96197364e-02  5.62682338e-02 -4.65880781e-02  3.51734050e-02
  4.15534265e-02 -6.43735379e-02 -4.14495207e-02  3.23422365e-02
  7.75756389e-02 -1.02205342e-02 -1.89206488e-02 -2.18022261e-02
  2.32332330e-02 -1.16699906e-02  1.24145858e-03 -1.30701261e-02
  5.40880067e-03 -1.01500332e-01 -4.70206924e-02 -1.13594746e-02
 -2.12249886e-02  5.43441400e-02  7.05672503e-02 -4.73930221e-03
 -2.02652533e-02  8.28540996e-02  8.22527483e-02 -3.45349945e-02
 -4.10447791e-02  8.14194456e-02  2.47680768e-02 -4.41695750e-02
  2.16045193e-02 -6.96458444e-02 -9.10167769e-03 -1.25435051e-02
  2.87334844e-02 -2.59477831e-02 -1.62551962e-02  2.04422269e-02
  6.70471117e-02 -8.90901610e-02 -9.98952892e-03  7.55291618e-03
 -8.86616632e-02  1.48119619e-02  5.37678637e-02 -4.99437228e-02
 -3.15772779e-02  1.80679455e-03  6.36043996e-02 -1.07180357e-01
  5.43277785e-02 -3.20085771e-02  4.29765433e-02 -1.31056577e-01
  8.33918457e-04 -3.59918131e-03 -6.57291338e-02  5.37177660e-02
 -4.11684997e-02 -1.32115334e-02  5.80272861e-02  1.37397302e-02
  6.87656328e-02 -3.52414995e-02 -5.46203367e-02 -3.67157571e-02
 -6.38495535e-02 -1.72407227e-03 -5.47003821e-02 -3.66793796e-02
  2.61057857e-02  3.35090160e-02 -1.06816003e-02  2.37259075e-01
 -3.13387252e-02  9.44651384e-03 -5.65023022e-03 -1.01222303e-02
 -1.54147111e-02 -1.84116606e-02 -5.79472780e-02  4.12235968e-03
 -3.85634601e-02  2.64111757e-02 -3.36827077e-02  5.53212967e-03
 -3.88642438e-02  5.01262918e-02  4.11944874e-02 -2.36952677e-02
  4.19286974e-02 -2.94035506e-02 -2.53738333e-02  1.07882842e-01
  3.58972996e-02  6.23738095e-02 -9.37617123e-02  1.77069718e-03
 -1.35001317e-01 -1.25092357e-01  4.32524364e-03 -4.76930311e-33
  3.95675637e-02 -1.18560992e-01  3.41381915e-02  7.21367300e-02
  3.00151054e-02  2.61848643e-02 -2.16427576e-02  1.17744105e-02
  5.90707362e-02  5.13559841e-02 -6.66023269e-02 -7.24022277e-03
  4.65322693e-04  2.62060743e-02  8.37548226e-02 -4.26081568e-02
 -6.42823353e-02 -4.40067425e-03 -9.05200094e-03  5.76169677e-02
 -3.77737135e-02 -3.87370633e-03 -5.88617921e-02  3.75846587e-02
 -3.72431520e-03 -4.53085154e-02 -4.19918075e-02 -3.11802905e-02
  1.95331052e-02  1.72676910e-02  2.79986709e-02  3.82458493e-02
  3.55163701e-02  1.16840666e-02 -7.95432553e-02  1.71113797e-02
  1.45382043e-02 -5.65151498e-02 -4.02694847e-03 -5.98034188e-02
 -7.83874914e-02 -1.76910385e-02  8.77325982e-03 -8.73568282e-03
 -2.82498114e-02  2.46806741e-02  6.60305768e-02 -2.46353541e-02
  7.45212194e-03  7.89510980e-02  3.83681408e-03  1.11952825e-02
  4.80444133e-02 -3.33236903e-02  1.81865301e-02 -1.66933925e-03
  1.00099738e-03 -3.83513458e-02 -4.62450273e-02 -2.22136583e-02
  1.05674006e-02  1.37828002e-02 -2.66292728e-02  8.38588029e-02
 -2.42139138e-02 -6.19743159e-03  1.42759643e-02  3.52507420e-02
  5.47162928e-02 -1.28765171e-02 -1.21435173e-01  4.46685329e-02
 -3.82325868e-03 -6.28181174e-02 -5.76102082e-03  8.28153640e-02
  8.39165226e-02  2.30089650e-02 -2.75112260e-02 -6.46264330e-02
  5.80540113e-03 -2.00618710e-02  7.51446187e-02 -4.09568362e-02
  4.41325828e-02  6.43444955e-02 -1.58037525e-02 -3.22159287e-03
  5.64666502e-02  4.43510823e-02 -2.76850071e-02 -1.36164054e-02
  6.67824671e-02  8.57180730e-02  7.71538988e-02  3.40854828e-33
 -1.08535945e-01 -2.04450991e-02 -7.70802870e-02  9.31893513e-02
  4.91831414e-02 -1.40818227e-02  4.76035057e-03 -5.69144674e-02
 -3.52969090e-03  1.10185400e-01 -5.92629388e-02 -8.24938193e-02
  2.38512047e-02  5.48426174e-02 -1.92914810e-02 -4.12184261e-02
  7.94336125e-02  6.35010302e-02  5.24316542e-03  2.97850482e-02
 -3.59470285e-02  5.14106452e-02  2.19361093e-02 -1.46785945e-01
  1.73681192e-02  7.95884356e-02 -7.83560351e-02  3.98361590e-03
 -5.28113805e-02  8.63856915e-03 -2.84437053e-02 -7.00865919e-03
 -4.74774987e-02  5.03253099e-03 -1.69123448e-02  2.49694753e-02
 -6.59978762e-02  1.16331123e-01 -2.77969078e-03 -6.59034401e-02
  8.73489901e-02 -3.44866067e-02  5.47173247e-02  1.21319987e-01
 -2.36103535e-02 -3.30504403e-02 -3.12568359e-02 -3.62108760e-02
  8.61195847e-03  1.61701851e-02 -1.77148897e-02  1.76002216e-02
 -2.88855322e-02  9.89984442e-03 -6.00657798e-03 -8.27500690e-03
 -4.52665873e-02 -6.63465559e-02 -1.24054328e-02  6.60878718e-02
 -1.12546012e-02  2.32318547e-02  7.92887621e-03  5.33603281e-02
 -1.47392647e-02 -2.57800687e-02  3.33282128e-02 -2.29179971e-02
  8.84847939e-02  5.07666208e-02  4.38757502e-02  5.81039265e-02
 -7.21065924e-02  3.24909687e-02 -2.68110596e-02 -1.97268687e-02
 -2.19335314e-02 -9.36688203e-03 -3.70693915e-02 -1.12445801e-02
 -1.48344412e-03 -6.09919764e-02  5.37653193e-02  1.34404050e-02
 -7.22365156e-02 -1.95207242e-02  1.63847096e-02  4.62071262e-02
 -1.39580872e-02 -4.16219383e-02 -3.11651491e-02  5.33084525e-03
 -1.66301355e-02 -2.79526133e-02  7.96039309e-03 -1.20039427e-08
  2.25506425e-02  1.04760373e-04 -3.30608822e-02 -9.56061631e-02
  1.01642989e-01 -8.26989785e-02  2.20926013e-02  6.95057437e-02
  5.82499951e-02  9.87418890e-02 -2.50198115e-02  3.31799239e-02
  6.68289214e-02  4.44078147e-02  3.86928990e-02  9.40269157e-02
  1.45718371e-02 -6.36061095e-03 -3.86180840e-02 -6.08385131e-02
  4.68775211e-03  4.91183847e-02  2.55462974e-02  2.68392358e-03
 -1.60616692e-02  5.15813716e-02  2.35619899e-02  1.37761399e-01
  4.88899760e-02  3.37204747e-02  2.40574535e-02  9.03830826e-02
 -3.89739051e-02 -6.08290099e-02 -8.01641047e-02 -2.58271471e-02
  1.64248478e-02 -1.49359237e-02  5.31612721e-04 -1.42223746e-01
  2.09812298e-02  6.86196163e-02  6.10821657e-02 -6.02768883e-02
  4.01928090e-02 -9.02839974e-02 -1.04560062e-01  1.79741753e-03
 -2.71209627e-02 -6.53029829e-02 -2.02215482e-02  9.64235887e-03
  3.48756947e-02  8.14943016e-02  7.87468702e-02 -3.42063233e-02
  1.15022976e-02 -9.83653124e-03 -2.92496160e-02  3.50401551e-02
  8.37332308e-02 -7.95286801e-03  1.12663649e-01  1.72382612e-02]"
196,Labor Management,Social,management,12,0.6525,"[-6.74250163e-03  3.94127220e-02 -2.95228716e-02  7.41123632e-02
 -3.09088156e-02 -3.30426656e-02  9.95711312e-02 -4.89375107e-02
 -2.25774720e-02  1.07761778e-01  5.17430268e-02 -9.16452706e-03
  2.46204436e-02  3.09753940e-02  2.71800607e-02 -1.14289597e-02
 -4.73396443e-02 -8.33838433e-03 -2.28628702e-02 -9.31564867e-02
 -6.38783351e-02 -2.54104063e-02 -2.00622175e-02  1.92992408e-02
 -1.08344041e-01  7.56677985e-02 -6.90313727e-02  6.38180599e-02
 -2.82696150e-02 -1.38183877e-01  1.31309489e-02  7.15729315e-03
  9.56339538e-02  3.64910029e-02 -4.05676886e-02  6.54199570e-02
 -4.61293943e-02  1.17836101e-02  5.33233993e-02 -2.63855476e-02
 -2.44800970e-02 -1.52458316e-02 -5.41586392e-02 -7.21577480e-02
 -2.57489439e-02  4.93020751e-02  2.44439812e-04 -2.69789039e-03
 -2.27397177e-02 -2.15124413e-02 -6.21105060e-02 -5.08999862e-02
 -1.74447615e-02  9.68975667e-03  3.62056121e-02  1.64978560e-02
  3.13485675e-02 -2.98486464e-02 -4.73109484e-02 -1.02875553e-01
 -3.47474590e-02 -1.57520249e-02 -7.26062879e-02  3.25870477e-02
  5.20022921e-02 -2.28076838e-02 -2.76090130e-02  9.69556347e-02
 -4.01524380e-02 -1.82784926e-02  9.14915577e-02 -1.03170276e-01
 -3.42110358e-02 -1.66468916e-03  2.17488483e-02 -5.15869409e-02
 -2.30062865e-02  1.81478392e-02  8.83841068e-02  1.94602169e-03
  5.66026978e-02  2.49093771e-02 -3.33295688e-02  9.09490734e-02
 -3.26895975e-02 -2.15647463e-02  5.69076743e-03 -8.15423857e-03
  5.71353249e-02  2.13302951e-02 -1.93279404e-02 -3.10928430e-02
  4.10875492e-02  7.80773582e-03 -1.05895981e-01 -2.29647812e-02
  3.17370705e-02 -9.95659549e-03 -5.00304289e-02  2.12100565e-01
  4.72692102e-02  2.21707188e-02 -2.55228225e-02 -3.71890515e-02
 -3.80109288e-02 -4.43153642e-02  4.35216352e-02  4.12057862e-02
  2.68357806e-03 -9.32605192e-03 -1.95706468e-02  5.66908382e-02
 -8.82166103e-02 -4.01940197e-02  4.13320512e-02 -9.40297451e-03
 -8.26471299e-03  3.51529904e-02  3.12146153e-02  5.91682382e-02
 -6.23886939e-03  4.17862013e-02  1.35075925e-02  1.56383719e-02
 -1.16812684e-01  2.08049663e-03 -9.24678799e-03 -4.95486958e-33
 -1.75512768e-02 -8.98833424e-02 -1.36630451e-02  6.60484135e-02
  8.62389132e-02  3.00743487e-02 -9.98962484e-03  8.78575295e-02
  2.61653867e-02  1.92045723e-03  2.88701765e-02  2.57828012e-02
  2.28039548e-02 -6.25035390e-02  1.11601591e-01 -4.30049412e-02
 -4.99433838e-02  1.18328132e-01  9.29857977e-03 -7.76721817e-03
 -7.34170228e-02  3.06019764e-02 -1.14092296e-02 -2.40515880e-02
  6.16032332e-02  2.09791698e-02 -2.86934320e-02 -1.36957727e-02
  1.05531000e-01  1.64966155e-02  6.74866885e-02  5.19290082e-02
 -5.62217943e-02 -1.97678544e-02 -6.81038201e-03  2.85073463e-02
 -8.18141848e-02 -4.22843024e-02  2.53905915e-02 -5.76908924e-02
 -8.59821662e-02 -4.37891632e-02  1.35796648e-02  3.62083036e-03
 -4.46456783e-02  4.51583788e-02  9.72872227e-02 -1.28815267e-02
  4.90351953e-03  6.33655488e-02 -3.14216055e-02 -4.13633436e-02
  3.61029506e-02 -1.55062135e-02  7.88018107e-02 -1.61103979e-02
  3.85580398e-02 -1.53121036e-02  6.98828325e-03  1.54383359e-02
  2.29718555e-02  5.85144237e-02 -7.50529170e-02  9.01918039e-02
  5.07602617e-02 -3.89378704e-02 -6.50601648e-03 -1.58440508e-02
  1.11078821e-01 -1.00741545e-02 -5.09891808e-02 -5.36722550e-03
  4.69328500e-02  5.42523488e-02 -1.95006151e-02  6.03998033e-03
  2.68346537e-02  2.54885089e-02 -9.54342410e-02  1.85403563e-02
 -1.45493094e-02 -6.61010039e-04  4.53139953e-02  2.21819747e-02
  9.71526578e-02  1.70249976e-02  6.47831857e-02  2.18948815e-02
  3.88422124e-02  1.46642208e-01 -6.48898259e-02  1.48661081e-02
  1.15849013e-02  1.51158854e-01 -2.73532458e-02  3.86382312e-33
  2.49592327e-02  6.04487583e-03 -4.92412001e-02  2.53113192e-02
  4.67575341e-02 -4.94141877e-03 -4.66419943e-02 -5.14290258e-02
 -3.94193493e-02 -9.37140919e-03 -6.32311776e-02 -4.02414650e-02
  1.26834307e-02  8.05570334e-02 -6.19750246e-02 -3.54964808e-02
  1.08410008e-01 -9.34646502e-02 -1.04379460e-01  5.48994541e-03
 -7.12465122e-02  6.88104853e-02 -3.29447985e-02  2.42999494e-02
 -8.34296942e-02  8.49779695e-02 -8.05544760e-03 -6.20969571e-03
 -2.09841132e-02 -2.43264064e-03  3.73189524e-02 -5.93400225e-02
 -1.89313907e-02  4.62824702e-02 -3.48984562e-02 -3.82679030e-02
  1.73168350e-02  4.18221653e-02 -3.90591361e-02  8.93673003e-02
  1.05569139e-02 -3.21455486e-02  5.59766358e-03  3.41871828e-02
 -2.06340360e-03 -5.36873890e-03 -3.99615914e-02 -3.86990458e-02
 -8.68422631e-03  1.22853834e-02 -1.14065439e-01 -5.71248978e-02
 -5.85132651e-02 -6.97128996e-02 -1.76434945e-02 -1.41001819e-02
 -1.50681008e-02 -4.36179340e-02 -1.58179235e-02  2.40705796e-02
  3.37884878e-03  1.51645727e-02 -1.84223279e-02  7.97082931e-02
 -6.62442073e-02  7.73905590e-02  3.94710712e-02 -2.38908418e-02
 -2.84657497e-02  1.61539152e-04  2.49454062e-02  4.77407640e-03
 -3.73025462e-02  3.43278386e-02 -1.20241549e-02 -8.58326536e-03
 -6.57223091e-02 -4.31737117e-02 -2.51085497e-02 -6.63335770e-02
 -2.00591553e-02 -3.23599689e-02 -2.39369143e-02  4.80089560e-02
 -8.86013582e-02  2.40889913e-03  3.82408574e-02 -5.45429699e-02
 -2.37914752e-02 -6.08211607e-02 -2.30521169e-02 -7.34876320e-02
 -4.20055799e-02  2.42109168e-02  4.84418646e-02 -1.31674760e-08
 -1.89381577e-02 -3.86939123e-02  7.07191974e-02 -7.59283230e-02
  5.05007207e-02 -3.44543941e-02 -3.33810449e-02 -5.41095547e-02
  9.26085040e-02  9.99066979e-02 -6.50642393e-03 -1.23093529e-02
 -6.09188564e-02  7.13185295e-02  4.85054627e-02 -2.68703215e-02
 -1.46179013e-02  5.00654392e-02 -1.81922428e-02 -6.36717957e-03
  3.20900157e-02  2.05689110e-02  1.90309610e-03  1.42170787e-02
  5.89684509e-02 -2.69911233e-02 -1.79323496e-03  6.11436442e-02
 -2.13846974e-02  9.44638848e-02  5.47390245e-02  5.36800176e-02
  5.14261192e-03  4.01214212e-02 -6.08637277e-03 -6.70390502e-02
  3.29486020e-02 -1.09143034e-02  6.15980886e-02 -5.33163063e-02
 -5.04693687e-02  1.89082194e-02  3.75746489e-02  6.49397075e-02
 -2.24716850e-02  2.00802404e-02  1.35877337e-02  3.98633033e-02
 -1.02713669e-03 -1.30215824e-01  3.50517081e-03  7.75144994e-02
  7.08366632e-02  6.04240298e-02  2.48184558e-02 -1.42924068e-02
  7.78786838e-02 -6.06539324e-02 -9.40758064e-02  1.70111526e-02
  1.00462794e-01 -2.42625494e-02 -3.41327814e-03  3.64660621e-02]"
197,Labor Management,Social,workforce,1,0.6401,"[-6.01225719e-02  8.11219332e-04 -3.42895836e-02  6.21383414e-02
 -7.83692766e-03  1.47626083e-02  6.16421849e-02 -6.95864782e-02
 -2.89757568e-02 -2.08420190e-03 -3.45239677e-02 -1.61232185e-02
 -8.24538339e-03 -7.54170865e-03 -2.77385116e-02 -3.13166268e-02
  1.25363143e-02 -1.67443380e-02  4.22765799e-02 -5.84965907e-02
 -8.48453119e-02 -1.27153564e-02 -4.97699566e-02  7.31486222e-03
  2.10995954e-02  4.82522100e-02 -5.15435152e-02  3.95232178e-02
 -7.07736313e-02 -8.35431740e-02 -2.65680272e-02  9.00611952e-02
  5.95679954e-02  9.30498727e-03  1.66342352e-02  4.06633466e-02
  3.48403677e-02  4.55019623e-02  5.01053557e-02 -6.61789672e-03
 -5.39526157e-02 -9.11292210e-02 -1.95321944e-02 -2.08071508e-02
 -2.55159140e-02 -1.22755347e-02  2.76468806e-02  2.54673101e-02
  4.15233243e-03  4.71785441e-02 -4.79860185e-03 -8.20216984e-02
  4.00661416e-02  9.31239948e-02 -1.17691502e-03 -4.79278490e-02
  3.73498537e-02 -5.97072616e-02 -4.00749072e-02  1.98270082e-02
 -3.17125916e-02 -3.43811363e-02 -6.52290657e-02  3.70273963e-02
  1.05599813e-01 -2.71414351e-02 -6.94716573e-02 -4.59164521e-03
 -8.30985978e-02 -7.54280314e-02 -1.31057585e-02 -5.00512272e-02
 -5.30527681e-02  4.21497459e-03  1.10228851e-01 -4.91558984e-02
 -1.11921411e-03 -2.11161170e-02  1.42690524e-01 -4.84893881e-02
  5.01959994e-02 -1.44590801e-02 -3.74307595e-02  1.15847670e-01
 -7.13332593e-02 -6.01008236e-02  1.33658508e-02  5.68119697e-02
  3.19801718e-02 -3.15538906e-02 -2.22508498e-02 -4.35420498e-02
  2.77787782e-02  2.17588004e-02 -8.23606327e-02 -2.98371091e-02
  1.62867997e-02  3.66851203e-02 -1.54577782e-02  1.85827062e-01
 -8.05261172e-03 -3.23398933e-02  1.65000092e-02 -1.92710999e-02
 -9.60354209e-02 -1.31842624e-02 -5.50493337e-02  4.91558947e-02
 -2.60757171e-02  1.27673922e-02 -4.94105667e-02  4.15815674e-02
 -1.20862603e-01  7.49910474e-02  1.03274658e-02 -9.28133260e-03
 -4.32712119e-03  3.89916152e-02 -2.33951379e-02  9.16833654e-02
 -1.41703961e-02  3.82731035e-02 -9.40272063e-02 -8.07924569e-03
 -5.15050329e-02 -8.73991176e-02  6.95073931e-03 -6.88488217e-33
  2.48216167e-02  1.00640638e-03  6.35212585e-02  1.10173322e-01
  7.87566155e-02 -1.62826143e-02 -4.92259394e-04  6.26436993e-02
  1.12531288e-02 -5.31490855e-02 -8.17099214e-02  8.47709477e-02
 -9.36946366e-03  5.07045537e-02  5.81542924e-02 -4.57599200e-02
  3.35091748e-03  1.15278192e-01 -2.19357572e-02  2.30442099e-02
 -1.42209670e-02 -3.01544238e-02 -8.79927948e-02  5.98448664e-02
  4.12910106e-03  3.18341777e-02 -2.13524643e-02  1.75245292e-03
  6.46415204e-02  4.01848294e-02 -8.24420014e-04  5.92423677e-02
  3.29212397e-02 -1.13955606e-02 -4.84156460e-02 -2.64939722e-02
 -2.88259983e-03 -7.12777451e-02  1.92263424e-02 -3.29018123e-02
 -4.06757593e-02  1.42306695e-02  7.02573508e-02  2.10089367e-02
  1.06760655e-02  4.69569378e-02  4.09793034e-02  2.34352071e-02
 -2.68498138e-02  1.18825950e-01 -1.26869231e-02  3.89132053e-02
  4.59869988e-02  3.62201259e-02  4.22721580e-02 -1.81404804e-03
  2.37294938e-02  4.96631861e-03 -1.78574547e-02 -3.23018432e-02
  4.27366905e-02  9.53053609e-02 -2.27123257e-02  2.07877643e-02
  7.88916722e-02  1.77977397e-03 -2.98936921e-03  4.24538665e-02
  9.89400521e-02  3.36035267e-02 -4.57760356e-02  2.83758938e-02
  4.30666320e-02  5.04170656e-02 -5.27065173e-02  7.16864839e-02
  2.84163393e-02  2.68735904e-02 -3.23398560e-02  4.07057721e-03
  1.72666013e-02  4.02592868e-03 -4.28851284e-02 -3.80760059e-02
  1.02172844e-01  1.20082339e-02  4.07575630e-02 -5.15358672e-02
  6.42072484e-02  3.18721607e-02 -6.09447025e-02 -2.93205045e-02
  3.05625238e-02  9.28657651e-02 -2.86904369e-02  4.15550000e-33
 -3.99073400e-02  1.80476101e-03 -9.51386690e-02  6.46256730e-02
  3.14361267e-02  4.68551693e-03  1.13660730e-01 -5.59118055e-02
  8.74623470e-03  8.99058878e-02 -8.23102295e-02 -7.62239248e-02
  8.13953858e-03  3.22608836e-02 -5.07470667e-02 -9.04939994e-02
  1.34050101e-02 -4.53111297e-03 -5.56436814e-02  6.42389655e-02
  4.42026295e-02 -6.29281476e-02  8.73336010e-03  3.01485825e-02
  6.31389022e-02  4.32610102e-02 -8.85448605e-02 -7.39885196e-02
 -6.35300428e-02  2.13736817e-02 -3.74293625e-02 -5.88570908e-02
  2.80020218e-02  3.93373407e-02  7.85840151e-04 -3.22675146e-02
 -3.69418599e-02  4.07368727e-02 -4.92210640e-03  1.16393529e-02
  5.63497581e-02 -4.93168682e-02 -6.64350763e-02  8.31017643e-02
 -2.24550236e-02 -4.00079042e-02 -3.10028009e-02 -2.01198068e-02
  2.78212726e-02 -4.11977246e-02 -4.46037911e-02  7.45467190e-03
 -5.99744879e-02 -2.75628660e-02 -4.68200259e-02 -3.80339213e-02
 -1.17040528e-02 -4.87315431e-02 -4.18823585e-02  2.54058950e-02
 -1.20920716e-02 -1.30840568e-02 -1.95830688e-03  8.89871046e-02
  2.65449472e-02 -6.04541712e-02  3.55863050e-02 -4.47366908e-02
 -2.54226197e-02  1.01106698e-02  9.64991227e-02  4.17312607e-02
  5.37282452e-02  1.05698910e-02 -3.17087620e-02  1.13097727e-02
 -2.27209572e-02 -3.07682883e-02 -3.99819762e-02  2.99219117e-02
 -3.63922678e-02 -6.37378544e-02  3.62146385e-02  3.33423577e-02
 -5.74296303e-02  6.95158094e-02  5.54965772e-02 -5.30800549e-04
 -7.25125223e-02 -1.01263106e-01 -5.78039587e-02 -1.81892980e-02
 -3.22220400e-02 -5.59824891e-02 -5.13032191e-02 -1.25799096e-08
  2.29386408e-02 -4.24181297e-03 -7.76705984e-03 -3.37196104e-02
  2.59312131e-02 -5.63172325e-02  2.04537921e-02  2.87122512e-03
  6.20050766e-02  1.00083061e-01  7.73522863e-03 -1.76186990e-02
  5.84147796e-02  4.82898578e-02  9.47915390e-02  8.78558457e-02
 -1.06325727e-02 -4.64030681e-03 -8.98464844e-02 -9.06431079e-02
  7.70798177e-02  5.25659807e-02 -5.07274196e-02  7.44134234e-03
 -9.30978078e-03  2.05584355e-02 -7.67234489e-02  7.46750608e-02
  1.62314642e-02  3.16558331e-02 -1.65974107e-02  1.55911325e-02
 -4.18153144e-02 -9.84547958e-02 -3.05530690e-02 -5.13421632e-02
  3.31972837e-02 -4.62985560e-02  1.60271619e-02 -9.74130258e-02
  4.38925065e-03  7.23044723e-02 -1.85163934e-02 -3.41982916e-02
  7.51123130e-02 -4.14772779e-02 -1.06678635e-03  6.52317554e-02
 -6.19915500e-02 -5.62885478e-02 -2.96851657e-02 -4.04295325e-03
  5.21001182e-02  4.24690656e-02  2.50238832e-02 -3.10461093e-02
  2.83482075e-02 -6.26567230e-02 -4.58031856e-02  5.58706075e-02
  1.35885358e-01 -1.80853345e-03  1.37263879e-01 -6.95199473e-03]"
198,Labor Management,Social,workplace,3,0.6292,"[-3.99643406e-02  4.54274677e-02 -9.10835154e-03  3.27331424e-02
 -1.26704350e-02 -9.88363288e-03  8.86837319e-02 -4.11301479e-02
  6.70935260e-04 -4.40357216e-02 -8.16520769e-03  6.10478316e-03
 -4.48053032e-02  4.29295935e-02  8.07625894e-03 -1.45549048e-02
  1.06468545e-02 -2.24629045e-02 -1.99769624e-02 -9.55086276e-02
 -6.17609397e-02 -9.21037886e-03 -6.25885278e-02  9.79680941e-03
  1.37036899e-02  7.89906830e-02 -2.68004425e-02  7.55431205e-02
 -3.28242183e-02 -8.51846933e-02 -5.27776890e-02 -2.75526270e-02
  4.86031398e-02  3.39689776e-02 -3.01977452e-02  7.14956643e-03
  4.43889759e-02  4.37859595e-02  7.82790929e-02 -1.23298652e-02
 -7.22131208e-02 -6.82070181e-02 -5.57053601e-03 -1.90991312e-02
 -1.09034693e-02  2.18801945e-02  5.57049178e-02  7.26478221e-03
 -2.04385333e-02  2.71164682e-02 -1.81100592e-02 -7.34073445e-02
  1.38481921e-02  8.73269439e-02  7.10820034e-02 -4.17915024e-02
 -2.12704530e-03 -1.74037591e-02 -2.12276317e-02 -2.16023102e-02
  4.79504690e-02 -1.13533556e-01 -4.65366170e-02  4.64407168e-02
  6.91245198e-02 -2.06517503e-02 -3.17089073e-02  2.80924011e-02
 -5.81099391e-02 -1.02367410e-02  6.89396262e-03 -9.00582597e-02
 -2.90702400e-03  3.19379717e-02  9.83515233e-02 -2.45011188e-02
 -7.23889191e-03 -5.62958382e-02  1.13599651e-01 -3.38644646e-02
  3.75124551e-02  1.52286114e-02 -3.25052850e-02  1.02613851e-01
 -6.01364374e-02 -2.88511626e-02  3.00993584e-02  5.81260063e-02
  4.42392752e-02  1.79017987e-02 -7.38955438e-02 -4.70709689e-02
 -1.13098584e-02 -1.03521440e-02 -8.63659605e-02 -7.11585134e-02
  2.91421395e-02  9.81753320e-02 -1.84497498e-02  2.38231450e-01
  3.08024790e-03  3.29881278e-03  3.11757717e-03 -8.85139965e-03
 -2.50813887e-02 -1.79949999e-02 -6.73946273e-03  6.90057948e-02
 -3.76383327e-02 -7.62785599e-03 -9.12129954e-02  5.28151505e-02
 -1.33157730e-01 -1.90350339e-02 -4.92764544e-03  1.52996806e-02
 -1.01438370e-02  2.70370040e-02 -6.85315281e-02  1.14805959e-01
  3.17108892e-02  5.05147241e-02 -7.59680988e-03  3.11128013e-02
 -5.47986105e-02 -7.36119598e-02  3.40400599e-02 -5.68075020e-33
  3.45368050e-02 -8.94912854e-02  3.30410786e-02  9.10993442e-02
  9.69690457e-02  7.67489837e-04 -3.51432227e-02  4.69758213e-02
  4.46095876e-02  2.71239039e-02 -2.79909801e-02  8.55662674e-02
  2.45293025e-02  1.08638490e-02  7.43829161e-02 -4.88611497e-03
  2.02383380e-02  1.00796215e-01 -7.28637129e-02  5.03568500e-02
 -2.72090966e-03 -3.24166082e-02 -8.13249424e-02  2.89318860e-02
 -8.09123516e-02  1.10074924e-02 -3.16818766e-02 -4.86004725e-02
  6.40575439e-02  4.07037698e-02  3.60755473e-02  1.74294822e-02
  2.99138054e-02 -1.45082083e-02 -3.23646925e-02 -1.44134730e-03
 -1.93968713e-02 -7.92883858e-02  7.05623850e-02 -7.56162703e-02
 -3.18289176e-02 -2.59138457e-02  7.13527948e-02 -5.73992496e-03
  5.87996691e-02  5.10032400e-02  1.43046100e-02  1.21152224e-02
  6.55752467e-03  1.24373190e-01  5.30108670e-03 -4.08874964e-03
  7.98465908e-02  3.65321636e-02  5.50897308e-02 -3.45513485e-02
  3.45690101e-02 -2.18677931e-02  2.79886127e-02  9.16926248e-04
 -1.60494316e-02  1.59502953e-01 -6.10643439e-02  4.68007512e-02
  1.84084449e-04 -2.58945189e-02  6.77056238e-03  1.76261682e-02
  8.53374451e-02 -2.22641490e-02 -2.93838966e-04  4.32219729e-02
 -2.18190197e-02  4.23314376e-03 -5.57586364e-02  7.12668449e-02
 -5.73608465e-03  3.13033676e-03 -5.80353066e-02  9.60383099e-03
  2.37108972e-02  1.77686103e-02  2.61538550e-02 -2.72279885e-02
  6.93045184e-02  3.22712734e-02 -1.03106918e-02 -4.61040176e-02
  2.33418606e-02  1.14501022e-01 -1.02924138e-01 -7.75667373e-03
  8.18099976e-02  9.67048258e-02 -1.08332671e-02  4.36408743e-33
  8.82214773e-03 -4.05848101e-02 -7.23623037e-02  2.16247477e-02
  7.84432366e-02  3.27520259e-02  3.56868990e-02 -8.79362971e-02
 -3.60699296e-02  1.18657336e-01 -3.34796011e-02 -6.57718852e-02
  6.37332574e-02  3.35816555e-02 -7.13563175e-04 -3.65599394e-02
  5.75823747e-02  1.50393872e-02 -9.79207531e-02  6.92700967e-02
 -1.49870589e-02 -2.63086930e-02 -1.91206746e-02  3.61694247e-02
  1.05494577e-02  5.69543131e-02 -1.47464145e-02 -4.13906202e-02
 -2.57084370e-02 -2.97163264e-03 -9.64361653e-02  5.57408296e-03
 -3.09538376e-02  3.74086611e-02  2.48371810e-02 -2.44017057e-02
 -7.77567104e-02 -4.15394315e-03  1.30663095e-02 -1.87317599e-02
  3.74716558e-02 -9.46639478e-03 -1.60923880e-02  8.97610858e-02
 -6.42230501e-03 -1.96501836e-02 -6.29263595e-02 -3.68976742e-02
 -6.31053839e-03 -2.06144853e-03 -2.74324417e-02 -9.61971376e-03
 -4.17608805e-02 -5.50204404e-02 -1.66479778e-02 -1.78958662e-02
 -4.33867536e-02 -9.26325768e-02 -2.79869866e-02  7.09752962e-02
 -7.92802963e-03 -4.12310362e-02  9.37803928e-03  1.65271625e-01
 -6.35067001e-02 -2.23211828e-03  4.11478663e-03 -1.76924432e-03
 -4.03615832e-02  3.11571360e-02  2.95130759e-02  2.88851671e-02
 -3.13565694e-02  2.63929530e-03 -3.48993577e-02 -4.89209257e-02
 -2.63144877e-02 -1.38804335e-02 -5.76109439e-02  1.44366864e-02
 -4.00726907e-02 -4.61984649e-02  2.44664960e-02  3.71531919e-02
 -3.23477909e-02  6.07011840e-03  5.49850725e-02  4.36564758e-02
 -4.12437432e-02 -6.54212162e-02 -2.52526142e-02 -4.88647521e-02
 -7.18059838e-02  8.33448954e-03  5.51702920e-03 -1.27029551e-08
 -2.37969421e-02 -5.45137329e-03  3.13674100e-02 -8.59067589e-02
 -2.04367191e-02 -5.54632694e-02  1.93819329e-02 -3.69206183e-02
  8.61852989e-02  8.86493176e-02  2.54376326e-03 -3.99271585e-02
  2.35603303e-02  9.42578316e-02  7.81421438e-02  4.76154080e-03
  6.08780142e-03 -3.13109718e-03 -6.88333437e-02 -6.15518764e-02
  6.11027665e-02 -8.52260645e-03  1.24424649e-03  1.99398063e-02
  6.00980548e-03  1.24294860e-02 -3.33157554e-02  6.45338893e-02
  9.73928603e-04  7.06280619e-02  1.94230564e-02  8.63916278e-02
 -7.41509795e-02 -7.68201575e-02 -8.26974586e-02 -6.72193840e-02
  8.48274976e-02 -4.77644093e-02 -8.01282190e-03 -6.03231788e-02
 -4.32428438e-03 -1.51427519e-02  3.14413272e-02 -1.16549460e-02
 -2.39403802e-03 -6.90335780e-02  1.46011896e-02  2.02434920e-02
 -5.48802018e-02 -6.07171655e-02 -7.85757136e-03  1.87757537e-02
  3.76255699e-02  4.10837233e-02  1.33912526e-02  7.19244406e-03
  3.98102775e-02 -4.30035926e-02 -1.04331307e-01  8.52798112e-03
  1.27297819e-01  4.60436828e-02  2.52395198e-02  6.05412498e-02]"
199,Labor Management,Social,employer,3,0.6269,"[-8.25185478e-02  7.37528205e-02  1.93586983e-02  1.48803070e-02
  1.66150723e-02  3.05240182e-03  1.04045711e-01 -5.56581244e-02
 -2.06485055e-02 -6.96082562e-02 -1.59894899e-02 -7.75782578e-03
 -7.68225268e-02 -1.73810571e-02 -5.42092808e-02  1.91552602e-02
  2.43395418e-02 -1.75234326e-03  1.86575335e-02 -9.36590284e-02
 -8.90308991e-02 -2.45104893e-03 -6.88133761e-02 -3.70537722e-03
  1.91454198e-02  6.00537769e-02 -1.00338943e-02  7.61329830e-02
  2.30402835e-02 -7.11030439e-02 -2.58459505e-02 -1.14285443e-02
  4.86628748e-02 -1.15931500e-03 -1.95526090e-02 -1.05278865e-02
 -6.06085733e-03  1.52161736e-02  2.04241686e-02  1.09757262e-03
 -1.81957558e-02 -7.17728510e-02  1.45296771e-02 -1.85543112e-02
  9.17440467e-03  1.44075667e-02  8.02312046e-02  6.09416515e-02
 -4.23993655e-02  1.09617189e-01  1.29199950e-02 -7.36200586e-02
  4.22107615e-02  8.34577382e-02 -2.10254500e-03 -2.72656810e-02
 -3.92523222e-03 -1.78001113e-02 -4.57307734e-02  4.75069880e-03
  1.92529708e-02 -7.43729472e-02 -3.58954184e-02  2.60285493e-02
  6.35145307e-02 -3.90762053e-02 -6.38549700e-02 -3.00150681e-02
 -7.10145384e-02 -8.71032253e-02  1.00860819e-02 -1.08779944e-01
 -7.18551055e-02  7.15131164e-02  5.67070656e-02 -5.18583730e-02
  1.16667980e-02  1.97201017e-02  9.69869047e-02 -7.19057992e-02
 -3.18467472e-04 -1.85571797e-02 -1.36766825e-02  4.77612801e-02
 -4.82471250e-02 -4.09971625e-02  7.19441622e-02  7.59964064e-02
  9.31048766e-02  3.54843363e-02  1.96890756e-02 -1.02084503e-01
  2.24129073e-02 -1.29017849e-02 -5.87609559e-02 -3.94574404e-02
  2.69599110e-02  8.38876069e-02 -2.08677407e-02  2.22987846e-01
  2.35993788e-03 -1.90786365e-02 -6.10290878e-02  1.37160551e-02
 -4.70096469e-02  1.05701145e-02 -5.15753925e-02  4.16783169e-02
 -2.03532130e-02  2.10256595e-02 -5.72833978e-02  7.13819563e-02
 -8.13267305e-02  2.79680640e-02  4.02849261e-03  2.52540279e-02
 -7.34699219e-02  5.23128659e-02 -5.18576661e-03  2.38934588e-02
 -1.95939350e-03  1.04387611e-01 -1.00990005e-01  2.79918183e-02
 -1.44625515e-01 -8.50041211e-02 -1.38688851e-02 -5.50399846e-33
  6.16793782e-02  1.38617177e-02  9.97541472e-03  2.03556102e-02
  6.97852895e-02 -2.78496253e-03 -3.75739597e-02  4.60052900e-02
 -1.95879880e-02  5.94893247e-02 -9.46547762e-02  4.45448384e-02
  1.30118933e-02 -2.57479288e-02  3.37735750e-02  8.96575395e-03
  2.21879464e-02  1.09396219e-01  1.03852730e-02  2.17283648e-02
 -5.40573942e-03 -9.59585514e-03 -1.02771953e-01  6.73620850e-02
 -2.02493891e-02  7.02830218e-03 -4.89489585e-02 -9.01723094e-03
  1.49818202e-02  3.76806520e-02  7.30588138e-02  1.72824191e-03
  3.81519832e-02 -3.45199220e-02 -2.55687460e-02 -5.22221215e-02
 -2.41213683e-02 -6.39953464e-02  5.39423525e-03 -5.17898798e-02
 -4.20169253e-03 -3.75324525e-02  7.74271414e-02  1.04093822e-02
  4.02424894e-02 -1.93749890e-02  5.78064565e-03  3.05222385e-02
  1.81138460e-02  1.46394864e-01  6.75432384e-03 -5.12819458e-03
  4.61911149e-02  1.33864284e-02  6.03962652e-02 -1.96597222e-02
 -4.53831832e-04  8.64743069e-03  5.38556203e-02 -4.73734289e-02
  7.51771638e-03  1.12770706e-01 -7.99972638e-02  5.33731617e-02
 -2.08065659e-02 -2.85784546e-02  4.74833138e-02 -2.67124642e-02
  1.06458269e-01 -7.35113956e-03 -2.18386557e-02  4.85140458e-02
  6.51450977e-02 -1.19314063e-03 -7.51715153e-02  6.04075901e-02
 -3.07425931e-02  4.33859564e-02 -1.99906789e-02 -1.06737837e-02
  1.74866430e-02  2.11320985e-02  6.47213263e-03  5.12564613e-04
  7.76171833e-02  3.97637747e-02 -1.29169421e-02 -6.64779022e-02
  3.80215272e-02  5.18069938e-02 -7.14956522e-02  9.48431611e-04
  2.18401849e-02  8.01874027e-02  4.68978882e-02  3.75728696e-33
 -6.60341326e-03 -6.81547374e-02 -4.73529100e-02 -1.46573773e-02
  3.50369029e-02 -6.31751586e-03  6.52014464e-02 -6.21361546e-02
 -4.49066907e-02  7.61523619e-02 -3.24335918e-02 -6.38001710e-02
  4.82986979e-02  3.06576677e-02 -3.01649552e-02 -2.44191717e-02
  3.55516486e-02 -1.32638002e-02 -8.66586342e-02  1.92725323e-02
 -3.75588471e-03 -4.60079201e-02  1.01771718e-02  1.20687056e-02
  2.18025763e-02  3.29201221e-02 -4.77248058e-02 -3.63751948e-02
 -7.17818663e-02  1.14990566e-02 -7.00012073e-02 -1.34555912e-02
 -7.14484826e-02  8.81209224e-02  8.72611720e-03 -2.26778146e-02
 -7.64956027e-02  1.82606354e-02  5.62857697e-03 -2.97714341e-02
  4.16934676e-02 -2.46132463e-02  4.28004414e-02  1.39469460e-01
 -4.05474380e-02 -1.91980693e-02 -3.35405841e-02 -4.80360836e-02
  6.76768646e-02 -3.20884585e-02 -7.58097023e-02  1.52506009e-02
  3.72351333e-02 -1.87731124e-02 -3.79243493e-02 -5.57260998e-02
 -1.54375629e-02 -6.25286475e-02 -4.25318852e-02  2.27287952e-02
  2.88017336e-02 -5.76609606e-03  5.27101196e-02  1.25802532e-01
 -2.01483183e-02 -3.18631828e-02  3.47963087e-02 -2.05028593e-03
  3.37293521e-02  2.05865726e-02  3.54715660e-02 -1.95474550e-02
  1.01317763e-02  2.95393504e-02  4.96868975e-03 -7.23992512e-02
  1.29844872e-02 -1.80314537e-02 -9.58687440e-02  1.54742599e-02
 -4.28795489e-03 -5.16333245e-02  5.29910028e-02  8.07400495e-02
 -3.31178494e-02  9.87704564e-03  3.27569805e-02  2.24355403e-02
 -3.06541426e-03 -4.80742678e-02 -1.10212276e-02  1.34211418e-03
 -8.21881071e-02  1.89763978e-02  1.47204427e-02 -1.23994877e-08
 -1.81335453e-02 -1.86695736e-02  4.47511822e-02 -7.63542727e-02
  3.37949581e-02 -1.05218343e-01  4.37598117e-03 -3.40599492e-02
  4.74895500e-02  3.32355276e-02 -3.07053663e-02 -4.18971851e-02
 -3.55606037e-03  2.93857604e-02  1.04759440e-01  6.34494722e-02
  1.31233633e-02  2.25972049e-02 -1.42100714e-02 -3.51691023e-02
 -3.92559450e-03  5.63677512e-02  2.33430676e-02  1.24609666e-02
 -1.97648667e-02  4.20844592e-02 -1.38622802e-02  4.42182831e-02
  8.22913423e-02  1.02584980e-01  1.42496452e-02  1.10912181e-01
 -1.36309918e-02 -1.02657169e-01 -7.23203048e-02 -6.77986071e-02
  4.57366407e-02 -7.30486661e-02 -7.46766571e-03 -1.16311543e-01
 -9.08111222e-03  4.30823676e-02  5.12396581e-02 -3.58023569e-02
  7.87304807e-03 -5.46459965e-02 -1.83130372e-02  1.90049130e-02
 -3.35582756e-02 -2.85290424e-02 -1.79658644e-02 -3.55772930e-03
  3.41205224e-02  5.81999384e-02 -7.93901086e-03 -1.10100079e-02
  8.18920974e-03 -5.11742830e-02 -1.07271157e-01 -2.48298906e-02
  1.29537970e-01  1.05781732e-02  1.20994769e-01  1.66080762e-02]"
200,Labor Management,Social,employees,10,0.6166,"[-3.20037156e-02  4.72616591e-02  1.21012563e-02  4.13873456e-02
 -6.53357133e-02 -6.76225871e-03  1.34982690e-01 -7.96241835e-02
  9.79620684e-03 -1.56515483e-02  2.89265104e-02  4.25344612e-03
 -4.14831452e-02 -3.89418122e-03 -3.47126126e-02 -1.45370048e-02
 -8.17798916e-03  4.21825610e-02 -2.13417299e-02 -9.94624868e-02
 -8.14312994e-02 -7.87743106e-02 -6.78104013e-02  2.74205562e-02
 -1.74393877e-02  4.22237068e-02 -3.59593444e-02  4.83711101e-02
 -6.10059053e-02 -6.05842546e-02 -2.87537836e-02 -6.00456893e-02
  8.67659897e-02  2.84693819e-02 -6.16171509e-02  2.76657827e-02
  2.76409928e-02  6.45417795e-02  3.00804414e-02 -1.12191951e-02
 -5.23580164e-02 -4.53884825e-02 -1.83977801e-02 -2.27626208e-02
 -2.94262525e-02 -1.24685967e-03  6.03360459e-02  1.88424289e-02
 -1.02265328e-02  7.01607019e-02  8.19764733e-02 -7.06041530e-02
  2.90290322e-02  6.81798756e-02  2.47678105e-02 -7.56277293e-02
  1.07758017e-02 -1.04974523e-01 -1.54408971e-02  2.23375950e-02
  3.22467536e-02 -1.06778704e-01 -3.84465531e-02  3.19410153e-02
  7.41569474e-02 -1.05594974e-02 -4.64555062e-02  5.14333975e-03
 -6.33457229e-02 -9.74037051e-02  4.42351587e-03 -6.53724745e-02
 -3.20404246e-02  4.79793362e-02  4.09120433e-02 -2.11312957e-02
 -2.41961498e-02  3.21683288e-03  6.61635324e-02 -9.22663659e-02
  7.77285313e-03 -3.93103249e-02  9.35745798e-03  8.20520371e-02
 -2.93197408e-02  3.55609544e-02  4.11504097e-02  4.54072095e-02
  2.87754163e-02  1.88265033e-02 -2.96129528e-02  9.61908605e-03
  5.12525663e-02 -2.90522818e-02 -6.58692345e-02 -4.82746139e-02
  2.74704974e-02  4.32350263e-02 -8.60872641e-02  2.20047414e-01
  3.82507755e-03  2.66333967e-02  6.47918656e-02 -2.80592572e-02
 -5.37984706e-02  1.05708337e-03 -1.68357100e-02  5.25076408e-03
 -1.90917291e-02 -3.10655795e-02 -4.22592200e-02  8.68293047e-02
 -1.37294471e-01 -5.30439941e-03 -6.70625363e-03 -5.33795878e-02
 -4.36251722e-02  3.40612009e-02 -7.53777549e-02  2.84269154e-02
  1.90160219e-02  5.33296354e-02 -2.01281086e-02  1.89301427e-02
 -6.01875372e-02 -1.22221345e-02 -1.44809783e-02 -6.13072981e-33
  1.75473560e-02  9.37485974e-03  3.43352780e-02  3.53624336e-02
  5.90389967e-02 -1.08384397e-02 -2.83538494e-02  2.14033518e-02
  2.22670007e-02  3.22094234e-03 -1.20236889e-01 -9.40823462e-03
  3.95364612e-02 -1.29842814e-02  8.67090598e-02 -2.00943500e-02
  4.54819854e-03  9.22117606e-02 -7.38786086e-02  4.73596603e-02
 -3.29456553e-02  1.64185092e-02 -8.84134248e-02  8.02201927e-02
 -2.71382425e-02  6.36112550e-03 -5.83541952e-02  1.79805066e-02
  5.91744147e-02  3.08528300e-02  1.08493090e-01  1.38304215e-02
  5.26026301e-02  1.23138577e-02 -5.50684929e-02 -2.43857801e-02
  9.24860686e-03 -3.11250109e-02  4.38629575e-02 -7.47283474e-02
 -9.94153228e-03 -5.70817152e-04  1.10522449e-01 -2.66542584e-02
 -4.21584062e-02 -1.18112452e-02  1.49489278e-02  2.09722873e-02
  2.86657549e-02  1.35012895e-01  6.77961332e-04  2.47497298e-02
  2.85990100e-04  3.19812894e-02  7.33823627e-02 -2.84507908e-02
  4.74298336e-02 -1.83176678e-02  2.74097417e-02 -3.86154875e-02
  1.04562882e-02  1.56661659e-01 -5.86559288e-02  6.35971501e-02
 -8.65800120e-03 -4.47542174e-03  3.39091569e-02 -8.45164899e-03
  1.42969653e-01  4.37481096e-03 -2.02578139e-02  4.36353721e-02
  5.82074896e-02  1.09777860e-02 -8.54145736e-02  7.81025812e-02
 -1.86712909e-02  2.21852139e-02 -2.05770135e-03  3.59072722e-02
  4.65013944e-02 -3.47610600e-02  6.90704957e-02 -3.12086400e-02
  2.11840533e-02  1.99699420e-02  1.28091369e-02 -1.59544311e-02
  3.16932984e-02  8.44271481e-02 -1.90077554e-02  2.57126410e-02
  4.95645441e-02  1.27709717e-01 -2.81838682e-02  4.03038295e-33
 -3.94297857e-03  3.03882603e-02 -8.39447826e-02 -4.03976031e-02
  7.60368705e-02  4.79580499e-02  5.00257201e-02 -8.19236040e-02
 -5.23012727e-02  2.54455023e-02 -6.15837574e-02 -7.78384283e-02
  6.01221574e-03  2.56504659e-02 -7.20722554e-03 -2.98509132e-02
  8.23255703e-02 -2.61507686e-02 -5.31682931e-02  1.52203804e-02
 -3.20680588e-02 -3.58475908e-03 -6.56808866e-03  6.52964264e-02
  2.90512815e-02  6.43757135e-02 -1.34888962e-02 -2.77055539e-02
 -7.69113451e-02 -1.43805668e-02 -6.10651635e-02 -3.46371867e-02
 -2.76394635e-02  4.09931764e-02  9.11101978e-03 -3.92636806e-02
 -9.64199230e-02  5.22179790e-02  1.13533596e-02  2.00532209e-02
  6.40339106e-02 -1.54539431e-02  8.81831255e-03  1.00760445e-01
 -5.24167158e-02 -4.68044961e-03 -4.53835167e-02 -8.71734768e-02
 -7.37118796e-02 -7.05135346e-04 -7.29096234e-02 -4.90834638e-02
 -5.00614606e-02 -3.19073014e-02 -2.77345721e-02 -2.89715175e-02
 -4.10692282e-02 -7.09504783e-02  5.60765266e-02  4.10992615e-02
 -6.43237121e-03 -3.85245010e-02  4.28045020e-02  1.55517787e-01
 -7.48990551e-02 -2.52980012e-02 -1.16692055e-02 -8.61880369e-03
 -4.22233380e-02 -5.21820551e-03  5.00104055e-02 -4.78268340e-02
 -4.13252972e-02 -1.09382300e-02 -6.18085414e-02 -4.55928333e-02
 -8.44554305e-02 -5.14098518e-02 -4.96350564e-02 -1.56763364e-02
 -2.48464346e-02 -2.32699662e-02  6.21322989e-02  9.13890973e-02
 -2.50691548e-02  2.16058251e-02  6.64057806e-02 -6.52735261e-03
 -3.51972841e-02 -1.00960145e-02 -8.74833111e-03 -2.42168587e-02
 -4.35920916e-02  5.89108048e-03  1.75131410e-02 -1.24668817e-08
 -5.75497793e-03  8.81026778e-03 -1.21494778e-03 -4.00174148e-02
  3.04989871e-02 -9.12928507e-02  3.61307114e-02  2.81411465e-02
  5.22272065e-02  7.03261495e-02  1.12977503e-02 -2.06187498e-02
  2.31486782e-02  3.21673602e-02  1.20789744e-01  6.38880432e-02
 -5.12135886e-02  2.33288035e-02 -7.08790645e-02 -4.27508652e-02
  5.08826375e-02  4.07050662e-02  1.10632218e-02 -3.49530415e-03
  3.72131821e-03  4.74671312e-02 -4.72825132e-02  5.63222058e-02
  5.25399595e-02  1.16690338e-01  1.16297835e-02  7.78852701e-02
 -3.23452689e-02 -3.76047492e-02  1.78474169e-02 -3.37458104e-02
  1.60479341e-02 -6.48749098e-02  1.25909876e-02 -5.35764620e-02
 -3.30287367e-02  1.92126781e-02  2.14711223e-02  2.61071734e-02
  5.44830076e-02 -5.85604012e-02 -4.75200154e-02  2.12582629e-02
 -4.68095392e-02 -6.73174635e-02  2.27360744e-02 -2.33865045e-02
  4.36591431e-02  5.31763881e-02 -1.84912346e-02 -6.89942688e-02
  1.15344254e-02 -1.97193753e-02 -5.10428958e-02 -3.87358740e-02
  6.98038042e-02  2.61319932e-02  9.07318667e-02  3.43626067e-02]"
201,Labor Management,Social,employee,16,0.59,"[-5.87991104e-02  1.00424327e-01  1.51427882e-02 -1.55790104e-02
 -7.24152550e-02 -1.77007020e-02  1.53702110e-01 -3.29784006e-02
 -3.07864491e-02 -3.00480891e-02  2.64010336e-02  2.24494119e-03
 -6.90903962e-02  1.03809275e-02 -2.00859904e-02  2.52832472e-03
  2.43953932e-02  4.40064520e-02 -2.22257525e-02 -1.07410938e-01
 -5.75630106e-02 -4.56697941e-02 -7.94794708e-02 -1.64166698e-03
  8.11115932e-03 -1.30558340e-03  5.81185380e-03  7.02363551e-02
 -4.73393612e-02 -5.62329404e-02 -2.46515684e-02 -7.62487501e-02
  2.29610167e-02 -2.77504069e-03 -3.36477049e-02  1.37600638e-02
  1.78243145e-02  9.89463031e-02  3.59138139e-02  1.87836532e-02
 -5.53059950e-02 -5.34700193e-02 -2.46365555e-02 -1.36291170e-02
 -2.79760342e-02  1.58552639e-02  6.27675429e-02  5.11012739e-03
 -2.19293050e-02  2.76520867e-02 -3.96439619e-03 -5.10471947e-02
  5.06680831e-02  7.50458837e-02  3.21300440e-02 -4.75947149e-02
  4.52946164e-02 -5.89983501e-02 -1.85766499e-02  3.42770331e-02
  4.23169276e-03 -9.00317952e-02 -1.51072936e-02  2.72084251e-02
  6.50611445e-02 -2.64210589e-02 -3.58630493e-02 -6.92271590e-02
 -4.73473705e-02 -8.20396841e-02  1.33843273e-02 -5.61537892e-02
 -5.08096404e-02  5.16973026e-02  3.49901430e-02 -4.57637198e-02
  1.09052584e-02  2.50568092e-02  8.22148025e-02 -3.53347734e-02
  1.81064177e-02  9.07775073e-04  2.92953998e-02  7.53589347e-02
 -3.25242244e-02  2.67533548e-02  5.22113629e-02  5.26282042e-02
  3.59066650e-02  1.59895048e-03 -1.93526968e-03  3.93009605e-03
  3.54701392e-02 -5.27727790e-02 -5.55216968e-02 -5.01753502e-02
 -2.92500872e-02  4.84913774e-02 -1.00996599e-01  2.47540727e-01
 -1.08561590e-02  2.19498202e-02  4.45993096e-02  7.98724405e-03
 -4.85039921e-03  2.56986637e-02  1.41577637e-02 -5.10087190e-03
 -5.06658666e-02 -4.74387705e-02 -3.87623049e-02  3.98371220e-02
 -1.38625294e-01 -3.13589275e-02  2.11293790e-02  1.33671868e-03
 -7.10772648e-02  3.01972106e-02 -7.55424425e-02  4.16878611e-03
  2.33220812e-02  3.77815031e-02 -7.25634694e-02  5.67672998e-02
 -1.12983547e-01 -6.51069432e-02  5.31128384e-02 -6.34209398e-33
  2.06616484e-02  2.01402381e-02  3.21166888e-02  3.58769596e-02
  9.17918012e-02  3.96864526e-02  2.91854120e-03  2.05735695e-02
  3.52917500e-02  2.52505559e-02 -8.51850882e-02 -3.18103693e-02
  3.41366082e-02 -1.17483339e-03  3.16325091e-02  3.22965384e-02
  2.57128123e-02  1.05800793e-01 -6.83920905e-02  4.39638011e-02
  7.34675117e-03 -1.18304687e-02 -8.44580010e-02  4.78127822e-02
  3.49004846e-03  2.53649475e-03 -3.44069153e-02  1.74901877e-02
  1.33960759e-02  2.68310327e-02  4.81939502e-02  2.89153121e-02
  5.28906994e-02  5.18658804e-03 -5.77750616e-02 -6.90718442e-02
 -2.74382439e-02 -4.54400964e-02  1.55885778e-02 -8.49427134e-02
 -1.02860061e-02  2.44217255e-04  1.21216096e-01  1.66786567e-03
 -6.26526102e-02 -4.47946675e-02  4.31545712e-02  1.84384305e-02
  5.47221303e-02  1.23035043e-01  1.13897016e-02  1.26012107e-02
  3.71581241e-02  2.81718504e-02  2.71097887e-02 -4.35022302e-02
  5.92841469e-02 -9.30121075e-03  5.77639937e-02 -3.24303955e-02
 -3.94208217e-03  1.29453778e-01 -7.60461763e-02  7.93552846e-02
 -1.09585505e-02 -5.14814779e-02  2.09005643e-02 -4.63149436e-02
  1.25401601e-01 -5.56084327e-03  6.33295567e-04  7.44145513e-02
  3.55757773e-02 -2.17292514e-02 -9.91305485e-02  8.13687444e-02
 -1.69977937e-02  2.09909845e-02 -1.54958954e-02  1.29920105e-02
 -1.64487623e-02 -2.56923400e-02  8.23877975e-02 -4.25106473e-02
  1.93411410e-02  4.50490266e-02  5.99116506e-03  1.72937522e-03
  5.94639406e-02  1.18666328e-01 -4.24743543e-04  2.04315837e-02
  3.07314955e-02  1.20910168e-01  6.84232311e-03  4.47333898e-33
 -1.04934466e-03  4.70823114e-04 -5.69703951e-02 -4.79256026e-02
  9.25662741e-02  2.16200743e-02  2.80368477e-02 -3.35630216e-02
 -9.66190249e-02  4.49650027e-02 -7.75322551e-03 -5.85865453e-02
  3.22763324e-02  2.78976150e-02  2.82364208e-02  2.60478798e-02
  3.53623554e-02 -3.64207923e-02 -7.50357956e-02  3.12972218e-02
 -3.43425572e-02  6.08564680e-03  1.15121249e-02  4.77398261e-02
  1.12639992e-02  2.72832680e-02  1.77769847e-02 -5.69398468e-03
 -8.38099197e-02 -5.32837734e-02 -9.98882279e-02 -2.78167296e-02
 -3.36710289e-02  4.06234600e-02 -1.60972495e-03 -6.99546412e-02
 -8.88506845e-02 -1.19923959e-02  2.54187211e-02  5.60833514e-02
  5.21491654e-02  8.47500749e-03  7.02695549e-02  1.00483596e-01
 -1.29132112e-02 -4.02525030e-02 -3.95799950e-02 -9.35592726e-02
 -1.04813585e-02  1.00822616e-02 -7.57064596e-02 -3.55005041e-02
  2.94307433e-03 -9.18452535e-03 -1.06854411e-02 -2.72493921e-02
 -2.51902677e-02 -7.06779063e-02  1.36092557e-02  2.00354997e-02
  7.51333544e-03 -4.63843010e-02  5.23742996e-02  1.49399459e-01
 -5.59325218e-02 -3.30395326e-02 -1.59768164e-02 -1.60021167e-02
 -7.44083058e-03 -7.42118340e-03  3.49097326e-02 -4.91275936e-02
 -4.02780920e-02 -1.26004666e-02 -3.27798426e-02 -6.09786995e-02
 -4.45705652e-02 -7.25150630e-02 -3.23982164e-02 -3.54751348e-02
 -5.85838072e-02 -2.15136930e-02  5.29683270e-02  5.20090945e-02
 -2.01286506e-02 -3.70438793e-03  5.69069460e-02  5.87758888e-03
 -2.55422178e-03 -3.57352905e-02  5.85856987e-03 -7.51141040e-03
 -1.07673533e-01  2.31791083e-02  2.44124290e-02 -1.32029134e-08
 -4.29009013e-02  8.31393711e-03  3.14260786e-03 -6.71368614e-02
  6.57841414e-02 -7.74483904e-02  3.92907634e-02 -4.91998605e-02
  3.27036008e-02  3.91744822e-02 -1.03832940e-02 -2.33763233e-02
  3.54076289e-02  3.53502855e-02  1.36950314e-01 -2.99407495e-03
 -1.74757652e-02  4.19688374e-02 -6.20150603e-02 -1.18789095e-02
  5.20548597e-02  3.04274466e-02  2.19907016e-02  1.03034563e-02
 -2.01987308e-02  4.36603352e-02 -7.07302913e-02  9.36322510e-02
  5.12069687e-02  1.08935267e-01  1.93071235e-02  1.16563417e-01
 -3.40855643e-02 -6.45267367e-02 -3.46520194e-03 -8.05200357e-03
  4.73913960e-02 -4.88553420e-02 -1.37575166e-02 -4.58001681e-02
  1.25971157e-02  3.21392752e-02  5.49191236e-03  3.11135557e-02
  4.63540554e-02 -4.82845455e-02 -3.31644341e-02 -5.32925352e-02
 -5.60569242e-02 -3.23030241e-02  2.09858939e-02 -2.76207533e-02
  6.65078759e-02  4.14645113e-02  1.31091638e-03 -6.48548007e-02
  9.32400487e-03 -5.39966673e-02 -1.05718099e-01 -1.89452264e-02
  6.63753152e-02  1.75882913e-02  7.74981230e-02  2.92830206e-02]"
202,Labor Management,Social,employed,1,0.5883,"[-1.42318476e-02  2.29664184e-02  2.70210076e-02  4.07331064e-02
 -5.95113486e-02 -2.50111129e-02  7.49019980e-02 -4.04620618e-02
 -4.21019234e-02 -5.49025014e-02  4.22982015e-02 -2.46007126e-02
 -5.77030107e-02  2.61547416e-02 -3.82341957e-03  1.99916009e-02
  2.25101896e-02  1.46800335e-02  3.79911624e-03 -9.59819034e-02
 -8.28099325e-02  1.59453712e-02 -2.18203701e-02 -2.59907041e-02
  2.70491224e-02  3.74456421e-02 -6.85307570e-03  8.30257684e-02
  3.93169522e-02 -5.76109029e-02 -1.67217329e-02  1.93850715e-02
  3.40534560e-02 -1.03900442e-02  2.86623873e-02  1.83267724e-02
  9.29810479e-03  8.85910355e-04  3.49221267e-02 -2.44465172e-02
 -1.05954334e-03 -6.60437942e-02 -2.18906403e-02 -1.79497823e-02
 -9.03188344e-03 -2.90166098e-03  9.28345025e-02  4.20761667e-02
 -1.20042367e-02  7.78220370e-02 -2.16572732e-03 -1.45111885e-02
  2.45213322e-02  3.49449441e-02  1.40535207e-02 -3.65489312e-02
 -1.99657399e-02 -3.87738161e-02  1.98678281e-02 -2.99811866e-02
  5.57334684e-02  2.42072102e-02 -6.87744543e-02  3.21088508e-02
  3.07023358e-02 -4.79788370e-02 -5.74468859e-02 -4.98596355e-02
 -1.00717433e-01 -7.82358125e-02  5.58110923e-02 -7.43751153e-02
 -9.27999839e-02 -3.67896282e-03  4.00043763e-02 -9.39350948e-02
  5.82226366e-02 -2.00948473e-02  6.97534606e-02 -9.72397476e-02
  3.90672386e-02  4.33751894e-03 -7.27266520e-02  4.37593088e-02
 -6.76310137e-02 -4.58679674e-03  2.43487302e-02  7.39248246e-02
  1.14622630e-01 -1.97520871e-02  1.89468954e-02  1.02780480e-02
  1.26876980e-02 -1.23799527e-02 -2.76652351e-02 -6.45783767e-02
  4.09001261e-02  1.21179342e-01 -5.82068115e-02  2.56691515e-01
  1.30866468e-02 -3.16333049e-03 -3.26351002e-02 -2.25992920e-03
 -6.37129992e-02  1.61173008e-02 -2.54296139e-02  7.80221447e-02
 -5.93926311e-02 -6.84106350e-03 -9.00886804e-02  3.56819741e-02
 -1.10475101e-01  5.63145243e-02  4.21238244e-02 -1.35294544e-02
 -6.57891780e-02  3.35646570e-02 -3.34145837e-02  5.32836951e-02
  2.26612724e-02  1.03510961e-01 -7.80127123e-02  1.81217473e-02
 -1.22968525e-01 -1.12014204e-01  3.35930623e-02 -5.34953851e-33
  4.52280007e-02 -1.49103627e-02  3.51136252e-02  5.23287207e-02
  7.44118690e-02  4.43344079e-02 -7.67301302e-03  3.77304666e-02
  1.69575866e-02  8.20617303e-02 -6.04291745e-02  7.78659061e-02
 -4.99043316e-02  1.65951550e-02  6.27500787e-02  4.93117459e-02
  5.42548969e-02  9.93606895e-02 -5.19370893e-03  1.99153777e-02
 -3.12076174e-02  2.48536337e-02 -8.45225900e-02  6.30389899e-02
 -1.56728830e-02 -2.69196898e-04 -2.02695097e-04 -6.99485093e-03
  5.63921928e-02  5.01601510e-02  6.13305904e-02 -5.07451780e-03
  3.06716724e-03 -1.31880008e-02 -3.94639783e-02 -2.84363180e-02
 -7.66530856e-02 -7.68433139e-02  2.15126928e-02 -7.91918486e-03
  7.15604424e-03 -1.42718898e-02  7.76225179e-02 -6.24940470e-02
 -9.99993831e-02  2.84632132e-03  4.06692103e-02  6.18612319e-02
  5.29768579e-02  1.53085858e-01  1.32007599e-02 -6.40319102e-03
 -9.38441791e-03 -2.75495835e-02  3.49709317e-02 -2.55969446e-02
 -4.13258560e-04  8.23937170e-03  1.78148095e-02 -5.97513914e-02
  2.70507224e-02  6.08238615e-02 -1.17040552e-01  1.73125193e-02
 -5.61304353e-02 -6.55192509e-02  4.54543792e-02  1.62601043e-02
  1.29009575e-01 -8.11698753e-03 -7.29875416e-02  5.61795793e-02
  8.63152295e-02  5.74167958e-03 -9.22103971e-03  4.12463881e-02
 -6.00797012e-02 -1.56908750e-03 -4.85786758e-02  5.89295886e-02
  2.70726029e-02 -7.96951540e-03 -1.84117444e-02  2.19171345e-02
  6.74376637e-02  7.01520890e-02 -6.60911156e-03 -7.84875602e-02
  5.90652116e-02  1.04243167e-01 -1.13071557e-02  3.24569852e-03
  8.02588649e-03  3.86458300e-02 -5.67634962e-03  4.17065139e-33
 -2.84952782e-02 -2.30413880e-02 -2.01748889e-02 -3.33180390e-02
 -2.56728195e-02  4.54600854e-03  9.44173485e-02 -7.03685731e-02
 -6.68077171e-02  5.03140353e-02 -6.89697564e-02 -3.64359207e-02
  4.63421345e-02  2.57173460e-02 -6.89178780e-02 -1.52045591e-02
  1.40250102e-02 -1.21298656e-02 -3.37462500e-02  2.84966454e-02
 -3.25530469e-02 -7.87761621e-03  7.63049573e-02  3.17258276e-02
  6.96315765e-02  2.82417927e-02 -3.75611447e-02  1.28911687e-02
 -9.34764743e-02 -7.61392154e-03 -4.34497520e-02  2.95493510e-02
 -6.94963038e-02  2.47419775e-02 -5.64394370e-02  1.82883546e-03
 -5.77911809e-02  2.06937287e-02  9.49461572e-03  1.23102032e-02
  5.78941554e-02 -1.12691354e-02  5.95109239e-02  1.54075906e-01
 -3.86610813e-02 -4.47175652e-02 -1.99872311e-02 -3.21538076e-02
  9.59681049e-02  1.03999292e-02  9.20282211e-03  1.79535709e-02
 -3.03367283e-02  2.58787740e-02  1.48690958e-02 -1.28726792e-02
  1.65049720e-03 -1.10899128e-01 -3.73125225e-02  1.38708251e-02
 -2.37471554e-02  2.27686745e-04  6.96622431e-02  7.75459632e-02
 -6.75880443e-03 -6.23869263e-02 -1.27694206e-04 -2.93066725e-02
  6.00732677e-02 -1.62955504e-02  1.82149410e-02  2.40992010e-03
 -1.34000862e-02 -4.78203483e-02 -3.31210904e-02 -2.07409281e-02
 -2.55258642e-02 -6.86705485e-02 -4.21214029e-02  3.13686170e-02
 -3.44035998e-02 -5.49192466e-02  3.26465070e-02 -2.39313091e-03
 -5.65488078e-02 -2.09532529e-02  4.07203333e-03 -5.70231769e-03
  1.17447125e-02 -3.49688567e-02 -1.83097180e-02  2.20976826e-02
 -2.33132299e-02  7.78725296e-02  1.96225103e-02 -1.22328352e-08
 -3.10872011e-02  3.83468606e-02  2.13126205e-02 -5.56926243e-02
  8.86784401e-03 -5.12141623e-02  4.47227508e-02  5.86795527e-03
  5.52267246e-02  3.27577069e-02 -1.19155068e-02 -5.73773570e-02
  3.88732902e-03  2.85944361e-02  8.83576274e-02 -2.93067470e-03
  2.74277031e-02  4.22333330e-02 -4.36608084e-02 -1.12676201e-02
  7.20320791e-02  6.58223778e-02  1.09865740e-02  3.20029780e-02
 -3.31085287e-02  1.03660375e-02 -6.27084449e-02  2.87638903e-02
  5.25555275e-02  8.01348165e-02 -3.77771724e-03  1.04666017e-01
 -6.74355924e-02 -1.19576976e-01 -1.09835684e-01 -7.57362992e-02
  1.96557771e-02 -1.94024090e-02 -1.10177640e-02 -5.59587553e-02
  2.14149840e-02  6.54689819e-02  2.57639140e-02 -5.21220826e-02
  2.99032051e-02 -3.87019999e-02 -2.60335784e-02 -1.56605989e-03
 -2.63026226e-02 -4.84119281e-02 -2.98684370e-02 -2.87595741e-03
  5.42335920e-02  4.39612009e-02  1.81415267e-02 -2.86403373e-02
  1.45351402e-02 -1.22801075e-02 -1.16583578e-01  6.53587340e-04
  5.38782850e-02 -3.82011347e-02  8.76187980e-02  2.89601777e-02]"
203,Labor Management,Social,employers,1,0.5697,"[-3.89416851e-02  5.20302057e-02  3.28732431e-02  2.92388052e-02
  3.77890356e-02  3.66001911e-02  6.53128549e-02 -5.54965734e-02
 -3.03538833e-02 -5.67187928e-02 -2.52638143e-02  9.62797087e-03
 -7.13043213e-02 -2.27614455e-02 -6.11975677e-02  2.05634106e-02
  1.79847982e-02  3.25938314e-02  2.86633763e-02 -9.18597281e-02
 -8.57082605e-02 -1.32392105e-02 -4.67199497e-02 -2.64880024e-02
  6.95174793e-04  6.25362098e-02 -1.38442433e-02  4.21775766e-02
  1.75518617e-02 -5.94634153e-02 -3.07565778e-02 -2.33326573e-02
  9.05326083e-02  4.44275066e-02 -2.11864933e-02 -1.90821271e-02
  1.23374891e-02  1.79327596e-02  3.22958976e-02  6.03613677e-03
 -1.56853795e-02 -6.17750809e-02  1.17776329e-02 -3.33419293e-02
  1.89445205e-02 -3.51248868e-02  7.71844462e-02  6.71759248e-02
 -3.09932046e-02  9.46785882e-02  1.75887719e-02 -6.14960641e-02
  3.37002911e-02  7.47661293e-02 -2.40739137e-02 -3.44485752e-02
 -1.14213694e-02 -8.95336736e-03 -4.83608805e-02  4.30212952e-02
  1.66643914e-02 -7.59318471e-02 -1.60457939e-02  3.41015831e-02
  5.36201783e-02 -2.86174454e-02 -7.70206749e-02  2.84392871e-02
 -6.64211437e-02 -7.04890639e-02 -6.67156652e-04 -1.23003915e-01
 -9.81875807e-02  7.23183453e-02  8.61325935e-02 -5.35521768e-02
 -1.79302692e-03  1.49533423e-02  3.61998640e-02 -8.09905082e-02
 -1.72195653e-03 -7.70285130e-02 -5.24135679e-02  4.51284610e-02
 -3.24429348e-02 -4.73183282e-02  3.82148027e-02  4.89084907e-02
  5.90701550e-02  3.94803770e-02  2.07044687e-02 -1.42402068e-01
  3.35819460e-02 -1.16576562e-02 -1.16241584e-02 -2.03937311e-02
  1.68101676e-02  8.14627483e-02  1.63629986e-02  1.82369277e-01
 -1.80630405e-02 -1.67472009e-02 -6.21483624e-02  5.80255017e-02
 -5.28586917e-02  1.10741798e-02 -2.81969495e-02  3.13454233e-02
  1.01135171e-03  4.52781282e-02 -4.67188731e-02  7.83757865e-02
 -7.06348717e-02  3.01009305e-02  1.14091206e-02  4.34944406e-03
 -5.49462065e-02  5.86561821e-02  4.86917049e-03  4.88032252e-02
 -1.93947982e-02  1.16471499e-01 -9.82298553e-02 -4.07322170e-03
 -1.25904158e-01 -7.58420825e-02 -5.36964834e-02 -5.15824774e-33
  6.08263426e-02  4.15403210e-02  8.17361055e-04  2.96787601e-02
  3.52977216e-02 -1.72680765e-02 -5.29039577e-02  5.57674207e-02
 -3.94505449e-03  1.10249989e-01 -1.05753593e-01  8.17074031e-02
 -8.67294241e-03  7.78136402e-03  8.55731368e-02  1.98905282e-02
 -6.43784995e-04  1.30463108e-01  1.38305705e-02  2.54571084e-02
 -1.13553144e-02 -9.75482538e-03 -8.83345753e-02  7.38495514e-02
 -1.04024224e-02  1.75181050e-02 -4.07933444e-02  3.31142135e-02
  4.09686938e-02  3.26115638e-02  7.85905346e-02  5.21867350e-03
  4.78796847e-02 -2.64969170e-02 -1.48592750e-02 -1.64847858e-02
 -1.46503262e-02 -5.10196239e-02  1.62326766e-03 -5.83383739e-02
 -2.73072813e-02 -1.57916788e-02  1.02945641e-01  2.57831793e-02
  4.47898284e-02 -1.15250731e-02 -6.60689175e-03  4.69878577e-02
  2.39978787e-02  1.56131089e-01 -7.10096210e-03  1.56458449e-02
  3.76228765e-02 -4.09706961e-03  5.19139804e-02 -2.06191633e-02
 -1.12327719e-02 -1.01526023e-03  2.55045500e-02 -4.13182005e-02
 -7.37060141e-03  1.11225531e-01 -8.98876414e-02  1.15864130e-03
 -2.55613998e-02 -5.94031718e-03  2.62505971e-02 -1.65106989e-02
  1.17708884e-01 -8.14583804e-03 -3.53321768e-02  4.64186966e-02
  1.72618609e-02 -2.48564612e-02 -5.87660819e-02  5.02165779e-02
 -3.44784707e-02  3.20399031e-02  3.30148428e-03 -2.67019239e-03
  4.25595306e-02  1.90516803e-02 -7.05607422e-03 -4.25256277e-03
  7.59177953e-02  5.58068603e-02  9.55130346e-03 -6.12431318e-02
  2.15112213e-02  3.50566953e-02 -7.13322833e-02  5.12206554e-03
  8.45034141e-03  7.93619826e-02  7.38680502e-03  3.06597634e-33
 -2.05524787e-02 -7.10992664e-02 -5.39504290e-02  3.78609658e-03
  2.83863526e-02  4.35630372e-03  8.78728628e-02 -7.44374990e-02
 -4.11468334e-02  2.98860874e-02 -4.52902280e-02 -5.86727746e-02
  4.63303514e-02  2.09032465e-02 -5.81072010e-02 -3.12408265e-02
  4.31855284e-02  9.98882344e-04 -6.14336357e-02  1.02613214e-02
  3.50095741e-02 -4.58182730e-02  3.16916928e-02  1.54729830e-02
  2.23829653e-02  1.79730691e-02 -4.55690287e-02 -3.69862914e-02
 -6.97217733e-02  9.65569634e-03 -7.48828724e-02  2.68880725e-02
 -7.26952329e-02  1.06132723e-01 -1.78961586e-02 -7.68207712e-03
 -5.85826486e-02  1.40121961e-02  9.34040290e-04 -3.94658297e-02
  5.25457449e-02 -2.24586818e-02  1.13988481e-02  1.10669397e-01
 -3.30094695e-02 -2.97032613e-02 -4.10664193e-02  3.44978203e-03
  2.75617745e-02 -4.01995368e-02 -1.00791715e-01  1.61922835e-02
  7.03181094e-03 -3.18101561e-03 -2.22290624e-02 -4.97551821e-02
 -1.45689789e-02 -6.49069250e-02 -2.02476084e-02  5.54676577e-02
  2.97099911e-02  2.33205184e-02  6.85357824e-02  1.11811295e-01
 -3.88671979e-02 -6.28077835e-02  4.64665368e-02  3.16836350e-02
 -3.36111188e-02  2.03388240e-02  8.74396339e-02 -3.14725116e-02
  2.09477800e-03  4.38490277e-03 -5.23730516e-02 -6.20412417e-02
 -2.00770423e-03 -6.65862858e-03 -1.20175749e-01 -8.02439451e-03
  3.42492200e-03 -5.78898750e-02  4.47988883e-02  7.88396597e-02
 -1.09237302e-02  1.70958322e-02  3.07235122e-02  4.78469953e-03
 -1.70817797e-03 -4.84895743e-02 -3.75840850e-02  7.53508182e-04
 -5.96651025e-02  1.85154025e-02 -3.19602452e-02 -1.21692718e-08
 -1.59475598e-02 -1.48931897e-04  4.65515349e-03 -5.06915450e-02
  1.57067347e-02 -1.06691085e-01 -3.18567790e-02 -1.50998859e-02
  4.09431271e-02 -1.79753976e-03 -2.89661307e-02 -3.50130983e-02
 -7.97990244e-03  1.34135541e-02  9.45927277e-02  8.52654576e-02
  1.87700801e-02  2.10705530e-02  6.80567836e-03 -4.04812768e-02
  2.02086773e-02  7.18410611e-02  2.25028433e-02  1.65965799e-02
  1.97646059e-02  6.29317015e-02 -2.65681632e-02  1.85304470e-02
  7.88151249e-02  1.30838931e-01 -1.28782187e-02  8.61982107e-02
  1.87349580e-02 -1.16665788e-01 -3.28805372e-02 -5.21710217e-02
  5.90386689e-02 -8.88149366e-02 -1.78456698e-02 -1.41905278e-01
 -4.11344431e-02  2.02867817e-02  2.00340115e-02 -4.94780764e-02
  2.24470869e-02 -8.81768689e-02 -1.45317856e-02  6.13749586e-02
 -2.37472802e-02 -9.10118688e-03 -9.10726842e-03 -2.21413635e-02
  5.72641427e-03  2.52658948e-02  9.17266402e-03 -2.36230642e-02
  1.97705403e-02 -6.75819740e-02 -9.85393971e-02 -3.41771618e-02
  1.21375620e-01  4.10590507e-03  1.06721692e-01  2.85091940e-02]"
204,Labor Management,Social,contractors,1,0.54,"[-9.28151980e-02  2.65551247e-02 -1.00711631e-02  7.36292312e-03
 -7.96303675e-02 -3.70488949e-02  3.37443687e-02 -2.44072303e-02
 -1.03405230e-02  1.92434695e-02 -3.05749271e-02 -5.18585630e-02
  2.14470886e-02  4.26087268e-02 -8.28840584e-02  2.31901966e-02
  4.62167226e-02  3.62872072e-02  1.86036900e-02 -9.63862762e-02
 -9.19773579e-02  7.46975699e-03 -3.70390117e-02 -7.37724593e-03
  1.02573089e-01  2.94200480e-02 -1.63967256e-02  3.32482979e-02
  3.84171978e-02 -4.51866835e-02 -7.46063441e-02  1.81747656e-02
  1.59611646e-02  3.81176397e-02  6.38114512e-02  1.11916289e-01
  2.18909676e-03 -4.20973487e-02  4.75021964e-03 -1.83071699e-02
 -3.94816510e-02 -3.75612155e-02  3.45038176e-02 -2.60621160e-02
 -3.96937467e-02  1.33262770e-02  4.50459830e-02 -1.17790531e-02
  1.61883179e-02  3.43057774e-02  4.06047441e-02  8.81256629e-03
 -2.91350093e-02  4.25678352e-03 -5.15512563e-03  2.51587899e-03
 -3.18178535e-02 -4.26448919e-02  4.88791522e-03 -4.17508185e-02
  5.42899519e-02  1.16577167e-02 -4.01817225e-02  2.65102908e-02
  1.60186179e-02 -3.09091359e-02 -2.91465968e-02  1.17675187e-02
 -8.59085247e-02 -4.45016138e-02  5.36934249e-02 -4.43605296e-02
  1.00742830e-02  1.32546872e-02  1.17938817e-01 -6.69369474e-02
  7.01074004e-02  3.26023512e-02  4.52247076e-02 -1.62230611e-01
  1.76878721e-02  5.61624430e-02 -2.65530013e-02  5.59481755e-02
 -1.67675316e-02 -5.96465496e-03  5.55857345e-02  1.20799854e-01
  8.47110525e-02 -3.21643166e-02  1.20950607e-03 -1.01323783e-01
 -1.43388947e-02  2.76108123e-02 -6.63313791e-02  2.90044229e-02
  1.32502504e-02  2.21778564e-02 -6.21665865e-02  1.85298532e-01
 -3.51574756e-02 -2.47014966e-02 -1.46027002e-02 -4.04719636e-02
 -6.87309578e-02  2.00044103e-02 -7.03011602e-02  7.21624419e-02
 -2.09712796e-02  1.26847271e-02 -4.36210372e-02  2.02214867e-02
 -7.05860630e-02 -6.90494571e-03 -5.56691550e-04 -5.75045729e-03
 -7.30633214e-02  1.84920821e-02  2.37579234e-02  1.95057876e-02
  3.78583893e-02  6.78211972e-02 -1.15716748e-01 -2.55373009e-02
 -6.10138737e-02 -5.37865460e-02  2.32439842e-02 -5.71449203e-33
  5.92280477e-02  3.28746438e-02  3.30667850e-03  6.14487603e-02
  7.19336197e-02  3.14580537e-02  6.86833188e-02  8.82452950e-02
 -4.86175017e-03  5.13727330e-02 -2.17732992e-02  7.02682463e-03
 -4.54947837e-02  7.94805810e-02  7.80040920e-02 -5.48469052e-02
 -3.10707949e-02  3.95580120e-02 -4.42245826e-02  9.37952008e-03
 -9.05625597e-02  3.03996857e-02 -2.10777335e-02  1.20864108e-01
  9.03299898e-02 -8.16588253e-02  4.63696867e-02  4.19929214e-02
 -1.91939473e-02  4.16697599e-02  1.74243171e-02  5.47058471e-02
  1.00377962e-01  2.34634168e-02 -1.17576048e-02  2.13954709e-02
 -4.17111516e-02 -6.82382584e-02 -9.84744634e-03 -4.27527260e-03
 -4.71600424e-03  1.80495530e-02  2.78884731e-02  5.54748951e-03
  1.33738685e-02 -3.18053663e-02  6.96424022e-02  2.25587636e-02
  6.59730425e-03  2.77367830e-02 -2.02677846e-02  6.45118207e-02
  1.08224317e-03  5.01095019e-02  6.37664646e-02 -4.68169563e-02
  2.64582876e-02 -4.38204445e-02 -6.26610778e-03  9.74913780e-03
 -4.75551821e-02  1.09699056e-01 -5.38944490e-02  5.73533401e-02
 -4.91826572e-02 -4.74109836e-02  4.63003106e-02  3.46653834e-02
  9.42394808e-02 -3.84585001e-02 -6.89495280e-02 -1.96058769e-03
  5.02529107e-02 -2.42046751e-02 -1.02084763e-01  4.39524055e-02
  1.21332705e-02  6.17517754e-02  2.63004769e-02 -3.09216743e-03
 -1.44435847e-02  1.84122398e-02  5.56001738e-02  3.00309472e-02
  7.12148622e-02 -2.59563979e-03  1.62204616e-02 -6.98887603e-03
  3.40559967e-02  4.45549525e-02 -1.26118839e-01 -1.59246183e-03
 -1.88124571e-02  4.50643636e-02  4.56464104e-02  3.44057609e-33
 -5.95206805e-02  5.22811478e-03 -7.40947528e-03  2.62744129e-02
  3.29291411e-02  2.13737264e-02 -5.67746954e-03 -1.00046374e-01
  9.64376424e-03  5.18810377e-02 -2.68986132e-02 -1.39070582e-02
 -6.62110746e-03 -3.98749998e-03 -1.01761315e-02 -3.67610678e-02
 -7.07829371e-03 -4.49226648e-02 -3.14133218e-03  3.17915305e-02
  1.17155686e-02  3.16781625e-02 -9.43474658e-03 -6.13549910e-02
  1.63026880e-02  2.81871445e-02 -6.81225434e-02  1.49520347e-02
 -6.92817569e-02  3.12989876e-02 -2.34776419e-02 -5.10518141e-02
 -1.38353333e-01  3.69486399e-02 -5.00027612e-02 -4.67868568e-03
 -3.74925770e-02  9.55843627e-02 -3.33220549e-02 -8.08623061e-02
  1.08956672e-01 -8.64260271e-03  4.01209332e-02  8.84101242e-02
 -6.41636997e-02 -8.55548978e-02 -4.91811940e-03 -1.10777900e-01
  1.28730033e-02 -5.69326198e-03 -6.40849769e-02  7.36450851e-02
  3.60547053e-03 -6.37463629e-02 -1.30676311e-02 -2.02548429e-02
 -5.52027524e-02 -1.38723077e-02  6.81249201e-02  4.74653095e-02
  7.44976848e-02  3.17809992e-02  7.81856775e-02  5.73948696e-02
 -2.35075112e-02 -1.11210747e-02  4.04363759e-02  7.75223691e-03
 -4.12245691e-02  1.00335060e-02  7.12873563e-02 -1.87881887e-02
 -3.89810689e-02 -1.28217693e-02 -1.78301018e-02 -6.20922409e-02
 -7.57259578e-02 -5.93526522e-03 -5.31328730e-02  4.10626680e-02
  7.19818771e-02 -9.96050984e-02  2.54352279e-02  1.10751271e-01
 -5.77915348e-02 -3.75772007e-02  9.22696516e-02  1.30971093e-02
  3.39048915e-02  1.18741291e-02 -4.53862548e-02  1.39308739e-02
 -1.16815278e-02 -2.99884416e-02 -4.03925106e-02 -1.13770238e-08
 -4.01474796e-02  2.70254891e-02 -1.26438931e-01 -8.09610486e-02
  1.15538780e-02 -1.22213379e-01  3.14113051e-02  4.95985784e-02
  8.20419844e-03  1.31646330e-02  6.36366680e-02 -6.10843524e-02
  3.15176472e-02  3.91346179e-02  2.35732291e-02 -5.37282750e-02
 -1.79343930e-04  2.71439888e-02 -7.58204237e-02 -1.26362801e-01
  7.72531517e-03  6.19847625e-02  4.52535078e-02  1.52829196e-02
 -3.40037905e-02  2.12395508e-02  1.79812908e-02  1.31091224e-02
  5.25465906e-02  9.59143117e-02 -2.97472831e-02  7.27918074e-02
 -9.03638359e-03 -6.80647716e-02  9.48347989e-03 -3.36289443e-02
  1.90793779e-02 -4.72704582e-02  1.42015992e-02 -5.25968783e-02
 -4.29574214e-02  1.21903069e-01  3.62098180e-02  1.52540607e-02
  1.11345828e-01 -1.59766357e-02 -1.41667742e-02  5.25743468e-03
 -2.11845967e-03 -1.03306867e-01  3.88004677e-03  5.99254621e-03
  1.63986329e-02  1.85584426e-02  2.59505445e-03 -4.74674106e-02
  1.49667244e-02 -5.14167957e-02 -1.82724502e-02 -3.12492698e-02
 -6.68787956e-02 -2.91444194e-02  5.73570058e-02  3.71890306e-03]"
205,Labor Management,Social,industrial,1,0.4794,"[-6.16531633e-02 -1.16422456e-02 -3.23341880e-03  2.79231723e-02
  1.81764290e-02  1.45375533e-02  6.89284056e-02  7.98397977e-03
 -7.37736002e-02 -6.63515776e-02  4.09278087e-02 -3.99600007e-02
  5.97417308e-03 -2.22226996e-02 -5.27296811e-02 -1.50614809e-02
 -4.77834279e-03 -4.50956970e-02 -6.65432736e-02 -9.94295925e-02
 -5.57682589e-02  3.56758088e-02 -4.73812670e-02  1.33928526e-02
  2.87173726e-02  1.38013765e-01 -3.49342846e-03  3.45161818e-02
 -2.35861074e-03 -9.61938649e-02 -6.25331178e-02  7.73405433e-02
  6.30722046e-02 -2.97208130e-03  6.69991747e-02  2.28319746e-02
  2.64164079e-02  2.80649234e-02  8.50984678e-02 -3.25523093e-02
 -1.23497481e-02 -1.01064369e-01  1.85071900e-02 -7.46309608e-02
  4.40300629e-02  1.16312783e-02  5.69868647e-02 -7.58223757e-02
  1.25806930e-03  3.19679976e-02 -6.28565997e-02 -7.22286478e-02
  2.22440884e-02  2.13980041e-02  4.32550944e-02 -2.12483890e-02
  1.61190592e-02 -3.34930345e-02 -2.43325960e-02 -2.11088452e-03
  2.22384259e-02 -7.74985999e-02 -3.58464569e-02 -4.89231013e-03
  6.18767999e-02 -5.31037804e-03 -3.15724462e-02  1.70970447e-02
 -7.79682323e-02 -9.12404880e-02  1.30019775e-02 -9.02939737e-02
 -5.00029288e-02  3.97048481e-02  3.81516851e-02 -4.49813381e-02
  2.19714339e-03 -6.61644936e-02  4.56277281e-02 -6.73911497e-02
  2.68594828e-02  4.71277582e-03 -7.78481439e-02  7.81312585e-03
 -4.36418429e-02 -3.47339222e-03  2.75729336e-02 -3.90501483e-03
  7.04654604e-02  9.21661872e-03 -8.25843140e-02  4.41854441e-04
 -2.38470826e-02  1.84528697e-02  1.83035508e-02  4.44906577e-02
 -1.88366156e-02  2.19160877e-02 -1.22797536e-02  2.06868783e-01
  8.77959610e-06  3.65524292e-02 -5.79221696e-02 -1.20940125e-02
 -6.50960654e-02 -2.96164975e-02 -6.95119202e-02  8.67101625e-02
  1.12631619e-02 -1.11934990e-02 -1.35014001e-02  1.50918420e-02
 -7.74771199e-02 -2.55644508e-02  1.81591194e-02 -2.67312210e-02
  1.96002014e-02 -7.94349355e-04 -2.26664413e-02 -7.51694385e-03
 -9.19647701e-03  4.69105169e-02 -7.20307305e-02  5.36808223e-02
 -5.12236916e-02 -3.08643468e-02  3.67619679e-03 -4.57744039e-33
 -7.12327193e-04 -1.20209819e-02 -1.00434311e-02  4.31885831e-02
 -7.09740259e-03  9.10198689e-03 -1.33851813e-02  5.12122288e-02
  2.79510990e-02  3.57784554e-02 -2.68397201e-02  4.74306345e-02
 -3.27615552e-02  9.71307606e-03  1.27828673e-01 -5.41182011e-02
 -1.89325660e-02  1.87776424e-03  3.06408685e-02  3.79559137e-02
 -1.99798327e-02  4.46505323e-02 -2.07978096e-02  3.62661444e-02
 -2.75944592e-03 -1.68847200e-02  1.90675128e-02 -2.66372785e-02
  5.33728637e-02  4.50594760e-02  6.30812719e-02  1.04060531e-01
  2.78015318e-03 -1.63337532e-02 -5.79761602e-02 -7.28837168e-03
 -5.34718707e-02 -6.95993826e-02  5.08390833e-03 -2.63287537e-02
 -4.07355912e-02  5.71212023e-02 -1.21199498e-02  3.11988201e-02
  4.63445783e-02  6.07660376e-02 -2.19180118e-02  8.18995163e-02
  9.35544912e-03  2.50031874e-02 -4.68741395e-02  6.89870715e-02
  8.93441215e-02 -1.03901606e-04  6.45383447e-02 -1.56969354e-02
 -1.02691387e-03  1.39302723e-02  4.88885120e-02  5.12548648e-02
 -3.79021093e-02  1.79754138e-01 -3.63553390e-02  7.02272356e-02
  2.89313681e-03  5.04506826e-02  6.58842251e-02  2.27820203e-02
  4.28397469e-02  7.16681220e-03 -3.41417827e-02 -4.30345945e-02
  4.03104313e-02  3.31481770e-02 -6.30157217e-02  6.96897432e-02
 -7.47259706e-02  5.04000969e-02 -3.73256020e-02 -3.29323784e-02
 -9.62676629e-02  4.91455533e-02 -8.45849107e-04  6.39329106e-03
  4.91760187e-02 -1.60971154e-02  4.60991054e-04  1.24452058e-02
  4.63601984e-02  3.83566180e-03 -8.59364197e-02  4.51434491e-04
  4.78353165e-03  1.09610341e-01 -1.25446934e-02  2.54373322e-33
  7.42471516e-02 -3.55545580e-02 -5.77064678e-02  8.83515030e-02
 -1.37198456e-02 -3.24595720e-02  1.11209918e-02 -2.90146656e-02
 -2.37016883e-02  9.94200036e-02  4.52967547e-03 -3.12536396e-02
  3.66704091e-02  1.97174624e-02  1.59262549e-02 -1.78556405e-02
  8.46891850e-03 -1.03091374e-02 -3.49826850e-02  9.69443750e-03
  1.36569729e-02 -1.31829539e-02 -4.34050821e-02 -2.36768294e-02
 -4.07523178e-02  6.48785755e-02 -1.17405005e-01  7.88361649e-04
 -5.75802326e-02  1.37323588e-02 -1.30743794e-02 -6.59238547e-02
 -1.42763963e-03  5.73120564e-02 -2.04767119e-02  3.24305370e-02
 -4.54533026e-02 -3.57534625e-02  1.08782891e-02 -5.29418811e-02
  2.81103961e-02 -2.01907307e-02 -3.77857089e-02  1.82828024e-01
 -4.50800322e-02 -7.72576258e-02 -6.11503385e-02 -4.18308489e-02
  8.13266039e-02 -6.33431086e-03 -3.16894799e-02  5.34845293e-02
  3.57840545e-02 -1.03486754e-01  1.16903279e-02 -1.49808580e-03
  5.37545606e-02 -2.11004671e-02 -1.29964948e-01  2.61233449e-02
  1.75210238e-02 -2.05786843e-02  6.15900196e-02  1.20999984e-01
 -1.78549290e-02  7.26246387e-02  9.49613750e-02 -3.22693284e-03
  2.66508441e-02 -3.74038815e-02  1.56830013e-01  1.10863835e-01
 -4.79063997e-03  2.59913802e-02 -2.61124372e-02 -3.09509132e-02
 -4.44424152e-03  5.41323349e-02 -5.54991625e-02 -9.92629770e-03
  2.08970327e-02 -5.33869080e-02  4.18063020e-03  8.38418826e-02
 -9.15603638e-02  7.92476069e-03  3.27251926e-02  2.19087563e-02
  3.54575971e-03 -2.25365553e-02 -5.47477789e-02 -2.94746142e-02
 -2.77636200e-02  1.52186723e-02 -4.57196832e-02 -1.21949606e-08
 -3.61908749e-02  1.15651367e-02  5.78393750e-02 -5.28053641e-02
  1.54874381e-02 -1.58047546e-02  2.13207193e-02  5.85977547e-02
  2.34289910e-03  1.44372890e-02 -1.55827273e-02 -3.08336560e-02
  2.23656581e-03  1.21096581e-01  4.68126535e-02 -3.59361842e-02
 -8.15659612e-02  2.83364896e-02 -5.32521978e-02 -9.53440070e-02
  1.04430668e-01  6.87964074e-03  5.50739057e-02  2.94280369e-02
 -4.48466130e-02 -2.13192906e-02 -8.47462658e-03 -8.34511593e-03
 -4.90376865e-03  9.82663259e-02 -1.75441820e-02  3.84282917e-02
  4.29201638e-03 -5.48796244e-02 -6.81905374e-02 -7.06811324e-02
  5.72044887e-02 -7.94273913e-02 -2.24387553e-02 -1.23914450e-01
 -4.64064777e-02 -5.17513826e-02 -3.93632017e-02 -5.19337654e-02
  8.88289511e-02 -5.12696430e-02 -1.52692832e-02 -4.85516973e-02
  1.37169985e-03 -2.01995466e-02 -1.44883143e-02  4.29720469e-02
  7.65301138e-02  6.30885661e-02 -3.68888257e-03 -7.54335709e-03
  1.90891884e-02 -7.74979964e-02 -4.48813848e-02 -9.26022790e-03
  9.56128687e-02 -4.34043854e-02  5.75330816e-02  5.37359202e-03]"
206,Labor Management,Social,work,12,0.4737,"[-1.34373561e-01  7.41070136e-02  3.60396206e-02 -1.55146150e-02
 -2.43158061e-02 -1.62321553e-02  9.26974714e-02 -5.84129542e-02
  2.01605409e-02  1.35352723e-02 -3.90684903e-02 -3.37503105e-02
 -3.88926938e-02  5.75798564e-02 -2.76746694e-02  3.26578431e-02
 -1.38168829e-02  4.30940464e-02 -6.20877855e-02 -1.20789200e-01
 -2.12905798e-02  1.35662416e-02 -2.72275526e-02  1.42066460e-02
 -9.63537488e-03  1.05900377e-01 -5.39704300e-02  9.63304788e-02
  3.88450064e-02 -1.06076561e-01 -4.79181372e-02  2.61095632e-02
  3.77052687e-02 -1.13646481e-02  2.87253987e-02  1.51820490e-02
  3.34592126e-02  2.10986231e-02  3.98340411e-02 -5.33938222e-02
 -5.70630422e-03 -9.47096497e-02 -2.64267828e-02 -9.09045280e-04
 -4.75331023e-03  3.98798548e-02  6.20365627e-02 -2.83042458e-03
  5.88019565e-02  2.66989563e-02 -7.69665278e-03 -2.83256378e-02
  3.21345069e-02 -9.46010556e-03  2.85752788e-02  4.60620522e-02
 -1.45147853e-02 -2.24181879e-02  2.38025971e-02 -7.00128376e-02
  9.69610736e-02 -2.09415667e-02 -6.91772848e-02  2.36343294e-02
  5.84518239e-02  3.78159769e-02  1.40431250e-04 -1.69122238e-02
 -8.18017796e-02 -1.99956317e-02  4.74520251e-02  1.01244515e-02
 -3.17488499e-02 -1.77971032e-02  1.20440677e-01 -3.54217924e-03
  1.76875331e-02 -7.41017163e-02  9.46574807e-02 -5.03758639e-02
 -3.10146669e-03 -1.69034749e-02 -5.54177687e-02  6.02535047e-02
 -5.91126923e-03 -2.26829033e-02  3.63708436e-02  1.65781938e-02
  6.37554154e-02 -3.00559197e-02 -1.58213489e-02 -4.62097814e-03
 -3.88480350e-02  3.31606902e-02 -5.20707257e-02 -1.04887426e-01
  3.28439027e-02  7.43900537e-02 -6.83662072e-02  2.70628810e-01
  6.38508648e-02 -9.48357221e-04  5.71064241e-02 -1.28975529e-02
 -1.81269757e-02  3.55681926e-02 -5.91788180e-02  1.15594879e-01
 -4.42701625e-03 -3.08886878e-02 -9.91629437e-02  4.49892245e-02
 -9.25117582e-02  9.65683833e-02 -1.16678122e-02  2.30289157e-02
 -7.53710195e-02  3.70429493e-02 -6.79261982e-02  5.59193790e-02
  2.38328706e-02  4.70784195e-02  1.46734742e-02 -7.12971203e-03
 -8.03277716e-02 -9.95213836e-02  6.56390563e-02 -3.89432609e-33
  7.64254779e-02 -7.04242960e-02  5.22265770e-02  1.03835613e-01
  3.12812962e-02  1.59582626e-02 -1.61053091e-02  4.28233147e-02
  5.25423847e-02  7.07122982e-02 -2.09807903e-02  5.76533191e-02
  1.88010617e-03  1.91472396e-02  4.81416248e-02 -1.96712296e-02
  5.32017425e-02  2.99328882e-02 -8.82940367e-02 -5.95767656e-03
 -1.87301897e-02 -3.25621329e-02  4.92526079e-03  5.29662035e-02
 -4.59479094e-02 -1.14618093e-02 -7.47354003e-03 -1.07446581e-01
  7.30386302e-02  8.00061319e-03 -3.17876153e-02  3.21516767e-02
  3.22744884e-02  1.35874590e-02 -9.08247009e-02 -1.52568016e-02
 -1.20822005e-02 -4.70669568e-02  5.81810884e-02 -7.47883394e-02
  4.19378504e-02  3.46983131e-03 -1.54591817e-02 -1.55350950e-04
  3.66498195e-02  1.03843294e-01  7.89535791e-02  2.77702473e-02
 -2.02703420e-02  1.07743375e-01  3.52423675e-02  3.49733233e-02
 -2.59273278e-04 -4.18972922e-03 -2.95462776e-02  2.66881622e-02
 -4.17427123e-02 -1.79486405e-02  3.67517071e-03 -4.11500484e-02
  4.50713895e-02 -5.90914581e-03 -3.22651863e-02 -1.65972137e-03
  1.19092623e-02  4.94364649e-02 -7.99121615e-03 -2.48184130e-02
  6.72371686e-02  1.36684608e-02 -7.24336281e-02  5.33054657e-02
  5.47139049e-02  6.64676959e-03  1.21120112e-02  7.30945319e-02
  4.23099361e-02 -8.29212293e-02 -6.25959858e-02  2.46363748e-02
  7.51983970e-02 -8.85467138e-03  6.93306476e-02  4.61571403e-02
  1.44417405e-01  3.48991752e-02 -3.14561017e-02 -5.91300540e-02
  2.28156075e-02  5.96839525e-02 -4.64067832e-02  6.78592501e-03
  1.48129184e-02  2.65056025e-02  1.45774009e-02  3.97568316e-33
 -3.00050899e-02  1.35497879e-02 -3.74523401e-02  2.00997759e-02
  2.45806742e-02 -3.99617404e-02 -7.63538620e-03 -7.02070594e-02
 -9.39346757e-03  9.67760682e-02 -6.51134923e-02 -6.95384219e-02
 -1.42413424e-02 -6.95613818e-03 -2.02779528e-02  5.63087407e-03
  5.65685928e-02 -1.84244793e-02 -6.20677806e-02  5.70529327e-02
 -9.94862542e-02  1.00266412e-02 -1.08687822e-02  1.71131949e-04
  5.91641739e-02  4.24429961e-02  2.41546798e-02 -4.09193933e-02
  1.81394313e-02 -1.72173157e-02  5.75381592e-02 -1.08492724e-03
 -5.33445291e-02 -5.61842173e-02 -1.84614910e-03  8.05983320e-02
  7.54667399e-03  2.39988007e-02 -1.79695524e-02 -2.93605439e-02
  5.00860550e-02 -1.35257980e-02 -2.32884977e-02  4.26209383e-02
 -9.85828321e-03 -3.69364731e-02  3.53765488e-02  1.32237692e-04
 -5.94880283e-02  2.54507493e-02  3.16452906e-02 -3.58746201e-02
  1.57532212e-03 -3.18077058e-02 -3.84380333e-02 -6.18498586e-02
 -5.04777469e-02 -9.58468243e-02 -2.32054442e-02  4.68273275e-02
 -5.36055788e-02 -7.18344422e-03  3.35403122e-02  7.98069611e-02
  1.45529257e-02 -7.49452859e-02 -4.76549566e-03 -1.82816572e-02
  9.18848813e-02  1.72614604e-02 -1.76084973e-02  3.95888016e-02
 -7.80291297e-03  1.29749952e-02 -2.77595185e-02 -2.19197962e-02
 -1.27694570e-02 -3.42127052e-03  2.14529783e-02 -1.33089675e-02
 -3.45344804e-02 -5.29226810e-02  4.14215680e-03 -1.84404016e-05
 -3.88466455e-02 -3.06017715e-02  2.50033266e-03  1.00078816e-02
 -4.23746370e-03 -8.07690397e-02 -4.45515178e-02  5.24233654e-02
  4.80943769e-02  2.12353915e-02  1.61173120e-02 -1.26336035e-08
  2.21863966e-02 -3.18715163e-02 -1.31728463e-02 -8.96763131e-02
 -6.01583440e-03  1.65166762e-02 -1.20580727e-02 -2.95910705e-02
  7.08611980e-02  1.67484954e-02  3.21215503e-02 -8.34809802e-03
  8.05127025e-02  8.12052339e-02  7.88613930e-02 -4.09564264e-02
  1.35612516e-02 -1.97046138e-02 -6.55243322e-02 -5.20430133e-02
 -4.52841297e-02 -1.74539927e-02  3.92923430e-02  7.19968649e-03
 -2.94330716e-02 -3.24146859e-02 -1.31247600e-03  1.22608550e-01
  2.70617343e-02  1.58979427e-02  1.07469196e-02  6.07869066e-02
 -8.39788243e-02 -4.84313518e-02 -2.07538344e-02 -1.37824714e-01
  4.68677171e-02 -4.14522663e-02  4.70371870e-03 -1.52866356e-02
 -7.57554173e-03 -1.04305586e-02  7.42037296e-02 -4.91353124e-02
 -7.92643502e-02 -2.32025348e-02 -3.44155580e-02  5.62006515e-03
 -5.04337363e-02 -6.91498518e-02  5.87272458e-02 -1.97910760e-02
  7.04493597e-02  5.16629666e-02  1.61604118e-02 -1.37400944e-02
  2.97248680e-02  4.99236584e-02 -7.64853358e-02  6.28854632e-02
  1.69409379e-01 -2.49540601e-02  2.49824370e-03  7.07935989e-02]"
207,Labor Management,Social,production,4,0.4735,"[-4.85331118e-02  3.74742015e-03 -4.07956988e-02  1.23152435e-02
 -1.61146056e-02 -2.13956386e-02  1.68367121e-02 -2.76802620e-03
 -3.23103741e-02  1.80922356e-02  5.18687777e-02 -3.41111496e-02
  1.44924577e-02  3.54465633e-03 -6.75041899e-02 -4.21610288e-02
  3.05834543e-02 -5.54555841e-02 -5.21838628e-02 -3.39927860e-02
 -2.31172349e-02 -1.73873436e-02 -1.16394218e-02  4.23422121e-02
  1.41968075e-02  8.82839598e-03 -3.02704461e-02  4.92771678e-02
  3.18025202e-02 -1.18956320e-01 -6.71513230e-02  8.03528503e-02
  8.66901129e-02 -1.31410891e-02  6.79805651e-02  3.86793166e-02
  1.83279980e-02 -1.99227855e-02  2.83094309e-02  9.03495681e-03
  7.41233490e-03 -9.40208212e-02 -5.82711436e-02 -2.00744700e-02
  1.40454257e-02 -1.13546615e-02  4.96152341e-02 -4.53470973e-03
 -3.13054658e-02  4.71556000e-02 -4.07894552e-02 -4.19758968e-02
 -9.81881842e-02 -3.06994002e-02  1.54919550e-02 -1.92449298e-02
 -6.50446105e-04 -6.30099028e-02 -6.81373291e-03  6.38679368e-03
  1.47089474e-02 -2.19593458e-02 -7.83582404e-02 -2.63745375e-02
  1.27679840e-01 -3.58587056e-02 -1.11860456e-02  5.34821153e-02
 -8.38811696e-02 -4.08993065e-02  4.14818600e-02 -3.57083715e-02
 -5.73413335e-02  1.30032897e-02 -4.35446342e-03 -2.48133242e-02
  5.85742705e-02 -4.96703796e-02  3.82120386e-02 -3.44526842e-02
  8.45680684e-02 -4.23073620e-02 -9.06426236e-02 -1.64715387e-02
 -7.69481659e-02  4.94713150e-03  5.00964969e-02  2.49373019e-02
  7.05395564e-02  1.19996695e-02 -6.08016662e-02 -1.78047419e-02
  1.10112159e-02  7.76803680e-03 -8.84338766e-02  7.31099322e-02
  3.14422175e-02 -4.77871969e-02  7.81624466e-02  2.01548949e-01
  2.06488110e-02  9.64123756e-03  4.34142314e-02 -1.18313871e-01
 -4.03443277e-02 -6.50478452e-02 -3.79969776e-02  1.22342512e-01
 -3.08067817e-02  3.10768187e-02 -1.37235047e-02  4.06433232e-02
 -9.31442603e-02  1.83520205e-02  4.95113023e-02  5.12708947e-02
  6.67181041e-04  1.06346037e-03 -1.96110122e-02  1.29558193e-03
  2.90500484e-02  2.78004631e-02 -1.96324419e-02  3.66170742e-02
 -1.11458920e-01 -6.22497797e-02 -5.44753799e-04 -3.47548496e-33
  2.41829697e-02 -9.61300358e-02  1.35484766e-02  4.76211235e-02
  7.08435057e-03  5.11531457e-02 -4.22658250e-02 -2.21000463e-02
  1.85777526e-02 -2.83733457e-02 -1.22559648e-02 -1.99997257e-02
 -2.50707213e-02  8.17067735e-03  9.41932425e-02 -5.46146557e-02
  3.77854072e-02  6.38349429e-02 -2.92540517e-05  5.99211715e-02
 -1.18105672e-01  1.69871319e-02 -1.80216786e-02  8.05375427e-02
  2.41598673e-02  1.53507451e-02  8.23490229e-03 -5.22563457e-02
 -2.23131981e-02 -9.75207612e-03  7.38901570e-02  6.25021681e-02
  1.15048531e-02  1.01350211e-02 -3.61900665e-02  8.44116439e-04
 -4.25457098e-02 -1.05672188e-01  4.62083519e-02  5.78239672e-02
 -5.65035343e-02  3.74659002e-02 -3.77272852e-02  7.30250636e-03
 -3.44418064e-02  1.07384562e-01  3.14139016e-02  3.81693915e-02
  8.03710893e-03  2.11084597e-02 -1.78662241e-02  8.06412250e-02
  5.97538315e-02 -4.02383320e-02  8.22049677e-02  2.59993374e-02
  1.03425374e-02 -9.61254314e-02  3.43422778e-02  2.57996228e-02
  1.57334097e-02  1.40903741e-01 -7.68708065e-02  6.32918179e-02
 -7.28904307e-02 -1.07720317e-02  4.01523300e-02 -1.20586576e-02
  8.54907408e-02 -2.20894609e-02 -9.68314707e-02 -6.63236007e-02
  6.08304925e-02 -3.26296948e-02  3.66190262e-02  3.61071751e-02
 -3.33844796e-02  1.35222459e-02 -2.92549096e-02  3.74266133e-02
 -1.90712456e-02  4.39990386e-02 -4.08481471e-02 -3.06984521e-02
  2.99883280e-02 -4.37124865e-03 -5.48554175e-02  1.86756272e-02
  6.45028800e-02  1.28620669e-01 -5.70851266e-02  2.58652004e-03
 -2.65831351e-02  5.55984676e-02  8.22409615e-03  2.96048234e-33
  1.00617642e-02  6.12196838e-03 -7.10628331e-02  5.49118482e-02
  7.87856115e-04 -4.60001603e-02 -1.73572986e-03 -5.95779419e-02
  8.74467380e-03  6.06941655e-02 -8.30091387e-02 -1.35826711e-02
 -5.03225997e-03  2.00204737e-02 -1.09656185e-01 -6.26645610e-02
  1.09103687e-01  8.09303205e-03 -1.24301082e-02  1.81194041e-02
 -3.19475047e-02  1.96467806e-02  1.43053876e-02 -4.93437005e-03
 -6.46664724e-02  4.68815155e-02 -3.59632932e-02  3.85191962e-02
 -7.57032931e-02 -1.87481847e-02  3.54055054e-02 -6.75295740e-02
 -1.06288372e-02  4.97209728e-02 -5.88135943e-02  3.89650986e-02
  5.24470098e-02  3.20756137e-02  1.51349008e-02 -3.80401015e-02
  6.15922585e-02 -2.30952967e-02  3.36592793e-02  1.58184201e-01
 -6.56735078e-02 -4.62137870e-02 -2.30596811e-02 -4.17972356e-02
  7.40920454e-02  3.64092528e-03 -2.81579830e-02  3.73254716e-02
 -2.77967639e-02 -8.72911960e-02 -2.76941005e-02  3.33773904e-03
 -5.12676919e-03 -4.08984087e-02 -6.02906048e-02  2.18700189e-02
 -3.86628741e-03 -9.03626496e-04  1.93256326e-02 -1.08269816e-02
 -7.57981697e-03  6.78915009e-02  4.07776795e-02  3.93501408e-02
  3.58177833e-02  3.64983082e-02  6.55788556e-02  5.97629771e-02
 -2.91488785e-02  3.07030194e-02 -7.07488805e-02 -4.82259039e-03
 -8.12889338e-02 -2.55874079e-02  3.68532650e-02  3.38583766e-03
 -2.83312146e-02 -2.45923065e-02  2.02453020e-03  3.92855480e-02
 -4.66932617e-02 -8.58244020e-03  4.53997180e-02  1.76953909e-04
 -1.65741034e-02  2.68489192e-03 -1.19109750e-02 -6.02564029e-03
 -4.89479750e-02  2.41944678e-02  3.58826444e-02 -1.20128218e-08
  5.75218210e-03 -4.48509417e-02  6.48116246e-02  1.53935077e-02
  4.15123664e-02  1.41975784e-03  6.75818920e-02  1.40027022e-02
  9.02927071e-02  8.69749635e-02 -8.49427879e-02 -1.72406957e-02
  2.79980376e-02  1.02257200e-01  6.89864233e-02 -1.13424901e-02
 -5.53604327e-02  6.10701516e-02 -1.14372663e-01 -9.03109461e-02
 -3.15074786e-03  4.63415757e-02  9.03340727e-02  2.88751014e-02
 -1.28252162e-02 -6.38706237e-02  5.49696386e-02  8.83551836e-02
  3.28057893e-02  5.86525984e-02  4.18619141e-02  2.33316943e-02
 -2.44314522e-02 -5.01794890e-02  7.99975172e-03 -9.75391194e-02
 -2.39654761e-02  1.87656796e-03  6.55927956e-02 -3.30359153e-02
 -8.80435407e-02  2.66893562e-02  6.88946545e-02  3.75116356e-02
  3.49228829e-02 -2.27270536e-02 -9.38469470e-02 -1.91820953e-02
 -4.80137914e-02 -7.49176741e-02  2.60867774e-02 -5.24852099e-03
  8.26877356e-02  1.95887201e-02  5.82110025e-02  2.35266797e-02
  1.48605667e-02 -1.33795300e-02 -5.10429312e-03  4.10690941e-02
  1.15963675e-01 -5.28081581e-02  1.19628914e-01  1.56313612e-03]"
208,Labor Management,Social,company,13,0.4711,"[-6.74085766e-02  3.50529351e-03 -1.98562499e-02  2.58763358e-02
 -3.78055833e-02 -3.63134556e-02  1.26411751e-01 -2.46507879e-02
  2.79129799e-02 -6.21720143e-02  1.04135824e-02 -3.35304663e-02
 -1.60170551e-02 -2.35092230e-02 -5.19047119e-02 -4.93262075e-02
  7.77669111e-03  3.92466336e-02 -3.64370234e-02 -1.14635743e-01
 -1.06017798e-01 -6.79368302e-02 -9.45006404e-03  3.00844684e-02
  1.68870091e-02  7.99985453e-02 -1.77675262e-02  6.45647272e-02
 -7.86725432e-03 -1.34308904e-01 -3.74074280e-02  1.69461058e-03
  9.96356234e-02 -2.89474949e-02  8.41256697e-03  3.12410761e-02
 -3.77012827e-02 -3.31814848e-02  2.73936614e-02  1.42352860e-02
 -4.76003997e-02 -1.37665356e-02 -2.99208220e-02 -2.10799146e-02
  1.64007060e-02  1.71355195e-02  6.05065525e-02  3.06294188e-02
  3.61162312e-02  7.27321357e-02 -9.30364616e-03 -4.94584963e-02
  2.14676820e-02  2.09818278e-02 -1.51013359e-02  3.52096334e-02
 -7.85521716e-02 -2.93735228e-02 -1.33905523e-02 -8.85545909e-02
  9.32920352e-02 -5.67339808e-02 -5.94404107e-03  7.02704117e-02
  8.66493434e-02  2.80770138e-02  1.17319566e-03  6.96104392e-02
 -9.39785913e-02 -7.95573220e-02  7.33053461e-02 -3.64300497e-02
 -4.55855858e-03  8.25699419e-02 -1.50019508e-02  2.61347052e-02
  2.04247031e-02  3.55278072e-03  9.47254375e-02 -1.39349783e-02
  2.09484082e-02  2.35508084e-02 -3.93073335e-02  7.25218952e-02
 -6.70695230e-02  3.99599521e-04  7.78441131e-02  5.68152331e-02
  3.12359054e-02  3.49581577e-02 -3.72442752e-02 -1.94446370e-03
  4.28674370e-03  4.97219432e-03 -1.34196833e-01  1.15351635e-03
  1.58612393e-02 -1.23774996e-02 -1.47811268e-02  2.33095214e-01
  1.85610093e-02  1.87462028e-02 -3.22767086e-02 -3.19791660e-02
 -1.84974689e-02 -1.95097160e-02 -4.63492014e-02  9.05084014e-02
  3.36069316e-02  5.12731262e-02 -7.81217143e-02  7.30502903e-02
 -1.14303403e-01  8.82719550e-03 -2.45217755e-02 -3.76341231e-02
 -4.10661548e-02  5.55069111e-02  3.05425636e-02 -2.63750590e-02
  2.80020274e-02  9.34050158e-02 -1.49549227e-02  1.42009500e-02
 -7.18987808e-02 -5.21834120e-02 -2.45420057e-02 -5.11275648e-33
  2.58312747e-03  1.15578137e-02  2.62161456e-02  8.48540291e-02
  4.72988468e-03  3.64974327e-02  8.43493640e-03  8.83227512e-02
 -6.50666654e-02  5.37397861e-02 -8.38230550e-02 -2.27228682e-02
  5.27864061e-02 -4.48531359e-02  8.46634209e-02  3.11162835e-03
  2.44811065e-02 -2.00758725e-02 -1.39616663e-02 -5.28323948e-02
 -6.82140887e-02  7.25369677e-02 -6.71529248e-02  1.06637202e-01
 -8.90445709e-03 -7.25279450e-02 -1.09455893e-02 -2.32026838e-02
  3.75065431e-02  3.21654677e-02  1.03795551e-01  3.30567779e-03
  8.46579019e-03 -3.50836255e-02 -1.42997988e-02 -3.16563644e-03
 -3.74918841e-02 -1.09995499e-01  6.64741034e-03  1.82659086e-02
 -7.22237397e-03  7.01464852e-03 -2.31262594e-02  1.87964272e-02
 -1.21419067e-02  1.54175544e-02  9.81811341e-03  1.63063910e-02
  5.91737702e-02  4.53848094e-02 -6.48383945e-02 -6.99584791e-03
 -2.98201982e-02  7.14431424e-03  8.51183385e-02 -7.16995960e-03
 -1.98504739e-02 -2.06813980e-02  2.52250321e-02  3.92090995e-03
 -2.59398436e-03  1.36057958e-01 -6.63287714e-02  2.82079671e-02
 -3.08020655e-02  4.66480702e-02  6.74819052e-02 -5.54903736e-03
  7.22039863e-02 -1.14233783e-02 -1.72609687e-02 -4.46655825e-02
  8.35336670e-02  3.62060182e-02 -6.34520650e-02  4.82299142e-02
 -3.42883393e-02  3.16532217e-02 -5.74251898e-02  5.25015369e-02
 -4.34835115e-03  1.39097571e-02  5.64410836e-02  5.67031950e-02
  5.05416840e-02  1.14359297e-02  3.19930315e-02 -5.34407198e-02
  2.57675331e-02  1.07295446e-01 -1.27864882e-01  3.03390473e-02
  3.65056545e-02  9.31084454e-02 -2.32442319e-02  3.97031629e-33
  1.82462279e-02 -7.77420700e-02  1.34795819e-05 -1.47921192e-02
  1.77138392e-02 -1.85856242e-02  4.07958254e-02  1.29397856e-02
 -3.84048037e-02  1.14905573e-01 -4.16168794e-02 -5.88725358e-02
  3.97688039e-02  5.64122275e-02 -7.45485947e-02  5.38346693e-02
  8.61069262e-02 -5.67530766e-02 -5.01096025e-02  4.54378035e-03
 -8.76884311e-02 -3.47405188e-02 -3.58638279e-02  1.56606231e-02
 -1.84576269e-02  5.72110750e-02 -2.95715854e-02 -4.95679975e-02
  9.25883744e-03  1.77625660e-02 -9.34835151e-03 -1.74287483e-02
 -1.07342862e-01  8.53586569e-02 -2.82486738e-03  4.19078730e-02
 -5.12938015e-02  3.19653116e-02  2.89391424e-03 -5.03024720e-02
  2.68599056e-02  3.52991419e-03  1.91251049e-03  1.04739361e-01
 -5.05400263e-02 -5.06387316e-02 -9.59748495e-03 -7.65414387e-02
  3.83258611e-02  8.91150814e-03 -8.61630961e-02 -1.66742858e-02
  1.47005897e-02 -3.92470397e-02 -3.63165028e-02  2.80098077e-02
  5.06940484e-03 -1.43223349e-02 -4.26157564e-02  1.08791795e-02
 -2.26365980e-02  1.83241852e-02  2.81307604e-02  1.15282886e-01
 -1.31068220e-02  5.37926964e-02  1.37745973e-03 -2.17081662e-02
  2.04825830e-02 -6.93187043e-02  5.64847998e-02  7.41664902e-04
 -4.74466980e-02  4.35494035e-02 -7.04626814e-02 -5.35977259e-02
 -6.62695915e-02 -4.23877686e-02 -4.67160232e-02 -5.81073314e-02
  5.95884770e-02 -5.09733073e-02  7.66844768e-03  9.60063189e-02
 -9.75119546e-02  6.92445273e-03  2.71138903e-02 -2.63089649e-02
 -4.33604605e-02 -6.88279327e-03 -8.96611344e-03 -8.25645309e-03
 -5.99967465e-02  2.92432141e-02  5.55343293e-02 -1.33185996e-08
 -3.40195000e-02 -3.70826460e-02  5.36155216e-02 -4.14001979e-02
  9.34505686e-02 -6.98570833e-02  3.79581377e-02 -1.45101571e-03
  3.38766016e-02  5.33322766e-02 -2.32299808e-02 -7.75820902e-03
 -6.23201132e-02  9.47771966e-02  3.50464135e-02  5.62615786e-03
 -6.76792711e-02  3.42277214e-02 -1.72791518e-02 -1.87885165e-02
  9.60491877e-03  3.31435166e-02  7.24022016e-02 -5.14630647e-03
 -2.45443210e-02 -5.56932390e-03  3.44202258e-02  1.71719026e-02
  5.16673066e-02  3.77551690e-02  2.49250941e-02  1.09148055e-01
 -3.79518233e-02 -2.66134851e-02 -5.06231897e-02 -8.57776180e-02
  3.13105397e-02  5.12466708e-04  1.19341556e-02  9.21305176e-03
 -5.87856658e-02  7.82055855e-02  1.83511637e-02  9.45490599e-03
  5.58545487e-03 -4.81417626e-02 -2.72924602e-02  2.41007004e-02
  2.61286669e-03 -7.71619976e-02  1.65428314e-02  9.08712950e-03
  5.28852120e-02  5.02377748e-02 -3.58179919e-02 -8.18627104e-02
  4.37372457e-03 -3.52841392e-02 -7.18051791e-02  1.38198230e-02
  6.67012408e-02 -6.60016313e-02  8.99850205e-02  1.38131343e-02]"
209,Labor Management,Social,occupational,4,0.4699,"[-2.68034618e-02  1.88899285e-03  5.05808517e-02  6.51460290e-02
 -3.80461924e-02 -6.34063706e-02  1.56710640e-01 -2.58932151e-02
 -8.66557434e-02 -1.60815883e-02  1.46552036e-02 -3.95763144e-02
 -4.21488099e-02  7.34927580e-02 -2.03003772e-02  2.20154747e-02
  3.82961147e-02  1.73368473e-02 -2.50180773e-02 -4.95263562e-02
 -6.10364005e-02  9.23324227e-02 -1.51659874e-02 -2.29569618e-03
  1.30791357e-02  4.57306206e-02  1.60960983e-02 -1.60720199e-02
  2.71990392e-02 -2.01030429e-02 -5.08137196e-02  7.92174339e-02
  8.51137415e-02  3.16800885e-02 -6.87488681e-03 -1.18649215e-03
  5.33603653e-02  4.03005406e-02  1.59870163e-02  8.99555720e-03
 -2.59297043e-02 -6.35727271e-02  2.62807384e-02 -5.49864098e-02
  9.49971937e-03  1.13050304e-02  5.67041188e-02 -1.04235783e-01
 -1.48456870e-02  6.34995773e-02 -1.18994154e-02 -4.52342629e-02
 -9.48178023e-03 -1.31858734e-03  3.12805213e-02 -5.83111271e-02
  2.82110441e-02 -9.66000371e-03 -7.40779564e-02  3.01794522e-02
  3.85935269e-02 -5.90323359e-02 -5.83907515e-02  5.25374040e-02
  1.48532301e-01  1.01001223e-03 -1.99439730e-02 -3.64904813e-02
 -7.05728158e-02 -5.04272357e-02  3.52565870e-02 -9.89689454e-02
 -5.40735833e-02  3.99493575e-02  7.33537003e-02 -5.37411198e-02
  1.99784115e-02 -7.10366815e-02  2.49303281e-02 -7.48967305e-02
 -1.21584171e-02  8.14355537e-03 -5.50764799e-02  6.12329505e-03
 -3.94851901e-02  2.08009202e-02 -7.68891396e-03  6.37650937e-02
  5.92448413e-02  2.87566539e-02 -5.56867048e-02 -1.06737785e-01
 -5.16252443e-02 -1.12140253e-02  1.32165905e-02 -2.64394209e-02
  2.79458817e-02  5.62926568e-02 -6.25504330e-02  1.98453709e-01
 -3.47786471e-02  5.45386039e-03 -5.46395145e-02  1.78365707e-02
 -6.40082657e-02  5.97281754e-03  1.55361565e-02 -1.59612596e-02
 -5.52155040e-02  3.05185635e-02 -5.22365421e-02  9.25763790e-03
 -7.77624100e-02  8.21881369e-03 -2.67564114e-02  5.74670471e-02
  8.62527755e-04  2.60236277e-03 -4.46985550e-02  1.02904879e-01
  3.66746075e-02  5.79506345e-02 -1.38990786e-02  4.47717123e-02
 -2.75904611e-02 -1.06507935e-01  5.74081168e-02 -6.36476706e-33
  3.20658907e-02 -3.33035551e-02  2.32703332e-02  5.12216091e-02
  4.27963510e-02  3.73458373e-03 -6.18877495e-03 -1.48573872e-02
  4.33940962e-02  2.57987659e-02 -9.54684243e-03  1.55375704e-01
  8.17705784e-03  5.92742600e-02  5.11953048e-02  3.88381742e-02
 -2.70995614e-03  6.21570498e-02  2.10178215e-02  7.05559105e-02
 -1.03673693e-02 -1.95161987e-03 -9.16491002e-02  4.02570851e-02
 -7.71469399e-02  8.80294666e-03 -5.61361294e-03 -3.88059653e-02
  3.87649722e-02  3.22082825e-02  5.35991602e-02  5.33356108e-02
 -1.72633473e-02 -1.49633130e-02 -9.08414461e-03  1.43081471e-02
 -5.18661924e-02 -3.49228717e-02  7.29677752e-02 -7.29352310e-02
 -5.83927110e-02 -3.23048159e-02  6.26842305e-02  1.96828172e-02
  2.83875410e-02  7.94616155e-03  1.49897160e-03  3.53023633e-02
  4.10047174e-03  1.27470419e-01  8.26622359e-03 -6.37528580e-03
  5.17425947e-02 -8.34940076e-02  1.90674476e-02  2.06019124e-03
  2.34369449e-02  1.80322826e-02 -2.00862251e-02  4.84351255e-02
 -5.80999907e-03  1.67193070e-01 -4.10696007e-02  4.94709536e-02
 -1.95727739e-02 -1.54822497e-02  2.16911100e-02  2.56340876e-02
  4.94831726e-02 -4.16134186e-02 -2.40559503e-02  6.03041835e-02
  3.42798196e-02  4.08987440e-02 -6.23327941e-02  6.49977997e-02
  5.70005998e-02 -5.67856394e-02 -6.38812482e-02  1.05340453e-02
  8.11612606e-03  2.32731458e-02 -3.73520404e-02 -6.05381429e-02
  6.68205991e-02  6.21307343e-02 -1.03823328e-02 -6.42755926e-02
  3.70361321e-02  5.30699641e-02 -3.57515141e-02 -2.13330408e-04
 -3.64786647e-02  8.84871483e-02 -3.59255336e-02  3.95553923e-33
 -8.21764488e-03 -3.18181328e-02 -5.41267134e-02 -2.38107909e-02
  4.30419073e-02 -2.62822509e-02  6.92438185e-02 -6.76042810e-02
 -3.25708278e-02  1.01774924e-01 -6.11699112e-02 -4.64874469e-02
  3.97382602e-02  2.25535501e-02  1.41101116e-02 -3.81272472e-02
 -1.33645097e-02  9.06738788e-02 -1.69729143e-02  1.77715886e-02
 -7.20274355e-03  4.36425880e-02 -2.28428710e-02 -1.23827741e-03
  1.60401762e-02  5.11701480e-02 -1.12035431e-01 -2.09955461e-02
 -5.24819531e-02  2.41731317e-03 -4.65526916e-02  1.99130201e-03
  2.38800105e-02  2.99845566e-03  1.05670728e-02  1.45251369e-02
 -5.27560785e-02  2.77417433e-03 -2.66640205e-02 -6.09933175e-02
 -1.83356460e-02  6.03376888e-04  1.19499797e-02  6.83478266e-02
  2.72856723e-03 -1.65601708e-02 -6.12605140e-02 -5.51988967e-02
 -2.71865856e-02 -1.99103542e-02  4.33878601e-02  2.26081237e-02
  1.56416949e-02 -6.08199239e-02  6.29120087e-03  4.20782752e-02
  1.53816063e-02 -1.23324275e-01 -6.07217625e-02  7.90619571e-03
  8.68447721e-02  3.21705788e-02  4.08588052e-02  1.54388338e-01
 -5.16076088e-02 -9.51478723e-03  2.21026223e-02  1.75108705e-02
 -7.33999535e-02  1.87658407e-02  7.59887546e-02  5.78924939e-02
 -5.91984987e-02 -5.79409674e-02 -3.21939066e-02 -3.12517174e-02
 -7.03748083e-04  2.04315074e-02 -5.29007390e-02  2.79334113e-02
 -5.67893796e-02 -7.32886940e-02  5.38144168e-03  7.97124282e-02
 -6.82531521e-02 -4.89505976e-02 -8.11667461e-03  2.29624752e-02
 -2.67942976e-02 -8.44990388e-02 -7.92009681e-02  1.49619756e-02
 -7.82734975e-02  2.28960793e-02 -3.79465781e-02 -1.19166028e-08
 -2.22598389e-02  3.58697921e-02  1.90246925e-02 -4.79938202e-02
 -4.98242117e-02 -6.52843639e-02  2.25590053e-03  2.52731312e-02
  1.05569018e-02  8.69817510e-02 -2.90510803e-02 -1.33998208e-02
  4.91928943e-02  7.96688572e-02  1.26517728e-01  9.57979541e-03
  3.46757844e-02 -3.37236375e-02 -4.54954393e-02 -7.12758228e-02
  1.37747407e-01 -1.57435127e-02  3.45258787e-02  2.52350103e-02
 -6.64644912e-02  1.19139524e-02 -5.83591424e-02  3.16724069e-02
 -1.24186957e-02  8.39152485e-02  1.43151656e-02  5.24622276e-02
 -5.37755229e-02 -9.24914107e-02 -5.41556105e-02 -1.06672779e-01
  8.24523419e-02 -4.35023718e-02 -3.42410207e-02  3.62528302e-02
 -2.49285642e-02 -4.16722819e-02  5.00344895e-02  2.85490323e-02
  9.65267867e-02 -5.37934974e-02 -2.56207120e-02 -2.18135696e-02
 -9.99504421e-03 -3.37775052e-02  1.73578821e-02 -3.47153866e-03
 -3.52094583e-02  8.70837457e-03 -3.60907055e-02  5.02781384e-02
  4.84587066e-02 -3.16200070e-02 -9.86734852e-02 -5.60451066e-03
  7.59711117e-02  4.87458855e-02  4.45529111e-02  1.96161065e-02]"
210,Health and Safety,Social,safety,11,0.8323,"[ 5.73531957e-04  7.82999620e-02 -5.72171323e-02 -9.87484958e-03
  8.19947273e-02  7.64091834e-02  1.25421762e-01  4.30145375e-02
 -1.73132550e-02  4.07683961e-02  6.97012395e-02 -6.44242624e-03
  6.07175007e-02 -1.44188330e-02 -1.08001001e-01 -7.68733099e-02
  3.86120044e-02  1.73624326e-02 -1.57332927e-01 -1.03293490e-02
 -6.43835887e-02  4.50725034e-02  2.85278484e-02  4.28724438e-02
 -1.44915193e-01  2.81684436e-02 -3.54573503e-02  3.66525985e-02
  1.39614185e-02 -5.18231541e-02 -1.61202252e-02 -8.12839642e-02
  3.77211869e-02 -2.28156783e-02 -8.68310705e-02 -4.21075560e-02
  5.52136488e-02 -1.38955545e-02  4.97897677e-02 -2.58697085e-02
 -5.34037985e-02 -9.21611041e-02  9.51912720e-03  2.09068749e-02
 -3.51158604e-02  4.45235781e-02  1.10328821e-02 -1.01948977e-01
  7.69034177e-02 -5.12995757e-02  2.58703884e-02  4.32779118e-02
 -2.37581157e-03 -1.49276177e-03  5.40945344e-02 -7.14805350e-02
  6.88765710e-03 -4.46055792e-02 -5.87516129e-02  4.06757258e-02
  8.00295249e-02 -1.16845686e-02 -7.81028792e-02 -3.21930833e-02
  4.33817469e-02 -1.61102638e-02 -6.20145276e-02  7.95155019e-03
  5.94670400e-02  6.26007318e-02 -8.24345392e-04 -1.59219243e-02
  1.02076717e-02  1.41518016e-03  2.61478070e-02 -1.06971050e-02
  4.40757684e-02 -7.04433918e-02  3.46981883e-02 -2.92230844e-02
  3.02053783e-02 -2.67119538e-02  6.15215600e-02  1.99415926e-02
  4.25258726e-02  7.01010823e-02  1.66251082e-02  7.46769423e-04
  2.13365182e-02 -2.65571941e-03 -6.24767914e-02  3.13235936e-03
  9.98646319e-02  6.51122853e-02 -2.72436608e-02  3.64840426e-03
 -4.40069735e-02 -3.00874040e-02 -3.07827611e-02  1.82817221e-01
  2.21045036e-02  1.38957584e-02 -2.71815099e-02  6.13319911e-02
 -3.73213040e-03 -1.32738352e-02 -6.56675100e-02  2.83549726e-02
 -1.41513692e-02  5.43183610e-02  7.08732149e-03  4.22299914e-02
  3.67801520e-03  3.31379287e-02 -4.18435708e-02  3.94624658e-02
 -7.26993904e-02 -2.14777812e-02  3.99688259e-02  2.84358542e-02
  2.06068112e-03  2.11788695e-02  6.82035312e-02 -6.82317652e-03
 -4.51058568e-03 -1.17569230e-01  2.80644465e-02 -5.26886249e-33
  8.95859022e-03 -3.37898582e-02  7.79993553e-03  1.65810417e-02
 -4.91214134e-02  2.11228300e-02 -6.90779537e-02 -6.86724335e-02
 -1.13512827e-02  5.25497384e-02  1.14064030e-02 -9.83412750e-03
 -2.86902115e-02 -4.40093502e-02  1.12199239e-01 -1.17825251e-02
 -5.62178381e-02  6.75890297e-02 -7.28950649e-02 -5.59516326e-02
  5.66154439e-03 -9.21686441e-02 -2.22575734e-03  6.45204484e-02
 -4.40874435e-02  6.88202009e-02 -1.87790003e-02 -3.12175918e-02
  5.43573536e-02  4.16046903e-02 -1.36937201e-01  6.90436438e-02
 -7.08886832e-02 -6.64794743e-02  4.85883281e-02  3.59560885e-02
 -1.25533715e-01 -6.28227517e-02 -2.97300015e-02 -3.62521186e-02
 -9.98093374e-03 -2.89357062e-02  5.75315654e-02  6.81584105e-02
  9.69588831e-02  7.03348517e-02 -5.53599037e-02  8.69226817e-04
 -9.56648514e-02 -3.27183194e-02 -6.70421124e-02  2.27864441e-02
  2.08831504e-02  5.25518041e-03 -4.35425006e-02  5.93395457e-02
  3.94774564e-02  1.41145848e-02 -3.49932685e-02 -5.88018261e-03
 -4.08608802e-02  1.22482821e-01 -4.05224636e-02  1.60748709e-03
  1.15476809e-02 -2.43269559e-02  1.07615180e-02 -1.90663002e-02
  5.26557229e-02 -2.16527209e-02 -1.15450658e-01 -2.23790221e-02
  4.22808677e-02  7.84298126e-03 -9.34963003e-02 -8.92764237e-03
  1.05002923e-02  6.05923450e-03  2.20020618e-02 -6.29538000e-02
 -7.13082217e-03  3.97074930e-02  3.40047758e-04  2.59260442e-02
  4.25434820e-02 -4.36423458e-02 -3.42819169e-02 -3.24760075e-03
 -8.35785642e-02  1.31556064e-01 -2.60524377e-02 -3.51289362e-02
  9.75253507e-02  7.05231950e-02 -5.26373982e-02  4.06741212e-33
  1.56558631e-03 -1.75973698e-02 -5.98577224e-02  5.58593720e-02
 -4.02385034e-02 -5.55491038e-02  1.29420205e-03 -2.27793269e-02
  1.40525959e-02  6.06335439e-02 -7.11394697e-02 -3.74007858e-02
  5.86898476e-02  4.14202083e-03  1.45072229e-02 -4.12938222e-02
  4.66623195e-02  3.23582329e-02 -2.53631659e-02 -2.03686636e-02
  4.65353429e-02 -4.47168462e-02 -7.89758340e-02  6.06096350e-02
 -6.42090887e-02  2.73551363e-02 -6.06764071e-02 -2.71904524e-02
 -5.88296615e-02  2.20218729e-02  3.22674215e-02  1.90811697e-02
  9.80012864e-03  7.24026412e-02 -4.34783250e-02  1.25801917e-02
  9.37949196e-02 -3.82261425e-02 -1.43130906e-02 -4.15071025e-02
  6.14760779e-02  1.09079324e-01  4.04572152e-02  3.20978761e-02
 -7.47115016e-02  4.54904288e-02  2.88444553e-02  1.26923146e-02
 -3.58722359e-02  3.27344611e-02 -5.14850914e-02 -3.10137235e-02
 -1.76027659e-02 -2.68229824e-02  4.53914218e-02  1.60113461e-02
 -1.67307369e-02 -3.58036114e-03 -1.86403524e-02  2.41783056e-02
  3.83845121e-02  5.76019101e-02 -9.30991173e-02  8.60363990e-02
 -2.18227152e-02  9.07936841e-02 -1.04535855e-01 -4.10199501e-02
  6.15584962e-02 -6.21054787e-03  6.62556067e-02  4.69711833e-02
 -3.92021313e-02  1.61787949e-03 -1.26945928e-01 -6.80641234e-02
 -4.50680628e-02 -2.68641096e-02 -3.27069014e-02  1.85658876e-02
 -4.40403484e-02 -5.80981262e-02 -3.57537642e-02  1.19558133e-01
  8.91900342e-03 -1.17045054e-02  5.59923202e-02 -2.11041747e-03
 -1.57093685e-02 -8.16884115e-02 -5.18969558e-02  5.11641391e-02
 -5.06767854e-02  1.54963667e-02 -2.08509415e-02 -1.20820340e-08
 -1.90192219e-02  3.05042621e-02 -3.31516638e-02 -4.18629758e-02
  3.21384845e-03  1.02516226e-02  2.66005140e-04 -8.45980197e-02
  3.42345960e-03  4.34220582e-02  4.59021144e-02 -1.21966284e-02
  4.47702445e-02  4.64696363e-02  3.03288619e-03 -1.28830224e-02
  3.75164039e-02  3.89307588e-02 -4.21736836e-02  5.02593517e-02
  2.55392957e-02  2.62836069e-02 -1.37801869e-02  7.31249377e-02
 -3.01195402e-03  1.28666842e-02  4.14091684e-02  1.01913139e-01
  2.07681060e-02  9.73920003e-02  1.71950795e-02 -4.30681976e-03
 -4.90574026e-03  5.30354455e-02 -2.57243607e-02  3.67543176e-02
  3.98441479e-02 -1.79919470e-02  6.21846765e-02 -3.44083011e-02
  1.60844792e-02  8.68094992e-03  4.73964922e-02  6.67413324e-02
 -1.00668697e-02  8.41482636e-03 -3.02098710e-02  4.29045521e-02
  1.19931134e-03  1.99407563e-02  5.01913344e-03 -4.02092002e-02
  1.84916407e-02  1.41109794e-01  2.61195563e-02  1.76474564e-02
 -3.36421654e-03 -2.57749576e-03  2.31142957e-02  5.96186742e-02
  3.64358351e-02  2.02981252e-02  9.13854018e-02  1.44670075e-02]"
211,Health and Safety,Social,health,5,0.6018,"[ 5.37123438e-03  9.97414514e-02  1.91134890e-03  8.38104934e-02
 -2.22391598e-02  5.08642569e-02  1.25899836e-01  3.50416861e-02
 -8.00787210e-02 -2.53760293e-02  2.24868339e-02 -1.18055064e-02
 -4.67448048e-02 -8.85407105e-02 -1.33799100e-02 -7.67619461e-02
 -1.65396743e-02  2.04998739e-02 -9.20241922e-02  4.00275514e-02
 -8.48541111e-02  1.17842123e-01  6.23122975e-02  6.39799610e-02
 -6.87919632e-02  8.65728930e-02 -1.30520593e-02 -6.96765929e-02
 -1.87501051e-02 -4.39839177e-02  7.50633776e-02  2.67405305e-02
  7.46407807e-02 -1.89797133e-02 -5.31700999e-02  2.36164150e-03
  5.83902188e-02 -4.50640544e-02 -6.10716380e-02 -7.24489018e-02
 -4.66363691e-02 -7.37746805e-02  2.40134150e-02  2.39480287e-02
  3.60913016e-02 -1.70135591e-02 -3.48460153e-02 -1.48821180e-03
  8.15757513e-02  1.75007470e-02 -7.87486881e-02  6.85469061e-03
  3.67106544e-03  4.84067313e-02  1.05895899e-01 -3.89761999e-02
 -6.25088066e-02 -8.71843249e-02 -8.56771916e-02  2.88186092e-02
  7.40112811e-02 -7.63535034e-03  1.53860217e-02  6.19725101e-02
  7.14427233e-02 -1.75928250e-02 -3.72048356e-02  2.37937365e-02
 -5.05838767e-02 -5.10534846e-06 -3.53512168e-02 -9.44931954e-02
 -2.52397135e-02  4.20893766e-02  7.59914592e-02  2.43649110e-02
 -6.16188198e-02 -9.11518708e-02  7.69328699e-02  2.12488952e-03
  4.27264534e-02  1.87974442e-02  2.53665727e-02  1.09769747e-01
  2.13757586e-02  1.74314622e-02  9.87705812e-02  1.06953373e-02
 -6.79079071e-02  7.23599782e-03 -4.98767309e-02 -2.45786812e-02
  4.30098325e-02  5.22806048e-02 -2.75510550e-02  2.50209328e-02
 -2.81046219e-02 -7.43551776e-02 -5.60972914e-02  2.09060758e-01
 -2.05601119e-02  9.14966501e-03  1.25062848e-02  7.22572878e-02
 -2.46338006e-02 -1.24549596e-02 -3.76604274e-02  2.65376717e-02
  2.78761517e-02  1.85325462e-02 -3.83028314e-02  4.32151705e-02
 -9.42651555e-03  1.00031225e-02  2.00723130e-02  2.09167413e-02
  1.01501029e-02 -6.86053187e-02 -1.72647722e-02 -2.00532675e-02
 -7.61366729e-03 -6.32247627e-02  9.88753233e-03  9.77477990e-03
 -2.29227357e-02 -9.24503431e-02  2.24340893e-02 -6.14722934e-33
 -1.06252846e-03 -8.56531933e-02  1.47644907e-01  4.95084226e-02
 -1.89727712e-02  4.29080091e-02 -2.58337893e-02 -7.02107474e-02
  1.82728525e-02 -6.78755483e-03  1.92644615e-02 -7.62591464e-03
 -1.56567674e-02  4.21755053e-02  2.78620478e-02 -9.13773477e-03
 -9.84768867e-02  7.42173791e-02 -1.74940471e-02  2.51418855e-02
  3.76332225e-03 -4.78493907e-02 -8.05747230e-03  7.71740302e-02
 -4.28220779e-02  5.59713989e-02  1.48747005e-02 -6.14827238e-02
  4.18789349e-02  1.05806394e-02 -4.34195884e-02  6.00280762e-02
 -2.68613081e-02 -1.40227348e-01 -2.06817649e-02 -4.69994769e-02
 -3.77959237e-02 -3.47582325e-02 -5.12745827e-02 -6.18010163e-02
  9.91606712e-03 -2.09494494e-03  2.41463240e-02  3.22052650e-02
  4.86132279e-02  3.84361297e-03 -1.19498251e-02 -9.60628095e-04
 -1.13997534e-01 -2.17824187e-02 -5.58792390e-02  9.15367622e-03
 -8.62479769e-03 -2.62368340e-02  3.23679717e-03 -2.82216277e-02
  1.66203473e-02  1.23932771e-02 -7.79984370e-02  3.37543674e-02
  9.80043486e-02  6.17396794e-02 -5.36023416e-02 -2.73295082e-02
 -4.37831357e-02 -3.28039601e-02  1.38798656e-04 -5.53135835e-02
  3.13322805e-02  1.45491417e-02  1.21148722e-02  3.72152515e-02
 -1.81977265e-02  2.04879548e-02 -5.50231263e-02  3.60890627e-02
 -6.59352448e-03 -4.36691307e-02 -8.70679617e-02  2.58840714e-02
  2.89109331e-02  3.38586196e-02 -2.10219845e-02  5.13027981e-02
  5.52435778e-02  5.47038391e-02 -2.76211742e-02 -2.95840185e-02
  3.45293316e-03  9.78255365e-03 -9.11254734e-02  2.29895599e-02
  9.01133269e-02  4.21853513e-02 -1.75824277e-02  3.74367033e-33
 -7.93729722e-03  1.20220939e-03 -7.65881315e-02  9.76044685e-02
  5.93985915e-02 -6.05680011e-02  9.73851886e-03 -4.32126923e-03
  5.44070974e-02  1.07256837e-01  3.46021801e-02 -7.53901452e-02
  3.52806374e-02 -1.62294637e-02  3.75511460e-02  5.00624515e-02
  4.70811352e-02 -2.01899167e-02 -3.29498984e-02  7.25660101e-02
 -1.68711003e-02  3.61825190e-02 -5.69520809e-04  1.29054161e-02
 -5.82864322e-02  9.39490870e-02 -3.65922637e-02  3.61403897e-02
  3.65441516e-02 -9.94864106e-03  2.89596431e-02  4.93565761e-02
 -8.30426253e-03 -2.83726938e-02  3.16934921e-02  2.25883368e-02
  4.12307084e-02 -1.68720465e-02 -3.98306064e-02  3.22226286e-02
  1.36453837e-01 -7.39254814e-04 -1.98331792e-02  1.00447252e-01
 -8.49623792e-03  4.05098088e-02 -1.11643579e-02  3.02662645e-02
 -3.95160839e-02  1.69808399e-02  4.14584428e-02 -1.93931833e-02
 -5.94130643e-02  4.60596383e-02  2.53981035e-02 -3.10970675e-02
 -1.05775677e-01 -5.60910925e-02 -6.10580072e-02 -8.68348498e-03
 -1.24801602e-02  5.51457480e-02 -1.08039118e-01  3.68471108e-02
 -9.67275277e-02 -1.53591046e-02  1.86782163e-02 -2.40950882e-02
  4.22031095e-04 -4.02951837e-02 -1.23774465e-02 -3.77950259e-02
 -1.42504945e-02 -1.64273046e-02 -5.23026064e-02  1.74470637e-02
 -8.13520327e-02 -2.70874556e-02 -1.58212278e-02  1.04232039e-02
 -8.08312744e-02 -1.07540131e-01 -1.48519799e-02 -3.01885046e-02
 -8.82780105e-02 -2.82875225e-02 -5.53533027e-04  2.57935026e-03
 -9.13260784e-03  1.36039872e-02 -3.55117619e-02  3.88916470e-02
 -1.25106409e-01  3.43981944e-02 -3.54320221e-02 -1.38960106e-08
  5.41888662e-02 -7.08016455e-02  1.75380260e-02 -5.91897815e-02
 -1.44343888e-02 -2.14510597e-04 -2.05068476e-02  8.24092403e-02
  8.62330943e-02  1.06143937e-01 -8.99954140e-03  7.03351498e-02
  4.34746444e-02  2.11753324e-02  1.28591452e-02 -1.87780429e-02
 -4.23133373e-02  3.19506042e-02 -2.80897804e-02  1.27863744e-02
  2.57245693e-02 -3.07652988e-02  6.53957203e-02  3.91035266e-02
 -9.66141745e-02 -3.72873358e-02  4.45294194e-02 -1.85504071e-02
  7.93929864e-03 -1.62014458e-02  5.98579906e-02  6.90155923e-02
  2.45570783e-02  1.16725042e-02 -2.52039190e-02 -6.17082193e-02
  4.86882068e-02 -5.38016222e-02 -2.30083503e-02  1.50195537e-02
 -2.57034414e-03  6.45710528e-02  3.70848551e-02  1.84496567e-02
 -3.35254595e-02 -9.00502801e-02  2.42790431e-02  3.71634774e-02
  3.38827558e-02 -8.51295441e-02 -1.32026523e-02  7.24240905e-03
  4.71745767e-02  8.30229372e-03 -1.08865397e-02  4.50820290e-02
  3.43024433e-02  3.07960622e-02 -5.15435115e-02 -1.69488788e-02
  1.42157704e-01 -3.23175564e-02  3.84027287e-02  5.43064140e-02]"
212,Health and Safety,Social,hazardous,3,0.5771,"[ 3.36181857e-02  2.71987747e-02 -4.76677194e-02  2.76505239e-02
  6.56606583e-03  1.38589852e-02  1.40101403e-01  6.82627112e-02
 -5.25325574e-02  1.36720287e-02  4.90989052e-02 -4.50298898e-02
  4.24380898e-02  4.22107615e-02 -1.00600243e-01 -5.09844609e-02
  5.06010763e-02 -6.61694035e-02 -9.73934531e-02  1.02492444e-01
 -1.12089198e-02  8.46796185e-02 -2.34195665e-02  2.03038268e-02
 -7.97160938e-02  4.40675057e-02 -1.53856268e-02 -9.13413428e-03
  4.69441153e-02 -4.30072807e-02  5.77479005e-02  4.95515987e-02
  8.29089899e-03 -2.31390446e-02  3.32390331e-02 -6.33116998e-03
  5.37989922e-02 -2.02336349e-02  9.36218426e-02 -2.75159441e-03
 -3.50477174e-02 -1.05359122e-01 -3.51316780e-02 -3.71977314e-02
 -2.71381568e-02 -1.95543822e-02  2.15438940e-02 -1.08409300e-01
  2.55157594e-02 -3.69405113e-02  3.36935706e-02 -1.39342016e-02
 -4.38927114e-02  7.82698952e-03  3.32050957e-02 -1.18391715e-01
  9.02655162e-03 -9.55020487e-02 -5.86451069e-02 -2.72641983e-02
  4.76287603e-02 -1.04010943e-03  1.76519565e-02 -1.02260374e-02
  4.17996868e-02  3.39039154e-02 -1.73510369e-02  3.28128412e-02
  6.00876249e-02  2.39341985e-02  4.13240120e-02 -1.62909850e-02
  2.47936845e-02  2.17314884e-02  1.04371179e-02 -7.29172025e-03
  3.30745131e-02 -1.85564123e-02  6.34588897e-02 -1.61907841e-02
  2.84197554e-02 -1.54948542e-02  1.00812351e-03  1.35345990e-02
  7.45764598e-02  5.32989949e-02 -3.81047651e-02  1.07848654e-02
 -4.58312705e-02  3.54232900e-02 -5.83537892e-02  2.26350017e-02
  1.26044959e-01  4.78997193e-02 -8.27203393e-02  5.16278343e-03
 -2.03440655e-02 -3.52836698e-02 -2.69022305e-02  1.96647733e-01
 -1.98529493e-02  8.41041952e-02 -1.42771110e-01  3.23566571e-02
 -3.72415558e-02 -8.55950043e-02 -3.30525935e-02 -2.17656046e-03
 -4.40239795e-02  1.96611006e-02 -3.39773037e-02  1.37885381e-02
 -1.03431921e-02 -2.92361318e-03 -2.45373119e-02  7.95534775e-02
 -1.40500944e-02 -8.64026137e-03 -3.13052498e-02 -7.10044801e-03
  1.59120513e-03  4.94909566e-03 -2.40022652e-02  8.87269527e-02
 -2.00510658e-02 -1.12515062e-01  3.60509902e-02 -5.28631454e-33
  4.97373939e-02  2.88053304e-02  3.43766399e-02 -2.57512219e-02
  1.36949145e-03  2.99582463e-02 -2.12507956e-02 -6.26577660e-02
 -9.11462959e-03  8.65528658e-02  5.42914495e-02  3.61969434e-02
 -3.58335711e-02 -2.29122266e-02  5.20854779e-02 -1.64414849e-02
 -5.65107092e-02  1.90412309e-02 -6.94071949e-02 -8.63353387e-02
 -2.33589113e-02 -1.35708097e-02 -1.50470156e-02  3.42396535e-02
 -2.94376463e-02  7.71994367e-02 -5.94190620e-02 -1.10596679e-02
  1.51060903e-02  3.47706117e-02 -4.67445664e-02  4.27411087e-02
 -5.40690543e-03 -6.72966167e-02 -2.35548872e-03  2.73717754e-02
 -1.63411036e-01 -3.67207080e-03 -2.85879988e-02 -2.76228189e-02
 -7.26292729e-02 -5.64970933e-02  3.00669074e-02  8.02282766e-02
  8.89691934e-02  5.79988286e-02  1.32624758e-03 -2.33690366e-02
 -5.89825921e-02 -7.19686598e-02 -4.90228534e-02 -1.07666859e-02
 -1.90308094e-02 -1.32080568e-02 -4.09076698e-02  1.76735353e-02
  7.66746998e-02 -2.99134199e-02 -2.23720148e-02  4.01154757e-02
  5.77397039e-03  1.09947443e-01 -1.16138488e-01  2.16817483e-02
  4.16414104e-02 -1.04385674e-01  1.06566567e-02 -3.26543823e-02
  5.29970489e-02 -8.02647136e-03 -1.31882560e-02  3.35926153e-02
  6.16881810e-02 -3.88387591e-02 -4.46795970e-02 -1.04474174e-02
 -1.92291420e-02  9.91635863e-03 -3.58564332e-02 -4.23198678e-02
 -8.71006325e-02 -1.26206772e-02 -2.40482185e-02  5.43570258e-02
 -4.96349260e-02 -4.09848802e-03  1.07323369e-02  1.46718100e-02
 -6.96007013e-02  1.18430816e-01  2.47312952e-02 -1.14397053e-02
  7.97810927e-02  1.01005491e-02 -8.96936655e-02  4.11757965e-33
  1.98520342e-04  7.18728378e-02 -1.02983154e-01  9.98334214e-02
 -7.36531662e-03 -6.25638105e-03  3.81841660e-02  8.12274814e-02
 -6.35823794e-03  6.78592995e-02 -7.43380040e-02 -5.13363816e-03
 -3.43821980e-02 -4.29865122e-02  5.29592596e-02  4.55097295e-02
  5.37052974e-02  8.32029060e-02 -9.96299088e-03 -3.61700095e-02
 -7.31146103e-03 -2.45636255e-02 -5.86436428e-02 -1.40361004e-02
 -6.93863183e-02  4.77461293e-02 -4.25270945e-03 -7.54400045e-02
 -3.99646498e-02  6.25000075e-02  8.42452794e-03  1.16787367e-01
 -2.55111307e-02  2.04851422e-02  1.14069246e-02 -9.41408426e-03
  3.87362912e-02 -3.91916446e-02  1.59339327e-02 -5.02454191e-02
 -6.77362410e-03  9.85735655e-02  3.85052338e-02  8.79416317e-02
 -5.14227934e-02  5.96723892e-02 -2.58306768e-02 -4.15263511e-02
  1.13529535e-02 -1.39235677e-02  5.47584100e-03  3.07253338e-02
 -3.85074504e-02 -1.19273434e-03  3.91000845e-02  3.55797745e-02
 -1.08840175e-01 -3.50662395e-02 -3.25829722e-02  7.26489350e-02
  7.02428147e-02  5.06622680e-02 -9.27157849e-02  6.06623180e-02
 -5.33834435e-02  1.37396147e-02 -1.10342667e-01 -5.14436886e-02
  3.13733779e-02 -1.78223867e-02  9.36972573e-02  3.53354104e-02
 -6.09151497e-02 -7.34398589e-02 -8.10820684e-02 -1.17302403e-01
 -5.61214313e-02  3.61130349e-02 -2.75941473e-02  2.15428695e-03
 -1.67345479e-02  1.82411645e-03 -3.16477008e-02  1.06995218e-02
 -2.30211746e-02 -2.87960954e-02  2.12054979e-02  4.23414297e-02
 -2.39861291e-02 -2.11306587e-02  2.22829375e-02  4.92857881e-02
 -4.79175448e-02  1.64173543e-02  4.48340038e-03 -1.25393136e-08
 -3.28386039e-03 -1.37985771e-04 -3.81266922e-02 -5.44687547e-02
  4.83740531e-02  9.37295053e-03 -7.75343971e-03 -1.67516933e-03
  1.31405927e-02  4.93730642e-02 -5.61614893e-03 -8.55904147e-02
  2.15931591e-02  6.71152696e-02 -4.09371639e-03  1.55608086e-02
  2.71132961e-02 -2.55326815e-02 -2.14249883e-02  3.97893041e-02
 -4.29341896e-03  3.08604538e-02 -9.67544224e-03  1.81668848e-02
  1.35402789e-03  4.98431548e-03  6.49491847e-02  3.21490094e-02
  1.02267787e-01  8.81590545e-02  5.10878973e-02  5.91037758e-02
 -3.89746688e-02  5.37229106e-02 -9.62898880e-02 -5.05180247e-02
 -2.96734534e-02 -6.75147548e-02 -4.13071997e-02  7.76148736e-02
 -6.46613585e-03  5.39433956e-02  1.33961551e-02  6.58269227e-02
  3.79588120e-02 -4.97087762e-02 -8.37837346e-03  3.23111601e-02
 -1.13109061e-02  9.13830474e-03 -6.54465007e-03 -7.43433461e-03
  1.75788049e-02  3.80689465e-02  1.53556364e-02  1.24263661e-02
  4.27150466e-02  4.39925306e-02 -1.47012640e-02 -5.09436242e-03
  1.73042178e-01 -1.87457725e-02  2.43793391e-02  3.01614515e-02]"
213,Health and Safety,Social,fatalities,2,0.5402,"[ 5.71335442e-02  2.71548145e-02 -3.59792635e-02 -2.62774844e-02
  6.95326924e-02  5.21997064e-02  4.57017906e-02  1.10199779e-01
 -3.67040485e-02  9.97475758e-02  4.85315360e-02 -1.91420950e-02
  3.35762762e-02  1.01943174e-02 -1.01745337e-01 -1.76039450e-02
  4.63009179e-02  1.74413845e-02 -8.69923458e-02  2.92662941e-02
 -4.10817713e-02  7.26652741e-02 -1.08063279e-03  3.69865447e-02
 -5.53289130e-02  8.85684043e-03 -3.73821370e-02  1.27834929e-02
  8.00383091e-03 -4.26383875e-02 -1.86077058e-02 -3.36253941e-02
 -2.92855577e-04 -2.14987677e-02 -2.66671106e-02 -2.81149652e-02
  5.22376858e-02 -5.78936264e-02 -4.72211652e-02  3.81656475e-02
 -5.61002567e-02 -6.29281253e-02 -1.58197824e-02  4.16362211e-02
  2.08071563e-02 -3.31616774e-02 -4.42393646e-02 -1.46239800e-02
  3.85194235e-02  2.35720556e-02  2.48768963e-02 -1.27512375e-02
  3.00608464e-02  3.75631787e-02  6.34054914e-02 -1.82889730e-01
 -2.71172952e-02  1.48556624e-02 -5.29564656e-02 -1.66620146e-02
  3.22704725e-02 -1.57310199e-02 -1.48847792e-02 -7.11590564e-03
  5.69003411e-02 -3.28079872e-02  2.77440064e-02 -7.15620145e-02
  1.28000099e-02  1.57076448e-01 -1.69148725e-02 -3.07485145e-02
 -1.81370508e-02  4.25542593e-02 -8.25852826e-02 -3.34139280e-02
 -1.45203120e-03 -8.54583755e-02  2.91418750e-02 -3.70969400e-02
  4.34804335e-02 -3.43649499e-02  1.70746818e-02  4.43620561e-03
  9.52853411e-02  3.91742587e-02 -3.95296775e-02  6.58534542e-02
  1.22242970e-02  5.34203723e-02 -7.81344846e-02  3.22332866e-02
  1.29833534e-01  3.53305675e-02 -2.59278174e-02  6.71498626e-02
 -9.88619681e-03 -1.84642002e-02 -2.08750218e-02  1.45183071e-01
 -5.31066842e-02 -5.81921712e-02 -5.79541996e-02  8.24490469e-03
  3.67980450e-02  1.89857406e-03 -9.61198807e-02  1.28206722e-02
 -6.90047210e-03  3.51081491e-02  3.58899459e-02  4.30496782e-02
 -2.39234325e-03 -5.49540017e-03  3.44139524e-02  5.89437457e-03
 -7.02350661e-02  3.23049761e-02 -6.09743816e-04  4.16642353e-02
  4.23515588e-02 -4.11194423e-03 -3.08434833e-02 -1.91986989e-02
  1.04596680e-02 -4.86287475e-03  1.75093301e-02 -5.19825936e-33
  4.99507971e-03 -6.38229474e-02  5.01837507e-02  2.76541561e-02
 -2.28009690e-02 -6.14055358e-02 -9.26860422e-02 -5.32638021e-02
  5.23955785e-02  9.28741787e-03  2.78199761e-04 -7.14462772e-02
 -1.17609026e-02 -4.34501655e-03  7.68666863e-02 -1.63626038e-02
  9.34937131e-03  7.14668259e-02 -7.19939992e-02 -1.12030998e-01
 -5.62247187e-02 -1.41178975e-02 -2.28493903e-02  5.76434433e-02
 -1.55912815e-02  1.00607805e-01 -4.23846096e-02  5.40833101e-02
 -2.61296444e-02  7.26025505e-03 -1.14682885e-02  1.86286829e-02
 -4.14589345e-02 -9.69364680e-03 -3.27194366e-03  7.92342722e-02
 -7.75381625e-02  2.13438291e-02 -4.24266271e-02  5.04833162e-02
 -6.18738197e-02 -2.59303041e-02 -1.64761860e-02  1.26217501e-02
  4.00002040e-02 -4.45811544e-03  5.70498034e-02  1.34566464e-02
 -5.21977879e-02  6.86963322e-04 -4.83537279e-02 -4.53613400e-02
 -2.40069907e-02  2.98935827e-02 -7.78924162e-03  1.44043237e-01
  2.88466886e-02 -3.85412686e-02 -2.57831048e-02  1.89201385e-02
  3.74804735e-02  5.06023653e-02 -3.79879288e-02  1.14179095e-02
  3.13232131e-02 -1.85190644e-02  5.90306558e-02 -1.07864082e-01
  5.45857027e-02 -2.73215678e-02 -5.10479361e-02 -2.02481038e-04
  5.39022265e-03 -8.38355795e-02 -5.78206927e-02 -1.89858035e-03
  6.04644567e-02  9.25308932e-03 -6.04617298e-02 -1.39705269e-02
 -4.12273668e-02  3.10504138e-02 -8.54463782e-03 -3.68612893e-02
  6.66457787e-02  6.26766309e-02  1.60010699e-02 -8.09961483e-02
 -9.29453894e-02  9.42715555e-02 -6.91432804e-02 -4.16159071e-02
  2.21529398e-02  2.92429850e-02 -3.99427861e-02  3.78060179e-33
 -4.17478681e-02  5.30573260e-03 -3.16402428e-02  1.20790780e-01
 -1.87064838e-02 -3.06994338e-02 -2.04887837e-02 -1.08094914e-02
 -1.33826016e-02 -4.00117189e-02  4.05315571e-02  5.40716155e-03
 -3.07296459e-02  1.27242714e-01  1.62412468e-02 -5.76426834e-02
  1.87159125e-02 -8.97866488e-03  5.64461295e-03 -1.37724644e-02
 -1.27637433e-03 -3.99735756e-02 -5.72549552e-02 -3.05055827e-03
 -2.79991049e-02  7.96278045e-02 -3.95783670e-02 -9.98332724e-03
 -4.68601063e-02 -7.26217404e-02  1.38230145e-01  1.63474530e-02
  2.65355664e-03  9.43523347e-02  5.14801405e-03  1.23843148e-01
  7.68151805e-02 -3.28514725e-02 -4.01256047e-02 -4.54346128e-02
  6.89408556e-02  7.02465773e-02  1.33840702e-02  7.91027993e-02
 -1.95142850e-02 -5.48076779e-02  3.42951007e-02  1.35533139e-02
  1.63421798e-02 -3.89846303e-02 -2.41460577e-02 -2.00811271e-02
 -4.52369675e-02  7.77232945e-02  9.25394427e-03  2.01358274e-02
  1.59709025e-02 -4.84540984e-02  3.16049601e-03 -6.88285828e-02
  3.69975790e-02  4.59962972e-02 -6.29546344e-02  1.71486259e-01
 -1.19533800e-02 -2.74404008e-02 -5.90208694e-02 -5.05918153e-02
 -2.87032127e-02  2.17226204e-02  5.64894341e-02  8.75539184e-02
 -1.53273344e-01 -3.66321318e-02 -7.75993168e-02 -4.47119363e-02
 -8.61652046e-02  6.32342622e-02 -4.51311395e-02 -2.80144773e-02
 -4.16128896e-02 -5.99094890e-02 -2.30185576e-02  9.29320753e-02
 -2.07783617e-02 -2.21144129e-02 -1.03865480e-02 -7.22512044e-03
  4.47059497e-02  2.56786635e-03 -9.83626097e-02  1.55478893e-02
  6.87495433e-03 -1.53796272e-02 -8.87819901e-02 -1.13926841e-08
 -2.50343382e-02  8.18752348e-02 -4.91762981e-02 -7.65722916e-02
 -2.25820076e-02 -2.61420999e-02  7.29299188e-02 -7.87517428e-03
  9.56837274e-03  1.25536397e-01  1.94188498e-03  5.95319904e-02
  6.06435090e-02  2.69608423e-02  1.69047937e-02 -9.17063933e-03
 -7.57773826e-03  2.45677419e-02 -3.47795561e-02  1.56051517e-02
 -1.08833332e-02 -9.97081748e-04  5.19077219e-02 -1.99038349e-02
  8.24322775e-02  1.82983633e-02  5.85720912e-02  7.01776221e-02
 -4.81246738e-03  8.82575512e-02 -4.68666665e-02  3.22569907e-02
  1.19485641e-02 -1.93779655e-02  8.43545794e-03 -4.02658992e-02
  9.21129882e-02  6.06781878e-02 -9.44696460e-03 -2.55777966e-02
 -5.49712516e-02 -5.59572577e-02  1.71361025e-02 -2.90856306e-02
  6.86820224e-02 -6.35887217e-03 -2.59620161e-03  1.87853985e-02
 -3.39024775e-02 -3.50202285e-02  2.90029217e-03 -2.78866291e-02
 -1.69136859e-02  6.99887276e-02  5.09667806e-02 -5.73030813e-03
  4.35035452e-02  4.98759001e-02 -4.84767789e-03  1.70469861e-02
  9.78919193e-02  3.03274835e-03  1.02999881e-01  2.02773698e-02]"
214,Health and Safety,Social,protection,2,0.5139,"[-9.75529402e-02  1.56477854e-01  1.42438402e-02  2.53251772e-02
  1.01619817e-01  1.07075833e-01  1.71323821e-01  3.52011323e-02
  1.17404119e-03  3.32761668e-02  7.32554197e-02  1.59114618e-02
  6.67962357e-02 -1.78143457e-02 -2.03703903e-02 -2.80623231e-02
  6.85456246e-02  9.99524537e-03 -1.50496706e-01 -2.54489668e-03
 -6.99724704e-02  9.61180124e-03 -1.15226638e-02  1.01639284e-02
 -1.08373038e-01  5.56497686e-02 -2.30137315e-02  4.16711234e-02
  6.64631277e-02 -1.01062350e-01 -1.48595497e-02 -8.15754384e-02
  3.99838202e-02  2.28628758e-02 -1.41384825e-01  2.37039523e-03
  3.89491469e-02 -4.48163822e-02 -3.81051330e-03 -7.60900155e-02
 -7.35605881e-02 -3.98315936e-02 -2.43446082e-02  1.14961071e-02
 -2.71595344e-02  5.03952950e-02  6.87524229e-02  1.14549100e-02
  5.64759821e-02 -3.85155715e-02  4.09916788e-02  4.82629500e-02
 -3.38844061e-02  3.08204349e-02  2.30098888e-02 -6.91522881e-02
 -4.16932367e-02 -1.02336630e-02 -4.16923948e-02  4.02657241e-02
  4.33359668e-02  7.81980716e-03 -4.09901850e-02  5.75435571e-02
  2.35738204e-04 -7.54737556e-02 -1.68993603e-02  4.85692509e-02
  3.66366841e-02  1.10973567e-01  9.83045320e-04  1.87999438e-02
 -1.12859830e-02 -1.10021718e-02  5.00197411e-02  5.16800256e-03
 -2.26830468e-02 -1.02626145e-01  5.51060028e-02 -4.35235873e-02
  5.95995337e-02 -1.30996108e-02  2.67457347e-02  3.62121686e-02
  4.53167455e-03  4.97368835e-02  6.76593482e-02 -7.13469833e-02
  3.68404784e-03  8.22397135e-03  2.29835361e-02 -4.19977494e-02
  6.98109493e-02  4.23528142e-02 -6.54232129e-02 -3.84042487e-02
 -3.56890820e-02 -4.36199680e-02 -8.33938420e-02  2.32245237e-01
  3.88980359e-02 -4.77823429e-02  7.35321315e-03  6.34828210e-03
 -3.59055325e-02 -6.68841526e-02  4.60599223e-03 -3.93613726e-02
 -1.71512850e-02  5.79311438e-02  2.85750218e-02  4.03763875e-02
 -6.31763265e-02  3.28203253e-02 -2.33539920e-02  2.35344353e-03
 -3.60849686e-02 -1.03586782e-02  7.71719664e-02  4.23207617e-04
  6.51405081e-02  4.74766421e-05  7.69844502e-02 -2.26118276e-03
 -3.66469361e-02 -8.43756869e-02 -6.15748111e-03 -5.56810919e-33
  4.62818108e-02 -5.57354465e-02 -2.93816049e-02 -2.54350100e-02
 -1.37773594e-02 -2.47831503e-03 -1.90730020e-02 -3.25455293e-02
 -4.64241393e-02  7.76896849e-02 -2.35843081e-02 -1.78220980e-02
  5.97692886e-03 -2.39431318e-02  1.01458564e-01  6.99766576e-02
 -5.22757471e-02  2.66252533e-02 -4.85456316e-03 -8.57422687e-03
 -3.48992571e-02 -4.14597318e-02  4.42505851e-02  7.98932984e-02
 -3.74856405e-02 -3.82454544e-02  2.05156524e-02 -5.76268844e-02
  2.91397162e-02  5.68608493e-02 -7.28124231e-02  8.18610713e-02
 -1.93952657e-02  3.44715156e-02  1.51519962e-02  1.26851335e-01
 -3.84150334e-02 -1.11783817e-01 -1.12720737e-02 -4.75306101e-02
 -5.03589958e-02 -2.03102753e-02  2.85625318e-03  1.74683915e-03
  4.83498275e-02 -1.86700877e-02 -7.13444427e-02 -3.54064517e-02
 -1.45099714e-01 -8.24787747e-03 -2.91242115e-02 -1.47567014e-03
 -3.82997207e-02 -2.83390954e-02 -8.45595896e-02  6.70963293e-03
 -6.24817051e-03  3.57822195e-04 -7.85233732e-03  2.89244093e-02
  1.39726708e-02  1.73409265e-02  6.76471181e-03 -1.27290199e-02
 -1.94441415e-02 -9.41591263e-02  5.29083386e-02 -8.53932798e-02
  1.85960773e-02 -2.52617374e-02 -1.11556150e-01 -3.71793844e-02
  5.05852439e-02 -8.50654207e-03 -7.56995976e-02 -1.25353076e-02
  4.45462577e-02  3.86879854e-02  2.53185686e-02 -5.03223687e-02
 -7.17052370e-02 -3.05082500e-02 -2.39463130e-04  4.95388433e-02
  1.99100561e-03  9.92970262e-03  2.61418261e-02 -3.45888883e-02
 -2.89262161e-02 -2.76477053e-03  2.63550039e-03 -3.95821482e-02
  5.79474382e-02  3.19636241e-02 -8.21816921e-03  4.32435021e-33
 -2.74416488e-02 -2.87179369e-02 -1.03759253e-03  4.28488068e-02
 -8.39125365e-02 -3.29249650e-02 -1.65685359e-02  8.33088532e-04
 -6.56862259e-02 -8.88240233e-04 -5.13233021e-02  7.98711181e-03
  7.67386928e-02  8.01767223e-03  3.82082127e-02 -4.71763238e-02
  2.15194300e-02 -9.19072423e-03  2.24721548e-03 -4.60266098e-02
 -5.84363611e-03  2.50140745e-02  8.39880109e-03  6.02954999e-02
 -6.21677525e-02  1.59140828e-03 -5.70946522e-02  1.00049016e-03
  5.81598580e-02  4.06345651e-02  4.35462072e-02 -2.55507920e-02
 -6.58552274e-02  4.48007882e-02 -7.42596686e-02  2.96098553e-02
  1.24393955e-01  5.05404361e-02 -4.05138470e-02 -4.74522859e-02
  4.24911343e-02  3.84298600e-02 -7.44897407e-04  4.07418273e-02
 -1.65154915e-02  2.64249537e-02  5.65503500e-02  1.72665659e-02
  3.64267714e-02  4.20385273e-03  2.55596209e-02 -2.53848210e-02
  3.43178250e-02 -1.34424986e-02 -3.00269574e-02 -4.93679941e-02
  4.37569246e-02 -7.81108905e-03 -2.07664240e-02  2.98465583e-02
  9.73835215e-03  7.20250830e-02 -2.88373157e-02  5.06618954e-02
 -2.86156461e-02  3.59688587e-02 -6.11557104e-02  5.03251664e-02
  5.48707359e-02 -1.47280684e-02  1.68809444e-02  7.17316801e-03
 -1.98011808e-02 -2.29562894e-02 -7.97173157e-02 -5.53993881e-02
 -8.17014277e-02 -4.82720882e-02 -6.35539144e-02  7.51181021e-02
 -4.46075723e-02 -1.04658283e-01 -7.38807917e-02  1.92144364e-02
  4.69929092e-02 -5.44243716e-02  8.16074535e-02 -3.20319533e-02
  1.88520029e-02 -3.21195312e-02 -5.00181615e-02  5.96998036e-02
 -1.46394461e-01  2.58651804e-02 -4.89755645e-02 -1.25496342e-08
  3.70997526e-02  2.38879323e-02 -3.09917587e-03 -6.03107847e-02
  2.97401492e-02  2.88320892e-02 -2.81070415e-02 -6.51013330e-02
  2.13800017e-02  3.69487703e-02  8.61813799e-02 -3.79975960e-02
  5.61647303e-02  1.73463486e-02  1.95339806e-02  4.58175316e-02
 -4.12321202e-02  4.06814702e-02 -6.33819699e-02  2.92685665e-02
  2.47978680e-02 -5.99685730e-03 -8.43694061e-03  4.99140583e-02
  5.75636933e-03  2.89190933e-02  5.86142726e-02 -9.91047639e-03
  1.61118098e-02  7.78239071e-02 -2.92922650e-02  2.14850120e-02
  1.74363628e-02  1.94802675e-02  8.91769025e-03  7.38227442e-02
  4.32818495e-02 -9.05689783e-03  5.25567196e-02  2.98445038e-02
 -1.21937906e-02 -3.84782292e-02  1.11477613e-01  3.18454914e-02
 -4.14055889e-04 -1.06408086e-03  8.25463049e-03 -2.34711654e-02
 -1.93597768e-02  6.47378340e-02  8.36710387e-04  2.76345834e-02
  4.20883596e-02  1.37311861e-01 -1.28830066e-02  8.96464102e-03
  5.92996627e-02 -6.53807539e-03  5.19588217e-02  5.13749532e-02
  1.56871714e-02 -4.91175205e-02  1.07738964e-01  4.61376421e-02]"
215,Health and Safety,Social,risk,4,0.5101,"[-6.69159112e-04  7.49283433e-02 -6.35853857e-02  2.86411401e-02
  7.55341351e-02  8.00967291e-02  1.19539931e-01  7.10849017e-02
  1.88079868e-02  2.57967580e-02  3.91368456e-02 -6.60719536e-03
  5.93567379e-02  1.89637952e-03 -5.21393679e-02 -4.34090458e-02
 -3.39976400e-02 -2.79848147e-02 -1.11524135e-01  6.56397194e-02
 -1.91511419e-02 -2.75303535e-02 -1.19463103e-02  1.11290989e-02
 -1.41612336e-03  1.61985960e-02  8.96383356e-03  9.15343463e-02
  2.25999057e-02 -8.95883739e-02  8.61687493e-03  3.41045856e-02
  6.02771118e-02 -5.78434207e-02 -7.04240203e-02  4.54232953e-02
 -2.60656383e-02 -8.12439341e-03  5.65467030e-02 -2.26097144e-02
 -8.28685705e-03 -5.73073216e-02  1.77354291e-02  4.06302586e-02
 -7.70167485e-02 -5.08961193e-02  5.08071855e-03 -8.38921070e-02
  4.97697517e-02 -1.54266357e-02 -6.94260513e-03 -5.01648821e-02
 -3.15173268e-02 -7.81013072e-02  1.88134834e-02 -8.24415088e-02
 -7.12411478e-02 -5.28994985e-02 -4.77348007e-02 -2.33162474e-02
  8.69855359e-02 -5.64830676e-02 -4.78720702e-02  1.69757158e-02
  5.41796423e-02 -4.24308963e-02  1.61360402e-03  6.77984729e-02
 -1.81098692e-02  2.88412143e-02  4.06257845e-02 -5.09167649e-02
 -9.96935740e-02 -1.86857935e-02  6.70203418e-02  1.06530096e-02
  4.20766063e-02 -6.12191483e-02  2.59672254e-02 -1.21517833e-02
  2.85296738e-02 -1.72209275e-05  6.05425127e-02  3.31112044e-03
  1.09436223e-02  3.64514552e-02  3.02060898e-02 -4.84239161e-02
  3.69031839e-02  6.84373314e-03 -2.53389422e-02 -1.09263472e-01
  7.78626204e-02  7.00408593e-02 -3.15561481e-02  4.20142487e-02
 -9.52097997e-02 -8.74507204e-02 -6.67511150e-02  2.05061719e-01
 -2.02915110e-02  7.58301374e-03 -5.65414801e-02  6.51195571e-02
 -3.95880938e-02 -7.27591813e-02 -4.59421426e-02 -5.39680272e-02
  6.72891270e-03  3.12453024e-02  2.40405686e-02  5.09932600e-02
  1.03436587e-02  3.65303010e-02 -1.56931039e-02  3.53811607e-02
 -7.05893412e-02 -4.02889661e-02 -2.20333971e-02  2.31640898e-02
  1.61083844e-02  2.35444936e-03  3.16962227e-02  9.96912457e-03
 -1.11287437e-01 -9.14669558e-02  1.69451237e-02 -5.14808228e-33
  5.22712916e-02 -9.10168365e-02  1.40096189e-03 -3.62800620e-03
  1.98452994e-02  1.34152425e-02 -3.59657686e-03 -3.08365878e-02
 -3.99379656e-02 -4.23774449e-03  3.73341292e-02 -2.67838705e-02
 -1.37974666e-02 -5.63407578e-02  6.84606582e-02  3.83455567e-02
 -4.21713330e-02  4.65083905e-02  9.87137482e-03 -4.99813370e-02
 -2.10347641e-02 -4.33896743e-02  3.96505445e-02  1.14845764e-02
 -1.32758021e-02 -3.84527743e-02 -5.18272119e-03 -7.21317232e-02
  7.12414384e-02  2.80131772e-02 -3.92376445e-02  9.27617699e-02
 -2.96989419e-02 -1.11352056e-01  1.41629530e-03  8.52064416e-02
 -8.93301219e-02 -2.47071795e-02 -2.63814740e-02 -3.66398282e-02
 -1.65736619e-02  2.56821085e-02  2.94609257e-04  8.62820446e-02
  6.35427758e-02  8.87608901e-03  2.98318900e-02 -2.79614776e-02
 -1.53525397e-01 -2.32956372e-02 -9.53010544e-02 -3.40209268e-02
 -5.26286401e-02  3.24275754e-02 -1.61466133e-02  6.87489379e-03
  2.73551419e-02  1.68418977e-02 -8.29331949e-02 -3.30454744e-02
  8.69207270e-03  3.53472717e-02 -1.77798979e-02  3.12806070e-02
 -2.05328632e-02  1.16169890e-02  6.56582192e-02 -5.75649254e-02
 -6.85978588e-03  2.47778706e-02 -7.12562427e-02 -3.74374688e-02
  7.32290884e-03 -5.50144650e-02 -3.30883674e-02  1.81657933e-02
 -6.95581036e-03  4.97915596e-03  6.65735155e-02 -1.25059048e-02
 -5.64107634e-02  6.65947935e-03  2.33021714e-02  5.64617217e-02
  1.54706277e-02  5.63210584e-02  3.65019552e-02 -5.59641533e-02
 -6.27924204e-02  8.36116597e-02  1.14248293e-02 -2.49427054e-02
  1.38797104e-01  3.75851467e-02 -2.82509699e-02  3.46523576e-33
 -1.40140459e-01  2.56277900e-02 -4.78905290e-02  3.80821042e-02
  2.09476072e-02 -5.54537661e-02  2.64286902e-02 -3.55637483e-02
  3.53733040e-02  5.41824847e-02 -1.18042551e-01  3.98915559e-02
  7.60780126e-02  1.75692700e-02  2.79510096e-02 -5.72733954e-03
  3.59962992e-02  1.87936332e-02 -4.80088517e-02 -7.84636959e-02
  4.75085489e-02 -2.19401885e-02 -3.23207565e-02  7.05730915e-02
 -4.68214452e-02  3.07796225e-02 -2.22584531e-02 -2.40626577e-02
 -6.29908815e-02  4.56154958e-04 -1.00239748e-02  7.61652887e-02
  3.49135622e-02  1.00330956e-01 -4.15293016e-02  7.50113875e-02
  5.38981371e-02 -6.66484833e-02 -8.46138503e-03  3.32161337e-02
  5.40646166e-02  2.44262908e-02  2.49151327e-02 -4.77175526e-02
 -2.37365551e-02  2.95521747e-02  1.14404880e-01  7.59017700e-03
  8.65725353e-02  4.28376608e-02  1.45031521e-02  4.25085388e-02
 -2.47412529e-02  3.07834335e-02 -5.08771911e-02 -5.08587845e-02
 -2.57193092e-02 -2.80262884e-02  3.93142477e-02  1.18573949e-01
  4.48672043e-04  1.14056572e-01 -2.72313207e-02  9.68011990e-02
 -5.17789200e-02  6.73337579e-02 -1.14177510e-01 -3.48937176e-02
  5.44633530e-02 -2.69647986e-02  7.05680177e-02  2.04557460e-02
 -2.93839667e-02 -2.77099032e-02 -6.93803206e-02 -7.55812153e-02
 -2.99294908e-02  4.58913930e-02 -1.90931987e-02 -2.49438807e-02
 -2.43047737e-02 -2.27106456e-02  1.73293892e-02 -1.00286103e-04
  2.44453941e-02  5.32404557e-02  4.00113128e-02 -2.49447338e-02
 -2.03396399e-02 -2.04067044e-02 -5.66217601e-02  4.95426469e-02
 -5.62655227e-03  2.09291540e-02 -3.77801768e-02 -1.21028192e-08
  5.36342897e-02 -9.56929196e-03  9.78784412e-02 -2.74206679e-02
  7.40651414e-02  6.94729481e-03 -4.89192978e-02  1.33919446e-02
 -7.86264194e-04  9.06453952e-02  5.95679693e-02  5.01920246e-02
  3.33644599e-02  2.67787874e-02 -3.10404096e-02  5.39087541e-02
 -6.61045015e-02  5.84662594e-02 -3.91367339e-02  6.15831167e-02
  8.53827074e-02  1.30953721e-03  3.04226036e-04 -1.17634162e-02
  1.34499453e-03 -2.26438679e-02  4.91409078e-02  1.04882747e-01
  7.07349926e-03  6.65272549e-02 -1.24952560e-02  4.81558498e-03
  1.47804376e-02  5.70442602e-02 -4.83548343e-02 -2.74622813e-02
  6.23126142e-02 -3.61787155e-02  4.87702228e-02  3.24875973e-02
  5.62438779e-02 -3.64557505e-02  8.07875693e-02  2.36606393e-02
 -5.26452698e-02 -2.04470172e-03 -6.19666949e-02 -1.29268477e-02
  8.58703703e-02 -1.69610027e-02 -5.68632148e-02 -1.57066714e-02
  1.70014743e-02  1.00697204e-01  4.98373955e-02 -2.03804504e-02
 -1.35350646e-02  3.05410530e-02 -1.89258624e-02  3.40573564e-02
  1.92059446e-02 -7.45701790e-02  2.41847914e-02 -1.48231620e-02]"
216,Health and Safety,Social,regulations,3,0.4638,"[-1.37668671e-02  3.70057784e-02 -3.92516181e-02 -4.90847789e-02
  4.17462252e-02  1.28681203e-02  3.90330218e-02 -1.86224841e-02
 -5.24892136e-02  7.08536524e-03  1.53295537e-02 -4.81803296e-03
 -3.43931317e-02  4.67960313e-02 -5.92295267e-03 -6.21640272e-02
  1.85948610e-02 -7.20228814e-03 -1.45375326e-01 -1.88604761e-02
  1.03472896e-01  1.91468075e-02 -2.15231031e-02  3.67338657e-02
 -9.95701626e-02  1.30569860e-02 -6.88975453e-02  1.04146916e-02
  6.95328265e-02 -6.60075471e-02  1.50289917e-02  6.00591674e-03
  8.55793804e-02 -3.34286466e-02  1.71415071e-04  1.87141337e-02
  4.55356911e-02 -6.84814081e-02  2.10846253e-02  9.24973190e-03
 -5.21839084e-03 -8.36805180e-02 -6.14777394e-02  2.11169980e-02
  4.07508798e-02  7.51563907e-02  4.44236360e-02 -5.12170643e-02
 -6.18753247e-02  1.75920930e-02  1.72735602e-02  3.93362716e-02
 -4.06089751e-03  4.35222536e-02  5.66044450e-02 -1.08053558e-01
 -2.12592948e-02 -4.88876961e-02  1.60805266e-02 -2.59067230e-02
  7.63867274e-02 -6.85846135e-02 -1.24297678e-01  3.41318659e-02
  2.32213270e-02 -4.21854062e-03 -9.93506089e-02  2.20775306e-02
  2.19063535e-02 -3.98914889e-02 -6.49698302e-02 -2.75329463e-02
 -1.97125804e-02  8.79896656e-02  3.59157380e-03 -3.16008329e-02
 -1.36949280e-02  5.69366068e-02  7.45645016e-02 -1.01927474e-01
 -3.10177263e-02 -5.86653389e-02  4.30900156e-02  2.07847380e-03
  2.68729795e-02  1.42862396e-02  1.32490732e-02  2.10293923e-02
  3.18287946e-02  5.53985499e-02  2.67640892e-02 -5.34496456e-02
  9.79918316e-02 -1.28577114e-04 -1.07902840e-01 -2.52809059e-02
 -3.01062539e-02 -6.41083643e-02  5.04950434e-02  2.14423388e-01
  1.22493424e-03  2.80552059e-02 -1.18816167e-01  3.97746749e-02
 -4.47193682e-02 -1.54403076e-02  2.69507430e-03  1.59833580e-02
  2.29751896e-02  6.71353415e-02 -1.16528803e-02  8.11482817e-02
  2.25398000e-02 -4.25110422e-02  3.93600650e-02  2.87107527e-02
 -2.02258825e-02  1.92864775e-03  8.37952122e-02  8.00472312e-03
 -3.71954441e-02  6.25904500e-02  1.71636064e-02 -4.78117019e-02
  8.92940462e-02 -8.86320695e-02 -1.29342690e-01 -6.59652165e-33
 -2.32906565e-02 -2.20373161e-02 -4.98837419e-02  5.57699949e-02
  2.77873565e-04 -3.02144384e-04 -5.51686510e-02  9.40711051e-03
 -3.74597982e-02  1.09391645e-01  4.73989733e-02  9.50816646e-03
 -2.35500261e-02 -3.39884423e-02  1.17307082e-01  1.31861093e-02
 -6.42506965e-03  3.48379128e-02  4.29442376e-02  4.47196104e-02
  3.85596976e-03 -9.78023782e-02 -2.25377232e-02  3.24582346e-02
  9.21743363e-03  1.41920242e-02 -2.51496620e-02 -3.80565636e-02
  9.94181260e-02  4.67762612e-02  1.90088358e-02 -1.40967760e-02
  1.11824811e-01 -2.36215983e-02  3.12528573e-02 -1.30262715e-03
 -7.06344619e-02 -2.76867347e-03  1.46587016e-02 -3.84912677e-02
 -3.54910307e-02 -4.10927758e-02 -4.00558598e-02  2.71329489e-02
 -1.13605559e-02  6.17034473e-02  4.60972115e-02 -4.09827456e-02
 -2.38103792e-03  5.01079150e-02 -2.73914658e-03  3.03538330e-02
 -4.53151092e-02 -7.76246861e-02  9.48501471e-03 -4.89678904e-02
 -4.48784232e-02 -1.16035408e-04 -5.07519320e-02  2.66992487e-02
  4.28849272e-02  1.35240376e-01 -4.65338305e-02  6.28709793e-02
  6.30346267e-03 -4.67980169e-02 -2.95293378e-03  1.49808172e-02
  4.58720736e-02 -9.24098343e-02 -7.71273375e-02  2.34914608e-02
 -2.09354907e-02  3.47978435e-02 -3.93678434e-02 -3.49563062e-02
  2.52835304e-02  4.88097407e-02 -3.04461867e-02 -8.48256573e-02
 -5.85305281e-02  6.33657053e-02  3.67594324e-02  3.80717739e-02
 -1.81475170e-02 -1.86278466e-02  5.19577153e-02  2.61086263e-02
 -4.19579782e-02  1.28766224e-02 -6.73416704e-02 -5.95281683e-02
  7.13852234e-03  2.66792346e-02  3.30789611e-02  3.25968734e-33
 -9.50840581e-03  1.69723516e-03 -2.03783941e-02 -1.68475639e-02
  1.88355111e-02  1.54306795e-02 -4.22555730e-02 -3.53428721e-02
  8.65919366e-02  3.23318355e-02 -3.50002907e-02 -5.38099296e-02
  7.09019527e-02  1.06314262e-02 -2.91092116e-02 -6.51591122e-02
 -4.05799709e-02 -1.46838995e-02 -5.69133088e-02 -4.48677968e-03
 -5.62290382e-03 -6.81484118e-03  2.17231847e-02  3.63922939e-02
 -9.97530594e-02  1.16663342e-02 -1.08237632e-01 -1.26417307e-02
  2.19919533e-02 -1.84578355e-02 -6.84502274e-02 -2.19693016e-02
 -5.31784780e-02  7.76213631e-02 -7.52510428e-02 -7.84793943e-02
  1.53468512e-02 -2.60347296e-02 -2.23762193e-03 -3.90340500e-02
  8.35431665e-02  3.11537087e-02  4.08860222e-02  1.02207854e-01
 -2.67961528e-02  2.47331080e-03  5.95446490e-02 -4.75645326e-02
  5.33303954e-02 -3.80123630e-02 -1.96812972e-02 -3.08712497e-02
  5.84613532e-02 -4.58176360e-02 -2.14288831e-02  3.63756977e-02
  3.17301862e-02 -4.01691422e-02  1.63095016e-02  2.50447039e-02
  5.94753586e-02  8.72161314e-02 -8.97427574e-02  1.01574861e-01
  7.23135006e-03 -8.14427622e-03 -4.23010439e-02  3.54279764e-02
  8.08221176e-02 -4.80013108e-03 -4.80468245e-03 -3.45807374e-02
 -1.29605353e-01  3.79536487e-02 -2.17703115e-02 -3.59764434e-02
 -7.26216938e-03 -4.69438918e-02 -6.83075041e-02  3.92786562e-02
 -6.96852431e-02  4.00418416e-03 -5.70693910e-02  8.77165049e-02
  7.22192600e-02 -3.41528608e-03  5.91815487e-02 -8.08501244e-02
  1.37558952e-02  2.32670028e-02 -2.70232242e-02  4.86638360e-02
 -3.02216094e-02  4.83644344e-02 -6.09035082e-02 -1.30114222e-08
 -2.78314445e-02 -4.45132144e-02 -2.12802291e-02  1.96217559e-02
 -5.16965240e-02  1.05997436e-02 -1.04612792e-02 -1.35486685e-02
  3.29010142e-03  8.33059475e-02  1.29773216e-02  4.97439764e-02
  8.11272953e-03  3.14493082e-03  5.18515799e-03 -2.36006379e-02
  1.06524704e-02  6.77156895e-02 -4.64488156e-02  9.47631821e-02
 -3.70842381e-03 -1.74680408e-02  2.82405484e-02  2.74669398e-02
 -5.88039821e-03 -3.45301479e-02  5.60135394e-02  5.89562543e-02
  4.29850742e-02  1.31039634e-01  4.17617820e-02  1.16657861e-01
  2.69968100e-02 -2.22496223e-02 -1.01828940e-01 -8.39024335e-02
 -2.89107785e-02 -1.40308654e-02  4.61165272e-02 -3.25600430e-02
 -7.62976110e-02 -2.21224036e-02  5.86931296e-02  4.91644032e-02
  3.97027545e-02  4.17550616e-02 -3.36247571e-02 -7.36592384e-03
  3.84225398e-02 -1.52405920e-02 -1.12363445e-02 -2.36193947e-02
  9.14809182e-02  2.91752927e-02  3.49343345e-02  2.29694117e-02
  9.39190562e-04 -2.78747845e-02 -5.84949180e-02 -1.48911458e-02
  5.22434115e-02  9.19959247e-02  9.12347287e-02 -3.99964899e-02]"
217,Health and Safety,Social,medical,2,0.4608,"[-6.21454325e-03  6.38702065e-02  2.87156412e-03  2.88592614e-02
 -7.13092312e-02 -2.54122876e-02  1.12864695e-01  1.26642048e-01
  5.71475876e-03  3.08157504e-03 -6.84368983e-02  1.90031901e-02
 -4.89114001e-02  2.46144668e-03 -9.92990062e-02 -9.26958323e-02
 -4.61870357e-02 -4.87984642e-02 -3.64022106e-02  2.49665398e-02
 -7.88234323e-02  1.17776096e-01  5.03609050e-03  4.26639356e-02
 -4.04549316e-02  3.79492901e-02 -2.76958495e-02 -5.81676140e-02
  2.04833597e-02 -5.66992015e-02  3.82475816e-02  2.22091600e-02
  9.87155661e-02 -6.84263371e-03 -1.31111722e-02 -3.21089104e-03
  1.68893050e-04  8.72316863e-03 -9.61408298e-03  6.87857866e-02
 -1.50961503e-02 -5.41682988e-02  2.27839407e-03  1.25826756e-02
  2.77167503e-02  1.72939766e-02  8.14332161e-03  3.55002703e-03
  5.97102009e-02  5.39185740e-02 -7.85245597e-02 -7.78898690e-03
 -6.46227077e-02  8.05453062e-02  4.27727625e-02 -6.20202906e-02
 -2.45368201e-02 -6.02689758e-02 -1.15704142e-01 -3.45119946e-02
 -5.59735298e-03  4.61571030e-02  2.40359195e-02  5.31065427e-02
  3.41981351e-02 -2.00385805e-02 -8.73756409e-03 -3.09848469e-02
  3.10111623e-02 -1.90264862e-02  3.65482271e-02 -8.79008546e-02
  9.67269484e-03  1.13899529e-01  7.41391405e-02  9.31220967e-03
  3.76198739e-02 -4.05164175e-02  6.10606484e-02 -3.53288986e-02
  7.85677657e-02 -4.15360965e-02 -8.86506066e-02  1.78410448e-02
 -3.67599018e-02  8.03532824e-03  7.27239717e-03  4.14747261e-02
 -7.48833567e-02 -3.58211137e-02 -3.39470105e-03 -8.03488418e-02
  3.09472941e-02 -8.48453771e-03 -9.90754552e-03  2.91170999e-02
 -7.50540476e-03 -8.12299103e-02 -3.97865064e-02  1.69945657e-01
  1.19365258e-02  2.84580532e-02  1.06379027e-02  7.95125142e-02
 -5.63671766e-03 -4.44930792e-02  6.71828957e-03 -3.02936751e-02
  1.91008858e-02 -3.61690484e-02 -1.81651041e-02  4.53694314e-02
 -1.57240294e-02  1.03000477e-02 -3.69153991e-02  1.07885592e-01
  8.93308595e-03 -7.47113442e-03  4.07404378e-02  6.23418018e-02
 -2.82603912e-02 -2.41460092e-02 -7.57328719e-02 -6.41977265e-02
 -1.67022217e-02 -8.99335667e-02  5.26322424e-03 -6.39153600e-33
 -3.32362801e-02 -7.98491240e-02  8.97303000e-02  7.92630389e-03
 -1.06841214e-02  5.39999828e-02  1.99527573e-02 -6.18701242e-02
  3.98045033e-02 -2.21443605e-02 -1.88360680e-02  2.01820079e-02
  3.17762629e-03  3.05550266e-02  1.33411484e-02  1.63041037e-02
 -8.06819871e-02  6.25618622e-02 -4.51932326e-02  3.34709920e-02
 -4.62006172e-03  5.31698577e-02 -7.55876526e-02  5.65053262e-02
 -4.43972424e-02  3.70206982e-02 -6.51067495e-02 -9.00646821e-02
  1.18281327e-01 -1.11019947e-02 -2.89502554e-02  9.57562923e-02
 -1.80981588e-02 -8.16409290e-02 -3.57137471e-02  2.51982678e-02
 -4.69091348e-02 -2.97978763e-02  2.60065496e-02  2.44670757e-03
 -3.77724245e-02  4.80210828e-03  8.56517907e-03  4.02440280e-02
  6.26134053e-02  5.12505509e-02 -4.05847803e-02 -2.72977576e-02
 -9.59823355e-02 -3.09125520e-02 -1.64586268e-02 -1.97400488e-02
  3.19426358e-02 -7.31447190e-02  6.23499304e-02 -1.15198120e-02
  2.98929010e-02  8.86611920e-03 -4.46134247e-02  3.12276334e-02
  1.12800762e-01  8.17693546e-02 -2.43115108e-02  5.82576729e-02
 -1.99377835e-02 -7.12556541e-02  1.21204890e-02 -7.69456476e-02
  5.53109273e-02 -7.03227986e-03 -7.93007314e-02  5.28077967e-02
  2.30636019e-02  2.97775138e-02 -6.67828992e-02  1.97135992e-02
  1.55493766e-02 -2.54105050e-02 -5.06063178e-02 -3.18509564e-02
 -2.09216252e-02  1.84600763e-02 -3.18982685e-03  8.54972377e-02
  8.35241973e-02  1.53882243e-03 -5.40304892e-02 -8.34243745e-03
 -2.81483680e-02 -6.25737198e-03 -1.41626030e-01  2.26013456e-02
  2.24663839e-02  6.99742809e-02 -2.87960153e-02  3.58422297e-33
 -1.82716250e-02 -2.32281704e-02 -5.34452274e-02  8.54628310e-02
  9.85683128e-02 -1.15873208e-02  3.79460528e-02  2.06795032e-03
  2.06154808e-02  9.19316560e-02  2.54980288e-02 -6.49507716e-02
  6.60410943e-03  2.97567854e-03 -2.93862466e-02  2.65260716e-03
 -8.16638116e-03 -8.90076254e-03 -4.33348194e-02  8.06797892e-02
 -3.39984298e-02  8.33437592e-02 -2.30663531e-02 -6.20080438e-03
 -1.95577405e-02  7.35866353e-02  7.09456508e-04  5.44580119e-03
 -4.15344499e-02 -4.93013524e-02 -3.42421457e-02  3.59621048e-02
 -1.87066942e-02 -6.12623245e-02  1.19720679e-03  7.42007270e-02
 -1.92424504e-03  4.62773070e-03 -3.07133328e-02 -1.93348899e-02
  1.33792490e-01 -3.40283401e-02  4.98261936e-02  1.14362426e-01
  2.52896883e-02 -3.39146815e-02 -7.78463930e-02  3.20863761e-02
  2.33268775e-02  1.44419304e-04 -5.87377809e-02 -2.26885080e-02
 -1.26683377e-02  2.02618390e-02 -1.37886712e-02 -3.20059620e-02
 -1.25283271e-01 -7.91150928e-02 -5.19869886e-02 -8.94927047e-03
  6.87672943e-02 -8.68122093e-03 -6.93385750e-02  4.90846857e-02
 -1.00546971e-01  3.56367379e-02  6.43658116e-02 -6.60427986e-03
 -4.82707545e-02  7.14974478e-03  9.45763662e-02  4.00599167e-02
 -4.22955677e-02  6.52679279e-02  3.41313072e-02 -1.67816002e-02
 -4.91188318e-02 -3.30253667e-03  7.04006583e-04 -4.39155512e-02
 -1.64497457e-02 -1.13920502e-01 -6.77250372e-03  9.81959626e-02
 -8.05692375e-02 -1.24732768e-02  5.17766736e-02 -1.15098692e-02
 -4.71720137e-02 -5.93918301e-02 -4.80977772e-03  1.89454891e-02
 -5.51830232e-02 -8.22814368e-03  1.68566518e-02 -1.29819808e-08
  8.34629592e-03 -2.84557343e-02 -8.06732196e-03 -6.02505505e-02
  8.30179430e-04 -5.58937006e-02 -7.44065195e-02  5.78930900e-02
  2.66289413e-02  4.10402864e-02 -7.10054263e-02  4.40897048e-02
  4.54304442e-02  7.27423094e-03  7.36848563e-02 -1.12617156e-02
 -2.35205814e-02  5.59056327e-02 -1.85736343e-02 -4.70718220e-02
 -5.43197151e-03 -2.80221961e-02  5.55629842e-02  4.79273088e-02
 -2.07157154e-02 -1.11515531e-02  6.66873530e-02  3.06803696e-02
 -2.31520738e-03  3.42610665e-02  2.42713857e-02  4.79334891e-02
  2.46534385e-02 -4.64607868e-03 -4.71506501e-03 -9.24701244e-02
  6.48179725e-02 -8.97080973e-02  2.98895384e-03 -4.25444059e-02
  2.64944918e-02  4.19449992e-02  6.81459233e-02 -1.07498718e-02
  1.73133332e-02 -8.04779157e-02  6.47066161e-02  2.69723870e-02
  4.08798642e-02 -9.17003900e-02  2.65208166e-02  1.42166857e-02
  4.14849706e-02 -3.10428850e-02 -1.90383103e-02  7.48415217e-02
  2.82956082e-02  2.62554754e-02 -1.12390131e-01  2.69580185e-02
  1.47969767e-01  1.95667683e-03  6.90466389e-02  6.78179041e-02]"
218,Health and Safety,Social,emergency,2,0.4432,"[ 3.57849873e-03  4.20975946e-02 -7.78416079e-03  5.96979260e-02
  7.39168078e-02  7.80264940e-03  5.47212623e-02  5.85106239e-02
  4.87070233e-02 -3.23902979e-03 -4.13572527e-02 -3.57562192e-02
 -3.07043325e-02  1.55163798e-02 -2.32174974e-02 -2.76399646e-02
  1.80053320e-02 -1.78743266e-02 -1.04254387e-01  6.74282014e-03
 -1.35307591e-02  4.12926711e-02 -2.59601306e-02 -1.16058597e-02
 -4.18241434e-02  2.45889090e-02  9.46560502e-03  4.45152000e-02
 -6.17430098e-02 -9.28823650e-02  3.23404185e-02 -3.20325606e-02
  7.61179104e-02 -2.76847035e-02  6.07117685e-03  6.44994155e-02
  7.42617473e-02  7.31280074e-02  2.28080414e-02 -3.37809213e-02
 -3.30627821e-02 -7.80799240e-02 -3.62604944e-04  1.92079712e-02
  4.17238474e-02  9.24842432e-03 -5.91920968e-03 -4.08724174e-02
  9.78265703e-02  6.11251174e-03  9.76310819e-02 -1.57349911e-02
 -3.64303514e-02 -1.82143226e-02  1.58250183e-02 -3.79685648e-02
 -4.25150357e-02 -2.19115149e-02  2.61821458e-03 -4.73743398e-03
  1.81112234e-02 -2.47721598e-02  9.20546521e-03  1.64185986e-02
 -2.04037167e-02 -3.29768471e-02  2.05472186e-02 -8.54456797e-03
  4.52083424e-02 -4.38812040e-02 -2.05308478e-02 -3.88592295e-02
  8.14894773e-03  2.38341857e-02  3.17669138e-02 -1.26791168e-02
  9.58125889e-02 -4.41912413e-02  6.80976212e-02  5.85474633e-02
 -2.30999943e-02 -5.82572557e-02 -1.75201539e-02 -1.29092427e-03
  4.10088189e-02  4.36740071e-02 -5.42705832e-03  1.03180125e-01
 -2.12888755e-02  4.72407304e-02 -5.69660552e-02 -3.68610844e-02
  1.08776256e-01  4.33379449e-02 -3.35431611e-03 -4.20983993e-02
  1.25949001e-02 -1.19469449e-01 -1.36013821e-01  2.45515913e-01
  3.17705795e-02  1.96245555e-02 -2.41393712e-03 -6.40065223e-03
  1.66570619e-02 -6.58144578e-02 -6.06598519e-02  7.62241706e-03
 -2.65175337e-03 -1.21032307e-02 -1.01192975e-02  2.19609123e-02
  7.40495175e-02 -4.64699939e-02 -1.33705474e-02 -1.22669004e-02
 -5.73243424e-02 -1.06349653e-02  2.00700164e-02  9.57799330e-02
 -3.68064530e-02  1.56613700e-02 -6.72401562e-02  2.74600070e-02
 -1.32315271e-02 -8.58642533e-02  5.34172170e-02 -5.63257991e-33
  8.23116973e-02 -1.61558799e-02  1.50148114e-02  4.35339659e-02
  9.64306947e-03  5.42221926e-02 -5.43005615e-02 -7.00185671e-02
  2.76213661e-02 -6.58905739e-03 -3.21378335e-02  3.48226279e-02
  2.90428419e-02  3.47073898e-02 -1.19445724e-02  5.26136383e-02
 -2.41687596e-02  7.29456618e-02 -7.55943879e-02 -6.20339997e-02
 -6.76997826e-02 -1.23017551e-02  1.53001328e-03  6.67376518e-02
  2.00472847e-02  2.12505497e-02 -5.40407782e-04 -3.89472172e-02
  1.01880252e-01  8.72080494e-03 -4.37435769e-02  1.23923421e-02
 -3.50036495e-03  2.03638454e-03 -4.47953492e-02 -1.78628322e-02
 -2.06504613e-02 -8.12531728e-03 -1.36652915e-02 -7.49924555e-02
 -6.10424718e-03  3.77149433e-02  2.37939181e-03  7.69122392e-02
  3.57595719e-02 -5.55370152e-02  2.03484632e-02  9.92481317e-03
  2.81161107e-02 -5.63620031e-03 -7.91396052e-02  6.74826372e-03
 -7.84691423e-02 -2.17062458e-02 -8.68749917e-02  2.35141832e-02
  6.70907125e-02  8.05285852e-03  5.02501205e-02 -2.21121144e-02
  1.12202808e-01  1.25271052e-01 -2.23946571e-02 -4.21811920e-03
  8.35628286e-02 -5.41902371e-02  1.87769774e-02 -6.32292330e-02
  3.37197334e-02 -5.06870309e-03 -2.14776378e-02 -2.91695744e-02
  1.18175738e-01  3.38115692e-02 -5.52620590e-02  6.58265408e-03
  9.21811629e-03 -2.07723528e-02 -3.34521532e-02 -2.52837054e-02
  2.32965369e-02 -1.60880648e-02  4.54917438e-02  1.26715764e-01
  3.77273671e-02 -7.51893735e-03 -1.04693010e-01  5.53734694e-03
 -8.75364095e-02  7.02255517e-02 -1.04822740e-01  1.34799280e-03
  5.18085212e-02  1.07868472e-02  2.60741469e-02  4.36120784e-33
  4.11178656e-02 -4.40439396e-02 -5.68923168e-02  4.50806580e-02
  3.72791663e-02 -3.34353633e-02  5.96404122e-03  3.24507430e-02
 -3.34233083e-02  9.28134844e-02 -1.42470434e-01 -6.80321008e-02
  7.94753209e-02  1.33218868e-02  5.48808873e-02  1.18435388e-02
  2.88570207e-02  3.20551693e-02 -4.48174849e-02  6.98632598e-02
 -7.58637581e-03 -5.83185665e-02  3.12614404e-02 -2.77295187e-02
 -2.18827575e-02  7.97911659e-02  1.49755282e-02  8.01450573e-03
 -1.48184091e-01 -4.31119688e-02  4.06738138e-03 -6.20036982e-02
 -6.55442290e-03  6.05876818e-02 -5.56812249e-02  1.06887460e-01
  4.04395051e-02 -5.22107854e-02 -9.30683911e-02 -7.89185613e-03
  4.67521101e-02  4.90036793e-02  5.30510582e-02  1.69796988e-01
  1.41214114e-02  2.98778582e-02  2.66887117e-02  2.73068193e-02
 -4.73736748e-02  4.31113467e-02 -4.10741195e-02 -3.09736189e-02
 -9.81680211e-03  8.37943796e-03  1.44403977e-02 -2.01320704e-02
 -5.82715645e-02 -5.11252098e-02 -7.95019418e-02 -1.26518831e-02
  5.94989918e-02  5.75998537e-02 -9.93769392e-02  5.54295294e-02
 -6.62518367e-02 -8.50855000e-03 -5.20270616e-02 -9.73841697e-02
 -1.56222312e-02 -2.34371908e-02  1.01803474e-01  2.13901736e-02
 -4.33572866e-02  1.95503645e-02  1.42793963e-02  1.98428389e-02
 -4.63135131e-02 -2.50954237e-02 -1.17493328e-02 -4.65231501e-02
 -2.99521275e-02 -3.39149348e-02 -3.10459919e-02  5.22775128e-02
  6.10528747e-03 -7.16243535e-02  1.27261624e-01  1.30665256e-02
  1.46464063e-02 -2.58909464e-02  1.10085448e-02  6.78469613e-02
 -3.77246668e-03  3.84799801e-02  1.94114354e-02 -1.25126975e-08
 -2.33826376e-02  2.96249092e-02 -1.55544430e-02 -4.68227342e-02
  4.78214526e-04 -5.07128686e-02  2.50322279e-02  1.06804185e-02
  2.63378527e-02  4.50978195e-03 -4.34581563e-02  3.06407977e-02
  5.03694639e-02  3.40522155e-02  6.52113557e-02 -5.15779965e-02
  8.36791396e-02 -3.43524329e-02 -4.18050140e-02  3.17039937e-02
 -5.72070405e-02 -9.12823807e-03  3.83708254e-02 -2.73453202e-02
  5.16634583e-02  3.03850975e-02 -5.37779229e-03  5.05604297e-02
  1.24399746e-02  5.97048923e-02 -1.00800386e-02 -1.28351636e-02
 -4.05450240e-02  2.31851954e-02 -9.38280746e-02  1.40311038e-02
  8.07185173e-02 -3.22835036e-02  1.21104177e-02 -5.38647398e-02
  8.73277243e-03 -3.50358672e-02  2.83440165e-02 -2.81075388e-02
 -1.81325749e-02 -4.72191498e-02  1.68597829e-02 -4.68128845e-02
 -2.93738535e-03 -6.36208281e-02 -3.05663198e-02 -1.03307649e-01
  4.03790213e-02  3.03496122e-02  4.33085412e-02 -3.08274920e-03
 -6.81655109e-02 -3.57463621e-02 -3.03208944e-03  6.92819878e-02
  1.38895765e-01  4.22238261e-02 -7.97372609e-02 -6.20530322e-02]"
219,Health and Safety,Social,injuries,2,0.4242,"[-3.51547934e-02  3.69394384e-02  4.43047695e-02  5.86166829e-02
  4.06835675e-02  9.25150737e-02  1.06195487e-01  1.14700757e-01
 -1.60265192e-02  4.22612280e-02 -2.03208886e-02  1.47573482e-02
 -1.34138186e-02  3.78733873e-02 -8.05800781e-02 -7.03628957e-02
 -3.12313698e-02 -3.19191478e-02 -1.19947866e-01 -3.90789732e-02
 -8.20078254e-02  9.89605859e-02 -6.67592436e-02  2.74735931e-02
 -6.07403293e-02  2.58659385e-02 -6.72935247e-02  3.91161852e-02
  1.58353411e-02 -9.54306275e-02 -6.02236725e-02 -5.33692427e-02
  4.73581441e-02  1.90882850e-02 -5.40311225e-02 -7.07728462e-03
  1.19325556e-02  7.20866118e-03 -3.52431349e-02 -4.26027849e-02
 -3.39042768e-02 -7.04956800e-02 -2.42780522e-02 -2.56554317e-02
  5.80308586e-02  2.25760639e-02  4.94823419e-02  2.13670172e-03
  4.29546461e-02  7.00169504e-02 -1.36101414e-02  1.07630976e-01
  1.83602981e-02  3.58702638e-03  7.62633383e-02 -2.52999496e-02
 -5.23400903e-02  1.29016191e-02 -3.09250038e-02  4.60216962e-02
  1.05085969e-01 -3.42624970e-02 -1.49036255e-02  3.67898159e-02
 -6.28790073e-03 -6.00190088e-02  1.27111794e-02 -5.40975668e-03
  3.65633406e-02  5.92434146e-02  4.32188213e-02 -2.30531190e-02
 -4.13139127e-02 -6.70691058e-02 -3.84964049e-03 -1.48022957e-02
  1.76376011e-02 -4.21595573e-02  6.51862770e-02  1.33905997e-02
 -1.94993615e-03 -7.16608390e-02 -2.28285007e-02  3.52460109e-02
  9.07559705e-04  4.74331826e-02  4.01216857e-02  3.18773612e-02
 -3.49777401e-03  8.76933634e-02 -1.27773713e-02 -7.41870003e-03
  2.30031963e-02  4.60974984e-02  4.03736942e-02  3.42098065e-02
 -3.23023759e-02 -8.67128596e-02 -9.20602530e-02  1.97912380e-01
  3.05974670e-02  5.29852398e-02  4.94132563e-02  6.07463159e-03
  1.61668018e-03 -5.74068837e-02  1.70933884e-02 -2.43070945e-02
 -7.39679299e-03  4.21491712e-02  5.20544276e-02  4.65332605e-02
 -7.54900509e-03 -7.27020111e-03 -3.14938650e-02  9.27951466e-03
 -3.24591771e-02 -4.29445878e-02  2.41769408e-03  4.11121286e-02
  2.22515091e-02  2.92037688e-02 -5.64145073e-02  2.13812888e-02
 -8.06935877e-02 -7.66975582e-02 -5.95725849e-02 -5.19109399e-33
  6.12179600e-02 -8.33624378e-02 -1.36692552e-02 -1.37286279e-02
 -2.33029462e-02 -1.13782391e-03 -4.45456505e-02 -1.16663121e-01
  7.70872086e-03 -4.68897894e-02  2.48840358e-02  5.75973463e-05
  9.10699889e-02 -1.07661270e-01  1.13211453e-01  8.87754932e-02
 -8.97304639e-02  7.69892558e-02 -2.57352889e-02  2.15632822e-02
  2.01831292e-03  5.24490438e-02  8.23257118e-03  1.05626583e-01
 -4.21844646e-02  5.98755255e-02 -1.82142830e-04 -6.89450800e-02
 -2.25941167e-05  4.23626555e-03 -1.48805408e-02  7.08565861e-02
  1.87398156e-03 -1.95846166e-02 -3.26411873e-02  4.24903177e-04
 -1.57719105e-02 -5.10672145e-02  1.18994270e-03 -3.32106389e-02
 -4.51618023e-02 -4.96831257e-03 -1.25302328e-02 -1.25257410e-02
  2.40237676e-02 -3.07378117e-02  1.45525355e-02  1.20134344e-02
 -7.61130378e-02 -6.85452670e-02 -9.91633534e-03  2.82577574e-02
  5.12700826e-02 -8.60162601e-02 -2.16150619e-02  9.44010839e-02
  4.28820029e-02 -2.93518323e-02 -4.67783585e-03  7.30782449e-02
  6.81344867e-02  4.74336706e-02 -3.77628617e-02 -1.49457902e-02
 -5.79249598e-02 -9.71395969e-02 -3.12662348e-02 -4.96636983e-03
  6.89090416e-03 -5.50923608e-02 -5.49188070e-02  2.31680548e-04
  4.95389290e-02  4.31477912e-02 -1.66357011e-02  4.14935537e-02
 -1.29493754e-02  2.47936118e-02 -4.52166013e-02 -2.51490045e-02
 -2.70814188e-02 -4.76846918e-02  5.11723496e-02  1.41509878e-03
  9.52890888e-03  2.92329770e-02 -4.39926125e-02 -2.36109085e-02
 -8.11156929e-02  2.04821136e-02 -3.68568935e-02  2.37412099e-02
 -2.38131657e-02  5.11433138e-03  2.81786826e-02  3.05975192e-33
 -7.90289566e-02 -1.67026576e-02 -2.56162435e-02  8.08560029e-02
  5.16288094e-02 -5.14576286e-02 -1.61323143e-04  1.44960567e-01
  5.01334444e-02 -1.70887820e-02 -8.04362521e-02 -8.39310363e-02
 -1.03294142e-01  2.27113590e-02 -3.35126407e-02 -6.08056523e-02
 -1.98279899e-02  3.06085758e-02  1.85694918e-02  1.47668123e-02
  5.26712835e-02  5.88961318e-02  3.50025371e-02  4.32576705e-03
  7.70122465e-03  9.66269001e-02 -8.67353007e-03 -5.84788509e-02
 -1.11540020e-01 -5.08126058e-03  6.58699423e-02 -2.51971390e-02
  3.34072998e-03  5.21525107e-02  1.48786251e-02  1.41748726e-01
  2.84948014e-02  2.88290642e-02 -7.89553896e-02  9.45984735e-04
  1.09739967e-01 -1.81623250e-02  4.19015810e-02  1.24972373e-01
  7.01510161e-02 -2.84972154e-02 -4.57893685e-02  4.71366756e-02
  1.63708236e-02  9.45202261e-03 -2.36233100e-02  9.88537166e-03
 -4.75936234e-02  5.81059381e-02  7.25046918e-02 -1.20537765e-02
 -4.41082194e-02 -5.86551055e-02 -5.23550063e-02  1.03034908e-02
 -9.11926199e-03  6.26316965e-02 -2.91864108e-02  3.46074663e-02
 -1.76475674e-03  5.94598725e-02 -8.17258805e-02 -6.83519021e-02
 -5.00232168e-02 -1.13968160e-02 -1.62811633e-02  5.42814396e-02
 -6.01082817e-02 -2.45770402e-02 -6.19039573e-02  3.79300788e-02
 -1.37898281e-01  2.83672418e-02 -1.47019345e-02  2.26585884e-02
 -3.18705402e-02 -3.72757837e-02  1.34691270e-02  8.87021869e-02
 -1.81527846e-02 -3.35752107e-02  1.16125487e-01  1.33981416e-02
  1.56567451e-02 -1.09140202e-01  2.33577359e-02  3.31749022e-02
 -6.13509007e-02  7.14529213e-03 -3.67201939e-02 -1.17927659e-08
 -3.26876193e-02  3.00936680e-02 -9.94363353e-02 -8.77911076e-02
 -2.25433297e-02  1.01926196e-02  1.45892445e-02  8.32719803e-02
  7.67818317e-02  4.43801284e-02 -3.43624689e-02  1.23686315e-02
  5.95943220e-02 -7.07604084e-03  2.09431816e-02  1.03620514e-02
 -2.68345624e-02  6.13413677e-02 -2.44502649e-02  6.93478249e-03
 -1.90384164e-02 -3.06192432e-02  6.87523708e-02  4.64560278e-02
 -2.96792798e-02 -2.74010077e-02 -5.00435606e-02  1.06027154e-02
 -2.77634468e-02  6.96761906e-03  1.49662374e-02 -1.24124540e-02
  3.62749696e-02 -3.40708881e-03 -2.31907852e-02  1.07259497e-04
  3.38870548e-02 -6.92050233e-02 -1.01688933e-02 -5.00980504e-02
 -1.90663431e-02  2.12837216e-02  1.37860566e-01  1.36112068e-02
  5.26578315e-02 -6.15483485e-02 -6.40921667e-03  4.40130048e-02
 -4.67380732e-02 -9.85022411e-02  9.97217931e-03  4.68197726e-02
  2.01699186e-05  5.20244911e-02 -2.60836165e-02  5.68956472e-02
 -2.28592325e-02  1.10987239e-02 -1.72484014e-02  5.51167119e-04
  5.26198968e-02  9.64767486e-03  9.23086628e-02  4.07239459e-02]"
220,Health and Safety,Social,injury,5,0.4155,"[-3.78946550e-02  4.29024771e-02  3.83624621e-02  5.37367575e-02
  4.39531431e-02  9.96332914e-02  1.30489931e-01  1.31474599e-01
 -2.25616377e-02  5.63689172e-02 -1.59821957e-02 -5.70211606e-03
 -2.59578265e-02  5.90267666e-02 -6.62983656e-02 -6.12467900e-02
 -2.83690393e-02 -2.62643229e-02 -1.32522553e-01 -2.41493303e-02
 -5.79457395e-02  1.26124665e-01 -5.00248075e-02  3.24598365e-02
 -5.03273346e-02  1.38380006e-02 -5.02844378e-02  4.00627181e-02
  3.53048295e-02 -8.62861872e-02 -3.85718495e-02 -4.46606539e-02
  6.88937902e-02  1.25149796e-02 -6.61494061e-02  6.23520371e-03
  4.26458544e-04  1.02381117e-03 -2.81644519e-02 -5.38626537e-02
 -3.55698019e-02 -6.62724227e-02 -5.42072207e-02 -3.70031781e-02
  6.22554757e-02  3.80275175e-02  7.98959062e-02 -2.68098223e-03
  3.99635211e-02  7.56195784e-02 -2.39498038e-02  1.02694653e-01
  6.91181887e-03 -4.58869664e-03  6.41145408e-02  2.13300716e-03
 -4.08426337e-02  1.26286363e-02 -2.51205675e-02  2.63666846e-02
  8.19002688e-02 -3.82328331e-02 -4.54557408e-03  2.50148457e-02
  6.86898455e-03 -7.15599582e-02  1.78330205e-03 -2.81451177e-02
  2.05033459e-02  6.63736910e-02  7.25803673e-02 -3.84314843e-02
 -1.99078731e-02 -4.44866829e-02 -2.78726686e-03 -2.29769386e-02
  3.51648442e-02 -2.16422323e-02  9.57011655e-02  2.33093854e-02
  1.16400793e-02 -4.73823026e-02 -2.87314169e-02  4.82956730e-02
 -8.80196970e-03  3.46018262e-02  2.98293941e-02  4.29158583e-02
 -1.88482143e-02  7.82476813e-02 -1.36491954e-02  2.07939632e-02
  2.61387918e-02  4.77292761e-02 -3.60076316e-03  1.67637803e-02
 -1.25927906e-02 -9.09185559e-02 -9.60165933e-02  2.15986654e-01
  2.80620977e-02  6.69071153e-02  3.20486464e-02  2.75844405e-03
 -2.62516248e-03 -6.20461330e-02  1.57112181e-02 -1.68121681e-02
 -2.23224070e-02  3.44783925e-02  3.92873958e-02  3.02832276e-02
 -9.40673240e-03 -1.27382809e-02 -1.32736284e-02  5.05313911e-02
 -5.71213178e-02 -4.82606180e-02  2.30584424e-02  3.96817066e-02
  2.70332061e-02  2.50857007e-02 -6.17360435e-02  2.92593166e-02
 -1.01120919e-01 -8.13402608e-02 -2.25394238e-02 -5.38905679e-33
  6.34497106e-02 -7.06228837e-02 -3.29638529e-03 -1.39206238e-02
 -1.73798613e-02 -2.35404051e-03 -5.57494536e-02 -1.15742028e-01
 -8.79031233e-03 -5.24489246e-02  3.03831547e-02 -3.84592153e-02
  9.40822810e-02 -9.10156816e-02  7.87378922e-02  1.06136963e-01
 -9.14042071e-02  7.69529566e-02 -3.53985317e-02  8.45582783e-03
  5.44765405e-03  4.73907217e-02 -2.06629140e-03  9.77930576e-02
 -3.42922099e-02  4.67414707e-02  1.73113123e-02 -9.57679600e-02
 -1.49387319e-03  1.00560840e-02 -2.93992534e-02  7.19374791e-02
  1.16835861e-02 -3.08119599e-02 -3.03982142e-02 -2.05462910e-02
 -2.90108956e-02 -7.13132992e-02 -1.04590841e-02 -2.51463819e-02
 -3.11685316e-02  9.84108262e-03  1.19187664e-02 -1.45683466e-02
  1.10042058e-02 -3.55373137e-02  1.60811674e-02  3.13272001e-03
 -9.06221122e-02 -5.49167842e-02  5.27773704e-03  2.86641251e-02
  8.72836635e-02 -8.42778832e-02 -3.48546207e-02  6.98040053e-02
  2.00435240e-02 -1.01589346e-02  2.94460971e-02  6.31374195e-02
  7.15943873e-02  5.25227785e-02 -2.72256881e-02  2.13949140e-02
 -3.78431603e-02 -1.04891434e-01 -3.65425646e-02  8.38840846e-03
  1.36359520e-02 -8.29772577e-02 -6.05055578e-02  8.51508882e-03
  4.56239358e-02  3.38320658e-02 -4.04491760e-02  1.76925808e-02
 -1.10122282e-02  1.87631529e-02 -5.06929085e-02 -2.25180574e-02
 -4.90543693e-02 -4.48675491e-02  4.28834483e-02  6.15827739e-03
  5.54321753e-03  1.66453607e-02 -4.63610925e-02 -2.25964170e-02
 -7.33095929e-02  2.82621738e-02 -1.81522612e-02  2.22284496e-02
 -2.41137352e-02 -6.44142274e-03  4.14804034e-02  3.65530732e-33
 -5.40941469e-02 -2.84312367e-02 -2.11328343e-02  6.75713643e-02
  5.29836975e-02 -6.09989464e-02 -2.06411947e-02  1.20772295e-01
  3.41917500e-02  8.76058638e-03 -9.09470767e-02 -9.65178683e-02
 -5.94541281e-02  2.71804575e-02 -2.73397658e-02 -5.40523715e-02
 -2.35740598e-02  1.51225328e-02  1.80959143e-02  2.67316326e-02
  6.74794987e-02  3.17497961e-02  3.97436358e-02 -8.42797384e-03
 -1.37928827e-03  8.91127363e-02  2.37154141e-02 -4.31206785e-02
 -1.01032510e-01  1.01262322e-02  5.01886122e-02 -3.31066176e-02
 -1.26268845e-02  4.05766368e-02  1.62507612e-02  1.19358897e-01
  1.39135327e-02  3.79091613e-02 -9.57495645e-02  5.02903620e-03
  9.60494056e-02 -1.48006948e-02  4.47801724e-02  1.22861139e-01
  7.39241615e-02 -3.07616368e-02 -2.52516568e-02  3.67210470e-02
  2.61832159e-02  2.15918217e-02 -2.15013549e-02  1.65428668e-02
 -1.68260168e-02  6.18530661e-02  8.52214321e-02 -4.81425785e-03
 -6.43831566e-02 -5.01978919e-02 -6.87175915e-02 -1.02227423e-02
 -5.81012061e-03  6.62876666e-02 -2.26248279e-02  4.25669551e-02
  1.13370605e-02  6.13186322e-02 -8.64946768e-02 -4.43458185e-02
 -1.50102731e-02 -4.02644649e-02 -1.60292443e-02  5.33652902e-02
 -5.03922403e-02 -1.68157928e-02 -5.97074851e-02  2.39476562e-02
 -1.14542753e-01  2.58815065e-02 -2.88501456e-02  2.08887681e-02
 -2.69220863e-02 -4.62465882e-02  1.11281676e-02  8.04063454e-02
 -5.72903967e-03 -6.72974065e-02  1.00694463e-01  3.75958197e-02
  2.14050133e-02 -1.09285727e-01  3.06296200e-02  5.10489866e-02
 -7.89392814e-02  1.29194641e-02 -2.30312906e-02 -1.20562573e-08
 -4.43107821e-02  3.10896784e-02 -1.19943090e-01 -1.02798618e-01
 -4.37394343e-03  1.71299819e-02  8.13430268e-03  4.37846705e-02
  6.38700426e-02  2.61600185e-02 -1.54308695e-02 -8.21288209e-03
  7.13039935e-02 -1.31910695e-02  2.11020540e-02 -1.24963718e-02
 -7.27601675e-03  5.61849810e-02 -2.69791577e-02  2.37417500e-02
 -8.64451844e-03 -3.39300893e-02  6.54044971e-02  4.36592735e-02
 -3.04502789e-02 -2.89990436e-02 -4.82083745e-02  1.24017075e-02
 -3.77205461e-02 -1.86058562e-02  1.31361978e-02  3.13044600e-02
  1.83528438e-02 -1.32385753e-02 -1.13452291e-02 -5.00716968e-03
  5.17051853e-02 -6.11801781e-02 -7.68361986e-03 -6.26546443e-02
 -2.58057062e-02  3.03216763e-02  1.35672793e-01 -5.96770877e-03
  5.89356013e-02 -5.21842875e-02 -1.15269516e-02  3.06896772e-02
 -3.23653743e-02 -7.60333017e-02  1.11469757e-02  3.48942839e-02
  1.00888433e-02  5.37951067e-02 -1.53465141e-02  5.40928692e-02
 -5.30028194e-02  1.58944749e-03 -5.43862022e-02 -8.78580101e-03
  8.89905617e-02  1.70586091e-02  9.80387330e-02  3.39576825e-02]"
221,Health and Safety,Social,reliability,1,0.4074,"[-5.00420183e-02  7.61252502e-03 -2.62154471e-02  2.36106329e-02
 -2.82008033e-02 -1.12358537e-02  7.09627047e-02  3.59492749e-02
 -5.56149287e-03 -4.55049127e-02  8.86801165e-03  2.17325334e-02
  1.00908980e-01  1.44935725e-02 -8.20969194e-02 -4.93865386e-02
  8.27229843e-02 -5.01743564e-03 -5.74444197e-02 -5.50486334e-03
 -1.00288585e-01  2.37046629e-02 -3.04558408e-02  5.30101769e-02
 -2.02670060e-02  1.33421756e-02 -4.74715419e-02  1.77032743e-02
 -2.72446638e-03 -8.23461115e-02  2.61183251e-02 -5.87259606e-02
 -3.14167365e-02 -1.17899794e-02 -8.22949503e-03  3.06859538e-02
  5.17526222e-03 -4.33317162e-02 -1.91238299e-02  1.45739354e-02
 -2.46743876e-02 -2.33060159e-02  3.56688239e-02 -3.42830941e-02
 -3.95245925e-02 -1.59731805e-02  2.92296614e-02 -6.30943403e-02
 -2.11667623e-02  3.07242125e-02 -7.46866921e-03  8.04539013e-04
  7.97243640e-02 -2.96494998e-02  1.61714815e-02  2.13832664e-03
 -5.61156403e-03  1.12932185e-02 -6.97693601e-02  3.25675756e-02
  1.19731262e-01  3.47649725e-03 -7.69254416e-02  3.95933017e-02
  1.26035213e-01  3.00188586e-02  4.14373428e-02 -8.77391398e-02
  6.41423417e-03  3.99020202e-02 -7.49840885e-02 -6.28092885e-02
 -5.68920225e-02  7.13152587e-02  6.00086674e-02 -2.42125876e-02
  4.61143143e-02 -1.24307692e-01  3.98629718e-02  2.42459495e-02
 -2.41714716e-02 -1.51607618e-02  3.30648795e-02  5.62651046e-02
  8.20529684e-02 -8.53638649e-02  8.46239924e-02  4.09476133e-03
 -9.03292671e-02 -5.90458103e-02  4.65869159e-02  4.13453244e-02
  5.23497984e-02  2.86934953e-02 -1.08106723e-02  6.20929077e-02
 -3.44530009e-02 -5.84339611e-02  9.16953757e-03  1.62691936e-01
  1.41611136e-02  2.92453114e-02 -1.94056220e-02 -1.46987317e-02
 -3.53377424e-02 -2.58672740e-02 -2.75882781e-02  4.21931297e-02
 -4.07745503e-02  3.37903686e-02 -6.97762743e-02 -5.13188448e-03
 -1.73118024e-03  5.51028028e-02  2.69335695e-02  2.67103524e-03
 -1.16016321e-01  4.91488017e-02  6.64926991e-02  8.23001936e-03
  2.65895054e-02  1.19474716e-02  9.49152783e-02 -7.40261227e-02
 -3.93755771e-02 -6.72439784e-02  7.32206702e-02 -4.67125916e-33
 -1.13436924e-02 -9.67724621e-03 -1.59821436e-02  7.11283982e-02
 -5.36354557e-02  2.18989253e-02 -5.73263764e-02 -4.67987917e-03
  1.73294097e-02 -4.23788792e-03  8.46482906e-03  5.31597361e-02
 -3.79888713e-02 -7.96438381e-02  1.52314022e-01  6.24473803e-02
 -4.16942388e-02  2.85856705e-02 -8.81163701e-02  7.06871133e-03
 -7.97353394e-04 -3.56579870e-02  6.02333881e-02  1.91686228e-02
  3.54432985e-02  7.98532367e-03  1.01951361e-01  4.28224467e-02
 -6.62943870e-02  6.37550000e-03 -5.04044928e-02  6.14625998e-02
 -7.40372315e-02 -8.42039809e-02 -2.52860482e-03  4.23976406e-03
 -4.05056914e-03 -4.38852906e-02 -2.61594094e-02 -9.56468880e-02
 -6.99003926e-03  3.69068757e-02  5.10454960e-02  6.17838986e-02
  5.09663820e-02  3.26489247e-02  5.13637997e-02 -3.45957763e-02
 -4.25644144e-02  1.83544923e-02 -3.50785255e-02  3.75625491e-02
  2.86225341e-02  5.18954881e-02  3.50474715e-02  2.95484718e-02
  2.08037463e-03  4.63502593e-02  1.76491421e-02  4.54028184e-03
  2.19915491e-02  6.27840310e-03 -7.97044858e-02 -5.25926054e-02
  6.12880699e-02  1.03208423e-01 -2.98797339e-02 -5.97451627e-02
  2.64273640e-02 -4.01921943e-02 -1.12741245e-02 -7.88223296e-02
  3.02814320e-02 -2.91768014e-02 -4.88042422e-02 -5.52707091e-02
 -5.53204790e-02 -1.07279923e-02 -5.20965084e-03 -2.37468928e-02
 -1.11899689e-01 -2.42534522e-02 -3.85872796e-02  4.77189571e-02
  4.28773500e-02  2.39650887e-02  3.50997485e-02 -4.05444317e-02
 -7.26720244e-02  1.14621423e-01  4.15227152e-02 -4.57189567e-02
  1.13962665e-01  4.55913618e-02  6.94909040e-03  3.69378565e-33
 -1.16289698e-01 -7.59260450e-03  2.32222173e-02  1.45907655e-01
 -1.85265504e-02 -4.63889278e-02 -8.94671530e-02  9.23650630e-04
  9.54165403e-03  3.17374058e-02 -1.27811968e-01 -3.76668982e-02
  3.71524319e-03  3.32236104e-02 -4.06856611e-02  9.76636633e-03
 -2.88705379e-02 -8.37882459e-02  1.18909506e-02 -1.97565928e-03
  1.55159697e-01  2.46132836e-02 -4.07979265e-02  3.54621708e-02
 -7.00368583e-02  7.84682259e-02 -5.99279143e-02 -1.11230358e-01
 -7.35380650e-02 -2.92105526e-02  5.16895875e-02 -4.98341434e-02
 -7.25607434e-03  7.73689672e-02  5.66443168e-02 -4.66123745e-02
  5.32556847e-02  2.37122718e-02 -2.33434495e-02  1.95849966e-02
  9.14489031e-02  3.44528146e-02 -3.12414952e-02 -4.29388247e-02
 -2.49545136e-03  2.69539151e-02  3.49451043e-02 -4.09045517e-02
  1.15204435e-02  7.43654445e-02 -1.21678775e-02 -2.23621186e-02
 -3.85183319e-02  1.79706309e-02 -1.88951455e-02 -1.86076853e-02
 -1.25333481e-02  2.26607248e-02 -1.24457944e-02  5.16167060e-02
 -4.21672240e-02  1.49257770e-02 -7.64965406e-03  7.15503767e-02
 -1.20647755e-02  6.68475628e-02 -2.39002835e-02 -2.62503279e-03
  4.91966382e-02  7.20811710e-02  5.02576260e-03 -7.77163310e-03
 -2.09953990e-02 -4.79491763e-02 -2.81601679e-02  5.53032123e-02
 -4.62729633e-02 -2.17745043e-02 -5.89670911e-02  6.98566390e-03
 -1.01660669e-01 -4.14266437e-02 -3.66730653e-02  5.96106164e-02
  2.24415250e-02 -9.64194536e-03  1.24971911e-01 -8.36220682e-02
  1.31475013e-02 -2.05649510e-02  5.95361479e-02  6.23142198e-02
 -1.05401233e-01 -7.14271814e-02 -9.29206517e-03 -1.21063115e-08
  1.39893480e-02  4.92251962e-02 -8.98875296e-03 -1.34321079e-02
  5.24717569e-02  1.69324372e-02  3.11095193e-02 -7.68545493e-02
 -2.97070071e-02  4.27656844e-02  3.86911519e-02 -3.60016525e-02
 -8.53642635e-03  8.70596617e-04 -6.40912680e-04  1.37829757e-03
 -1.06442245e-02  1.45014182e-01 -6.83784410e-02  3.25154737e-02
  6.37870654e-02  1.76855437e-02  4.13094312e-02  4.11523432e-02
 -7.48900622e-02  2.87783984e-02  3.95621769e-02  6.12349771e-02
 -3.51634361e-02  6.06763922e-02  1.01687070e-02 -8.49467423e-03
  6.31532446e-02 -2.30974518e-02 -4.26636450e-02  3.02094091e-02
  5.87068275e-02 -4.59833592e-02  7.81442132e-03 -2.94682439e-02
  3.16267312e-02  4.28968593e-02  2.11983472e-02  7.73673132e-02
  4.31714468e-02 -9.90382582e-03 -5.43222837e-02  1.75359882e-02
 -3.40006649e-02 -1.02972817e-02 -3.94701138e-02 -2.03639958e-02
 -4.69951183e-02  7.64423236e-02  1.76480990e-02 -1.96040682e-02
  2.15940233e-02 -3.37816402e-02 -4.01539840e-02  3.36766057e-02
  9.83336046e-02  2.42388584e-02  5.68865351e-02  5.84792346e-03]"
222,Health and Safety,Social,policy,2,0.405,"[-7.45749287e-03  1.09971441e-01  2.09145173e-02 -1.45959517e-03
  3.79180685e-02  6.02825209e-02  1.35385811e-01 -5.18814139e-02
 -5.54699004e-02  6.53621927e-02  5.76025061e-02  5.51853329e-02
  4.46601491e-03 -9.93106794e-03  3.09585221e-02  2.55784336e-02
 -2.64127441e-02 -5.16855046e-02 -1.69172361e-01 -4.46774904e-03
 -9.84843634e-03 -1.17767621e-02  5.53847551e-02  3.18146423e-02
 -6.26492128e-02  5.86283505e-02  4.29002102e-03  5.40223829e-02
 -5.62778078e-02  4.32361569e-03  8.10271315e-03 -3.16740274e-02
 -1.43596791e-02 -4.96290438e-02 -4.24514450e-02  3.23844180e-02
 -6.99513033e-02 -7.09677115e-02 -3.73856202e-02 -3.01804151e-02
 -1.88745912e-02 -8.69466960e-02 -5.47735989e-02  5.56319095e-02
  5.34296967e-02  1.70139726e-02  5.99605329e-02 -7.04657007e-03
 -3.48075107e-03  1.83503889e-03  2.30498295e-02  8.59068334e-03
  4.31142971e-02 -1.47362957e-02  5.97569086e-02 -2.97134183e-02
 -4.93204966e-03 -3.20854560e-02  3.78414318e-02 -3.05551402e-02
  3.25744301e-02 -7.78347105e-02 -1.06629141e-01  2.78479382e-02
  4.73432243e-02 -3.44497822e-02 -2.73802690e-02  3.37903202e-02
 -6.76668733e-02  1.51429754e-02 -5.60813732e-02  9.85349901e-03
  4.87923995e-03  4.88065481e-02  2.10192055e-02 -8.67190734e-02
 -1.12214563e-02  4.76231836e-02  9.75297689e-02 -8.76535475e-02
 -1.24616711e-03 -5.51820099e-02  6.32299036e-02  1.93372909e-02
 -3.11108548e-02 -2.80701667e-02 -2.36489531e-02 -5.60940523e-03
  2.17413586e-02  1.35605643e-02 -6.79028966e-03 -3.04688383e-02
  1.03351764e-01  6.63296320e-03 -5.48410527e-02  1.11303087e-02
 -3.64293903e-02 -9.31748301e-02 -1.33340001e-01  2.37904221e-01
  4.85304557e-03 -5.63399261e-03 -6.49312362e-02  2.19187234e-02
 -2.50943452e-02 -3.63742486e-02 -5.01182154e-02  6.01929948e-02
 -1.09307086e-02  1.36348177e-02 -2.08373573e-02  2.23200694e-02
  6.18985780e-02 -5.08607645e-03  2.20478531e-02 -4.31903712e-02
 -4.52695191e-02 -5.77430800e-03  5.31217568e-02  2.71162521e-02
 -4.75337990e-02 -2.90569924e-02  2.97024921e-02 -1.44190965e-02
 -1.64874401e-02 -6.69388473e-02  5.85882645e-03 -6.86089767e-33
  2.05852580e-03 -1.45225683e-02 -4.53835689e-02  1.44395540e-02
  4.50433744e-03  2.39427085e-03 -3.54902260e-02 -7.09131267e-03
  1.57018732e-02 -2.34103091e-02  3.94706465e-02  5.37644327e-02
 -9.06124525e-03  2.65065562e-02  1.35326415e-01  1.68380532e-02
 -4.47300784e-02  1.97047651e-01  2.32186820e-02  4.56404388e-02
 -2.45619453e-02  2.96456125e-02  2.64604818e-02  1.24711832e-02
  1.38159124e-02 -1.48712238e-03 -3.56044099e-02 -2.75932457e-02
  6.33040220e-02  4.06695604e-02  1.81335006e-02  7.41051957e-02
 -1.76726189e-02 -8.34583566e-02  3.07216700e-02 -1.61121339e-02
 -1.67160109e-02  3.98059795e-03 -5.29526621e-02 -5.10421097e-02
 -1.57736931e-02 -3.34464572e-02  5.05633056e-02  1.45768421e-02
  2.66151726e-02  1.85999833e-02  4.57741767e-02 -1.69706140e-02
 -2.16525514e-02 -1.42767616e-02  2.77056675e-02  1.63228083e-02
 -5.31982332e-02 -2.46089734e-02  7.44438823e-03 -7.05332262e-03
 -5.40757403e-02  2.99754813e-02 -1.39828995e-02 -4.39938679e-02
  1.03404261e-01  3.44066992e-02 -2.73941867e-02  3.94289382e-02
 -6.30368665e-02  4.68485169e-02 -4.62708920e-02  7.62695400e-03
  2.19981670e-02 -5.59785143e-02 -4.93074730e-02  4.11922894e-02
  3.97050977e-02  4.66633635e-03 -2.97318138e-02  6.01600483e-02
 -2.12104432e-02  3.33842859e-02 -2.07421724e-02 -6.88254982e-02
 -8.83100331e-02  2.95694228e-02  2.41452605e-02 -1.47729022e-02
  5.09522296e-02 -1.23631842e-02  2.66384091e-02  2.11930275e-02
  3.06064095e-02  4.69271541e-02 -1.35807320e-01 -2.48622969e-02
 -9.51843709e-03  8.86356607e-02  5.35362996e-02  3.66083104e-33
 -2.03991844e-03  2.65441975e-03 -2.01061205e-03  1.90768819e-02
 -1.07330009e-02 -1.01392064e-03 -1.92141216e-02 -9.41034406e-02
  7.34528154e-02 -1.26391165e-02 -9.41871703e-02 -2.52973568e-02
  7.71291181e-02  2.37437319e-02 -6.30300632e-03 -4.38214764e-02
  4.20940556e-02 -5.77873588e-02 -6.05498664e-02  1.85177326e-02
 -3.89365368e-02 -7.65849724e-02 -7.00357556e-02  1.02747008e-01
 -8.21257085e-02  1.01605188e-02  6.71152491e-04 -3.40196416e-02
  3.01689729e-02 -3.36655155e-02 -1.60189420e-02 -3.94914933e-02
 -9.94949043e-02  4.24435101e-02 -6.42973855e-02  2.07278915e-02
  6.07205443e-02  1.33129489e-02 -6.13364913e-02  2.30156798e-02
  8.43750536e-02 -5.86777329e-02  4.14910726e-03  1.09855436e-01
 -4.07043248e-02 -1.33196702e-02  3.47445272e-02 -1.30581325e-02
 -1.41459703e-02 -6.01605931e-03 -6.03981316e-02 -2.34569050e-02
  3.26427519e-02 -5.76554835e-02 -4.14210483e-02 -5.10514900e-02
  1.68405008e-02  3.73973809e-02 -6.48854151e-02  6.17721342e-02
  1.61672849e-02  4.73224297e-02 -8.91678184e-02  8.10198560e-02
 -1.63941626e-02  2.98700146e-02 -4.59273830e-02 -1.74833871e-02
  1.38956591e-01 -1.98249612e-02  4.71148342e-02 -4.46110554e-02
 -1.44639462e-01  5.84474318e-02 -1.06103742e-03 -1.62117044e-03
  2.97854878e-02 -1.65926833e-02 -3.07505392e-02  8.64958465e-02
 -3.12552378e-02 -3.64168212e-02 -3.37732472e-02  3.75192799e-02
 -1.37529895e-03 -2.39268541e-02  3.15517187e-02 -3.16759087e-02
 -3.96156460e-02 -9.45221260e-03 -3.82421017e-02  3.52531718e-03
 -2.91126575e-02 -2.13098042e-02 -6.16951361e-02 -1.29502720e-08
  4.45576385e-03 -1.51406145e-02  1.73523173e-01  4.80240248e-02
  3.35263573e-02 -3.36602679e-03 -4.71650995e-02 -3.73647511e-02
  3.11289188e-02  1.98470429e-02  2.41479613e-02  1.15822643e-01
  4.52127233e-02 -3.70880254e-02  1.57720950e-02 -8.39926526e-02
  1.34254815e-02  4.76278290e-02 -5.39002120e-02  7.16821998e-02
 -3.13800883e-05  1.58349872e-02  1.52068613e-02 -8.97107180e-03
  3.76402051e-03  3.81476879e-02  6.78799450e-02  5.60372248e-02
  2.96294000e-02  8.95713642e-02  1.42873749e-02  3.27442735e-02
 -3.65325958e-02 -2.85007544e-02  2.17143144e-03 -1.12142481e-01
  5.75699545e-02 -1.33143533e-02  1.17759839e-01 -8.06448460e-02
 -1.27039514e-02  4.88522928e-04  7.60907456e-02  2.99442001e-03
  1.04229723e-03  3.03674024e-02 -5.06171957e-02 -1.65121537e-02
  5.71900085e-02 -2.00306326e-02 -1.84773821e-02 -2.05882033e-03
  3.87212411e-02  1.06087476e-01  3.24537605e-02 -2.79978048e-02
  5.03532495e-03  1.53966900e-02 -9.54738483e-02  8.91025364e-02
  6.74867928e-02 -9.15404037e-03  1.47047630e-02 -3.07203289e-02]"
223,Health and Safety,Social,pollution,1,0.3966,"[-7.90520478e-03  5.44987097e-02  8.17528814e-02  1.91137437e-02
  1.00608595e-01  2.74925716e-02  1.43466786e-01 -2.74727121e-02
 -4.51329909e-02  4.21834812e-02  2.08130963e-02 -6.38899207e-02
 -2.43091397e-02  1.55049155e-03 -6.62720874e-02  8.76421016e-03
 -9.64731723e-03 -1.94084942e-02 -1.14794031e-01 -2.51973756e-02
 -1.29508702e-02  7.27783889e-02 -2.92377602e-02  4.10004548e-04
 -7.27999732e-02  7.35225305e-02 -3.55388187e-02 -2.51354817e-02
  3.98595631e-02 -7.19994232e-02  2.10516993e-02  1.04605816e-01
 -2.94946171e-02 -8.10663402e-02 -5.11522219e-02 -3.88816325e-03
  2.15115454e-02 -1.99262258e-02  1.28573654e-02 -6.91313669e-03
 -4.94945645e-02 -6.41008019e-02 -1.41691035e-02 -4.12137620e-02
 -6.75623417e-02 -1.89119279e-02  2.49290541e-02 -2.96633970e-02
  5.81166781e-02 -5.70107438e-02  3.54425646e-02  4.52658683e-02
 -7.68482462e-02 -3.46176103e-02  5.20046540e-02 -1.45308942e-01
 -7.31486082e-03 -3.18758413e-02 -1.48805240e-02 -4.09104861e-02
  2.59431247e-02 -6.41232356e-02 -4.46734317e-02  3.34370509e-02
  1.56137630e-01 -2.63866666e-03 -5.83651736e-02  1.07617222e-01
 -2.22573895e-02  1.70570128e-02  1.50221456e-02 -1.57974027e-02
 -4.11944278e-02 -8.84392038e-02  1.77244674e-02  1.17093325e-02
  1.22193042e-02 -7.06873136e-03  9.29541364e-02 -5.21070994e-02
  6.55326098e-02 -6.32334426e-02 -3.23255882e-02  1.79647673e-02
  7.15413764e-02  4.24959790e-03 -1.42274220e-02 -2.78596543e-02
 -3.75967771e-02  2.33813701e-03 -1.24364882e-03 -3.91537473e-02
  5.83998263e-02  2.82205883e-02 -7.66967908e-02  8.94793198e-02
  3.85941379e-02 -2.52992325e-02  4.70869280e-02  1.91226050e-01
 -2.07717381e-02  5.25664911e-02 -1.13676034e-01 -1.84558779e-02
 -6.80296635e-03 -3.46649401e-02 -3.63231041e-02 -5.23698097e-03
  2.21606903e-02  5.44490867e-05 -7.82308728e-02 -2.26146076e-02
  5.27908979e-03  1.62495840e-02  1.09869260e-02  1.48561383e-02
  1.39500573e-01 -8.15436170e-02 -7.38389567e-02 -4.67392132e-02
 -4.70905453e-02 -4.18295115e-02 -9.81084630e-02  7.31741562e-02
  2.53133681e-02 -6.59879074e-02 -5.70368208e-03 -5.57211579e-33
 -3.60236689e-02 -6.71105757e-02  9.03287828e-02  5.66231161e-02
 -5.28004356e-02  2.11957246e-02 -2.58772988e-02 -4.26854156e-02
  3.96507941e-02  7.59685552e-03 -1.54841994e-03 -1.45151373e-02
 -7.28385746e-02  3.75293009e-02  1.26638800e-01 -3.17501239e-02
 -3.39503102e-02 -3.49705890e-02  9.78368986e-03 -4.00683284e-02
 -3.40170600e-02 -2.81585641e-02 -5.22384532e-02  5.43373339e-02
  1.08368751e-02 -3.01967841e-02  5.09902872e-02 -1.04514612e-02
 -2.45615784e-02  2.52273250e-02  8.61447304e-02  8.48177895e-02
 -7.37610459e-02  1.29686603e-02 -1.92455314e-02 -3.63864824e-02
 -6.10596016e-02  4.24708948e-02 -2.62787882e-02 -1.73041392e-02
 -5.39123714e-02  1.91688421e-03 -5.79800382e-02  7.73337530e-03
  3.71160693e-02 -7.99147761e-04  1.79838482e-02 -1.22398604e-02
  1.06034549e-02 -4.22015451e-02 -4.70663607e-02  5.56428991e-02
 -4.98145185e-02 -2.68402640e-02  2.54878458e-02  4.94229607e-03
  6.56441301e-02 -8.80440027e-02 -9.32242349e-03  1.58920009e-02
 -1.41578633e-03  1.31097779e-01 -4.87660691e-02  4.58903201e-02
  1.04400262e-01  2.66095363e-02  6.36588410e-02  1.49942534e-02
  3.14726867e-02 -2.99647301e-02  2.02217028e-02 -4.14808057e-02
  1.45270927e-02  3.96846645e-02 -2.30471361e-02  1.57809164e-02
 -6.88521471e-03  1.40332791e-03 -3.62952128e-02  5.49958795e-02
 -4.21332978e-02 -1.17086880e-02 -2.19793674e-02 -6.20414354e-02
  2.21736962e-03 -3.71964229e-03 -2.47612670e-02 -9.67628509e-03
  7.42080202e-03  4.34576981e-02 -5.77940606e-03  6.66313525e-03
  2.72328872e-02 -3.49727124e-02 -6.56142682e-02  3.14645895e-33
  1.09393178e-02  3.25170048e-02 -1.97192188e-02  2.19352599e-02
 -3.76558106e-04 -4.86286953e-02 -7.35993497e-03  1.07036931e-02
  9.57945809e-02  1.29217371e-01 -6.19237497e-02  7.31460750e-02
  9.45756063e-02 -1.32908886e-02  3.67135368e-02 -3.41237038e-02
  9.18354932e-03  5.75912558e-02 -3.96092981e-02 -3.92990373e-02
 -5.12662940e-02 -4.70869280e-02  3.72802466e-02  1.69790499e-02
 -8.49820152e-02  5.46466783e-02 -9.21960995e-02 -2.96493713e-02
  7.06898421e-02 -3.55169736e-02 -1.65183265e-02  1.05418883e-01
 -4.22301404e-02  3.52311209e-02 -2.26922184e-02  3.76085006e-02
  3.27187628e-02  2.99328961e-03 -2.48505846e-02 -1.59115940e-02
 -9.29333456e-03 -4.73296419e-02  7.33585954e-02  6.56151846e-02
  1.63130481e-02 -6.94937306e-03 -4.85979691e-02  2.25522351e-02
  3.36373597e-02 -4.54320423e-02  1.08033799e-01  8.56010169e-02
 -4.45125811e-02  3.59510258e-02  6.98662400e-02  6.30282834e-02
  5.38665652e-02 -1.07228905e-02  1.67914275e-02  8.95270612e-03
  6.50654137e-02  6.89960793e-02 -8.05894509e-02  5.44816591e-02
 -1.05012089e-01  2.05840543e-02  2.62759044e-03  1.74792446e-02
  6.63980544e-02 -3.94092947e-02 -1.07516637e-02 -7.82206189e-03
 -6.57114238e-02 -3.52348685e-02 -1.08443439e-01 -2.21536998e-02
 -3.32501978e-02  8.97195712e-02  3.07587162e-02 -1.86818885e-03
 -2.12043449e-02  3.45546715e-02  7.55087938e-03  1.87940337e-02
  4.45252545e-02 -1.17251545e-01 -1.68662723e-02 -9.46245492e-02
  1.99276973e-02 -4.72733900e-02 -5.78265786e-02 -3.20362207e-03
 -1.27147853e-01  1.31719457e-02 -3.04598324e-02 -1.19493517e-08
  4.67641931e-03 -4.47406210e-02  5.23157939e-02 -2.85782269e-03
 -2.91659180e-02 -2.37885844e-02  6.64871931e-02  1.30100593e-01
  1.68028828e-02  7.11469427e-02  3.99089325e-03  4.46091481e-02
  5.95045313e-02  3.20710614e-02  1.75685100e-02 -2.72005349e-02
 -1.05131306e-02 -4.74207513e-02 -3.78597826e-02 -8.81875120e-03
  5.54702692e-02  1.71813574e-02 -4.27608239e-03  2.17462163e-02
 -1.11070145e-02 -1.53221618e-02  7.15392083e-02  1.32696573e-02
  3.84311415e-02  1.39276125e-02  2.27134153e-02  4.70850877e-02
 -7.09303319e-02 -2.36489903e-02 -6.00164123e-02 -7.24491924e-02
  3.65170352e-02 -6.15592673e-02 -2.59951837e-02 -4.16978374e-02
 -1.21531989e-02  5.99943362e-02 -2.31904238e-02  9.03758593e-03
  6.91594258e-02 -5.60587309e-02  7.75049161e-03  3.56948599e-02
 -5.59185259e-03  5.07639954e-03 -7.35345390e-03 -3.69453691e-02
  5.47187850e-02  1.83569323e-02  3.64365499e-03 -1.15846535e-02
 -1.05402190e-02  4.03815433e-02 -2.62166467e-02 -1.39888376e-02
  1.28721461e-01  5.93896247e-02  3.06126941e-02  5.73256984e-02]"
224,Health and Safety,Social,compliance,7,0.391,"[-2.99824420e-02  5.28523810e-02 -1.88163742e-02 -5.81790619e-02
  2.58778706e-02 -5.18887211e-03  1.76535062e-02 -3.01724207e-02
 -4.22920696e-02  1.07546318e-02  1.03261530e-01 -2.26497706e-02
  1.82715561e-02  2.92120948e-02  1.47883864e-02 -5.06182350e-02
  7.18500689e-02  3.68977375e-02 -9.18418318e-02 -2.80041876e-03
 -2.56908704e-02  2.50052959e-02  5.64586651e-03  4.78822775e-02
 -1.56186819e-01  4.36782725e-02 -4.68674339e-02 -3.34176794e-02
  8.26202333e-02 -5.96977137e-02 -2.84529384e-02  3.40458155e-02
  1.08161919e-01  4.10936922e-02 -3.27254124e-02  3.20848301e-02
  5.41706719e-02 -4.68249433e-02  2.87900940e-02 -3.00270636e-02
 -6.66708797e-02 -1.12365291e-01 -2.62573175e-02 -2.65404768e-02
  3.79481874e-02 -1.84415393e-02  4.23943326e-02 -3.12746018e-02
 -3.67852822e-02 -2.63968599e-03 -2.83867400e-02 -3.44536565e-02
 -2.40767840e-02 -1.64912327e-03  1.49800349e-02 -5.49298041e-02
  1.84116755e-02  5.65584889e-03  3.03871091e-02 -4.28657383e-02
  1.03572376e-01 -4.64026779e-02 -1.07300431e-01  1.05209604e-01
  1.99402086e-02  3.05031165e-02 -4.75250706e-02 -3.67999217e-03
  1.51027385e-02  1.71205346e-02 -6.80308044e-02 -3.62687446e-02
 -6.30344748e-02  5.65510206e-02  2.79564112e-02 -3.87152880e-02
 -3.69161814e-02 -1.75007414e-02  1.29149199e-01 -9.03875902e-02
 -1.72123592e-02 -6.84349537e-02  5.87126240e-02  6.39074296e-02
 -1.90139543e-02 -5.00251725e-02 -1.65545754e-02  1.70466825e-02
  7.12041408e-02  1.75023638e-02  6.86293170e-02 -4.89457659e-02
  8.45748857e-02 -2.51739789e-02 -1.25100091e-01 -7.10909218e-02
 -7.55331144e-02 -1.29401637e-02 -1.45351896e-02  2.00748622e-01
  1.93322841e-02  4.56626154e-02 -1.48202047e-01  3.57187390e-02
 -2.15395875e-02 -4.26671654e-02  2.41087973e-02 -3.13167945e-02
  1.50496829e-02  7.04606175e-02 -2.59633474e-02  7.10386410e-02
 -1.77631974e-02 -2.21541282e-02  1.04915258e-02 -3.60985249e-02
 -3.98281664e-02  1.68563146e-02  5.78646511e-02  3.21452096e-02
  2.24706680e-02  5.81182018e-02  3.85766737e-02 -1.12370746e-02
  1.78994574e-02 -9.44602862e-02 -2.65016463e-02 -6.34382342e-33
  1.14392582e-02  8.40071123e-03 -1.14627238e-02 -1.43063888e-02
  2.88837217e-02  8.35870393e-03 -5.15112914e-02 -3.69353853e-02
 -1.24901766e-02  5.29913083e-02  8.71679485e-02  1.09434076e-01
 -4.05075923e-02 -5.22146374e-02  7.17362389e-02  6.19305633e-02
 -5.60093448e-02  9.12851170e-02  1.90078262e-02  1.14358209e-01
  2.29898579e-02 -1.24961555e-01  2.79334071e-03  8.84002447e-02
 -1.66657008e-02 -4.74745855e-02 -2.70670224e-02  1.69197265e-02
  5.83247058e-02  3.91757451e-02  5.12398295e-02  4.94927820e-03
  9.44548845e-02 -4.15785499e-02  5.60633978e-03  5.45896143e-02
  1.08664213e-02 -4.12827954e-02  3.77044897e-03 -8.20869952e-02
 -5.94127364e-02 -1.13007016e-02  7.10528493e-02  5.18400501e-03
  4.09948826e-02  3.04730348e-02  5.80359325e-02 -4.71596122e-02
  2.58242432e-02  6.10055588e-02 -5.48682502e-03  4.95206825e-02
 -2.96420529e-02 -4.18721139e-02 -4.48517129e-02 -2.20670477e-02
 -4.20374759e-02  2.35360656e-02 -5.64518608e-02  3.26062888e-02
  1.44146103e-03  1.49942702e-03 -4.22406420e-02  1.01957219e-02
  1.06160354e-03  1.22016985e-02 -7.57803321e-02 -5.33696543e-03
  3.95092629e-02 -3.58562060e-02 -1.04879461e-01  1.29083125e-02
 -6.93214461e-02  6.43551573e-02 -6.22653365e-02 -3.59546654e-02
 -1.64768137e-02  4.69321124e-02  1.94278602e-02 -3.69696841e-02
 -1.15194343e-01  2.06537824e-02  2.63962504e-02  4.82759960e-02
  1.18591189e-02 -3.61226238e-02  5.28158322e-02  2.87193209e-02
  4.72894462e-05  2.32822224e-02  2.38926685e-03 -4.27701212e-02
  7.13987425e-02  9.05132815e-02  6.84964359e-02  3.94509973e-33
  1.21727586e-02 -3.97621794e-03 -9.42349155e-03  3.71163264e-02
  1.37435747e-02  4.11008969e-02 -2.38128528e-02 -5.28218374e-02
  5.42395338e-02 -1.06810983e-02 -4.16506529e-02 -3.15316468e-02
  6.18664548e-02  5.87856816e-03 -6.71818182e-02 -5.43749407e-02
  2.69540511e-02 -2.27027829e-03 -7.53135607e-02  2.92412229e-02
  3.12776193e-02 -6.22219183e-02  4.09431718e-02  4.94964980e-02
 -4.18600589e-02  4.11011949e-02 -6.78716153e-02 -1.05044514e-01
  1.25853512e-02 -4.39429004e-03 -3.36396135e-02  1.28048584e-02
 -2.20298264e-02  8.12885612e-02 -1.38802873e-02 -9.32500809e-02
 -6.90672966e-03  2.18467116e-02 -2.28636544e-02 -1.23141520e-02
  7.63154626e-02  6.51140586e-02 -6.79492056e-02  7.07567707e-02
 -1.07399607e-02 -3.59717086e-02 -2.61475379e-03 -2.06045955e-02
 -3.21482047e-02 -5.77365095e-03 -4.63272296e-02 -2.72311755e-02
  6.40123636e-02 -4.48437072e-02 -9.18359868e-03  1.10148802e-01
 -1.41329737e-02  2.20175413e-03 -5.46624362e-02  5.00308610e-02
 -2.39092782e-02  8.13674033e-02 -4.80654538e-02  4.34716269e-02
  5.50230891e-02  2.03947518e-02 -2.88722888e-02  9.12008882e-02
  1.33547550e-02 -2.24643126e-02  3.16017531e-02 -6.00505285e-02
 -2.92739850e-02 -4.07096632e-02  4.75212187e-02 -6.76315501e-02
 -2.47893017e-02 -1.04632571e-01 -5.32360598e-02  5.64048626e-02
 -6.81972429e-02  2.08131615e-02 -3.58103216e-02  7.91711882e-02
 -9.98672098e-03 -5.21134734e-02  5.22162281e-02 -6.61590919e-02
  1.55682033e-02  3.97406071e-02 -3.44951153e-02  9.04973447e-02
 -4.22218069e-02 -9.06189997e-03 -4.43916321e-02 -1.20237775e-08
 -3.53080966e-02 -3.82972881e-02 -3.45440730e-02  5.35023771e-02
  4.48925309e-02  5.11346236e-02 -3.66478078e-02 -1.15664922e-01
 -3.64651643e-02  2.39340924e-02  2.83506699e-02 -9.80643439e-04
 -1.60002690e-02  1.35541921e-02  1.49604529e-02 -2.93050632e-02
 -2.40796283e-02  1.32770417e-02 -8.44160765e-02  7.97614008e-02
 -4.40994464e-02  1.08024357e-02  3.10889892e-02 -1.17305191e-02
  4.88871336e-02  2.33464353e-02 -3.21419612e-02  6.03991225e-02
  6.53122663e-02  9.42268968e-02  5.15972376e-02  7.50899781e-03
  1.91053208e-02 -3.98705527e-02 -7.81436488e-02 -5.50150275e-02
  4.28620093e-02 -3.07195988e-02  1.00501694e-01 -1.52725484e-02
 -1.74468271e-02  2.92847790e-02  1.12438835e-01  6.06077984e-02
  2.38106418e-02 -9.88873094e-03 -2.61397548e-02  4.73129489e-02
  1.51047837e-02 -3.26207206e-02 -1.02818580e-02 -6.67784316e-03
  1.98422577e-02  1.00104220e-01  1.38815800e-02 -1.25351478e-03
  2.68257465e-02  8.96818377e-03 -4.55915965e-02  9.04631685e-04
  8.46081004e-02  2.09843200e-02  7.49817342e-02 -2.99754813e-02]"
225,Human Capital Development,Social,capital,1,0.5586,"[ 8.53699073e-02  7.56416470e-04 -9.55686811e-03  3.88392992e-02
 -1.23092672e-02 -3.51032987e-02  8.22578296e-02 -2.02582274e-02
 -4.08610478e-02 -2.22034119e-02  1.54573144e-02 -9.01788473e-02
 -7.93795474e-03 -5.86032420e-02 -7.88684934e-03 -6.36480376e-02
 -3.87822241e-02 -4.74964688e-03 -9.30462219e-03  5.39362384e-03
 -7.16016367e-02 -1.95327792e-02 -4.30382080e-02  1.38573372e-03
  8.68684649e-02  5.67722432e-02  8.43741186e-03  1.58850867e-02
 -1.53425382e-02 -7.70258307e-02  3.05363685e-02 -1.04852624e-01
  5.44472858e-02 -6.45276532e-02  8.29746295e-03  5.04220650e-02
 -6.78344630e-03  7.74194486e-03  1.01898588e-01 -4.09685373e-02
  2.37105582e-02 -1.50626376e-02  6.19243458e-02 -1.91460401e-02
  2.52908580e-02  1.38836829e-02  6.51694788e-03  4.12260033e-02
  1.03427041e-02  9.88326222e-03  4.04447280e-02 -6.88031167e-02
 -4.73448634e-02  2.85030361e-02 -4.39318791e-02  4.66887467e-02
 -3.42849493e-02  2.88576130e-02  2.49398546e-03 -3.94132622e-02
 -1.29800355e-02 -2.05205604e-02  5.40737668e-03  4.25661057e-02
  1.43288776e-01  2.15507898e-04  1.72285140e-02  2.40989067e-02
 -1.09667443e-01 -1.98457688e-02  7.98074827e-02 -4.75427695e-02
 -4.14189361e-02 -1.95146874e-02 -1.28796482e-02 -1.08429678e-01
 -3.92326787e-02  2.30086446e-02  6.99784309e-02  3.82496566e-02
  1.43091287e-02 -2.69519910e-02 -1.11513041e-01  4.58845124e-02
 -5.60823306e-02  2.94181379e-03 -8.85299221e-03 -1.66302267e-02
  2.59259008e-02  1.08854892e-02  1.63701549e-02  2.34069228e-02
  5.28695919e-02  1.91970076e-02 -1.56183943e-01  1.95362214e-02
 -6.12018965e-02  4.88726497e-02 -5.41325705e-03  2.27183521e-01
  5.68112917e-02  2.66555529e-02  8.78577866e-03 -2.26930678e-02
  4.68385406e-03  4.90446761e-02  1.54893268e-02 -4.94784303e-02
  1.17925322e-02 -2.08380353e-02 -9.34357792e-02  3.39075699e-02
 -7.51857460e-02 -3.07137910e-02  1.23548815e-02  6.48394376e-02
  6.54227659e-02 -4.48407903e-02  1.02574918e-02 -4.45581749e-02
  1.12427701e-03  5.89652872e-03 -6.51153773e-02 -4.99828123e-02
 -6.54680729e-02 -7.30498955e-02 -4.86802980e-02 -5.22313576e-33
 -8.33858401e-02  1.06307510e-02  3.94289307e-02  1.18470222e-01
 -5.83511265e-03  2.00493587e-03 -1.74371526e-02 -1.52164521e-02
 -8.42350274e-02  4.35794108e-02  5.50849475e-02 -8.19325596e-02
 -9.09086317e-03 -6.38781115e-02  8.55708793e-02  2.23834300e-04
  7.49819428e-02 -5.75407036e-03 -5.94089879e-03 -1.84268113e-02
 -1.30284240e-03  2.65971385e-02 -3.42549197e-02  1.01418253e-02
  2.32679937e-02  3.05345911e-03 -1.23122148e-02  2.55220365e-02
  8.36078078e-02  1.52600184e-02  8.82059783e-02  9.79174450e-02
 -4.65352274e-02  5.18513806e-02  4.24918300e-03  2.39570122e-02
 -4.26180400e-02 -3.76368202e-02  4.14089337e-02  3.25113535e-02
  2.03316892e-03  3.54883610e-03 -4.84521538e-02  3.19875367e-02
 -2.47191731e-02  5.44148758e-02 -4.85606818e-03 -7.37650879e-03
  7.31849223e-02  1.57766417e-02  1.21588642e-02 -2.36216225e-02
 -1.17267743e-01  5.63288946e-03  2.60554310e-02 -1.15037905e-02
 -8.33167359e-02  4.24681678e-02 -2.77868081e-02  9.87670012e-03
  1.85237993e-02  2.26102027e-04 -4.03156430e-02  9.38268229e-02
 -1.47110587e-02  5.62447049e-02  5.10739088e-02  2.49425787e-02
  1.67478826e-02  1.43643375e-03  4.32333583e-03 -3.30601670e-02
  8.71940609e-03  1.24496907e-01  9.93782841e-03  9.22512170e-03
 -4.00839150e-02  2.83221733e-02 -3.41457352e-02  2.18707137e-02
 -4.97410446e-02  2.80373618e-02 -8.04898739e-02  3.89164053e-02
  8.04381967e-02 -6.92630047e-03 -4.16227756e-03 -6.15152270e-02
 -1.10123083e-02 -9.45856329e-03 -4.52723354e-02 -3.94026786e-02
  1.74287856e-02  7.25569054e-02 -7.79484585e-02  2.84038006e-33
  1.71227362e-02 -1.12572186e-01 -7.70649165e-02  3.48532051e-02
 -6.47591650e-02 -6.75231824e-03  5.95464483e-02 -2.49531660e-02
 -4.55585010e-02  3.24494438e-03 -4.80743237e-02 -3.86531129e-02
 -5.78436535e-03  9.22668949e-02  1.02945017e-02  1.66631695e-02
  9.65452045e-02 -3.21727395e-02 -6.07673004e-02 -6.43548071e-02
 -6.71467930e-02 -7.03369230e-02 -3.94401252e-02  4.69006114e-02
 -1.00087561e-02  2.82249488e-02 -1.34526774e-01  1.49130411e-02
  1.95247233e-02  7.50453398e-02 -6.77442849e-02  1.26290964e-02
  4.59796470e-03  1.23210654e-01 -9.17692110e-02  6.74036443e-02
  7.86530301e-02 -6.69640973e-02  2.13282406e-02  6.50713593e-02
  1.37537441e-04  9.89879947e-04  8.60447139e-02  1.46189600e-01
  3.13514546e-02 -3.20983417e-02  6.54149568e-03 -1.42713121e-04
 -2.74189212e-03  3.88429570e-03  5.40439505e-04 -7.96585064e-03
 -3.89509536e-02 -3.76709108e-03 -3.37376483e-02  1.50492609e-01
 -4.31715213e-02  1.66634507e-02 -5.25314286e-02 -5.76097518e-02
  4.94451672e-02  5.41653186e-02 -5.01289777e-02  9.65891853e-02
 -7.04061091e-02 -2.38474496e-02 -8.20365455e-03 -4.12657224e-02
  2.45060003e-03  8.17259483e-04  7.49911070e-02 -1.99166872e-02
 -7.92266130e-02 -2.68884376e-03 -4.96507213e-02  7.79981017e-02
  8.46287385e-02  2.51010917e-02  1.34706115e-02 -3.33017148e-02
 -3.52811366e-02  6.17593154e-02 -9.75163933e-03  2.09484063e-02
 -9.53983422e-03  4.52954844e-02 -3.72171891e-03 -8.29299614e-02
 -2.61270981e-02 -4.42139432e-02  1.12508005e-03  1.43537922e-02
  3.87935899e-02  1.08518330e-02 -6.30845800e-02 -1.22089325e-08
 -5.36387600e-02 -3.14740278e-02 -4.52117212e-02  2.09827791e-04
  8.59917316e-04  3.06159295e-02  1.62372943e-02 -5.09654395e-02
  1.01751424e-02  8.19540769e-02 -7.58274496e-02  6.44180253e-02
 -1.03262916e-01 -5.73064433e-03 -9.52522382e-02  5.65777160e-03
 -3.21955830e-02  7.19881356e-02 -7.59658357e-03 -1.22398464e-02
  1.89071298e-02  5.89267984e-02 -1.38413031e-02 -3.17155421e-02
 -1.15454243e-03 -2.23386493e-02  7.19264075e-02  1.24509573e-01
  2.16731261e-02  1.30099086e-02  1.80737600e-02  4.72156964e-02
 -2.85648499e-02 -1.15933090e-01  1.46669224e-02 -3.43285245e-03
  7.06503615e-02 -1.99772455e-02 -1.34297821e-04  2.19265930e-03
 -9.35247540e-03  2.00866591e-02  2.38443632e-02 -5.96508346e-02
  1.96149070e-02  2.67801583e-02 -1.00905122e-02  4.08509970e-02
  9.78589877e-02 -1.02786824e-01 -2.88930275e-02 -1.22836772e-02
  2.78260764e-02  3.31962220e-02 -2.34485674e-03 -8.65116343e-03
 -1.49265649e-02  2.52440330e-02 -5.78210503e-02  7.39786448e-03
  2.14954931e-02 -1.92199964e-02  8.74522775e-02 -7.71089317e-03]"
226,Human Capital Development,Social,development,8,0.4797,"[-2.05371138e-02  3.60903442e-02 -5.12568615e-02 -8.94644856e-03
 -1.30974492e-02 -5.53027280e-02  1.79362260e-02  4.40577865e-02
 -2.43842206e-03  6.67500943e-02  2.77676433e-02 -4.27770577e-02
 -1.40990335e-02  2.19538845e-02 -2.31840238e-02 -1.20347794e-02
 -5.21663874e-02 -3.77337448e-02 -4.21291217e-02 -7.19113126e-02
 -4.69651408e-02  3.41361240e-02  6.86915417e-04 -1.83324777e-02
 -3.41876410e-02  5.02333306e-02  4.69644479e-02 -3.49609852e-02
  1.51365742e-01 -7.14420602e-02  1.71136428e-02  3.29758637e-02
  1.02637790e-01 -5.50715849e-02 -6.22789375e-02  4.04606499e-02
  5.11067398e-02  8.50962460e-05  1.59205925e-02 -2.80071236e-02
 -7.52724037e-02 -6.07966594e-02 -3.24388295e-02 -7.45782070e-03
 -2.89814454e-02 -5.85735254e-02  4.83391918e-02 -3.60988304e-02
 -8.53748620e-02 -2.60838103e-02 -7.18778558e-03 -8.58257338e-02
 -4.05663736e-02 -7.17573389e-02  4.72286437e-03 -7.62032869e-04
 -1.86690874e-02 -8.00665934e-03  5.94190061e-02  6.95908489e-03
  7.82240331e-02 -4.99901362e-02 -6.83216304e-02  1.07872682e-02
  7.99926892e-02 -2.17806511e-02 -9.85092204e-03  6.69745579e-02
 -3.42473537e-02 -6.20725639e-02 -3.11056860e-02 -9.94830858e-03
 -5.29295066e-03  2.07698923e-02  2.60968655e-02 -3.44314948e-02
  4.94004972e-02  3.27729583e-02  8.71505812e-02 -5.60506359e-02
  6.50404468e-02  4.01137434e-02 -4.88180593e-02  7.84047619e-02
 -2.24481318e-02  5.71184568e-02  6.41740710e-02  9.59332474e-03
  4.04966390e-03  3.86981433e-03  1.45808393e-02  2.51480769e-02
 -8.25989153e-03  9.92854498e-03 -8.46874714e-02  1.68870222e-02
  5.61520271e-03 -1.19592763e-01  1.30852200e-02  1.83987603e-01
 -3.20031829e-02  2.13094074e-02  7.73031591e-03  3.68005852e-03
  1.21599007e-02 -1.88302975e-02  1.74600556e-02  1.41734947e-02
 -5.96590852e-03  6.81485888e-03 -7.93405548e-02 -1.14665618e-02
 -7.38451555e-02  1.45588545e-02  7.66447186e-02  1.05388798e-02
 -3.08271386e-02 -2.26491280e-02 -1.06743472e-02  3.47118676e-02
  1.10785134e-01  6.83594644e-02 -7.64425471e-02  4.21587890e-03
 -7.08771870e-02 -6.90243095e-02 -7.74359256e-02 -4.48080153e-33
  4.56040502e-02 -1.73894372e-02 -4.97069433e-02  1.05749175e-01
  3.62220444e-02 -3.33674811e-02  3.92884091e-02  1.77887864e-02
 -4.01380248e-02  5.86047722e-03 -1.67869665e-02 -5.84041476e-02
 -3.56627963e-02 -1.53698642e-02  1.43901050e-01 -7.40266964e-02
 -3.16632576e-02  1.79572925e-02  5.27642528e-03  5.48354723e-02
 -1.06172413e-01 -2.56085191e-02  2.78963614e-02  3.79535207e-03
  7.67078996e-02  2.43538450e-02  8.34598858e-03 -3.26916203e-02
  1.42243346e-02  5.50080882e-03 -1.19154854e-02  3.33707556e-02
 -6.53429031e-02 -1.24938032e-02 -1.06813302e-02 -1.18035302e-02
 -5.48494747e-03 -8.15081522e-02  2.56659053e-02  1.91663741e-03
 -3.84666994e-02 -4.93968278e-02 -2.81565245e-02 -4.52825502e-02
  7.49404877e-02  5.41590787e-02  4.65797745e-02 -3.23622152e-02
 -3.91518325e-02  1.61948130e-02 -2.81089470e-02  1.87667031e-02
 -2.16327477e-02 -3.15401666e-02  4.52423915e-02  1.48461582e-02
 -8.12900886e-02 -6.10548742e-02 -6.12805085e-03  1.21599594e-02
  3.79567184e-02  7.47122094e-02 -1.03087276e-01 -7.63376104e-03
 -1.21416738e-02  8.91249534e-03  5.73728494e-02 -4.00097994e-03
  1.67261869e-01 -7.50993416e-02 -4.46395911e-02 -6.69573061e-03
  7.44344443e-02  3.10195666e-02 -3.52448854e-03 -2.35923138e-02
 -2.13625282e-02  4.62729596e-02  1.98001321e-02  3.73541377e-02
 -4.80834246e-02  5.41190431e-02 -3.32256057e-03  8.69190844e-05
  7.88495913e-02 -7.31343823e-03  1.91536900e-02  1.88768283e-02
 -5.57807684e-02  8.55238810e-02 -1.15806602e-01  1.81075521e-02
 -9.54536069e-03  1.12254247e-01  3.52524370e-02  3.19453594e-33
 -5.72981797e-02 -6.57528918e-03 -1.52166367e-01  6.81760162e-02
 -6.55638796e-05  3.66834030e-02  7.06134411e-03 -8.64720810e-03
  2.73733232e-02  5.81765026e-02 -3.33984904e-02 -4.86845598e-02
 -1.34223877e-02  7.10251629e-02 -2.80856546e-02 -3.77544970e-03
  3.31526957e-02 -3.42656448e-02 -1.95571058e-03  1.65224187e-02
 -4.02696729e-02  4.52261306e-02 -4.41588908e-02 -1.53328562e-02
 -1.81311406e-02  2.06006784e-02 -2.17188131e-02 -1.76702049e-02
 -8.25841278e-02 -1.50107173e-02  1.93714704e-02 -3.86588946e-02
 -1.01277180e-01  6.62372559e-02 -2.58016996e-02 -3.77225243e-02
  2.48126592e-02 -4.26819660e-02  1.66285466e-02 -3.59843336e-02
  6.79646656e-02 -6.45002257e-03  4.75353338e-02  6.48627877e-02
 -3.13047655e-02 -2.15568859e-02  3.02240327e-02  4.37066369e-02
  1.84721779e-03 -5.17352298e-02  6.56025112e-02  1.64817739e-02
 -7.92395044e-03 -1.29835457e-01  5.23406919e-03  2.29680464e-02
  1.19386375e-01 -1.62416007e-02  2.95190923e-02  7.21584260e-02
  1.35150813e-02  2.21897680e-02  3.96087579e-02  8.84235464e-03
 -5.48473746e-02  4.26031202e-02 -1.96991358e-02  5.87377734e-02
  1.07611138e-02  1.29087903e-02  7.68772326e-04 -2.42547179e-03
 -6.70791566e-02 -9.29875206e-03 -7.74918124e-02 -6.29090071e-02
 -1.01496153e-01 -4.14897911e-02 -4.05496396e-02  2.65005697e-03
 -4.51189242e-02 -1.37407593e-02 -1.08274037e-03  3.91794145e-02
 -6.13815151e-02 -2.04572883e-02  3.59518677e-02 -2.91152601e-03
 -7.04467669e-03 -2.29425891e-03 -9.11604315e-02  5.83065823e-02
 -2.71075722e-02  2.78393663e-02 -4.22225753e-03 -1.22120039e-08
  3.09882816e-02 -5.00649959e-03  1.06200716e-02 -2.37412518e-03
 -3.11381510e-03  7.43017197e-02 -4.28760760e-02  2.91976482e-02
  1.73582062e-02  1.16098858e-01 -6.15265444e-02  1.65017159e-03
  1.63529571e-02  1.61303475e-01  5.49065918e-02  3.82923707e-02
 -1.10774217e-02  3.99084389e-02 -6.92616925e-02 -4.65662703e-02
  8.19563866e-02  1.05754331e-01  1.20004574e-02  2.49705110e-02
 -1.31032653e-02 -9.28257853e-02  6.56575561e-02  2.64866594e-02
 -3.71828787e-02  2.07117945e-02  6.25419393e-02  1.17096946e-01
  1.06767360e-02  2.36842106e-03  1.92327239e-02  1.18901478e-02
  8.15520585e-02  2.47993860e-02  7.41540864e-02  5.24635427e-02
 -4.44816165e-02  5.60686924e-02  9.07309055e-02 -1.33145088e-02
 -3.68945412e-02 -1.98045410e-02 -5.25861867e-02 -1.10641215e-02
 -1.94162372e-02 -1.22107238e-01 -2.08610874e-02  1.20668160e-02
  2.27736440e-02  2.41452805e-03  1.34066254e-01  4.63348739e-02
  9.65454429e-03 -7.03024045e-02 -2.79892664e-02  2.59694438e-02
  7.69679472e-02  7.42124468e-02  1.07794434e-01  3.17117199e-02]"
227,Human Capital Development,Social,developing,1,0.4422,"[ 5.15524819e-02  3.31109785e-03 -3.99710089e-02  2.89757643e-02
 -5.20870239e-02 -4.48200926e-02 -1.63405668e-03  4.41136248e-02
  2.27493676e-03  7.04387054e-02  4.51454446e-02 -5.67310750e-02
  1.28259463e-03  1.19962841e-02 -1.48241455e-02 -1.79252811e-02
 -7.13525862e-02 -6.69244379e-02 -3.79699431e-02 -9.83762294e-02
 -8.84026885e-02 -1.75418388e-02  6.06657844e-03 -1.70303769e-02
  1.30907409e-02  4.33311313e-02  4.26474474e-02 -1.02579612e-02
  1.63186893e-01 -6.48482814e-02  1.78101063e-02  3.13459449e-02
  7.42511824e-02 -3.31101157e-02 -7.57280365e-02  4.77514677e-02
  4.04182337e-02  8.99754371e-03  4.44417559e-02 -2.23923549e-02
 -9.01778191e-02 -5.81970364e-02 -1.43626025e-02  1.37421885e-03
 -1.64687075e-02 -7.33261332e-02  3.05727012e-02 -1.23709673e-02
 -6.65116832e-02 -1.62593462e-02 -3.34410481e-02 -9.03259069e-02
 -2.54209545e-02 -7.40893185e-02 -2.73895226e-02  6.11605356e-03
 -4.39153127e-02 -4.05676721e-04  3.99326459e-02 -2.44652703e-02
  3.83967683e-02 -4.48567048e-02 -4.71588299e-02  4.23717266e-03
  9.16521251e-03 -1.17801661e-02 -1.37365693e-02  7.07162544e-02
 -1.86833329e-02 -2.67457832e-02 -2.18508616e-02 -2.21437383e-02
 -2.66389884e-02  9.34792906e-02  2.56802049e-02 -4.44639102e-02
  5.92144281e-02  2.67486740e-02  1.19459979e-01 -5.51411919e-02
  8.68146345e-02  6.24275990e-02 -8.14040527e-02  6.99544400e-02
 -5.46419360e-02  3.42588648e-02  8.55895802e-02  5.61250485e-02
  1.60314161e-02 -2.32768767e-02  3.79701667e-02  1.15062967e-02
 -3.28598768e-02  1.60845574e-02 -6.53767064e-02  7.15589803e-03
 -2.06694752e-02 -9.58463699e-02 -3.62199061e-02  1.83103561e-01
 -1.76252834e-02  2.96181161e-03  1.93097442e-02  3.47236777e-03
  1.91463809e-02 -1.48103936e-02  2.35572271e-03  3.06206513e-02
 -3.23985107e-02  3.05048749e-02 -4.19832654e-02 -1.17733022e-02
 -7.63642415e-02  1.11443745e-02  8.12868103e-02  4.21915688e-02
 -1.55799268e-02  4.54219151e-03  4.30695638e-02  6.49900809e-02
  9.75788236e-02  9.20720249e-02 -8.59787464e-02  6.58356026e-03
 -7.99892992e-02 -1.18699305e-01 -7.98364505e-02 -5.29854336e-33
  6.52934909e-02 -1.72838792e-02 -2.59659290e-02  1.41469315e-01
  3.04263383e-02 -1.60343498e-02  5.33393212e-02  2.72511821e-02
 -5.77698946e-02  4.19540098e-03 -3.51850037e-03 -3.56798172e-02
 -4.70085107e-02  2.55666561e-02  1.49031922e-01 -5.08147888e-02
 -4.15625237e-02  2.29853019e-02 -6.65997015e-03  6.04821071e-02
 -9.71476287e-02 -4.19963412e-02  2.22639758e-02 -9.11403820e-03
  6.45779073e-02  5.27531169e-02  3.38255949e-02 -3.39617543e-02
  1.65177546e-02 -1.02291591e-02  1.90720484e-02 -8.92357808e-03
 -1.08715288e-01 -3.04974020e-02  2.18811329e-03 -3.80185433e-02
  3.54041881e-03 -5.89987524e-02  3.79715823e-02  1.75763725e-03
 -5.02117462e-02 -2.20396537e-02 -5.54497913e-03 -5.17374575e-02
  5.04288189e-02  7.93441758e-02  6.57914057e-02 -2.52211783e-02
 -8.29804167e-02  3.62244509e-02 -3.42822857e-02  1.72702991e-03
 -2.71741487e-02 -4.40734141e-02  4.07863706e-02  2.12695040e-02
 -5.04585691e-02 -5.68023510e-02 -4.84334445e-03 -1.14907837e-02
  4.65572514e-02  1.05991669e-01 -1.50123373e-01  2.43214145e-02
 -4.62761447e-02 -1.88177638e-02  5.12991175e-02  5.47986291e-03
  1.74589142e-01 -8.93113613e-02 -3.21549550e-02 -6.12353580e-03
  4.60994877e-02  3.14431749e-02 -2.14377586e-02 -4.11646254e-02
 -4.04548123e-02  3.69432122e-02  4.22502346e-02  3.92025672e-02
 -2.29016803e-02  2.64708828e-02 -2.16837320e-02  2.17987746e-02
  3.43174115e-02 -5.10381348e-03  1.67025197e-02 -9.57890507e-03
 -2.34466605e-02  1.07266888e-01 -1.12702698e-01 -1.14028854e-02
 -9.01679881e-03  1.26261204e-01  1.71163362e-02  3.14149726e-33
 -3.59655283e-02 -3.16829828e-04 -1.19254924e-01  4.68878634e-02
  2.00651977e-02  3.64455022e-02  1.25356540e-02 -1.75181217e-02
  1.31250778e-03  1.86347086e-02 -2.67498139e-02 -1.55304857e-02
 -8.89360672e-04  8.52653086e-02 -2.26783846e-02 -3.80887017e-02
  3.35023589e-02  8.47107824e-03 -3.76851927e-03  1.54653694e-02
 -4.51867059e-02  3.80626693e-02 -2.33785324e-02  1.97781227e-03
  1.11882305e-02  2.32085548e-02  2.27528308e-02  3.73572228e-03
 -6.94530830e-02  1.34741981e-02 -2.99209659e-03 -1.72627568e-02
 -5.32379784e-02  3.94050106e-02 -2.99737602e-02 -2.83742826e-02
 -8.59977119e-03 -4.22409177e-02  1.59555227e-02 -4.18463349e-02
  6.84572607e-02 -1.04074003e-02  1.47935869e-02  4.94475104e-02
 -3.81638482e-02 -1.61840618e-02  5.29025830e-02  2.50750594e-02
  2.50836704e-02 -5.04878014e-02  4.70461510e-02  8.81849322e-04
 -4.02653441e-02 -1.31042883e-01  3.66261951e-03  1.19010024e-02
  1.09104812e-01 -4.57429513e-02  2.04316881e-02  5.89593165e-02
 -1.51171582e-02 -6.23601349e-03  3.95755284e-02 -2.44299062e-02
 -7.05333725e-02  4.21685465e-02 -4.78282459e-02  7.34675452e-02
  2.88401172e-02  1.87839139e-02 -6.83005108e-03  2.59992890e-02
 -5.87544516e-02 -6.50430024e-02 -4.62904274e-02 -5.38518839e-02
 -6.10663146e-02 -2.59410590e-02 -2.96616033e-02  3.59473052e-03
 -2.29342785e-02 -1.06498878e-02 -3.01105576e-03  5.60993738e-02
 -4.56096381e-02 -9.41786822e-03  4.78731431e-02 -9.97681450e-03
 -3.44687738e-02 -6.60738442e-03 -6.69034570e-02  7.19175339e-02
 -6.06423654e-02  1.09941727e-02 -3.37240994e-02 -1.23310153e-08
  2.53466051e-02  4.45251091e-04 -3.23140970e-03 -1.44201657e-02
  4.95624356e-03  7.11439922e-02 -1.51873818e-02  5.19971596e-03
  2.41421424e-02  1.00814305e-01 -6.73995912e-02 -2.68884674e-02
  2.92971674e-02  1.31345853e-01  3.52066010e-02  1.05014173e-02
  3.89545894e-04  5.91971353e-02 -7.00064823e-02 -3.90716717e-02
  8.24913457e-02  7.15754256e-02  6.33327011e-03  4.34878096e-02
 -3.40394117e-02 -9.11265016e-02  4.65207435e-02 -1.38571709e-02
 -3.86046879e-02  2.12938469e-02  6.92533702e-02  9.73046795e-02
  6.67847320e-03 -2.29863077e-02 -6.55965228e-03 -2.96704751e-02
  5.57320602e-02  1.42990677e-02  6.62762746e-02  2.35724431e-02
 -7.53319785e-02  3.36333364e-02  1.07949562e-01 -9.57990531e-03
 -3.63945998e-02  8.37823667e-04 -6.22787997e-02 -1.49628371e-02
 -2.04504449e-02 -8.16629082e-02 -3.87532404e-03 -1.26275029e-02
  5.52632734e-02 -3.66976187e-02  1.26370773e-01  6.25866950e-02
 -3.77969554e-04 -3.00228279e-02 -3.88396680e-02  4.65651900e-02
  4.44668978e-02  6.57212660e-02  6.44258559e-02  7.18657374e-02]"
228,Human Capital Development,Social,develop,12,0.4233,"[ 4.13490683e-02  2.09439006e-02 -3.80786918e-02 -3.52061616e-04
 -5.96849918e-02 -6.74262345e-02  6.11133268e-03  4.78742383e-02
  2.69848090e-02  7.77757466e-02  2.81700455e-02 -3.06590181e-02
 -3.07767792e-03  2.53094379e-02  2.50235721e-02  3.25053446e-02
 -9.94301364e-02 -1.09161912e-02 -2.79658847e-02 -6.42739683e-02
 -9.61095914e-02  1.06124244e-04  3.06239463e-02 -2.04088297e-02
 -2.01967452e-02  6.29788265e-02  4.91002575e-02 -1.54716028e-02
  1.64899200e-01 -5.54936156e-02  1.42528368e-02  3.06233987e-02
  9.41121206e-02 -5.70503362e-02 -6.47523925e-02  3.83906588e-02
  3.11146919e-02  1.30853401e-02  2.89280321e-02 -1.25746140e-02
 -9.16408822e-02 -4.93623912e-02  2.70194607e-03  7.40952604e-03
 -3.74043100e-02 -5.81192486e-02  3.52509394e-02 -8.98454338e-03
 -5.09657562e-02 -3.01370341e-02 -6.30152673e-02 -8.73297974e-02
 -2.64083035e-02 -7.83177763e-02 -1.47893736e-02  6.27159793e-03
 -5.55801764e-02  1.77723691e-02  3.61387134e-02 -1.03159873e-02
  4.16028835e-02 -4.67378795e-02 -4.37431186e-02  1.78202637e-03
  3.55713256e-02 -1.12835946e-03 -5.56523621e-04  4.50790748e-02
 -1.57629699e-02 -1.35888020e-02  2.10879613e-02 -1.77888032e-02
 -2.55486388e-02  5.24228998e-02  3.52012031e-02 -2.66963318e-02
  4.38126847e-02 -8.07125587e-03  9.08003822e-02 -2.14909222e-02
  6.98065758e-02  7.12933317e-02 -8.70271400e-02  6.60287142e-02
 -6.12116642e-02  5.37999459e-02  7.05565363e-02  3.85261625e-02
  1.33137833e-02 -1.09369447e-02  3.32763307e-02  1.57518778e-02
 -7.32982308e-02  1.50762824e-02 -5.25203012e-02 -1.36471645e-03
 -1.00008463e-02 -9.15150344e-02 -2.87940484e-02  2.03403667e-01
 -2.78432257e-02  2.15514805e-02 -1.67780127e-02 -7.95495976e-03
  1.53655959e-02 -1.12830019e-02 -6.43799081e-03  5.22057638e-02
 -3.62506360e-02  3.23158987e-02 -3.46214212e-02 -2.68276539e-02
 -7.38257840e-02  3.24417837e-02  1.05079681e-01  4.45337780e-02
 -5.63912876e-02  9.53480543e-04  3.85941416e-02  4.03340086e-02
  1.02814175e-01  8.01903680e-02 -1.04200751e-01  7.96769653e-03
 -7.21343756e-02 -9.45387334e-02 -6.06400333e-02 -5.74099025e-33
  4.82046157e-02 -9.18825436e-03 -2.53942832e-02  1.56699002e-01
  2.67559774e-02 -3.67596410e-02  5.20705134e-02  3.17582749e-02
 -6.40297160e-02 -2.18400937e-02 -1.37165952e-02 -4.43800092e-02
 -2.50219908e-02  3.91553342e-02  1.47727415e-01 -3.55442800e-02
 -1.84991565e-02  1.30429659e-02 -1.60674229e-02  2.98247430e-02
 -7.69216195e-02 -3.62739973e-02  1.98757350e-02 -3.19208875e-02
  4.12657969e-02 -2.87934230e-03  3.51654552e-02 -4.10369374e-02
 -2.27282699e-02 -1.59570668e-02 -2.89383810e-03  2.09786836e-02
 -8.46049711e-02 -1.58085786e-02 -1.60015393e-02 -4.71790228e-03
 -4.28804196e-03 -6.22710325e-02  6.38869256e-02 -3.40387039e-03
 -5.20477258e-02 -1.53745702e-02 -1.69336442e-02 -4.09232266e-02
  6.50647730e-02  9.19894427e-02  7.38988295e-02 -3.72850746e-02
 -5.32125607e-02  3.42295803e-02 -1.91392489e-02  3.26971663e-03
 -3.31143625e-02 -3.47978473e-02  4.24460024e-02 -5.17294789e-03
 -7.31758699e-02 -4.35668863e-02  1.44772315e-02  8.94177984e-03
  3.14803459e-02  9.88718495e-02 -1.15044884e-01  5.28055280e-02
 -4.49124984e-02  2.71533954e-05  5.11133708e-02 -1.54430568e-02
  1.47543475e-01 -4.22666743e-02 -3.44976969e-02  1.66180753e-03
  7.18503445e-02  2.54989113e-03 -4.03852463e-02 -5.09897694e-02
 -4.91063520e-02  3.79784778e-02  6.66849539e-02  2.47629974e-02
 -3.45296599e-02  4.88988981e-02 -3.34927291e-02  3.01163029e-02
  7.03061968e-02 -7.90147111e-03  2.07207259e-02  3.95175628e-03
 -2.56141592e-02  9.68211517e-02 -1.28853872e-01 -2.03778986e-02
 -1.69821549e-02  8.70750397e-02 -2.50917999e-03  3.89126466e-33
 -5.14349639e-02 -2.70393249e-02 -1.41286656e-01  5.07774502e-02
  1.09143853e-02  3.15266475e-02 -1.47114834e-02 -2.65228245e-02
  6.78186771e-03  2.87617315e-02 -5.32767782e-03 -3.25341448e-02
 -4.24116962e-02  7.31874406e-02 -1.16613135e-02 -4.28021476e-02
  4.35777456e-02 -1.31548550e-02 -1.55240847e-02  2.06881966e-02
 -3.93582694e-02  4.69150767e-02 -5.08316197e-02  1.44132329e-02
  2.72965524e-02 -1.37486150e-02  1.21239992e-02 -1.08258380e-02
 -5.61588928e-02  1.40403798e-02  4.51084273e-03 -1.09797427e-02
 -8.22760984e-02  3.11624166e-02 -3.29001211e-02  6.11570504e-05
 -3.53028392e-03 -4.46717069e-02  4.76227179e-02 -2.71732546e-02
  3.45911086e-02  9.91681218e-03  3.02948244e-02  4.50868867e-02
 -2.08402853e-02 -1.77602330e-03  7.42034912e-02  3.10255610e-03
  2.23152265e-02 -2.75450889e-02  8.68195817e-02  3.19689363e-02
 -4.34278175e-02 -1.44293383e-01 -9.26958211e-03  4.77854302e-03
  1.23955429e-01 -6.05508834e-02  2.15398129e-02  5.83036058e-02
  1.93720739e-02  1.09034777e-03  5.89471050e-02 -1.83092970e-02
 -2.91552097e-02  5.04758693e-02 -4.75618243e-02  8.94692615e-02
  1.85666457e-02  2.38319766e-02 -1.30273523e-02 -8.81440192e-03
 -5.89793809e-02 -4.32483964e-02 -8.75990242e-02 -3.61332521e-02
 -8.18770602e-02 -4.24783826e-02 -4.66892198e-02  2.70880423e-02
 -3.73880006e-02 -1.43747609e-02  2.43501784e-03  3.06840464e-02
 -1.23538543e-02  1.08075114e-02  1.88134015e-02  1.80796173e-03
 -1.91707090e-02 -1.32161723e-02 -4.44073230e-02  3.90390009e-02
 -5.25746718e-02 -1.29202595e-02 -3.23016718e-02 -1.27757565e-08
 -5.35318814e-03 -1.24095036e-02  2.03832258e-02  9.42530762e-03
  2.06691138e-02  7.80625045e-02 -2.12501697e-02  2.77883522e-02
  1.09190559e-02  7.62201399e-02 -4.71769013e-02 -2.57513523e-02
  8.15388095e-03  1.58489943e-01  6.54140934e-02  5.13244560e-03
  1.08616576e-02  5.22419214e-02 -7.17108026e-02 -5.19140139e-02
  5.63374572e-02  5.89049794e-02 -3.67284659e-03  2.45997049e-02
 -3.71217020e-02 -8.49093124e-02  7.89871067e-03 -4.33545262e-02
 -5.07948175e-02  2.70792432e-02  7.22044259e-02  8.09473619e-02
  7.89215602e-03  1.35861011e-02  2.45313868e-02 -3.39537561e-02
  5.72428070e-02  2.24306397e-02  4.00211960e-02  8.44093040e-02
 -7.92440847e-02  5.84071726e-02  1.23871200e-01 -5.24211768e-03
 -6.22991696e-02 -2.48208269e-02 -7.69231468e-02 -2.61115599e-02
 -2.17521582e-02 -7.74881914e-02  2.05652248e-02  8.50140303e-03
  4.75924276e-02 -3.81578729e-02  1.43631920e-01  2.74416264e-02
 -1.39772305e-02 -2.74508670e-02 -5.52073568e-02  3.38390172e-02
  6.58916086e-02  6.19701780e-02  9.18353274e-02  5.38169183e-02]"
229,Human Capital Development,Social,economic,1,0.3875,"[-1.84907019e-02  4.03515995e-02 -5.57376370e-02  3.74768600e-02
  3.57613228e-02  1.71791520e-02  7.43514225e-02  3.33851911e-02
  1.32678151e-02  2.10913233e-02  3.46853696e-02 -8.32620915e-03
 -3.74769606e-02 -1.62910875e-02 -8.04248918e-03 -3.58067565e-02
 -3.16170081e-02 -5.81312813e-02 -1.32174522e-01 -6.25408590e-02
 -2.64618546e-02 -4.21193391e-02 -5.56381652e-03 -3.36444303e-02
 -4.24906202e-02  3.27847674e-02  6.48439815e-03 -8.08577694e-04
  9.42964666e-03 -5.47783077e-02 -3.06601971e-02  5.96908294e-02
  9.90773216e-02 -2.66925767e-02 -1.98567379e-02  3.60538531e-03
  4.21464257e-02  3.06285135e-02  2.71219667e-02  8.59286357e-03
 -1.84379257e-02 -8.01891312e-02 -6.08820915e-02 -3.23358215e-02
 -6.03209855e-03 -3.77575085e-02  5.56150079e-02  2.96109710e-02
 -2.71561760e-02  2.47075371e-02 -2.13688314e-02  2.52979863e-02
 -4.89961617e-02  5.37452893e-03  5.69734760e-02 -8.52786284e-03
  3.52010550e-03 -7.70587027e-02  1.92625336e-02 -1.14835873e-02
  5.19302972e-02 -5.11159860e-02 -7.04939365e-02 -3.34351370e-03
  1.46496683e-01 -2.41455249e-02 -3.87202129e-02  5.14335185e-02
 -1.48260772e-01  1.40185989e-02  6.85420483e-02 -9.37570557e-02
 -7.78939649e-02 -3.60320583e-02  2.04190556e-02 -6.07955679e-02
  4.09969017e-02  4.10943516e-02  5.10433652e-02 -9.25809890e-03
  8.92448500e-02 -8.11047629e-02 -1.20262071e-01 -1.04587516e-02
 -3.20450403e-02  2.99245381e-04  5.76904276e-03 -4.71718088e-02
  1.00547716e-01  2.15782598e-02  3.23878205e-03 -2.26931144e-02
 -2.02813577e-02  1.47824502e-02 -2.93720253e-02  5.96481003e-02
 -2.13122610e-02 -5.65184206e-02  1.51419966e-02  2.71599561e-01
  2.29324978e-02 -8.48648325e-03  1.24764489e-02  1.47740133e-02
 -2.55192500e-02 -1.06928878e-01 -6.72318088e-03  8.38562027e-02
  1.78631358e-02 -8.77227169e-03 -3.34713049e-02 -1.73807014e-02
 -1.10432515e-02  2.29490809e-02 -2.25071944e-02 -2.71245241e-02
  5.72964884e-02 -3.49939652e-02  7.06694415e-03  5.84329665e-02
  1.76551230e-02  1.20395515e-02 -4.26465534e-02  3.93276364e-02
 -3.80150303e-02 -1.02114148e-01 -6.98655024e-02 -5.78292454e-33
 -4.78248969e-02 -7.40044042e-02 -1.74056031e-02 -5.06014153e-02
 -8.74383450e-02  6.06859848e-02 -5.82498275e-02 -5.11002094e-02
 -1.50655359e-02  1.54464617e-02 -4.99679483e-02  4.26982418e-02
  2.19832286e-02  9.50444639e-02  1.47576824e-01 -1.71836875e-02
 -8.80586803e-02  4.65494134e-02  7.03267455e-02  3.94839384e-02
  1.74492951e-02  2.77229678e-02  4.51039784e-02  7.33510964e-03
 -1.87690146e-02 -2.09020991e-02 -1.11981332e-02 -4.38982137e-02
  1.14075407e-01  1.74082778e-02  6.75405413e-02  6.70662746e-02
 -1.63113587e-02 -4.28521633e-02 -6.76149875e-02 -3.21072303e-02
  5.36150439e-03 -4.28715721e-02 -2.61551677e-03 -1.10603524e-02
 -7.61493519e-02  4.00721980e-03 -6.47189468e-02  6.48625791e-02
  2.37897169e-02  1.19029675e-02  9.97753069e-02  2.03980543e-02
  2.28668191e-02 -4.30877134e-03 -2.25000046e-02  2.15869788e-02
 -6.09466843e-02 -1.14566438e-01  3.40627099e-04 -1.64004359e-02
 -2.13584639e-02 -8.05944949e-03 -1.80057976e-02 -2.45122202e-02
  1.77837838e-03  4.60313782e-02 -1.75594054e-02 -4.37928783e-03
 -3.23317125e-02  7.49693140e-02  1.33990757e-02 -1.38813350e-02
  3.72573324e-02 -1.93854030e-02 -1.06194122e-02  2.70420182e-02
  7.72800520e-02  2.50386223e-02  3.56858410e-02  1.04318790e-01
  1.53244184e-02  2.44335439e-02 -1.97372679e-02  1.14835668e-02
 -8.64282921e-02  3.85518279e-03  8.47041700e-03  8.52008164e-03
  3.37149277e-02  1.88803095e-02 -5.85900212e-04 -2.20300984e-02
  6.93623871e-02  4.59741540e-02 -8.75928476e-02  2.48796847e-02
 -4.36151549e-02  4.41962220e-02  4.96569537e-02  2.65819993e-33
 -2.54137404e-02  2.69799531e-02 -3.69004011e-02  7.01316893e-02
  1.17602125e-02 -8.29937588e-03 -9.39255394e-03 -7.02900216e-02
  1.21594705e-02  4.03347239e-02 -1.00348473e-01  1.41766286e-02
  1.15127325e-01  8.48430693e-02 -2.52612550e-02 -5.78037761e-02
  3.61873880e-02 -2.23281775e-02 -4.73351218e-03 -1.90742016e-02
 -4.98852096e-02  2.63305916e-03  5.04928678e-02  1.40454927e-02
 -2.48503443e-02  4.72339317e-02 -9.75202620e-02 -3.95913348e-02
 -7.32891485e-02 -1.05179744e-02  9.88389365e-03 -4.30553872e-03
 -2.75716968e-02  4.76669446e-02 -4.03655246e-02  1.23366825e-01
 -3.12868059e-02 -5.91562167e-02 -1.67298503e-02 -1.89650210e-03
  3.73726860e-02 -2.61138957e-02 -5.89939486e-03  5.13787530e-02
 -1.48962848e-02 -4.02687602e-02  1.20702209e-02  3.34578305e-02
  8.13616216e-02 -2.77841445e-02  8.37464482e-02  1.07145645e-01
  9.22173820e-03 -4.92944196e-02 -6.02031723e-02  1.07506393e-02
 -5.21206902e-03 -8.73564649e-03 -6.99362308e-02  5.88896275e-02
 -7.44375540e-03  6.32614791e-02 -1.20347301e-02  1.21366814e-01
 -3.79934832e-02  3.86329740e-02  1.97778437e-02 -6.63822144e-02
  6.42857030e-02 -7.83191249e-02  5.21705374e-02  2.40928270e-02
 -9.87423658e-02  4.31873016e-02 -2.12181062e-02  1.23107277e-01
 -2.30751485e-02 -2.37190886e-03  3.08553968e-02  1.00000640e-02
 -9.69070122e-02 -4.53036688e-02  4.01989408e-02 -4.75996844e-02
 -1.13494322e-01 -3.64988036e-02  1.18206199e-02 -3.65413912e-02
 -5.75158335e-02 -6.65835515e-02 -9.36726853e-02 -2.57132817e-02
  3.93128284e-04  2.35431269e-02 -1.22178691e-02 -1.45273216e-08
  9.76420101e-03 -6.87959045e-02  8.75197500e-02  4.99607697e-02
 -4.88906316e-02 -5.64619899e-02  2.83867549e-02  3.11135184e-02
  4.43051830e-02  1.12369210e-01 -2.09324937e-02  4.01181579e-02
 -1.21987043e-02  1.24368779e-01 -2.05932856e-02  4.08311337e-02
 -1.44534484e-02 -4.19498794e-03 -2.88074594e-02 -2.93319505e-02
  7.48598203e-02  3.74243222e-02  2.27925405e-02  1.25436056e-02
 -9.96709429e-03  1.89921688e-02  5.87882996e-02  3.51734906e-02
 -2.04706155e-02  4.85704504e-02  3.67124309e-03  1.68502573e-02
  4.96073568e-04 -3.66041064e-02 -4.07832861e-03 -4.41342369e-02
 -1.01781040e-02  1.81444380e-02  5.74877374e-02 -4.70501855e-02
  7.78905256e-03 -3.40198465e-02  3.72810522e-03 -2.99083050e-02
  8.62095356e-02 -2.03751903e-02 -3.93980518e-02 -2.15753410e-02
  3.64494137e-02 -5.33286035e-02  5.31478738e-03  3.41062658e-02
  2.40126494e-02 -5.79727441e-02  2.93064341e-02 -5.23534305e-02
  1.52527429e-02 -3.87708074e-03 -1.04476921e-01  3.27531956e-02
  7.09271580e-02 -3.25226076e-02  5.41969314e-02 -3.61004509e-02]"
230,Human Capital Development,Social,workforce,1,0.3819,"[-6.01225719e-02  8.11219332e-04 -3.42895836e-02  6.21383414e-02
 -7.83692766e-03  1.47626083e-02  6.16421849e-02 -6.95864782e-02
 -2.89757568e-02 -2.08420190e-03 -3.45239677e-02 -1.61232185e-02
 -8.24538339e-03 -7.54170865e-03 -2.77385116e-02 -3.13166268e-02
  1.25363143e-02 -1.67443380e-02  4.22765799e-02 -5.84965907e-02
 -8.48453119e-02 -1.27153564e-02 -4.97699566e-02  7.31486222e-03
  2.10995954e-02  4.82522100e-02 -5.15435152e-02  3.95232178e-02
 -7.07736313e-02 -8.35431740e-02 -2.65680272e-02  9.00611952e-02
  5.95679954e-02  9.30498727e-03  1.66342352e-02  4.06633466e-02
  3.48403677e-02  4.55019623e-02  5.01053557e-02 -6.61789672e-03
 -5.39526157e-02 -9.11292210e-02 -1.95321944e-02 -2.08071508e-02
 -2.55159140e-02 -1.22755347e-02  2.76468806e-02  2.54673101e-02
  4.15233243e-03  4.71785441e-02 -4.79860185e-03 -8.20216984e-02
  4.00661416e-02  9.31239948e-02 -1.17691502e-03 -4.79278490e-02
  3.73498537e-02 -5.97072616e-02 -4.00749072e-02  1.98270082e-02
 -3.17125916e-02 -3.43811363e-02 -6.52290657e-02  3.70273963e-02
  1.05599813e-01 -2.71414351e-02 -6.94716573e-02 -4.59164521e-03
 -8.30985978e-02 -7.54280314e-02 -1.31057585e-02 -5.00512272e-02
 -5.30527681e-02  4.21497459e-03  1.10228851e-01 -4.91558984e-02
 -1.11921411e-03 -2.11161170e-02  1.42690524e-01 -4.84893881e-02
  5.01959994e-02 -1.44590801e-02 -3.74307595e-02  1.15847670e-01
 -7.13332593e-02 -6.01008236e-02  1.33658508e-02  5.68119697e-02
  3.19801718e-02 -3.15538906e-02 -2.22508498e-02 -4.35420498e-02
  2.77787782e-02  2.17588004e-02 -8.23606327e-02 -2.98371091e-02
  1.62867997e-02  3.66851203e-02 -1.54577782e-02  1.85827062e-01
 -8.05261172e-03 -3.23398933e-02  1.65000092e-02 -1.92710999e-02
 -9.60354209e-02 -1.31842624e-02 -5.50493337e-02  4.91558947e-02
 -2.60757171e-02  1.27673922e-02 -4.94105667e-02  4.15815674e-02
 -1.20862603e-01  7.49910474e-02  1.03274658e-02 -9.28133260e-03
 -4.32712119e-03  3.89916152e-02 -2.33951379e-02  9.16833654e-02
 -1.41703961e-02  3.82731035e-02 -9.40272063e-02 -8.07924569e-03
 -5.15050329e-02 -8.73991176e-02  6.95073931e-03 -6.88488217e-33
  2.48216167e-02  1.00640638e-03  6.35212585e-02  1.10173322e-01
  7.87566155e-02 -1.62826143e-02 -4.92259394e-04  6.26436993e-02
  1.12531288e-02 -5.31490855e-02 -8.17099214e-02  8.47709477e-02
 -9.36946366e-03  5.07045537e-02  5.81542924e-02 -4.57599200e-02
  3.35091748e-03  1.15278192e-01 -2.19357572e-02  2.30442099e-02
 -1.42209670e-02 -3.01544238e-02 -8.79927948e-02  5.98448664e-02
  4.12910106e-03  3.18341777e-02 -2.13524643e-02  1.75245292e-03
  6.46415204e-02  4.01848294e-02 -8.24420014e-04  5.92423677e-02
  3.29212397e-02 -1.13955606e-02 -4.84156460e-02 -2.64939722e-02
 -2.88259983e-03 -7.12777451e-02  1.92263424e-02 -3.29018123e-02
 -4.06757593e-02  1.42306695e-02  7.02573508e-02  2.10089367e-02
  1.06760655e-02  4.69569378e-02  4.09793034e-02  2.34352071e-02
 -2.68498138e-02  1.18825950e-01 -1.26869231e-02  3.89132053e-02
  4.59869988e-02  3.62201259e-02  4.22721580e-02 -1.81404804e-03
  2.37294938e-02  4.96631861e-03 -1.78574547e-02 -3.23018432e-02
  4.27366905e-02  9.53053609e-02 -2.27123257e-02  2.07877643e-02
  7.88916722e-02  1.77977397e-03 -2.98936921e-03  4.24538665e-02
  9.89400521e-02  3.36035267e-02 -4.57760356e-02  2.83758938e-02
  4.30666320e-02  5.04170656e-02 -5.27065173e-02  7.16864839e-02
  2.84163393e-02  2.68735904e-02 -3.23398560e-02  4.07057721e-03
  1.72666013e-02  4.02592868e-03 -4.28851284e-02 -3.80760059e-02
  1.02172844e-01  1.20082339e-02  4.07575630e-02 -5.15358672e-02
  6.42072484e-02  3.18721607e-02 -6.09447025e-02 -2.93205045e-02
  3.05625238e-02  9.28657651e-02 -2.86904369e-02  4.15550000e-33
 -3.99073400e-02  1.80476101e-03 -9.51386690e-02  6.46256730e-02
  3.14361267e-02  4.68551693e-03  1.13660730e-01 -5.59118055e-02
  8.74623470e-03  8.99058878e-02 -8.23102295e-02 -7.62239248e-02
  8.13953858e-03  3.22608836e-02 -5.07470667e-02 -9.04939994e-02
  1.34050101e-02 -4.53111297e-03 -5.56436814e-02  6.42389655e-02
  4.42026295e-02 -6.29281476e-02  8.73336010e-03  3.01485825e-02
  6.31389022e-02  4.32610102e-02 -8.85448605e-02 -7.39885196e-02
 -6.35300428e-02  2.13736817e-02 -3.74293625e-02 -5.88570908e-02
  2.80020218e-02  3.93373407e-02  7.85840151e-04 -3.22675146e-02
 -3.69418599e-02  4.07368727e-02 -4.92210640e-03  1.16393529e-02
  5.63497581e-02 -4.93168682e-02 -6.64350763e-02  8.31017643e-02
 -2.24550236e-02 -4.00079042e-02 -3.10028009e-02 -2.01198068e-02
  2.78212726e-02 -4.11977246e-02 -4.46037911e-02  7.45467190e-03
 -5.99744879e-02 -2.75628660e-02 -4.68200259e-02 -3.80339213e-02
 -1.17040528e-02 -4.87315431e-02 -4.18823585e-02  2.54058950e-02
 -1.20920716e-02 -1.30840568e-02 -1.95830688e-03  8.89871046e-02
  2.65449472e-02 -6.04541712e-02  3.55863050e-02 -4.47366908e-02
 -2.54226197e-02  1.01106698e-02  9.64991227e-02  4.17312607e-02
  5.37282452e-02  1.05698910e-02 -3.17087620e-02  1.13097727e-02
 -2.27209572e-02 -3.07682883e-02 -3.99819762e-02  2.99219117e-02
 -3.63922678e-02 -6.37378544e-02  3.62146385e-02  3.33423577e-02
 -5.74296303e-02  6.95158094e-02  5.54965772e-02 -5.30800549e-04
 -7.25125223e-02 -1.01263106e-01 -5.78039587e-02 -1.81892980e-02
 -3.22220400e-02 -5.59824891e-02 -5.13032191e-02 -1.25799096e-08
  2.29386408e-02 -4.24181297e-03 -7.76705984e-03 -3.37196104e-02
  2.59312131e-02 -5.63172325e-02  2.04537921e-02  2.87122512e-03
  6.20050766e-02  1.00083061e-01  7.73522863e-03 -1.76186990e-02
  5.84147796e-02  4.82898578e-02  9.47915390e-02  8.78558457e-02
 -1.06325727e-02 -4.64030681e-03 -8.98464844e-02 -9.06431079e-02
  7.70798177e-02  5.25659807e-02 -5.07274196e-02  7.44134234e-03
 -9.30978078e-03  2.05584355e-02 -7.67234489e-02  7.46750608e-02
  1.62314642e-02  3.16558331e-02 -1.65974107e-02  1.55911325e-02
 -4.18153144e-02 -9.84547958e-02 -3.05530690e-02 -5.13421632e-02
  3.31972837e-02 -4.62985560e-02  1.60271619e-02 -9.74130258e-02
  4.38925065e-03  7.23044723e-02 -1.85163934e-02 -3.41982916e-02
  7.51123130e-02 -4.14772779e-02 -1.06678635e-03  6.52317554e-02
 -6.19915500e-02 -5.62885478e-02 -2.96851657e-02 -4.04295325e-03
  5.21001182e-02  4.24690656e-02  2.50238832e-02 -3.10461093e-02
  2.83482075e-02 -6.26567230e-02 -4.58031856e-02  5.58706075e-02
  1.35885358e-01 -1.80853345e-03  1.37263879e-01 -6.95199473e-03]"
231,Human Capital Development,Social,growth,2,0.3727,"[-1.06087944e-04  2.82921400e-02 -3.04689445e-02  5.35120741e-02
  1.06356740e-02 -1.12803169e-02  1.54812355e-02  1.18254647e-02
 -4.47391495e-02  6.35554269e-02  8.84153321e-02  2.76641715e-02
 -2.81726150e-03  1.58735588e-02 -7.08692521e-02  2.71530636e-02
 -6.40366301e-02 -2.65568662e-02 -1.29130378e-01 -7.29234964e-02
  4.22631577e-03 -3.15619595e-02  3.76602355e-03  3.25237811e-02
  1.85272545e-02  1.88633259e-02 -7.83967897e-02  1.78481918e-04
  3.88934389e-02 -6.76833764e-02  5.77525562e-03  1.15039818e-01
  9.95473638e-02 -3.31036747e-02 -1.00103253e-02  2.04646867e-02
  9.73283425e-02  2.38267370e-02 -1.16429022e-02  2.48917565e-02
 -4.62814933e-03 -7.59229660e-02 -4.43676412e-02 -4.63698432e-02
  2.50070784e-02 -3.87389548e-02  1.65572029e-03  7.45843649e-02
 -3.83024514e-02 -3.62622552e-02 -5.27487434e-02 -6.68814930e-04
 -4.00776751e-02  1.26803480e-02  6.11308180e-02 -5.08320779e-02
 -4.46666330e-02 -3.39702633e-03  3.54195083e-03 -2.17554104e-02
  1.63233969e-02  5.08936588e-03 -1.52190374e-02 -1.76733434e-02
  9.59441438e-02 -1.99292675e-02  3.47764464e-03  4.27855598e-03
 -9.70320031e-02  4.14411053e-02  1.34083424e-02 -4.44856053e-03
 -2.52546817e-02  2.98610311e-02  1.03134196e-02 -8.29689577e-02
 -1.48714967e-02  3.97259071e-02  1.29198551e-01 -4.95537277e-03
  4.47644331e-02  3.83566581e-02 -8.79082456e-02  4.41689342e-02
 -5.66828102e-02  1.09251225e-02  6.47269636e-02 -3.65359001e-02
 -7.91756716e-03 -3.61491740e-03  6.50533661e-03  5.00317961e-02
 -9.41219106e-02  2.63328236e-02 -9.08286348e-02  7.77647085e-03
 -1.16737887e-01 -1.91777527e-01 -1.42749371e-02  1.89266950e-01
  3.02190743e-02  4.99823317e-02  3.38128842e-02  1.25730261e-02
 -1.02633266e-02 -1.70796160e-02 -5.00641540e-02  7.64767528e-02
  5.41078039e-02  7.69378170e-02 -1.12925945e-02  2.68550031e-02
 -4.61785235e-02  8.36991817e-02  2.75556240e-02  2.39306241e-02
  1.89665295e-02  1.05115147e-02 -4.02387604e-02  3.77537720e-02
  9.33376625e-02  7.69746602e-02 -6.52587414e-02  1.70061737e-02
 -1.06016070e-01 -2.64066644e-02 -5.03271865e-03 -4.17799786e-33
 -6.15231730e-02 -9.43798423e-02  5.35978191e-02  9.61158425e-02
 -2.48243138e-02 -6.32672710e-03 -6.28249720e-02 -2.08208710e-02
 -2.85441685e-03 -3.33666205e-02 -6.63055107e-02  4.07477468e-02
  1.58820394e-02 -1.15702851e-02  1.56571075e-01 -3.91299017e-02
 -7.72205926e-03  8.25856328e-02  3.58474255e-02 -7.05920067e-03
 -2.87607145e-02  1.21112326e-02  9.04430356e-03  4.42044958e-02
  5.34671918e-02 -5.09683089e-03  2.21123546e-02 -5.62247671e-02
 -3.94478999e-02 -8.59058648e-03  6.68058544e-02 -2.31344271e-02
 -8.91578943e-02 -8.13957900e-02 -3.80750187e-02 -5.84676266e-02
  1.73463821e-02 -4.08435799e-02  4.51566391e-02  2.07063798e-02
  2.09976133e-04 -2.33114678e-02 -1.12522794e-02  1.90766864e-02
 -2.55645905e-02  4.16212417e-02  7.78544396e-02 -2.52298452e-02
 -7.72686899e-02  1.17358388e-02  5.36277927e-02  2.37189252e-02
 -2.48276871e-02 -6.08455911e-02  7.02904016e-02  3.78389806e-02
 -1.19306147e-02  3.26462230e-03  2.93369725e-04  2.29323562e-03
  9.90116782e-03 -2.12583132e-02 -5.87081984e-02  1.12284027e-01
 -4.79115099e-02  2.26096883e-02  3.29976268e-02  7.65917404e-03
  4.38887179e-02  1.27737448e-02  1.76179539e-02 -2.81228591e-02
  7.32466802e-02  5.21852402e-03 -1.59193333e-02 -3.44759040e-02
 -9.50016454e-03  1.62910055e-02 -6.56801909e-02  9.45775509e-02
 -3.53812054e-02 -2.60274950e-02  1.33966394e-02 -7.40596130e-02
  4.93537374e-02 -4.36515100e-02 -3.04731298e-02  9.20634437e-03
  8.07824656e-02  3.67778689e-02 -3.66503522e-02 -7.39988014e-02
  3.80302668e-02  3.99570763e-02 -2.12866589e-02  2.50988817e-33
 -6.98002474e-03 -3.38431378e-03 -3.53810526e-02  2.80234423e-02
  1.36279473e-02  8.15108046e-03 -6.59093261e-02  5.05675599e-02
  1.22186663e-02 -3.18674892e-02 -5.45735378e-03  5.08565009e-02
  5.96131757e-02  3.42664160e-02 -1.45054469e-02 -2.15786435e-02
  8.50966796e-02  3.10196728e-02 -9.31556744e-04  1.03039732e-02
 -4.61928397e-02 -1.28678558e-02 -4.93022241e-02  3.87103893e-02
 -1.43988300e-02  3.80603112e-02 -9.84366462e-02  9.02829785e-03
 -2.86645647e-02  1.44581851e-02  8.68004747e-03  9.91724199e-04
 -2.11528465e-02  3.58705036e-02  7.95402937e-03 -9.15246201e-04
  2.61421259e-02 -4.74796370e-02 -5.06508686e-02 -1.82571653e-02
  5.44911884e-02  4.48412262e-02  5.06345779e-02  4.82021794e-02
 -1.43189589e-02 -3.44457440e-02  3.17017734e-02  3.32755819e-02
  5.02725393e-02  2.42794212e-02  5.24499677e-02  1.91762056e-02
 -1.07995840e-02 -5.44523485e-02 -5.42293638e-02  5.11457548e-02
  1.92407686e-02  1.78668536e-02 -6.14992455e-02  2.05094181e-02
 -3.19998674e-02 -5.62448837e-02 -5.57515994e-02  2.48390324e-02
 -8.01382884e-02  2.73664668e-02  2.26630084e-03 -5.43272309e-02
  1.03514744e-02 -1.86233167e-02  9.27717611e-02  2.00759005e-02
 -1.28152231e-02  2.41584219e-02 -1.50788918e-01 -9.08994675e-03
 -1.10994428e-02  1.02596646e-02 -8.54209438e-03 -4.54792194e-03
 -8.80940333e-02  4.12235328e-04  5.68265840e-02 -3.76172713e-03
 -1.11639239e-01 -4.82118614e-02  3.88136059e-02 -6.10080771e-02
 -4.20456789e-02  5.32879271e-02 -8.01724494e-02 -4.86551896e-02
 -1.35619670e-01 -1.06601156e-01  4.28371578e-02 -1.16859145e-08
  2.37022005e-02  2.23358208e-03  2.06786841e-02  3.39315794e-02
  9.63057578e-02  2.05002055e-02  9.62027311e-02  7.36894310e-02
  4.71284501e-02  1.06759325e-01 -6.47054687e-02  6.26422018e-02
  4.91872728e-02  7.02535957e-02  4.60736454e-02 -4.16798005e-03
 -2.38992982e-02 -1.42248580e-02 -5.46013676e-02 -6.22051321e-02
  2.97392569e-02  7.33472034e-02  7.24737719e-02  4.34315093e-02
 -3.16578336e-02 -1.06784299e-01 -2.30073780e-02  3.07529420e-02
 -8.93845633e-02 -2.92184297e-02  1.17434166e-01  3.75908948e-02
 -7.45461415e-03  6.27466571e-03  2.59850491e-02 -3.35597992e-02
 -2.13513710e-02  3.39560062e-02  4.87246551e-02 -7.17755556e-02
 -7.61202583e-03  2.80891191e-02  8.74447525e-02 -5.71178123e-02
 -3.53527106e-02 -7.13948905e-02 -6.05606213e-02  2.15603244e-02
 -1.30879730e-02 -9.18022543e-02  8.04579929e-02 -1.94262806e-03
 -2.68716551e-03 -5.20765921e-03  5.66929989e-02  1.49930483e-02
  3.07728862e-03  4.25755279e-03 -5.58996946e-02  3.40109318e-02
  6.18880987e-02 -3.75475027e-02  7.31408298e-02  4.74934205e-02]"
232,Human Capital Development,Social,economy,2,0.371,"[-3.20174657e-02  4.58573885e-02 -6.58578277e-02  2.80930661e-02
  6.37050271e-02  1.82745755e-02  8.78482908e-02 -4.82337028e-02
 -2.43608970e-02 -3.16795185e-02  3.56442779e-02 -2.03166660e-02
 -1.95266549e-02 -3.16317491e-02 -1.16060199e-02 -6.87182648e-04
 -3.09956484e-02 -5.95938750e-02 -8.17503408e-02 -3.32517512e-02
 -4.33762185e-02  4.57852054e-03 -2.84693390e-02 -3.26325782e-02
 -2.29248665e-02  6.38511851e-02 -2.47567482e-02  3.29201892e-02
 -2.40525939e-02 -1.01461165e-01 -2.62509882e-02  5.69949858e-02
  9.72543061e-02  1.52395647e-02 -2.01478302e-02  1.19772581e-02
  7.52224997e-02 -4.48249700e-03  3.89562435e-02 -2.53562629e-02
 -1.42526440e-02 -8.47115964e-02 -4.02645096e-02 -3.70153151e-02
  2.25848164e-02 -2.00036988e-02  4.15486842e-02  2.97849495e-02
  5.94760478e-02  5.91947585e-02  1.71841886e-02  4.40252200e-02
 -2.46755462e-02 -1.88149847e-02  3.42240222e-02  4.02570553e-02
 -2.08445489e-02 -5.76315820e-02  5.16649988e-03 -3.62905562e-02
  5.88152334e-02 -3.96554880e-02 -2.75276043e-02  1.24350470e-03
  1.41401112e-01 -3.59249450e-02 -5.95518798e-02  5.58521487e-02
 -1.64783716e-01  3.85884428e-03  5.05775623e-02 -9.81284529e-02
 -8.96998569e-02 -6.80130944e-02  1.68780629e-02 -6.75704926e-02
  4.53489199e-02  2.64761653e-02  4.67968248e-02 -3.41955014e-02
  7.98320323e-02 -6.79150373e-02 -1.10668108e-01 -3.90193821e-03
 -3.44474725e-02 -7.94118177e-03 -1.45566678e-02 -2.24277247e-02
  6.92863911e-02  5.80910454e-03 -1.04963016e-02 -3.54559980e-02
  3.73907224e-03  1.46874497e-02 -1.40674319e-02  4.06034477e-02
  1.22891022e-02 -3.64217311e-02  1.45679228e-02  2.57325858e-01
  6.09082021e-02  2.08994728e-02  6.15313500e-02  3.92584167e-02
 -5.47587462e-02 -8.59558582e-02 -2.35904269e-02  1.26156852e-01
  6.17103325e-03 -4.47431440e-03 -3.51380259e-02 -9.15644784e-03
 -3.43183242e-02  4.19592559e-02  3.73332016e-03 -2.06753090e-02
  5.45232035e-02 -4.47358191e-02  1.61934178e-02  5.83370849e-02
  1.39273554e-02  5.39132692e-02 -4.31928299e-02  3.54912318e-02
 -7.35832676e-02 -7.46397749e-02 -4.87976298e-02 -5.10947905e-33
 -4.00522910e-02 -6.00198135e-02  7.40105473e-03 -4.74608950e-02
 -8.39407668e-02  7.02858269e-02 -3.64100225e-02 -1.74625013e-02
 -4.79914024e-02  5.77602945e-02 -6.34219646e-02  6.82829693e-02
  2.62491629e-02  9.10056680e-02  1.36999190e-01  2.26088986e-02
 -1.01573579e-01  4.91397679e-02  7.29731470e-02  1.24103855e-02
  4.49734274e-03  1.01293679e-02  2.12130919e-02  1.58505868e-02
 -1.30168376e-02 -3.12223826e-02 -1.45247271e-02 -9.64501221e-03
  1.02491073e-01  1.91956982e-02  6.32545948e-02  6.42480627e-02
 -1.54605154e-02 -4.60917689e-02 -9.22018364e-02 -3.08435597e-02
  2.84205899e-02 -2.71326844e-02 -2.38028746e-02 -4.98752780e-02
 -9.43662822e-02  2.52976501e-03 -5.30481227e-02  4.12705131e-02
 -7.18646403e-03  2.57949028e-02  1.07576638e-01  2.41674203e-02
  4.05745916e-02  4.81609777e-02 -3.01118325e-02  1.68764521e-03
 -3.82584557e-02 -1.06931120e-01 -3.56334541e-03 -3.71516570e-02
 -4.11147289e-02  1.18356235e-02 -7.44770467e-03 -7.38587901e-02
  2.19352711e-02  2.11242791e-02 -1.42274415e-02 -1.11721270e-02
 -2.41065063e-02  8.20308700e-02  2.40692422e-02  6.85146824e-03
  1.23103037e-02  1.50293503e-02 -2.09853854e-02 -1.11295190e-02
  9.14338753e-02  4.17082794e-02  3.16469260e-02  1.27507344e-01
  1.21571012e-02  2.71597896e-02 -7.21539408e-02 -1.30386250e-02
 -3.87668572e-02  9.82614607e-03  3.83518189e-02 -1.50464205e-02
  6.75391555e-02  2.98569743e-02 -7.96024501e-03 -7.42431283e-02
  7.34283626e-02  2.81671397e-02 -1.33600280e-01  2.31874231e-02
  9.83738527e-03  5.09371273e-02  5.79223447e-02  2.61124223e-33
  2.51431693e-03  5.10834903e-02 -9.08710510e-02  6.07080832e-02
 -2.85892263e-02 -6.21447433e-03  3.20991911e-02 -3.14476565e-02
 -4.76066694e-02  1.56487245e-02 -1.18444048e-01  6.68003969e-03
  1.01198226e-01  6.94171339e-02  1.01883942e-02 -5.17054275e-02
  4.80163693e-02 -2.13287454e-02 -3.19482386e-02 -1.66233676e-03
 -5.49612269e-02 -2.23513246e-02  2.22467054e-02  1.95843671e-02
 -1.77861266e-02  7.36811608e-02 -1.11893572e-01 -6.05108403e-02
 -3.90969403e-02 -2.76438938e-03  1.07882358e-02 -5.45641547e-03
  1.65545382e-02  3.24208327e-02 -4.17313948e-02  5.90431280e-02
 -6.58182129e-02 -4.43508402e-02  1.29843857e-02  2.34846883e-02
  4.71139550e-02 -4.12917472e-02 -2.63265595e-02  1.27448782e-01
 -2.30564475e-02 -5.16549088e-02 -7.90376123e-03 -7.79134745e-04
  6.80325106e-02 -2.95377914e-02  4.32480127e-02  8.38918537e-02
 -1.46642802e-02 -4.89266478e-02 -5.43924235e-02  4.84086685e-02
  3.04616690e-02  2.30012904e-03 -6.72152415e-02  1.56981796e-02
 -3.30874920e-02  5.15479781e-02 -1.95379350e-02  7.31060803e-02
 -1.52770132e-02  3.13377157e-02  1.88878234e-02 -3.84519584e-02
  6.10409454e-02 -4.01815549e-02  4.31713015e-02  2.25908794e-02
 -7.63884485e-02  7.64832646e-02 -4.07392271e-02  8.32731947e-02
  2.98917964e-02  1.67196617e-02  5.83953261e-02  1.73594784e-02
 -6.24462701e-02 -6.18742444e-02  3.89788449e-02 -3.99653874e-02
 -1.01433568e-01 -2.82991584e-02 -1.32817812e-02 -2.84549966e-02
 -3.41236889e-02 -5.90770952e-02 -9.09244120e-02  9.30898543e-03
 -1.04575204e-02 -3.65703623e-03 -2.77768373e-02 -1.36177158e-08
  3.23325233e-03 -4.29558009e-02  5.52334003e-02  3.38146649e-02
 -5.20599522e-02 -1.26459785e-02  5.38734943e-02  6.56621605e-02
  7.07938522e-02  8.20101425e-02 -2.40276195e-02  3.73843536e-02
 -4.05255482e-02  6.75510466e-02 -2.32273117e-02  2.35411879e-02
 -2.92227603e-02  1.09676830e-02 -3.38245630e-02 -3.85010317e-02
  5.78410476e-02  3.90357263e-02  2.31518019e-02 -6.25197776e-04
 -5.79600409e-03 -5.27993962e-03  4.41738553e-02  3.74698602e-02
 -4.61821735e-04  1.67978816e-02 -1.71851572e-02  3.88537906e-02
 -6.21934608e-03 -6.44241124e-02 -3.96631658e-02 -2.97861863e-02
  2.09709406e-02  6.72344025e-03  3.68517861e-02 -9.02442336e-02
 -4.25658235e-03 -1.96059793e-02 -1.90536194e-02 -7.57817179e-02
  5.89310899e-02 -3.27941664e-02 -4.27922159e-02 -5.87553643e-02
  4.37370986e-02 -4.35824692e-02 -3.40202115e-02  1.71199758e-02
  4.84099202e-02  4.76504676e-03  4.94157150e-02 -7.37389252e-02
  1.36796581e-02 -1.28145022e-02 -9.98910740e-02  4.29379530e-02
  8.43494162e-02 -4.01008204e-02  5.55465110e-02 -3.06441560e-02]"
233,Human Capital Development,Social,innovation,5,0.3531,"[-5.43591864e-02  2.03152373e-02 -4.29159366e-02 -4.56291586e-02
  8.66482966e-03 -1.24585731e-02  2.05276832e-02  5.62821254e-02
 -9.83100664e-03  1.73487812e-02  5.77561297e-02  4.57648672e-02
 -1.74277853e-02 -4.89021465e-02  3.03569762e-03 -2.18114797e-02
 -4.44225259e-02 -3.38124521e-02 -8.85906890e-02 -1.15808398e-01
 -2.83863284e-02 -1.68497153e-02  5.30976169e-02  7.25024380e-03
 -4.86682579e-02  8.49662945e-02 -1.78548098e-02 -1.74970888e-02
  7.43991360e-02 -9.14398506e-02  2.00039875e-02  8.35592672e-02
  4.04698998e-02 -8.95898864e-02  1.16803888e-02  2.41584815e-02
  6.55530319e-02  5.65523058e-02  3.89294326e-02 -5.68324886e-02
 -5.90606481e-02 -1.23366602e-01 -6.51980285e-03 -1.16730167e-03
  1.02352360e-02 -1.24071110e-02  2.63401568e-02  1.90468933e-02
 -1.82613209e-02  3.79118770e-02 -4.18338068e-02 -6.41434416e-02
 -5.14657646e-02 -1.03549883e-01  5.10940775e-02 -2.80044302e-02
 -2.63593774e-02 -2.43038237e-02 -1.00913160e-02 -2.63305977e-02
  1.18323609e-01  1.52793585e-03  1.64823849e-02  3.85471247e-02
  2.95149796e-02 -2.04545222e-02 -4.87899110e-02  6.66923672e-02
 -3.34955789e-02 -2.04144996e-02  6.34283945e-02 -3.06009315e-02
 -1.31427543e-03 -8.90158769e-03  3.99909467e-02 -5.58340810e-02
  2.28464454e-02  7.47855902e-02  8.54772329e-02  3.25005800e-02
  3.46534923e-02 -3.40061001e-02 -4.74814065e-02  5.75981699e-02
 -2.65318509e-02 -1.61239803e-02 -2.28408240e-02 -3.99584435e-02
  3.81332487e-02 -4.76853885e-02 -4.09987196e-02  5.13070170e-03
 -1.14952601e-01 -1.91523451e-02 -5.51182963e-02  3.62776406e-02
 -4.03490178e-02 -6.07491434e-02  1.24381082e-02  2.40183294e-01
  2.50269240e-03  5.48768714e-02 -1.46993427e-02 -3.42441648e-02
 -2.33546793e-02 -4.62049358e-02 -3.44495252e-02  5.38808703e-02
  6.02054819e-02  1.98418703e-02 -3.85774560e-02  1.58449896e-02
  1.74231958e-02  5.13192974e-02  4.70319837e-02  2.23180801e-02
  1.77578684e-02  1.44233089e-02  1.76391955e-02  2.10621115e-02
  5.72340749e-02  1.07178120e-02 -4.76711020e-02  1.38496573e-03
 -7.63588548e-02 -4.61593866e-02 -8.64157677e-02 -6.45704337e-33
 -5.85496910e-02  9.05218497e-02  4.26200889e-02  1.22777224e-01
 -2.83678733e-02  3.02601293e-05  5.71644353e-03 -2.50579789e-02
 -3.75724547e-02 -3.61351110e-02 -2.46953312e-02  1.17057711e-02
  7.15036876e-03  6.40125573e-02  1.49513990e-01 -7.03799650e-02
 -8.16465318e-02 -2.31331214e-02  6.67988211e-02 -4.82457839e-02
 -1.40288202e-02 -2.89706253e-02  6.81984201e-02 -1.21033052e-02
  2.53715143e-02 -3.74805667e-02  5.06985001e-02 -3.16691212e-02
  4.77023795e-02  3.64345275e-02  3.42421792e-02  8.20021182e-02
 -2.31372602e-02 -8.67141970e-03 -1.08343385e-01 -3.90327647e-02
  1.33351358e-02 -1.58985585e-01  5.03995456e-02  2.03935001e-02
 -3.42818126e-02 -1.85271110e-02 -4.15648855e-02  3.36089954e-02
  2.65044440e-02  7.01380447e-02  5.54207824e-02  1.90964304e-02
  2.70156786e-02 -1.30636478e-02 -6.54957220e-02  5.93882725e-02
 -4.89419736e-02 -5.51509671e-02  9.40962657e-02 -4.28149588e-02
 -4.91031297e-02  6.64695818e-03  7.67195895e-02  8.84856284e-03
  4.91954619e-03  5.87600358e-02 -5.92569411e-02  1.01821303e-01
 -1.07831461e-02  9.36511531e-02  1.10345170e-01 -2.83665359e-02
  4.48014066e-02  1.61430426e-02 -1.67733449e-02 -5.08578531e-02
 -4.72576767e-02  6.51047053e-03 -5.46615459e-02 -2.58577950e-02
 -7.32393861e-02  3.81372981e-02  3.23604606e-02  9.10712499e-03
 -3.81312072e-02  1.24603491e-02 -6.31298451e-03  5.58490790e-02
  7.21199205e-03 -4.20767552e-04  2.27836315e-02  1.01583004e-02
 -1.98888499e-03  2.92703770e-02 -2.28412356e-02  1.01458002e-02
 -9.77991614e-04  2.39192098e-02  2.97038420e-03  4.34228605e-33
 -1.58301294e-02  2.24363268e-03 -8.51516053e-03  8.52163881e-02
  4.87859175e-02 -3.26523185e-02 -2.68513616e-02 -5.75843118e-02
 -1.12504791e-02  3.13233286e-02  2.75604129e-02 -3.51728015e-02
 -1.73836835e-02  6.21334948e-02 -2.98661888e-02  7.02546025e-03
  3.99850346e-02 -6.14540838e-02 -4.00497578e-03  1.53795332e-02
  8.31087753e-02 -3.07439249e-02 -1.57019552e-02  2.69930083e-02
  1.36915268e-02  4.11275700e-02 -1.09976843e-01 -4.63199541e-02
 -4.66217063e-02 -1.32946586e-02  2.17322111e-02 -4.62723523e-02
 -3.50054577e-02  8.33601132e-02  4.73038368e-02  1.19821928e-01
  6.99007586e-02 -4.44714539e-02  5.39880618e-03 -2.55106986e-02
  3.96552915e-03 -4.38688435e-02  6.20034989e-03  7.67694116e-02
  2.70721558e-02 -2.87179630e-02 -7.72928214e-03  7.07005092e-04
  6.73635304e-03 -2.34105662e-02  8.39296356e-02  1.00103822e-02
 -5.54212090e-03 -1.36726394e-01 -2.83645261e-02  7.56646171e-02
  5.40717952e-02 -1.12586706e-04  2.59709486e-04  3.12068127e-02
  1.88347772e-02  1.12121319e-02 -4.34835218e-02  2.04348806e-02
 -2.58951392e-02  2.19640695e-02 -2.34171457e-04  4.37464043e-02
  8.73740762e-03 -6.99456781e-02  5.54515906e-02 -2.35891379e-02
 -1.26380503e-01 -3.01332660e-02 -9.35157239e-02  1.93723012e-02
 -4.98997234e-03 -5.41469455e-02 -7.97271356e-02 -1.00464048e-02
 -8.89618993e-02 -2.83045284e-02  7.46095926e-02 -2.34604590e-02
 -5.19631170e-02  7.08782896e-02 -2.31812708e-02 -1.29701020e-02
 -4.09933217e-02 -4.01253365e-02 -7.92913437e-02  4.25282009e-02
 -1.27310231e-01  3.82455774e-02  2.19319128e-02 -1.31745548e-08
 -1.03601059e-02 -1.98978260e-02  5.80177307e-02  3.15008871e-03
 -7.03592726e-04  3.95187922e-03 -3.92795764e-02  4.29676324e-02
 -9.47374851e-03  2.09414773e-03 -5.49516641e-02  4.94684651e-02
  4.68403734e-02  1.36036739e-01  4.36935537e-02  2.79156324e-02
 -4.27911766e-02  1.68189891e-02 -4.83350344e-02 -1.11027993e-02
  7.90684745e-02  1.03277490e-01  8.83387227e-04 -4.63253371e-02
 -2.67820675e-02  9.42672486e-04  5.01386262e-02 -3.86975706e-02
 -1.77527312e-02  4.08053100e-02  3.18958461e-02 -1.08963056e-02
  1.03001893e-02  2.74139810e-02 -2.04001758e-02 -5.10479212e-02
  7.91993178e-03 -6.95755854e-02 -7.14549609e-03 -8.40019286e-02
 -1.40638743e-02  4.68416698e-02  1.39225069e-02  3.46136205e-02
 -9.50161591e-02 -4.92841303e-02 -2.61051729e-02 -2.36743428e-02
 -2.77568195e-02 -3.64006162e-02  4.70084175e-02  3.72807980e-02
  2.23611332e-02 -3.61436456e-02  6.74438924e-02 -1.62197109e-02
  3.41256522e-02 -1.11587420e-02 -4.16524448e-02  4.53553908e-02
  1.62027761e-01 -2.10310854e-02  1.31104335e-01  2.45737731e-02]"
234,Human Capital Development,Social,sustainability,6,0.3455,"[ 4.10689507e-03  1.18057869e-01  6.51803939e-03  2.01633498e-02
  6.49562180e-02  1.96664799e-02 -1.85424853e-02 -4.37019281e-02
 -1.89063288e-02 -1.94131453e-02  1.53809488e-02 -6.06852099e-02
 -1.38276825e-02  3.28618800e-04 -6.36824667e-02  2.99334037e-03
 -1.04614154e-01  2.85492968e-02 -3.15095522e-02 -4.46097665e-02
 -4.81216013e-02 -6.52997335e-03  1.40605820e-02  2.21560858e-02
 -8.52372646e-02  1.11566447e-01 -4.57940809e-02 -2.10122038e-02
  4.49358523e-02 -1.23077948e-02  5.49973845e-02  3.48152332e-02
  3.21664698e-02 -2.58470494e-02  2.86358260e-02  1.19534075e-01
  5.20595536e-02 -2.03274265e-02  2.81015281e-02 -2.32810434e-02
 -6.83358535e-02 -7.98003227e-02 -4.64179367e-02 -1.00554347e-01
 -7.92264845e-03 -1.70614310e-02  2.38624699e-02 -6.67935014e-02
 -1.94664653e-02 -6.41482174e-02  5.69883808e-02  4.96568438e-03
 -4.35719267e-02 -3.31956074e-02  2.76494138e-02 -5.71230128e-02
  3.60825062e-02 -4.36470918e-02 -2.71218270e-02 -1.86118484e-02
  9.56522152e-02 -5.97844645e-02 -8.24462697e-02  5.98447919e-02
  1.10988669e-01  7.28443936e-02 -4.51058634e-02  8.06766748e-02
 -4.17143255e-02  7.66098092e-04  2.54031504e-04 -4.89965454e-02
 -1.68374404e-02 -5.68989106e-02  4.61863130e-02 -2.02786867e-02
  8.67558178e-04  2.07630154e-02  7.54866377e-02  5.18056750e-02
  1.27711102e-01  8.13136250e-03 -5.79651557e-02  7.83111807e-03
  3.19172740e-02  6.83634123e-03  2.01919791e-03 -2.10548956e-02
  6.34308755e-02  1.18735246e-03 -7.18195587e-02 -8.37190729e-03
  1.05033174e-01  2.79798973e-02 -9.91501734e-02  2.13863533e-02
 -6.40910119e-02 -5.91606274e-02  2.31871270e-02  1.83625534e-01
  2.49900687e-02  4.18050513e-02 -3.45870480e-02 -3.95139167e-03
 -2.92633194e-02 -4.18800972e-02 -1.71870794e-02  3.42051722e-02
 -1.35479672e-02  2.66578258e-03 -3.91931571e-02 -2.45667831e-03
 -7.11034834e-02  7.49404877e-02  9.91136394e-03 -3.60299572e-02
  6.80260435e-02 -3.77253108e-02  9.10507813e-02 -3.24005559e-02
  3.60881872e-02  7.83036370e-03  3.09122149e-02 -3.12274341e-02
  1.36454022e-02 -4.14511263e-02  3.10804024e-02 -5.98822610e-33
 -4.20500524e-02 -1.78565402e-02  8.01837370e-02 -8.57156664e-02
 -1.33083006e-02  5.31694852e-02 -7.89119601e-02  3.44478600e-02
 -8.46165046e-03  2.05724277e-02  8.70055184e-02  2.44436786e-02
 -7.10748648e-03 -1.89742970e-03  1.38179630e-01 -9.92585793e-02
 -5.09803519e-02  4.41081151e-02  4.71809506e-02 -3.58645283e-02
 -1.36118464e-03  2.77733579e-02  3.82069685e-02  3.04933991e-02
  8.42381641e-02 -4.07830551e-02  3.70854661e-02  8.79490562e-03
 -2.12327819e-02  1.41759776e-02  3.11466996e-02  7.02301115e-02
 -7.29705319e-02 -6.94170818e-02  2.55425628e-02 -1.99947655e-02
 -9.79593322e-02  4.79331054e-02 -1.63562633e-02 -1.23301568e-02
 -5.16318791e-02 -5.06974123e-02  4.21300977e-02  5.05314767e-03
  4.15054448e-02  6.74985647e-02  9.22009274e-02  5.00938557e-02
 -2.88826711e-02  2.07776297e-02 -4.79130074e-02  4.39208932e-02
 -8.31002668e-02 -6.24812357e-02  1.73073858e-02 -1.01528555e-01
  1.83164570e-02 -3.51613900e-03 -6.25279173e-02 -1.44605532e-01
 -1.36677362e-02  2.85939407e-02 -8.93416107e-02 -1.55326920e-02
  1.05306983e-01  2.87281573e-02 -1.57866739e-02  6.30112216e-02
 -2.49732174e-02 -8.28966498e-03 -2.13319547e-02 -6.17742389e-02
  1.65235307e-02  6.55286899e-03 -2.29617842e-02  2.05614772e-02
 -4.35336754e-02  4.40217033e-02 -8.03454667e-02  7.44381398e-02
 -1.41673014e-01  7.06722066e-02 -4.18889932e-02 -7.51749799e-02
  1.03186227e-01  1.93275735e-02  4.31355387e-02  1.08621372e-02
  9.54525545e-02  3.83123048e-02 -3.55879515e-02  1.21105807e-02
  2.25081947e-02  3.22218500e-02 -7.48636425e-02  2.79944384e-33
  3.25182788e-02  2.34985016e-02 -4.78637964e-02  3.06359679e-02
 -6.10395242e-03 -8.10623467e-02 -9.82098579e-02 -2.94141676e-02
 -2.68473173e-03  2.71393508e-02 -6.33887947e-02  5.89787625e-02
  3.10018323e-02  6.72343895e-02 -3.28807160e-02  1.36332577e-02
 -3.73079367e-02 -2.97917593e-02 -8.66425633e-02  5.85598731e-03
 -2.99682515e-03  3.79549339e-02 -4.76750098e-02  5.01095653e-02
 -7.48546496e-02  6.92744404e-02  5.10856928e-03 -5.68971317e-03
  7.57188275e-02 -2.12913658e-02  4.27858764e-03 -2.84907781e-02
 -1.84576549e-02  1.42566133e-02 -3.53323705e-02  2.09281370e-02
 -3.94660793e-02 -3.51648666e-02  4.30891030e-02  6.67249784e-02
  4.99502644e-02 -2.14167349e-02 -6.37839139e-02  4.89172563e-02
  4.69128927e-03 -4.99444548e-03 -5.04739396e-02  8.53523891e-03
  3.34124304e-02 -4.96575749e-03  6.77503645e-02  5.44972010e-02
 -3.90525758e-02 -8.24177787e-02  3.97184007e-02  1.32149225e-02
  1.86213050e-02  2.54194140e-02 -6.60167411e-02 -9.51215625e-03
  1.43197849e-02  8.64928067e-02  2.12305300e-02  8.93448740e-02
 -2.26828121e-02  2.66648084e-02  2.99995728e-02 -1.08755883e-02
 -3.19220945e-02 -6.02898747e-02  1.65625028e-02  1.80757716e-02
 -1.45757645e-01 -4.21574414e-02 -4.54589203e-02  4.21647578e-02
 -3.56710106e-02  6.78186130e-04 -4.44627292e-02 -1.77351385e-02
 -5.96962683e-02 -2.24278811e-02 -3.22564912e-04  7.75204645e-03
 -1.73715688e-02 -2.26540715e-02 -3.13948318e-02 -7.20482990e-02
  1.71975996e-02  8.21701735e-02 -8.66613258e-03  1.56573858e-02
 -1.15967043e-01  9.11872014e-02  3.16167958e-02 -1.32017126e-08
  2.07300205e-02  1.22500118e-02 -3.06454371e-03  3.00273811e-03
 -3.45179737e-02  3.64696980e-03  7.94852003e-02 -4.69883867e-02
  5.96033363e-03  9.00167450e-02 -1.75083764e-02  3.34479809e-02
  2.58500688e-02  1.12780787e-01 -4.40019518e-02  1.01531390e-02
 -3.32500935e-02 -1.32103032e-02 -5.13426773e-02 -2.24831383e-04
  1.91717164e-03 -4.27011028e-02 -1.05918478e-02  3.16308923e-02
 -2.03408804e-02 -3.21624614e-02  2.82074530e-02  3.31844166e-02
  3.55366841e-02  4.60452512e-02  6.49938807e-02  5.83545789e-02
 -2.71341410e-02 -4.11916077e-02 -6.86965138e-02 -8.03319514e-02
  1.82563607e-02 -4.64409031e-03  3.45770679e-02 -3.82146686e-02
 -1.18916817e-02  5.36681898e-02 -5.57984747e-02  6.41106293e-02
 -3.50771062e-02 -3.54594998e-02 -1.59875322e-02  7.17699677e-02
 -3.90187204e-02  3.44157666e-02 -1.69636570e-02 -5.74314147e-02
 -4.18853760e-03  6.09898493e-02  1.32456943e-02 -5.35725728e-02
  4.08484973e-02  1.07771652e-02 -3.16101499e-02  2.92236749e-02
  1.02763079e-01 -6.16308041e-02  9.00010392e-02  2.76221950e-02]"
235,Human Capital Development,Social,education,11,0.3387,"[ 3.08743939e-02  9.99364406e-02 -2.06430070e-02  7.69814476e-02
 -1.56070394e-02  1.97442360e-02  6.85868859e-02 -1.47029664e-02
  1.69854015e-02  8.56607184e-02  5.81496023e-02  2.93502526e-04
 -9.10452940e-03 -5.07776998e-03 -3.61182913e-02 -2.24859063e-02
 -4.83732149e-02 -4.10006829e-02 -8.30320120e-02 -1.17572203e-01
 -3.10981311e-02  7.48271048e-02  7.92765524e-03  1.87067911e-02
 -7.63017172e-03  7.09407926e-02  2.74318513e-02 -6.73518181e-02
 -2.59482511e-03 -9.25803408e-02  5.56984805e-02 -2.57298606e-03
  5.57540283e-02  2.03636289e-02 -1.48279788e-02  1.04460984e-01
  7.27281421e-02  1.29082147e-02  5.18513471e-02 -5.18533625e-02
 -1.38685759e-02 -4.21134196e-02 -3.46601121e-02 -3.94643024e-02
  7.97237232e-02 -2.48733871e-02  1.64452512e-02 -4.28839885e-02
  1.02562672e-02  1.58408016e-03 -4.25402112e-02 -4.40155566e-02
 -2.10156199e-02 -4.88787256e-02 -2.10460033e-02  4.24906947e-02
 -3.35682221e-02  3.49709243e-02 -1.29712913e-02 -3.39081548e-02
  1.64259952e-02 -1.64291523e-02 -4.47500199e-02  6.06562234e-02
  5.66652268e-02 -3.86776403e-02 -3.50463837e-02  9.39850062e-02
 -4.34603803e-02 -2.05436349e-02  4.93624285e-02  6.67098211e-03
  1.08745052e-02  1.06082465e-02  1.13066830e-01 -5.43903932e-02
  1.51729630e-02  3.70509662e-02  9.14493427e-02 -6.02782480e-02
  7.32480735e-02 -8.37528612e-03 -5.64202033e-02  2.64139604e-02
  1.52537106e-02 -1.77781470e-02  2.64375117e-02  3.18386704e-02
 -9.08720307e-03 -9.05669294e-03 -7.80809112e-03 -7.71861449e-02
  1.85109507e-02  5.75190336e-02  1.44684557e-02  2.23346893e-03
 -5.18196961e-03 -7.83207789e-02 -3.43201347e-02  2.52024055e-01
 -4.02321666e-02  9.16985155e-04 -3.59963439e-02  7.29057714e-02
 -4.54394221e-02 -6.93636248e-03 -1.43847782e-02  3.73211615e-02
  7.75167195e-04 -3.32300775e-02 -3.19916978e-02  4.66793738e-02
 -7.59295896e-02  7.10818470e-02  4.81265076e-02  5.99162206e-02
  7.83485994e-02  3.16910706e-02  2.99235228e-02  3.12517881e-02
 -2.61235442e-02  1.90098006e-02 -5.42256609e-02 -4.42740414e-03
 -2.90405620e-02 -1.76677823e-01 -5.23094609e-02 -3.86060410e-33
  5.33937998e-02 -4.63004746e-02  2.90728491e-02  6.31911904e-02
 -5.20424359e-02  1.77642945e-02  5.61397672e-02  1.44164334e-03
 -2.70774756e-02  5.17277755e-02  1.80435609e-02  6.84067011e-02
  6.20991876e-03  8.52316096e-02  1.53109029e-01  4.07140069e-02
 -8.94249827e-02  9.71970037e-02  6.13468513e-02  2.41697226e-02
 -8.29911698e-03  3.04342550e-03 -1.06528038e-02 -2.98424773e-02
 -4.00899388e-02 -1.45493224e-02  5.49023226e-03 -2.98467483e-02
  5.02602905e-02 -9.99525096e-03  1.06596630e-02  4.12782393e-02
 -9.64573845e-02 -7.11555704e-02  2.45900303e-02 -4.18085121e-02
  3.47822905e-02 -8.74707997e-02  9.72993765e-03 -6.62734360e-02
  5.04804216e-02 -1.04042590e-02  2.17001811e-02  1.25508588e-02
  1.58679427e-03  5.45354821e-02  5.60400113e-02  9.28555429e-03
 -5.00035733e-02  4.57286909e-02 -6.48439527e-02 -4.58146185e-02
 -4.61380109e-02 -9.84497592e-02  5.19912131e-02  4.93873321e-02
  2.99315434e-02  4.49539199e-02 -4.55626799e-03 -3.58080007e-02
 -9.44900420e-03  6.67555928e-02 -1.18519925e-02 -1.00179361e-02
  2.47052219e-02  1.65199768e-02  1.32827396e-02 -9.63629223e-03
  1.65934801e-01 -1.19458318e-01 -9.45820734e-02 -2.24859063e-02
 -2.19199695e-02  2.38358229e-02 -2.53903139e-02 -3.16152349e-02
 -1.45478221e-02 -4.38012332e-02  3.92699838e-02  6.67639971e-02
  5.86337186e-02 -1.78378560e-02  2.47595850e-02 -4.02165987e-02
  1.26031280e-01  2.78341752e-02 -1.57198906e-02 -7.34636560e-02
  5.68507574e-02  9.81986639e-04 -4.82048020e-02 -7.05760792e-02
 -5.45533234e-03  7.53447190e-02  9.34267417e-03  2.90322015e-33
 -1.78510193e-02  3.26202288e-02 -1.19608566e-01  1.14443637e-01
  5.45888133e-02  1.60925351e-02  7.98890218e-02 -7.14944536e-03
  6.85411552e-03  2.99214721e-02 -4.98100035e-02 -3.57951224e-02
  4.79861125e-02  7.93918669e-02 -2.05098744e-03 -3.94451655e-02
  4.64014150e-02 -1.46857230e-02 -2.61677839e-02 -1.23015204e-02
 -5.50379269e-02  2.84425691e-02 -2.27456931e-02  5.84264519e-03
 -5.45868613e-02 -1.83055340e-03 -4.89469506e-02  1.94070339e-02
 -6.76103905e-02  7.63558820e-02  8.59407187e-02 -3.52231488e-02
 -3.85301909e-03  4.01494503e-02 -4.47368808e-02  5.83768748e-02
  3.32338475e-02  3.63132693e-02 -6.55963719e-02  5.28328270e-02
  5.30310012e-02 -5.60356230e-02 -5.45433015e-02  6.59971014e-02
 -7.08178729e-02  2.64775883e-02 -2.50833633e-04  5.79064190e-02
  4.33991253e-02  3.57136913e-02 -4.05437686e-02 -5.39370300e-03
  1.26635181e-02 -5.70649430e-02  9.87063069e-03 -3.82654928e-02
  1.90802291e-02 -9.00075771e-03  4.52178484e-03 -3.11124232e-03
  6.73730969e-02  1.49473166e-02 -5.67216091e-02  8.89793709e-02
 -7.04053119e-02  1.68780759e-02 -3.96775045e-02  5.85372113e-02
 -2.18529701e-02  3.38965608e-03  1.06611483e-01  4.61482629e-02
 -3.35979797e-02 -4.33136113e-02 -4.89046760e-02  3.74454223e-02
 -3.48426923e-02  5.32432310e-02 -1.61231104e-02 -5.50848432e-03
 -1.12068607e-02 -8.02193731e-02  3.93578201e-04  1.75736453e-02
 -6.08016960e-02  1.28239943e-02  6.85822144e-02 -5.55571280e-02
  2.41686068e-02 -9.89756733e-02 -4.89051417e-02  3.21954023e-03
 -5.57801090e-02 -2.12162826e-02 -3.66350785e-02 -1.33686680e-08
 -1.59167219e-02 -6.90711215e-02 -2.27955729e-03 -7.23149478e-02
  1.19858734e-04  5.73589802e-02 -1.71026289e-02  1.10344961e-02
  1.47760678e-02  6.61835968e-02 -7.89220184e-02  3.73434536e-02
  1.19283516e-02 -2.56115738e-02  3.84978242e-02  5.46804890e-02
  2.39271950e-02  3.72270271e-02 -1.18492926e-02  3.16920355e-02
  5.16363494e-02 -2.66504325e-02  4.58124466e-03  6.43535808e-04
 -1.81124862e-02 -2.96308324e-02  4.55357730e-02  4.85527441e-02
 -5.92491031e-02  8.83777663e-02 -1.50191374e-02 -3.02687120e-02
  9.72322840e-03 -8.08844715e-02  2.60640346e-02 -4.65486608e-02
  4.23624367e-03 -3.90450284e-02  6.25012964e-02 -5.28452620e-02
 -5.05048558e-02  8.24193377e-03  7.32228979e-02 -2.73204315e-02
  1.82633847e-02  3.56345512e-02 -6.25998005e-02  4.03769277e-02
 -9.35966335e-03  6.75819907e-03 -4.12037782e-02 -3.94734405e-02
 -2.72623543e-02 -7.03961402e-02  5.19863255e-02 -8.01868513e-02
 -1.67841054e-02 -7.30630606e-02 -7.46731162e-02  2.09881589e-02
  1.15233280e-01  2.94890231e-03  5.95909990e-02  6.32679788e-03]"
236,Human Capital Development,Social,earn,7,0.3333,"[-7.42073804e-02  6.92662671e-02 -9.19349864e-03  1.86214410e-02
 -4.09547649e-02 -1.78381484e-02  1.19604714e-01 -2.76491437e-02
  5.77269122e-03 -3.38998158e-03  7.14643393e-03 -1.17483333e-01
 -3.62963304e-02  5.03811724e-02 -4.57669534e-02  5.30257300e-02
 -3.30027342e-02  5.92290014e-02 -4.02789898e-02 -1.10553160e-01
 -2.14574505e-02 -4.67503928e-02 -5.52308857e-02 -3.46283801e-02
  1.17573403e-01  9.15383082e-03  1.15018582e-03  8.06070939e-02
  6.17220961e-02 -4.06703725e-02  1.72535293e-02  1.79883577e-02
  1.07458107e-01 -3.54032777e-02 -3.67780179e-02 -2.71389186e-02
 -1.28384354e-02  5.53668328e-02  1.13776606e-03  1.94452330e-02
 -8.97270069e-03 -9.53214765e-02 -5.83742512e-03 -7.84825254e-03
 -3.10555287e-02 -7.56289624e-03  6.23739325e-02  4.30454351e-02
  3.76106985e-02  5.55579877e-03  1.56516470e-02 -2.92235613e-02
 -1.32334176e-02  1.53930541e-02  2.62368441e-04  2.33992152e-02
  1.69755965e-02  8.00508482e-04  3.82631645e-02 -3.44459713e-02
 -2.32871715e-02 -9.54291876e-03 -4.26222011e-03  3.76667567e-02
  5.93805760e-02 -9.49342102e-02 -6.40486702e-02  4.65282947e-02
 -1.33820117e-01 -8.24825559e-03  4.23417501e-02 -4.29652780e-02
 -3.54700498e-02 -3.90282646e-02  7.46982470e-02  1.11378543e-02
  6.32505268e-02 -2.37587895e-02  4.64454591e-02 -4.57594497e-03
 -7.12696686e-02 -1.97655428e-02 -7.23866820e-02 -6.69356994e-03
 -4.51679416e-02  2.85001807e-02  3.92330475e-02  8.63448605e-02
  1.36648908e-01  1.19272610e-02  1.36443693e-02 -2.00067628e-02
 -2.07724441e-02 -5.24249743e-04 -1.62857193e-02 -5.15814759e-02
  9.74334590e-03 -1.54339271e-02 -5.67507073e-02  2.59536177e-01
  5.99196702e-02 -3.27023066e-04 -4.99450043e-02 -3.06854374e-03
  1.77024808e-02  1.87996600e-03  2.98364405e-02  8.63606706e-02
 -1.54049592e-02 -2.62924619e-02 -3.89467366e-02  4.89752218e-02
 -3.10371779e-02  4.21157889e-02 -1.25002805e-02  4.67688218e-02
 -5.91486655e-02  1.32180629e-02 -1.11324666e-02  4.64081801e-02
  3.46921533e-02  5.97740263e-02 -4.18930314e-02 -1.51685730e-03
 -4.88202013e-02 -1.64416641e-01  4.49588001e-02 -6.28540797e-33
  6.34704381e-02 -4.84709665e-02  6.78248778e-02  5.76822311e-02
  4.06833657e-04  2.46380246e-03  1.02898870e-02  5.38964048e-02
  1.17193982e-02  4.18739468e-02 -2.18581241e-02  6.83226362e-02
  2.48800963e-02  1.76738054e-02  5.13395332e-02  1.71001591e-02
  4.14313488e-02 -3.36574316e-02  4.88433726e-02  3.27939652e-02
  5.40245026e-02 -2.25190148e-02  1.57079231e-02  4.46858704e-02
  2.55611092e-02 -1.34561965e-02 -2.98800357e-02 -5.50201721e-02
  5.87023310e-02  1.19531667e-02  5.07603288e-02  1.48009323e-02
 -2.45879162e-02 -5.42547107e-02 -8.39892104e-02  4.27389294e-02
  1.40078766e-02 -3.90745476e-02  6.35870695e-02 -4.98291068e-02
 -5.66272885e-02 -6.87034056e-02  1.53631419e-02 -5.39483540e-02
 -7.24557415e-02  7.47835189e-02  8.39018747e-02  1.74670815e-02
  2.31106412e-02  1.21726088e-01 -3.07325069e-02 -2.06310265e-02
 -7.10101575e-02 -7.14892298e-02 -5.57145812e-02 -2.12972630e-02
 -2.11390760e-03  2.15421636e-02 -6.96771080e-03 -3.89545038e-02
 -2.00497825e-03 -5.53471153e-04 -1.39879668e-02  5.72132580e-02
 -9.31778476e-02  4.33869250e-02  3.00408639e-02 -1.35461497e-03
  9.01255459e-02  1.43970158e-02 -4.87045161e-02  3.80741693e-02
  4.63926159e-02 -7.51773943e-04  2.45642141e-02  6.98365783e-03
  8.30655638e-03 -3.31205428e-02  2.17452012e-02  6.95690289e-02
  1.67932641e-02  4.35767658e-02  1.52833620e-02 -5.68960160e-02
  1.88314125e-01  1.03876755e-01 -2.73397053e-03 -5.13222739e-02
  1.07746191e-01  2.23490596e-02 -3.82249132e-02 -4.44234014e-02
  3.29742692e-02  1.51742687e-02 -3.32882702e-02  4.71188351e-33
 -3.00045721e-02  3.86006311e-02 -7.78575391e-02  2.13794950e-02
  3.23692337e-02  2.44364515e-02  4.41225544e-02 -7.55915744e-03
 -1.12644732e-02  1.64514631e-01 -5.53289466e-02  2.66155843e-02
  3.85268740e-02  2.04176288e-02 -9.65883490e-03 -9.68844891e-02
  3.33852246e-02 -1.69659723e-02 -1.67110041e-02  6.16763942e-02
 -4.95786928e-02  2.14117598e-02 -1.64363347e-02  5.40997945e-02
  4.38826010e-02  3.59086692e-02  8.03852454e-03  5.81957251e-02
 -8.20893198e-02  3.26611511e-02  4.85622883e-03  3.54190990e-02
 -8.70803148e-02 -5.93337193e-02 -3.09963860e-02  6.15138793e-03
  2.17128396e-02 -7.99164269e-03  3.12563498e-03  1.10789416e-02
  5.80240525e-02 -3.73569056e-02  3.27980146e-02  4.05622050e-02
 -4.96778116e-02 -8.04134831e-02  6.69509694e-02 -4.76726703e-02
  5.72975241e-02 -2.09354870e-02  1.60944369e-02 -1.85553655e-02
  6.68582972e-04  1.96773894e-02 -2.95927562e-02  2.01446638e-02
 -3.94946039e-02 -4.05416079e-02 -3.25199738e-02  5.83332181e-02
 -5.59627414e-02  4.26318608e-02 -4.54689711e-02  1.32078111e-01
 -3.16119641e-02 -2.96944119e-02  3.98719758e-02 -2.10963972e-02
  3.07596866e-02 -3.32696401e-02  2.69312579e-02  4.31370363e-02
  2.11034194e-02 -4.95119952e-02 -2.33690776e-02  1.11617535e-01
 -3.39424312e-02  7.62500893e-03  1.61725711e-02  1.49320690e-02
  2.76559382e-03 -2.89254151e-02  7.31317624e-02  4.44483645e-02
 -2.53469609e-02 -3.28816026e-02  3.46215069e-02  1.10820699e-02
 -1.28088044e-02 -9.46659148e-02 -7.52437264e-02  2.81110983e-02
  2.10482255e-02 -1.72396004e-02  1.43844029e-02 -1.37806806e-08
  5.62519394e-03  1.58478208e-02 -3.59834693e-02 -4.13207188e-02
  4.33278910e-04 -6.73455298e-02  3.18516023e-03 -3.10341120e-02
  3.99225503e-02  1.88970119e-02 -2.47435458e-02 -5.52212633e-02
 -1.87194757e-02 -3.92917171e-03  1.41808158e-02  4.20694426e-02
  6.01953305e-02 -2.22941842e-02 -2.36581247e-02 -4.33069021e-02
  7.74812549e-02 -6.40592398e-03  3.96694802e-02  1.22872666e-02
 -7.62403533e-02 -1.47097176e-02 -3.07986196e-02  8.46959502e-02
  3.88059467e-02  1.04856966e-02  1.87550783e-02  2.53880154e-02
 -4.98231538e-02 -4.15303111e-02  3.87002341e-02 -6.68133050e-02
  4.45321612e-02 -7.67896418e-03 -2.73968745e-02  3.82947139e-02
 -4.37706448e-02 -5.34127168e-02  2.91013923e-02 -9.57012400e-02
 -5.89138307e-02  7.41126835e-02 -1.44475594e-01 -2.52723061e-02
 -2.13820767e-02 -1.38496339e-01  2.02507768e-02 -4.75136843e-03
  3.79575416e-02 -6.21483922e-02  2.44668834e-02 -7.83241615e-02
 -2.29524486e-02 -4.43238812e-03 -6.50891885e-02  2.58978419e-02
  3.75415012e-02 -1.11209095e-01 -2.14415155e-02 -4.47015315e-02]"
237,Human Capital Development,Social,salary,2,0.3325,"[-3.45146731e-02  5.97352050e-02 -2.00308915e-02  8.17103684e-02
 -9.67931226e-02 -6.52353987e-02  8.04399252e-02  6.47936575e-03
 -1.02074491e-02  3.69865913e-03 -5.56512875e-03 -1.16336882e-01
 -3.80092673e-02 -4.61994782e-02 -7.84966499e-02 -4.09510639e-03
 -5.09813055e-03 -3.16551334e-04  3.40165868e-02 -6.83088005e-02
 -2.23173331e-02 -8.87684640e-04 -8.37440789e-03 -7.99230114e-02
  1.15903936e-01  1.81037523e-02  4.07851115e-02  6.72155470e-02
 -1.71590671e-02  1.21603184e-03 -1.29938452e-02  1.69577710e-02
  6.99614435e-02  1.04528908e-02 -1.56920888e-02 -1.39332497e-02
  1.15028629e-02  1.65583580e-04 -1.01603985e-01  3.64612527e-02
  3.92296463e-02 -6.94090687e-03 -1.60768591e-02 -7.80272260e-02
 -5.52257858e-02  1.28252553e-02  8.50314349e-02  1.51715577e-01
 -4.40871753e-02  9.03458074e-02 -3.50572797e-03  1.80834215e-02
  4.85652313e-02  5.12873940e-02  3.77240367e-02 -4.51050662e-02
  5.87348733e-03  1.34270974e-02  1.23808775e-02  1.44238817e-02
 -4.93755005e-02  2.79120672e-02  8.98837345e-04  4.07666378e-02
  1.01051211e-01 -1.17057636e-01 -3.33559513e-02 -5.71549200e-02
 -5.74605092e-02 -8.24536607e-02 -5.01437262e-02 -2.77176294e-02
 -4.05053385e-02 -4.54342365e-02  6.17596656e-02 -2.12729406e-02
  1.62604135e-02  1.13455942e-02 -8.82057566e-03 -1.90665405e-02
  8.04527029e-02 -8.89194533e-02 -8.02021325e-02  2.74857618e-02
  2.57845782e-02 -1.80682298e-02  1.02492064e-01  8.54506418e-02
  9.95919183e-02  3.33926231e-02  5.86797893e-02 -5.68338931e-02
  2.71463227e-02 -3.24969329e-02 -9.26870927e-02  4.12575901e-02
  1.49449855e-02  9.85018443e-03 -1.10546257e-02  1.48092404e-01
 -1.05300630e-02 -6.40791506e-02  2.44062617e-02 -1.41817341e-02
 -4.33734767e-02  3.57519127e-02  6.01871721e-02  6.55411035e-02
 -5.36896102e-03  3.53478501e-03 -4.85703722e-02  6.87918626e-03
 -7.58516267e-02  1.49243576e-02  2.20886674e-02 -3.09387986e-02
 -3.56780961e-02  5.43698072e-02  8.08411464e-03 -1.83557719e-02
  8.01231340e-02  3.08719696e-03 -6.28278330e-02  6.77445456e-02
 -1.49450734e-01 -8.80360156e-02 -7.44190738e-02 -6.63610716e-33
  2.70933565e-02  1.86525919e-02  3.49470600e-02 -1.56730674e-02
  2.71147825e-02 -5.39268833e-03  8.59130989e-04  4.56236228e-02
  5.92319109e-02  3.14398855e-02 -8.68296102e-02 -2.59377453e-02
 -7.79140415e-03  5.59738092e-03  4.16019708e-02  8.62325132e-02
  1.70004070e-02  2.59876009e-02 -2.99387351e-02  6.41021878e-02
  1.22990948e-03  1.06302705e-02 -1.06034102e-02  5.95072284e-02
  4.56052423e-02  1.10499807e-01 -4.42132056e-02 -5.65420836e-02
  6.17411872e-03 -2.29568053e-02 -4.02892716e-02  4.22225222e-02
  3.48633677e-02 -8.97888243e-02 -4.86278348e-02 -6.50392026e-02
 -2.95878220e-02 -2.86568478e-02  6.78811595e-03 -1.38587551e-03
 -2.85206772e-02 -2.41938550e-02  3.56656983e-02  6.12961361e-04
 -4.20416780e-02  8.18623230e-02  5.54919057e-02  6.50111139e-02
 -4.77600992e-02  8.44547078e-02 -1.38189644e-02 -1.91712976e-02
 -7.85103366e-02 -2.53610406e-02 -1.75110460e-03  7.29338778e-03
  1.22926338e-02  6.30432740e-02 -9.77247581e-03 -3.74157056e-02
 -4.15919572e-02  2.76323948e-02 -2.41933353e-02  5.27013727e-02
 -1.57271642e-02  4.89404574e-02  3.35840546e-02  2.13655699e-02
  7.96488747e-02 -2.90486845e-04 -6.71341047e-02  4.56924401e-02
  4.54521924e-02  5.54740429e-02 -1.07336104e-01  4.52733822e-02
  6.86661247e-03 -1.88571289e-02  2.64723115e-02  1.12869360e-01
 -2.96201725e-02  8.67953375e-02  2.73832288e-02 -1.49770277e-02
  1.13075882e-01  3.80070582e-02 -4.42151427e-02  4.48251069e-02
  1.01467483e-01  6.39786571e-03 -1.27790850e-02 -8.43487978e-02
  7.95091875e-03  1.69379599e-02  5.18796314e-03  2.95460377e-33
 -4.30399440e-02  7.30021223e-02 -3.42752337e-02  5.44729643e-02
 -7.64113814e-02  5.00671938e-02  7.50992224e-02  8.17064941e-02
 -1.33768590e-02  4.39731739e-02 -6.95297569e-02  3.64002436e-02
  2.94958614e-02  5.01635820e-02  9.07935202e-03 -4.36842144e-02
  2.28282921e-02 -7.59969205e-02 -5.37929274e-02  9.22749192e-03
 -4.28405637e-03 -5.16361184e-03  9.71421832e-04  7.73694068e-02
  5.38894301e-03 -7.39470078e-03 -7.42682302e-03 -4.08984944e-02
 -9.48932469e-02  1.14751365e-02  1.58813912e-02 -2.59917788e-02
 -3.70912366e-02 -1.60588622e-02  3.07900291e-02 -3.45110428e-03
  6.14699116e-03 -2.09519006e-02  4.95474078e-02  4.65511009e-02
  2.84740962e-02 -7.85869285e-02 -1.27305817e-02  8.24900158e-03
  2.73580011e-02 -7.49035925e-02  2.62438748e-02 -4.49040271e-02
  3.41955051e-02 -5.99544682e-02  2.62674931e-02 -4.93971109e-02
  1.59426741e-02 -1.94164980e-02 -5.56449629e-02 -1.76820718e-02
 -1.71785355e-02 -1.75586045e-02  2.89087053e-02 -1.07440501e-01
  6.89593107e-02 -1.63574424e-02  1.04329679e-02  1.30435556e-01
 -8.29293728e-02  3.31599452e-02 -1.46575440e-02 -7.34093189e-02
  6.60162838e-03 -3.98119688e-02  7.28288740e-02 -4.63950746e-02
  1.24469586e-01  2.69559156e-02  1.00486446e-03  2.56984886e-02
 -9.05332062e-03 -1.01872729e-02  4.70116399e-02  8.82752687e-02
 -9.45819020e-02 -1.88404508e-02  1.81757081e-02 -4.48157173e-03
 -9.89630353e-03 -5.63589260e-02 -2.28175204e-02  1.00848461e-02
 -1.25298100e-02 -7.40216151e-02 -7.62383789e-02 -2.22537504e-03
 -7.33086318e-02  1.75812989e-02 -1.48329958e-02 -1.38244873e-08
 -1.68497749e-02 -1.20893344e-02 -3.96695100e-02 -5.52737899e-02
  5.80569878e-02 -7.42935762e-02 -2.27000136e-02 -4.86456193e-02
  3.62860248e-03  4.71758023e-02 -2.31885910e-02 -6.77990168e-02
  1.43473800e-02 -2.60933582e-02 -2.00442579e-02  8.31234604e-02
  7.09773332e-04  5.70747405e-02 -1.23881334e-02 -8.54746550e-02
  5.12938090e-02  7.46649802e-02 -6.47644550e-02  3.29784378e-02
 -4.75354791e-02 -7.78311677e-03 -5.83116412e-02  9.48764160e-02
  3.14261671e-03  8.20634738e-02 -4.29814756e-02 -2.38003526e-02
 -2.41682287e-02 -2.34449245e-02  3.89348902e-02 -4.27223817e-02
  7.48568699e-02  1.02821402e-02  3.02193705e-02 -2.90258806e-02
  6.49974197e-02 -8.11568554e-03 -3.54805328e-02 -9.55576729e-03
  4.44582105e-03  4.15252848e-03 -4.70741577e-02  3.38959061e-02
 -4.55759950e-02 -7.11992616e-03  7.23909959e-02  8.33737478e-02
 -1.16898241e-02 -2.05906220e-02 -5.03766313e-02 -8.09426606e-02
  3.19498442e-02 -1.21155903e-02 -1.32842809e-01 -1.41810123e-02
  3.35845910e-02 -1.09636016e-01  4.01436836e-02 -4.90200659e-03]"
238,Human Capital Development,Social,advancements,1,0.3316,"[-1.88228767e-02  3.86862941e-02 -2.78471829e-03 -2.19488591e-02
 -7.34114647e-02  1.60131082e-02 -1.60350613e-02 -1.44066690e-02
 -4.15074155e-02 -4.07204730e-03  6.37418330e-02  9.71201509e-02
  3.43273790e-03  3.42410170e-02  2.12435587e-03  2.70854738e-02
  1.59035958e-02  3.52215953e-02 -7.22291395e-02 -1.03546537e-01
 -1.42658979e-01 -3.07118222e-02  4.93145883e-02 -2.46727909e-03
  3.37095782e-02  5.25497086e-02 -5.87311313e-02 -8.33753869e-02
  5.37240654e-02 -1.85488742e-02 -3.60263772e-02  3.72392349e-02
  8.12385157e-02 -4.54933979e-02 -5.09476438e-02  1.38273342e-02
  6.76427111e-02  8.02480802e-02  1.79253761e-02  1.12620648e-02
 -6.11617416e-02 -1.09797448e-01 -3.14779952e-02 -1.40780648e-02
 -3.18336114e-03 -2.63631307e-02 -2.20746193e-02  2.55830074e-03
 -6.97609559e-02 -2.86569856e-02 -7.26165175e-02 -8.47030953e-02
  1.44023718e-02  2.64364537e-02  2.16077105e-03  1.26030762e-02
 -2.46094051e-03  1.61532089e-02 -5.13355481e-03 -5.87642193e-02
  3.03856134e-02 -1.82411317e-02 -7.31057003e-02  1.52892172e-02
  2.86999661e-02 -6.89806342e-02  1.74036548e-02  8.24352913e-03
 -8.24862160e-03  3.73675600e-02  1.92444567e-02 -1.49622941e-02
 -4.26787846e-02  1.17380708e-03  6.95971251e-02 -1.78539306e-02
  6.97168112e-02  4.03623693e-02  1.09674521e-01 -1.13822088e-01
  9.19999778e-02 -6.90278634e-02 -4.87720370e-02  4.62944470e-02
 -2.96709351e-02  3.15587246e-03 -9.07373205e-02 -2.89129354e-02
 -2.79156230e-02 -4.89835851e-02  2.97884177e-02 -5.40431477e-02
 -5.21797128e-02 -8.79325345e-03 -7.10970759e-02 -3.13428491e-02
 -7.21961856e-02 -6.10180609e-02  2.81712748e-02  1.75047904e-01
  6.10596326e-04  1.34634348e-02 -5.41304387e-02 -5.55896088e-02
 -2.09938362e-02 -2.76996456e-02 -1.27226980e-02  7.01171905e-02
  3.00274957e-02  1.88803598e-02 -6.35140669e-03  1.08256899e-02
 -1.00622736e-01  2.56758556e-02 -1.69147979e-02  2.93214675e-02
 -2.49647535e-02  4.94616590e-02  2.01100260e-02 -1.54714966e-02
  6.03862368e-02  3.93440649e-02  2.73140660e-03 -8.59798398e-03
 -3.58905457e-02 -3.10996342e-02 -3.56181376e-02 -6.09863514e-33
 -2.21261308e-02  3.11597660e-02  1.91619415e-02  1.30556256e-01
  1.06194913e-02  1.60982516e-02 -5.08459881e-02 -8.01132470e-02
  2.51088217e-02 -3.88201885e-02 -8.17631334e-02  1.29748181e-01
  1.21902768e-03  1.70642175e-02  1.71461284e-01 -7.27665499e-02
 -1.07390936e-02  7.10667297e-02  4.87316065e-02  7.50510441e-03
  3.13986577e-02 -5.22817262e-02 -7.49346334e-04  4.88383323e-02
  9.44068730e-02  2.16728039e-02  3.95415984e-02 -6.40251581e-03
 -5.10951551e-03  9.16512776e-03  5.31146899e-02  5.68628199e-02
 -8.41488019e-02 -7.11648017e-02 -3.61846834e-02  1.19576836e-02
 -1.83208585e-02 -1.72355875e-01  7.39016682e-02  2.39494592e-02
 -5.55865616e-02 -1.58165693e-02 -4.26200405e-02 -3.51908915e-02
  4.93335016e-02  6.20223992e-02  9.89157800e-03  2.67829299e-02
  1.49821453e-02  3.80802937e-02 -2.34695189e-02  5.48412800e-02
 -5.68067133e-02 -7.94769973e-02  7.30723590e-02 -2.51336768e-02
 -3.03001609e-02  3.91495600e-02  2.92616617e-02  2.34335754e-03
  5.22635616e-02 -8.16816837e-03 -2.69605443e-02  1.95392296e-02
 -5.15252054e-02  6.46864623e-02  5.22697717e-03 -3.62566337e-02
  5.30196428e-02  4.78546061e-02 -8.44472870e-02 -2.59244372e-03
  4.27242480e-02  2.18540933e-02  1.63053516e-02 -1.03707728e-03
 -5.00868708e-02  1.31518906e-03  7.60374516e-02  3.06939241e-02
 -2.45617479e-02 -1.38494959e-02 -1.17064733e-02  3.10254917e-02
  1.44105464e-01  1.65778643e-03 -3.21737491e-02  2.85146218e-02
  7.16747418e-02  3.35841067e-02 -1.02604128e-01 -3.44290882e-02
 -3.92783545e-02  9.38398093e-02 -1.45482067e-02  2.93037058e-33
 -1.44236097e-02  3.69412079e-02 -4.02363539e-02  3.85132171e-02
  7.00445026e-02  1.29135718e-04 -8.53077974e-03 -3.73397395e-02
  1.29423579e-02 -2.52477229e-02  3.45651768e-02  4.89819162e-02
 -1.63577944e-02  3.09055932e-02 -5.95391281e-02 -3.64868902e-02
 -1.46452449e-02 -2.90177260e-02 -2.07933709e-02  3.39164548e-02
  3.59159634e-02  3.35367694e-02 -2.97169909e-02  1.51656270e-02
  1.13985855e-02  1.04236742e-03 -9.09373984e-02  3.31962481e-02
 -5.87026924e-02  4.51473548e-04 -3.63514647e-02 -4.60444055e-02
 -4.16281335e-02  4.60273623e-02  6.31625298e-03  4.77688462e-02
  7.06249848e-02 -2.81144902e-02 -1.91732403e-02 -2.03710869e-02
  7.17604533e-02 -1.12783136e-02  3.16978395e-02  6.70499727e-02
 -7.60423578e-03  1.91962421e-02 -5.36030978e-02  4.40012440e-02
  2.38017812e-02 -1.23975733e-02  7.42709041e-02  1.87311210e-02
  1.04373973e-02 -1.46202371e-02 -5.04573667e-03 -7.12802634e-03
 -1.02812201e-02 -7.56204054e-02 -5.60867712e-02  7.72721097e-02
 -3.80836427e-02  1.88344792e-02  1.63101591e-02  5.76051623e-02
 -2.62851571e-03  1.04765324e-02  1.25485929e-02  2.79050618e-02
 -4.30679843e-02 -2.44996883e-02  9.60874408e-02  5.30728954e-04
 -8.88236985e-02 -1.62467677e-02 -6.62827939e-02  2.06149835e-02
  9.99828568e-04 -6.26422688e-02 -2.17467099e-02 -2.97405832e-02
 -1.00286625e-01 -5.99404722e-02  3.38221937e-02  2.01114975e-02
 -2.76014246e-02  3.57082896e-02  5.11985226e-03 -5.08581363e-02
  4.23985869e-02 -9.48386714e-02 -5.36749773e-02 -6.60818368e-02
 -7.94363916e-02 -6.41278736e-03  1.50680384e-02 -1.43416292e-08
 -4.07417007e-02  3.50562334e-02 -1.74253117e-02 -2.11791787e-02
  5.53064868e-02  3.50096747e-02 -7.54004568e-02  1.09931819e-01
 -7.47591723e-03 -6.00209795e-02 -2.56274901e-02  5.23876064e-02
  1.06632680e-01  6.00368492e-02  1.55404344e-01  6.58560405e-03
  1.22622726e-02  1.52558610e-02 -7.68273100e-02 -8.21657479e-02
  2.57618297e-02  4.86691110e-02  8.50377157e-02 -3.57241295e-02
 -3.08950506e-02  2.98380293e-03 -1.25846090e-02  4.68352959e-02
  1.89881108e-03  2.37233751e-03  4.94256765e-02 -1.13608316e-02
  7.34107122e-02 -1.43103385e-02  1.07105419e-01 -2.72565782e-02
  1.87476724e-02 -3.78843048e-03 -1.78686939e-02 -3.27510014e-02
 -2.35279873e-02 -7.83125218e-03  3.00188027e-02  8.02443549e-02
 -4.88250889e-02 -6.92888871e-02 -7.08127916e-02  2.75521129e-02
 -5.74374348e-02 -5.53386882e-02  6.44209981e-02  4.23292853e-02
  5.36624156e-03  4.90088575e-03  2.49782298e-02  2.70147026e-02
  2.31948644e-02 -5.67873903e-02 -5.34423329e-02  6.49048686e-02
  1.17364019e-01 -1.13484912e-01  7.26343766e-02  4.76509668e-02]"
239,Human Capital Development,Social,income,3,0.331,"[-1.66089907e-02  3.39689068e-02  3.09168798e-04  4.50641289e-02
 -4.49000709e-02 -1.69536956e-02  9.86164063e-02  1.83076337e-02
 -5.97190158e-03 -3.92351747e-02  3.22295167e-02 -8.98902863e-02
 -7.51173943e-02 -1.43963506e-03 -5.41411042e-02 -9.88860338e-05
  1.94014702e-02  1.38272587e-02 -1.05683217e-02 -2.40024924e-02
  4.24391031e-02 -8.72176979e-03 -3.26983593e-02 -6.50993511e-02
  1.20256782e-01  2.28157631e-04  6.72817277e-03  5.59499525e-02
  4.70610410e-02 -3.01732961e-02  4.97279279e-02  6.63686991e-02
  9.18282270e-02 -4.06611059e-03 -2.84782387e-02 -1.12063661e-02
  7.48328120e-02  2.72210427e-02 -8.14792328e-03  3.22464965e-02
  1.58959266e-03 -7.53773823e-02 -1.23146828e-02 -7.04913437e-02
  7.39801582e-03 -5.81175722e-02  1.04589693e-01  6.70900866e-02
  1.70239192e-02  1.29393712e-01 -2.56312452e-02  6.28975704e-02
  2.20477842e-02  3.18581834e-02  2.98165977e-02 -1.95550397e-02
  2.33074985e-02  8.09988566e-03  1.73974894e-02 -3.72579731e-02
 -1.08074360e-02  1.43026384e-02 -8.76987062e-04  1.73684023e-02
  1.16887949e-01 -3.61011252e-02 -5.08233532e-02 -3.20792431e-03
 -1.51380628e-01 -3.70844565e-02 -3.04332972e-02 -7.09349960e-02
 -6.56948239e-02 -4.54428084e-02  5.39521128e-02 -7.70629495e-02
  6.32249042e-02  1.44818854e-02 -2.06149518e-02 -5.31440340e-02
  7.16158329e-03  1.56863369e-02 -8.91513601e-02  4.27784175e-02
 -9.66116879e-03  1.62569415e-02  5.86685613e-02  4.88653854e-02
  7.38478750e-02  3.45357321e-02  2.56352425e-02 -5.25944540e-03
  4.39574271e-02 -9.21411254e-03 -3.67449000e-02  1.66791622e-02
  2.98813195e-03 -1.05621457e-01 -5.79236913e-03  2.03113347e-01
  8.23903177e-03 -8.08997359e-03  9.75411199e-03 -4.88683172e-02
 -2.67248005e-02 -3.43268402e-02  3.77999209e-02  1.27405673e-01
 -4.33884002e-02  2.39796937e-02 -2.41110101e-02  4.24829405e-03
 -9.02605057e-02 -1.40669402e-02  1.99360261e-03 -6.93053082e-02
 -6.20345771e-02 -1.72464293e-04  1.92618892e-02  3.97576652e-02
  8.87923092e-02  4.84946780e-02 -4.33216766e-02  4.05337662e-02
 -4.71024476e-02 -1.11084960e-01 -9.74342402e-04 -5.22250173e-33
  5.03663942e-02 -1.28592066e-02  5.51819950e-02 -2.64975913e-02
 -2.39714067e-02  4.50691693e-02  3.27603407e-02  3.05816140e-02
 -2.46221945e-02  3.31480131e-02 -2.70804297e-02  6.99288175e-02
  1.51871918e-02  1.66875403e-02  8.02097619e-02  5.74875548e-02
 -3.37505937e-02  2.80530136e-02  2.60292180e-02  4.79341447e-02
  3.87354642e-02 -1.94679517e-02  4.29884046e-02  8.07578191e-02
  3.05643231e-02  2.77534928e-02 -6.19589426e-02 -2.51132939e-02
  6.24104254e-02 -2.74775922e-03  9.08477046e-03  2.43717805e-02
  5.98229878e-02 -1.34390280e-01 -4.67307307e-02  2.31193248e-02
 -1.24315936e-02 -3.82729769e-02  2.43758056e-02 -4.58289124e-02
 -4.55560721e-02 -6.08659647e-02  6.33116290e-02  1.90287512e-02
 -9.39525291e-02  5.82015179e-02  9.93160680e-02  7.63742700e-02
 -3.64551209e-02  9.98353213e-02 -9.95796453e-03  2.78992113e-03
 -9.07792225e-02 -8.70480463e-02 -6.07745126e-02 -2.24717539e-02
  2.17713304e-02  5.94222173e-03 -1.39134992e-02 -6.29654750e-02
  1.20688369e-02 -4.73140776e-02 -1.57868359e-02 -8.87429435e-03
 -4.03133221e-02  4.89534438e-02  4.17526476e-02  8.67263041e-03
  7.99259990e-02 -1.04623707e-02 -6.45513609e-02  2.89658271e-02
  7.33988211e-02  1.01468735e-03 -1.32086016e-02  4.13409211e-02
 -1.62052419e-02 -1.49026327e-02  2.47986205e-02  9.00832266e-02
 -1.94406379e-02  3.78712304e-02 -1.10041229e-02 -3.53224911e-02
  9.58841741e-02  1.04271226e-01 -1.04136663e-02 -2.13984656e-03
  3.98873724e-02  2.05124468e-02  3.26271605e-04 -4.03845794e-02
 -2.78880466e-02 -3.47940028e-02  1.45767471e-02  2.62075676e-33
 -8.35944489e-02  4.28940319e-02 -6.72588274e-02  5.32062948e-02
 -1.38197150e-02  4.50995332e-03  7.66755566e-02 -2.32175216e-02
 -4.15976951e-03  9.78875607e-02 -7.53218010e-02 -1.93160512e-02
  6.64541721e-02  5.58257997e-02 -7.29287788e-02 -4.51309308e-02
  1.17368679e-02 -2.87267286e-02  3.90636474e-02 -1.35356076e-02
 -3.54762599e-02  5.85725531e-02  5.86518534e-02  6.83710426e-02
  3.66547774e-03  4.84071709e-02 -8.77647325e-02  5.99095188e-02
 -8.57877508e-02  1.67867839e-02  6.12851493e-02 -4.33050375e-03
 -4.83639613e-02 -5.30845560e-02 -2.93237790e-02  4.75645624e-02
 -6.50030449e-02 -1.16644101e-02  7.01695168e-03  2.92474474e-03
  5.19376621e-02 -4.55015227e-02 -2.01098304e-02  3.68850268e-02
 -1.60224531e-02 -5.93953393e-02  4.80348244e-03 -8.35906249e-03
  8.59183744e-02 -1.97468791e-02  2.60566305e-02  7.81481806e-03
  4.76185940e-02  5.14945202e-02 -6.27433807e-02  6.13539889e-02
 -3.04683931e-02 -4.53302823e-02 -1.52417338e-02 -3.88229564e-02
  1.94593295e-02  2.69619860e-02 -4.12931554e-02  1.54845640e-01
 -3.14624794e-02 -5.40374517e-02  2.13916954e-02 -8.12464431e-02
  2.76549924e-02 -7.09067136e-02  3.97268906e-02 -4.92287092e-02
  7.78817907e-02 -9.18423980e-02 -3.09765898e-02  1.05045632e-01
 -1.90345850e-02  3.14098038e-02  5.71939796e-02  1.85457654e-02
 -4.68574017e-02 -6.99920952e-02  4.25457247e-02 -1.42599072e-03
 -7.89004713e-02 -8.13498199e-02 -3.84561755e-02 -3.98010500e-02
 -1.77716818e-02  9.57926456e-03 -9.25997421e-02  5.94084002e-02
 -2.25062314e-02  3.01788673e-02 -3.42041929e-03 -1.24634658e-08
  4.46072854e-02  2.24944931e-02 -4.88904826e-02 -1.03223948e-02
  9.22118407e-03 -6.51905462e-02  3.20389718e-02  1.40156291e-04
  4.36045639e-02  8.43356848e-02  2.48838170e-03 -4.05837782e-02
 -1.56026557e-02 -1.96672063e-02  7.09959911e-03  4.14790697e-02
  3.62551659e-02 -2.72128042e-02 -2.53245737e-02 -1.40057495e-02
  9.63745564e-02 -1.62845105e-02 -1.60664134e-02  3.18517610e-02
 -1.18373716e-02 -6.02545170e-03  2.23541353e-02  7.77272657e-02
 -1.22147826e-02  3.28991376e-02 -6.51157508e-03 -5.26874792e-03
 -4.10341732e-02 -3.03884633e-02  1.02242855e-02 -6.12844341e-02
 -5.76401176e-03  3.65436822e-02  2.01425087e-02 -3.22215110e-02
  2.91550271e-02 -4.71884198e-02 -6.14447817e-02 -7.18749091e-02
 -5.26615754e-02  1.40148010e-02 -1.56989545e-01 -4.46106717e-02
  3.18049715e-04 -1.21852748e-01  9.14095622e-03  2.08626781e-02
 -1.62241552e-02 -5.64600378e-02 -2.47502550e-02 -7.05685765e-02
  3.14836241e-02  1.55418701e-02 -7.83189386e-02 -2.36676969e-02
  7.49432445e-02 -9.93043706e-02  2.65384950e-02 -6.31218702e-02]"
240,Supply Chain Labor Standards,Social,standards,6,0.5129,"[-3.49781662e-02  2.97556017e-02 -6.12811036e-02 -1.74665339e-02
 -6.52521327e-02 -2.40297914e-02 -2.28321813e-02  6.16639713e-03
 -6.38729557e-02  6.70357700e-03  1.23169431e-02 -4.23923880e-02
 -1.70712301e-03  2.06221454e-02 -1.63124967e-02 -5.74052371e-02
  6.99996874e-02 -6.31408766e-02 -6.41448647e-02  6.72050789e-02
  2.08303332e-02  6.46584481e-02  6.47562183e-03 -1.74701158e-02
 -5.19570373e-02 -1.78297888e-02 -3.30010727e-02 -2.08087713e-02
  3.24324444e-02 -9.06193703e-02 -2.54968256e-02 -1.54618062e-02
  1.66108370e-01 -2.36313185e-03 -3.76052558e-02  2.20753476e-02
  6.56980649e-02 -2.65841130e-02 -1.09314127e-03  2.35455651e-02
  2.07361579e-02 -7.13953450e-02 -4.41126488e-02  1.73028018e-02
 -3.13262939e-02  5.54034077e-02  3.27044092e-02 -4.04443033e-03
 -7.43229091e-02 -5.20076342e-02 -1.56468283e-02 -1.45367458e-02
 -5.26067130e-02  3.19891348e-02  2.49778628e-02 -1.16329612e-02
 -3.89301665e-02  1.05003007e-02  3.60490195e-02 -3.87628935e-02
 -2.47080140e-02 -1.19621744e-02 -9.89639014e-02  3.04366909e-02
  8.16743448e-02 -2.26766840e-02 -4.21531834e-02  5.52583747e-02
  8.77157971e-03  1.27956709e-02 -8.78187642e-02  8.60043988e-03
  1.17466534e-02  1.00343727e-01  1.91785768e-02 -3.44185606e-02
 -8.26594606e-03 -5.34183718e-02 -4.25934000e-03 -2.62498837e-02
 -8.23592544e-02 -7.47733787e-02  4.52635661e-02  4.70495336e-02
  9.41800997e-02  5.30505851e-02  5.04066329e-03 -3.47294472e-02
 -1.16168018e-02  4.75757308e-02 -1.33822467e-02 -8.98752138e-02
  7.39080235e-02  2.57679168e-02 -4.32035998e-02  3.00148106e-03
  3.34663987e-02 -3.55550200e-02  1.39288548e-02  2.12676972e-01
  4.16552275e-02  5.42597547e-02 -6.36656135e-02  1.59226172e-02
  2.99972426e-02 -2.41986029e-02  4.19999436e-02  3.04764230e-02
  2.95022149e-02 -1.43534066e-02 -2.22658329e-02 -3.56606580e-02
 -1.11201487e-01 -1.08899169e-01  4.21453454e-02 -1.09862648e-01
 -4.96834181e-02 -1.71313100e-02  8.82698521e-02 -9.03797299e-02
  2.02090926e-02  1.36192013e-02  2.54273377e-02 -4.14020121e-02
  1.95113290e-02 -1.07131563e-02 -3.78895104e-02 -5.03389623e-33
  1.72126200e-02  1.24413762e-02 -2.34384853e-02  3.27163637e-02
 -2.69583128e-02  4.16304506e-02 -4.59805652e-02 -1.59308612e-02
  4.88663791e-03  8.17877948e-02  9.42724198e-02  1.12975180e-01
 -6.28785491e-02 -4.17351425e-02  9.75884348e-02  9.50426236e-02
  2.24496815e-02  5.29512092e-02  2.13083010e-02  4.16002311e-02
  1.47151463e-02  3.72515768e-02  2.14144699e-02  2.05604620e-02
 -1.44843943e-02  1.25449914e-02 -1.36232106e-02  1.55451475e-02
  3.98378074e-02 -6.10961765e-03  5.29734269e-02 -4.39196862e-02
  9.98115838e-02 -8.17736015e-02  2.41373349e-02  6.33470863e-02
 -2.26458907e-03 -3.94366384e-02  4.31696847e-02 -5.30001409e-02
 -1.64884306e-03  1.27428873e-02 -8.18443894e-02  1.56717207e-02
  2.15752590e-02  8.31048414e-02 -1.70332957e-02  5.42811642e-04
 -1.62109025e-02  3.67527828e-02 -1.90414786e-02  2.68913507e-02
 -1.76045243e-02 -4.47393432e-02  2.40822583e-02 -5.59892803e-02
  6.00911453e-02 -5.63323451e-03 -5.19665778e-02  2.57149450e-02
  3.59039642e-02  5.94332516e-02 -1.64046772e-02 -1.02571612e-02
 -3.14973667e-02 -1.33818407e-02 -2.48032641e-02 -2.68869139e-02
 -2.20835898e-02 -4.55397516e-02 -8.68894756e-02  1.35512045e-02
 -4.45385762e-02  7.26881474e-02 -1.17277531e-02 -4.71514612e-02
  2.11478751e-02  1.19064217e-02  5.59779219e-02 -7.67610297e-02
 -4.78346460e-02  9.54268873e-02 -3.24361213e-02 -6.67612825e-04
  6.21654466e-03 -3.99349071e-02  3.03287823e-02 -1.18867459e-03
  5.35531230e-02  2.44096145e-02 -5.03920577e-02 -2.69970223e-02
  1.13786859e-02  2.44464092e-02  1.21446289e-02  3.03470305e-33
  3.24523300e-02  1.30924555e-02 -1.26935691e-01  1.26196995e-01
  1.28715774e-02 -1.09049305e-02 -3.31965163e-02 -3.38126859e-03
  6.98733181e-02  8.27687010e-02  4.28412743e-02 -2.18447223e-02
  7.54118860e-02 -2.47155894e-02  3.48543711e-02 -6.47223145e-02
  4.40281845e-04 -1.20928444e-01 -4.96583134e-02 -1.92425810e-02
  5.91908768e-02  1.28879286e-02 -1.46805895e-02  6.33597299e-02
 -3.36460359e-02  3.00664804e-03 -7.73808584e-02 -3.75842862e-02
 -7.59400055e-02 -1.00419469e-01 -1.14132296e-02 -7.84388706e-02
  7.16114696e-03  1.12808160e-01  2.86185518e-02 -5.47714159e-02
  2.44608968e-02 -4.94676083e-03  5.60369575e-04  1.66050135e-03
  1.17638679e-02  2.31937543e-02 -4.06954326e-02  1.14896245e-01
 -7.83174857e-03  1.63870044e-02  1.00433715e-02 -1.30783869e-02
  3.35982032e-02 -6.55177832e-02 -9.03420374e-02 -5.38326167e-02
 -2.95209698e-04 -3.41516249e-02  3.63556878e-03 -1.62329078e-02
 -6.35624379e-02 -2.00306978e-02 -2.80146413e-02  3.11792851e-03
  6.32027686e-02  1.52144013e-02 -5.58002889e-02  6.58360124e-02
  1.25765000e-02 -2.59736869e-02  9.55311756e-04  1.60956588e-02
 -1.66546963e-02 -6.48443820e-03 -1.42208312e-03 -5.15781455e-02
 -6.63806424e-02  8.87182727e-03 -7.70637691e-02 -7.72981346e-02
 -1.31655140e-02 -1.23131201e-02  2.33542756e-03  1.74399745e-02
 -9.04278085e-02 -1.92172136e-02  8.30088684e-04  6.11292534e-02
  7.15572834e-02  9.10999700e-02  6.74055517e-02 -5.54500371e-02
  1.68560240e-02  1.50437783e-02  1.91776119e-02 -1.05395094e-02
  1.16189364e-02  8.37900341e-02 -6.27292320e-02 -1.23693944e-08
 -1.30654246e-01 -1.55573804e-02 -4.10245210e-02  2.41598543e-02
 -6.24554269e-02  5.02928831e-02 -5.20969145e-02 -5.16826138e-02
  1.74432935e-03  1.28599182e-01 -8.84253252e-03 -2.43593226e-04
  8.07622541e-03  5.54970056e-02  9.22740027e-02 -1.54068042e-02
  6.92879735e-03  5.52035905e-02 -6.01517856e-02  6.87569529e-02
 -4.04124372e-02 -7.07369763e-04 -9.61404108e-03 -7.94216990e-02
  1.29693858e-02  2.90031452e-02  2.14782916e-02  1.15336597e-01
 -4.31877673e-02  1.44759059e-01  6.81614056e-02  6.46164045e-02
  5.98975495e-02 -5.72258905e-02 -1.10872304e-02 -4.84077036e-02
  3.75212282e-02  7.53534362e-02  8.94001275e-02  3.95352021e-02
 -7.00575188e-02 -5.52797243e-02  3.21033448e-02  3.42801027e-02
 -1.05045484e-02  2.81831082e-02 -6.14540838e-02  8.96240771e-02
 -7.00391605e-02  2.17778534e-02  6.14907742e-02  2.25734874e-03
  3.30293886e-02  1.56455208e-02  5.56657128e-02 -5.32390736e-03
  2.44723577e-02  6.10963488e-03 -5.92985302e-02 -3.39857191e-02
  1.01330690e-01  1.98481176e-02  6.89078495e-02  4.81619723e-02]"
241,Supply Chain Labor Standards,Social,suppliers,21,0.5012,"[-4.69314530e-02 -1.47003476e-02 -1.76749267e-02  4.37354157e-03
 -1.14392554e-02 -5.34365233e-03  5.74073866e-02  3.72302457e-04
 -1.05951075e-02 -5.38046397e-02  5.24788871e-02 -2.82670725e-02
  1.49369491e-02 -1.73903108e-02 -4.92884591e-02 -4.49273596e-03
  3.71170143e-04  1.73602886e-02 -2.69910824e-02 -9.54058766e-02
 -1.42554909e-01 -4.25467826e-02 -4.06194944e-03  3.34845819e-02
 -2.18031816e-02  4.42879423e-02 -5.18365949e-02 -3.64341103e-02
  9.72913355e-02 -9.56821367e-02 -2.24655904e-02  1.72827933e-02
  9.84009076e-03 -3.85241164e-03 -2.18136143e-03  3.86854000e-02
 -1.26901301e-04 -4.44198586e-02  1.75442286e-02  2.28401013e-02
  8.54571234e-04 -3.51202451e-02 -3.52735780e-02  1.77354310e-02
  1.66557729e-02  1.20206401e-02  3.18634696e-02  5.24689928e-02
 -2.81253066e-02  4.80426885e-02 -1.42319733e-02 -1.71843544e-02
 -4.62085493e-02 -3.55672324e-03  1.87236778e-02  1.86258659e-03
 -3.41589376e-02 -6.29539117e-02 -8.30412563e-03 -6.43560812e-02
  3.23846266e-02 -8.01468641e-03 -9.76593047e-02  3.68016772e-02
  4.18401062e-02 -2.92694569e-02 -5.66261783e-02  1.18506938e-01
 -1.09292321e-01 -3.98525633e-02  9.20995325e-03 -7.40456954e-02
  4.61234897e-03  7.38658309e-02  1.26561616e-02  1.81424222e-03
  1.01032823e-01 -6.85437098e-02  2.88509149e-02 -5.19159883e-02
  1.20628895e-02  1.06916122e-01 -2.99123265e-02  7.24755786e-03
  1.91142410e-02 -1.97048858e-02  7.05155283e-02  5.55283315e-02
  3.71934734e-02 -1.80371199e-02 -1.35846892e-02 -6.10232688e-02
  9.23858304e-03  6.93348283e-03 -2.76162364e-02  5.09032644e-02
  2.68474803e-03  2.90608685e-02 -7.39025837e-03  1.76607683e-01
  1.12627335e-02  3.92673910e-02 -3.36159915e-02 -2.23563276e-02
 -8.16404819e-02 -8.00627749e-03 -1.04896352e-01  9.03170779e-02
  5.94092794e-02  8.51807967e-02 -6.82459548e-02  1.31848417e-02
 -7.63523653e-02 -4.59972471e-02 -4.54427488e-03 -1.97646376e-02
 -2.98928209e-02  1.45490263e-02  4.97128442e-02 -1.65715218e-02
 -8.84089991e-03  4.00513411e-02 -2.85537783e-02 -8.27183276e-02
 -6.82741627e-02 -5.00173355e-03 -5.79982400e-02 -4.43686743e-33
 -2.35317145e-02  4.24790680e-02 -2.83622872e-02  3.06352787e-02
  6.40252000e-03  6.54589459e-02  3.17473114e-02 -7.56520731e-03
 -1.73297115e-02  4.96650226e-02 -1.11382551e-01  3.77558060e-02
 -7.78042823e-02  4.78032976e-02  8.24537128e-02 -4.74502780e-02
  4.23058718e-02  3.48616242e-02  4.18274216e-02 -2.05210987e-02
 -9.06887576e-02  2.38061305e-02 -4.32916824e-03  1.00518912e-01
  4.45319340e-02 -4.57107164e-02  1.32510783e-02  6.65956065e-02
  4.21203822e-02  2.61303410e-02  7.42535591e-02  1.77328661e-02
  6.91337436e-02 -6.37551174e-02 -4.96454127e-02 -4.77175713e-02
 -8.89812782e-02 -9.18219015e-02  4.55418117e-02  2.66959565e-03
  3.36363949e-02  4.44290414e-02 -3.46758426e-03  6.66163936e-02
 -2.83880290e-02  2.78303567e-02  2.31000539e-02  2.44485028e-02
  1.04483590e-02  6.25763973e-03 -1.13291450e-01  3.72227319e-02
 -2.53764335e-02  1.12256203e-02  5.41080497e-02 -5.08580059e-02
 -1.00846626e-02 -4.35080118e-02  1.53666455e-02  5.43181077e-02
 -3.19037633e-03  1.09789312e-01 -2.33896114e-02  6.86574876e-02
  3.21827717e-02 -3.15511338e-02  1.87423863e-02 -4.97078188e-02
 -5.38056381e-02 -3.03656422e-02 -7.56818727e-02 -2.35161767e-03
  5.38664684e-02  3.46065126e-02 -4.57564108e-02 -8.90858937e-03
 -1.64593905e-02  1.22804202e-01  1.04101943e-02 -5.78451082e-02
 -1.26849994e-01  2.91637797e-02  2.44480707e-02  8.79539177e-02
 -3.64693888e-02 -4.73300703e-02 -9.22288373e-03  2.48468295e-03
  6.59437180e-02  1.26410071e-02 -1.01295896e-01  1.05426274e-02
  8.30021407e-03 -1.20806193e-03  4.69159242e-03  3.37332532e-33
 -1.83108672e-02  2.12353040e-02  5.20571657e-02  4.85103317e-02
  7.03093484e-02  2.72677522e-02  2.42113005e-02 -6.85770735e-02
  9.52088684e-02  8.29790756e-02 -3.32616679e-02  1.86852738e-02
  5.43623753e-02  1.66292991e-02  1.20977825e-02  1.85183727e-03
  7.70358518e-02 -8.25900212e-03 -4.17116936e-03 -3.31136845e-02
  2.34635249e-02  1.65206622e-02  4.42563891e-02 -9.17498842e-02
  1.42289698e-02  2.15027593e-02  2.84636975e-03 -1.38485525e-02
 -8.92315060e-02  1.38156326e-03 -3.53478407e-03 -6.65388256e-02
 -5.97925149e-02  1.03523307e-01 -6.53372183e-02  4.18092795e-02
 -4.94650342e-02  8.77870247e-02  4.53137830e-02 -3.08914334e-02
  7.00031072e-02 -9.57094412e-03  4.08180766e-02  1.12703107e-01
 -3.63699831e-02 -7.09686950e-02 -3.26007232e-03 -9.29088369e-02
  1.58987999e-01 -1.99546702e-02 -3.97054590e-02  5.49681447e-02
  3.82826515e-02 -3.83988619e-02 -5.23856506e-02  7.87254144e-03
 -1.76586155e-02  5.13421446e-02  4.31276672e-02 -1.98447071e-02
  4.61195819e-02  4.91622016e-02  2.12530941e-02  1.26602789e-02
  1.07325362e-02  7.31291100e-02  3.43855396e-02  7.62658613e-03
  4.96976599e-02 -5.32885920e-03  6.92142025e-02  4.28969041e-03
 -5.11427131e-03  5.40807471e-03 -6.47100955e-02 -1.80834271e-02
 -8.56951401e-02  5.05995099e-03 -3.06908563e-02  5.39919548e-03
  3.98018174e-02 -5.69309443e-02  3.96414623e-02  1.53816342e-01
 -1.43995071e-02 -3.75824352e-03  6.30049258e-02 -4.44603972e-02
  4.30888161e-02  3.06837307e-03 -4.88023087e-02  2.41073482e-02
 -3.16452794e-02 -5.34065301e-03 -1.70691423e-02 -1.12780985e-08
 -3.53380628e-02 -6.89681098e-02  2.05070842e-02  3.13601717e-02
 -5.63580031e-03 -3.57976370e-02  3.28431204e-02  3.00614163e-02
 -3.47550586e-02  1.11886889e-01 -2.38691568e-02 -2.14561285e-03
 -2.02101190e-02  2.54607759e-02  3.73011641e-02  1.64110283e-03
 -5.01114242e-02  7.23565668e-02 -7.23687559e-02 -1.06681772e-01
  8.43590591e-03  9.86630768e-02  1.59762949e-01  3.66474316e-03
 -3.49108465e-02 -5.59644401e-03  5.64458892e-02 -5.05809262e-02
  9.75101162e-03  4.68055829e-02  4.74397540e-02  3.57183330e-02
  1.76031068e-02 -1.16963446e-01 -3.12669985e-02 -7.44145215e-02
 -4.02486846e-02 -7.60246580e-03  8.65303632e-03 -3.59691791e-02
 -1.09486468e-01  1.31341340e-02  2.60466747e-02  2.78068986e-02
  2.88892370e-02 -3.11058685e-02 -8.87467414e-02  5.11403603e-04
 -5.63934259e-03 -2.32782606e-02  1.59890130e-02  2.19354667e-02
  5.06735817e-02 -8.32297374e-03 -3.80413756e-02 -7.13030249e-02
 -2.26162300e-02 -4.59552966e-02  1.24013321e-02  4.26817872e-03
 -2.61842683e-02 -3.67684402e-02  1.33888826e-01 -6.64003752e-03]"
242,Supply Chain Labor Standards,Social,supplier,28,0.4315,"[-7.20599368e-02  1.79816801e-02 -1.33760246e-02  6.59618527e-04
 -5.79906777e-02 -3.02387625e-02  9.82655808e-02  1.07606128e-02
  7.88590219e-03 -2.61518750e-02  6.71963170e-02 -3.85829657e-02
  1.87508799e-02 -1.25031127e-02 -8.37484226e-02 -1.24250855e-02
 -1.70444530e-02 -1.44485217e-02 -3.78487930e-02 -8.48170742e-02
 -1.42003596e-01 -4.22353633e-02 -2.43242644e-02  9.83554590e-03
  3.72559368e-03  4.13066186e-02 -5.24625070e-02 -3.20973322e-02
  9.57927853e-02 -9.16862488e-02 -9.21035931e-03  2.42601093e-02
  1.89835150e-02 -2.20267009e-02 -3.81711242e-03  7.88103882e-03
 -8.36479198e-03 -5.11510782e-02  1.93610638e-02  8.22274480e-03
  7.61957653e-03 -1.35766892e-02 -1.73175260e-02  3.05852387e-02
  2.74300650e-02  2.58169062e-02  2.79771816e-02  3.94032858e-02
  8.04819074e-03  7.44938776e-02 -3.58686671e-02  5.65794017e-03
 -4.58506607e-02  1.76189234e-03  2.25348603e-02  2.99056806e-02
 -3.46006267e-02 -4.50221151e-02 -3.19788903e-02 -7.18134046e-02
  1.54851768e-02 -1.00693544e-02 -6.65658861e-02  1.34285102e-02
  6.89647645e-02 -3.06901392e-02 -5.60922027e-02  4.94799316e-02
 -9.95945483e-02 -2.97359414e-02  4.82717380e-02 -6.84941635e-02
  1.83225181e-02  5.51599450e-02 -5.45426458e-03 -1.52515722e-02
  1.17625706e-01 -3.03181559e-02  4.42713164e-02 -5.06885499e-02
  1.24575710e-02  1.07149370e-01 -4.06471640e-02 -8.01047496e-03
  1.99785177e-02 -1.98038928e-02  7.28907287e-02  6.13791682e-02
  2.07835231e-02 -9.61528160e-03 -5.15063852e-03 -7.60789439e-02
  1.38600627e-02  5.47878863e-03 -4.30509932e-02  4.34591100e-02
  1.61343068e-02  2.50687986e-03 -6.92752302e-02  1.91654667e-01
  3.19207199e-02  4.45276052e-02 -4.47886176e-02 -2.69468203e-02
 -7.27434158e-02 -5.29437186e-03 -9.67823938e-02  8.52192119e-02
  6.04151227e-02  6.41628727e-02 -6.43328354e-02  1.42315235e-02
 -7.22677410e-02 -4.03127447e-02  2.15777429e-03 -7.97284674e-03
 -2.96070427e-02  1.51363006e-02  5.50577529e-02 -7.37265199e-02
 -2.40474963e-03  3.85190845e-02 -5.57379797e-02 -7.36648217e-02
 -8.41464475e-02 -3.75279374e-02 -2.46348269e-02 -4.72441612e-33
 -1.12718502e-02  5.89887612e-02 -1.21539058e-02  2.99678985e-02
  4.85905260e-03  7.85750970e-02  2.41545886e-02  3.49746388e-03
 -4.20227423e-02  1.72456317e-02 -1.20241567e-01  1.77848991e-02
 -4.55117747e-02  1.78551357e-02  8.31580982e-02 -5.28910346e-02
  1.49585176e-02  3.22636589e-02  6.20420016e-02 -2.58230306e-02
 -8.37135315e-02  2.00876989e-03 -1.33852297e-02  8.66436064e-02
  5.76953627e-02 -6.39574900e-02  2.18927730e-02  4.93049435e-02
  3.75802107e-02  2.38843448e-02  9.00266096e-02  1.91663317e-02
  4.21506055e-02 -7.26803914e-02 -3.24401595e-02 -7.83786029e-02
 -8.07082877e-02 -9.43969265e-02  2.56651323e-02 -7.98458979e-03
  4.54528257e-02  2.99232192e-02 -1.54463248e-02  6.16198406e-02
 -3.66389900e-02  5.10349171e-03  3.19876000e-02  2.85489094e-02
  7.75089161e-03  1.07285706e-02 -1.29808113e-01  1.76556185e-02
 -3.02936081e-02  1.31849491e-03  3.65797356e-02 -4.79497761e-02
  9.98558011e-03 -2.84450855e-02  1.35843763e-02  3.96754704e-02
  2.91290525e-02  9.29304287e-02 -2.05606353e-02  9.30800512e-02
  1.72111988e-02 -4.86092083e-02  2.04738341e-02 -5.18095791e-02
 -3.67672332e-02 -5.00335358e-02 -4.70086187e-02  5.60479332e-03
  4.37492020e-02  3.04543376e-02 -3.79747227e-02  3.18226614e-03
 -2.75013596e-02  1.00961708e-01  3.88775277e-03 -4.46636379e-02
 -1.21500783e-01  2.44880896e-02  4.14438918e-02  9.31779742e-02
 -2.94074360e-02 -1.18417675e-02 -2.65254807e-02 -3.04399291e-03
  7.63287395e-02  2.21219696e-02 -1.18200883e-01  1.63367689e-02
 -4.51601855e-03  1.85151715e-02  2.31506638e-02  3.43149393e-33
 -2.02498026e-02  1.23626608e-02  3.88803259e-02  5.26511017e-03
  9.91721451e-02  1.38204610e-02  3.87139767e-02 -7.04425201e-02
  7.34286532e-02  8.68152902e-02 -4.09140848e-02  2.93743815e-02
  5.57705797e-02  2.10239328e-02  5.00581190e-02  1.67302545e-02
  4.92965952e-02 -8.86532199e-03 -1.73095129e-02 -1.49633270e-02
  1.06369506e-03  2.01970097e-02  1.61657371e-02 -7.42401555e-02
  1.80533081e-02  4.52603735e-02  2.55148560e-02  5.61563857e-03
 -7.74820149e-02  5.46297245e-03 -2.55435500e-02 -4.84425314e-02
 -5.03429286e-02  6.77456558e-02 -4.56840135e-02  6.51076436e-02
 -3.10729481e-02  8.96039605e-02  2.38433667e-02 -7.71942455e-03
  6.29196763e-02 -1.29464071e-03  6.80364966e-02  1.33496031e-01
 -2.63330732e-02 -7.30474293e-02  3.72669566e-03 -7.45230019e-02
  1.61420867e-01 -1.09584434e-02 -4.11703289e-02  4.39021029e-02
  3.67105044e-02 -1.14287287e-02 -5.19285798e-02  2.44351216e-02
 -4.09202389e-02  6.50657713e-02  4.35533598e-02 -1.55489892e-02
  3.81938256e-02  5.57016023e-02  3.35065350e-02  2.24051159e-02
  1.75019708e-02  8.48634616e-02  2.89367195e-02  1.25137558e-02
  5.04362360e-02 -4.86953072e-02  6.82435259e-02 -7.10869534e-03
  9.12118237e-03 -1.95990712e-03 -4.57815304e-02 -1.20528778e-02
 -8.54204968e-02  1.90521730e-03 -3.11421547e-02 -5.70575474e-03
  5.68352714e-02 -4.66316640e-02  5.78755550e-02  1.46373808e-01
 -5.51636219e-02 -4.77574095e-02  9.57872048e-02 -3.00955903e-02
  1.40019348e-02 -1.05524762e-02 -2.34909933e-02  7.47178029e-03
 -6.91226572e-02 -2.35929135e-02  3.50431190e-03 -1.12480576e-08
 -2.60455683e-02 -6.77267835e-02  2.15498414e-02  1.17314560e-03
  3.38239819e-02 -4.32709791e-02  3.68321277e-02  2.82153971e-02
 -4.59584035e-02  9.34775695e-02 -2.98294052e-02 -1.72425415e-02
 -1.75160524e-02  2.38611978e-02  2.90546138e-02  7.39293871e-03
 -4.76365760e-02  5.07293306e-02 -8.29458237e-02 -1.02924548e-01
  1.15384888e-02  8.11275691e-02  1.44960254e-01  1.73852500e-02
 -5.08043505e-02  2.01389473e-03  6.84851408e-02 -4.08795848e-02
  3.50789800e-02  6.07283898e-02  5.20345680e-02  4.78927270e-02
  2.13916861e-02 -1.04994856e-01 -2.31329165e-02 -9.01016891e-02
 -4.44842763e-02 -1.95946842e-02  1.53226908e-02 -3.28630731e-02
 -1.06584176e-01  3.66967805e-02  3.04340012e-02  5.43951392e-02
  3.95991281e-02 -1.43031618e-02 -9.64519680e-02 -4.26508859e-02
  7.30630010e-03 -3.31957899e-02  6.89063687e-03  1.52443023e-02
  4.11623530e-02  9.09452047e-03 -6.15483224e-02 -6.73926100e-02
 -1.56150395e-02 -3.65668312e-02 -6.29207538e-03 -1.78127910e-03
  5.22771338e-03 -3.76891904e-02  1.26464397e-01 -4.00443748e-03]"
243,Supply Chain Labor Standards,Social,vendors,1,0.4132,"[-1.71366986e-02  5.75127685e-03 -4.53270040e-02  1.04648601e-02
 -4.95090112e-02 -2.21502706e-02  7.18239397e-02  1.19456137e-02
 -1.08926499e-03 -6.95589334e-02  1.65255461e-02 -4.63431119e-04
  9.92709212e-03  1.03841620e-02 -1.47092501e-02 -7.95633812e-03
  2.98122559e-02  2.63307467e-02  4.89075668e-02 -5.56678511e-02
 -1.34744570e-01 -3.90905216e-02 -6.47750795e-02  5.54225929e-02
 -1.06552467e-02  1.54396892e-02 -1.11773480e-02 -3.46671455e-02
  6.29763529e-02 -1.17250718e-01 -4.75012101e-02  3.21209542e-02
  4.73494716e-02  4.15194221e-03  1.95051096e-02  2.74796654e-02
 -1.12866731e-02 -5.10254800e-02  1.64267477e-02  1.13411509e-02
  5.06318584e-02 -3.47777791e-02 -1.18230507e-01  2.45364588e-02
  2.90103257e-02 -4.95041460e-02 -6.04274636e-03  3.90508249e-02
  1.02749327e-03  6.85600564e-02 -2.33986918e-02 -3.28966267e-02
 -4.79246192e-02 -7.34185742e-04 -4.63408139e-03 -7.53028616e-02
 -4.29068767e-02 -2.04277374e-02  1.94981899e-02 -4.65928726e-02
  5.99716380e-02 -3.78677286e-02 -6.97122514e-02  4.57959473e-02
 -1.54920649e-02  6.30226359e-02 -2.62386240e-02  9.89888981e-02
 -1.19413577e-01 -5.32288328e-02  1.12527004e-02 -7.45905340e-02
  1.91977769e-02  5.48610613e-02  5.16235456e-02 -6.05379529e-02
  6.16943054e-02 -8.22125524e-02  2.95907613e-02 -3.85579355e-02
 -2.04058494e-02  7.14800507e-02 -5.71140759e-02 -1.32423155e-02
 -4.14582193e-02 -7.54259527e-03  2.92657427e-02  1.25972822e-01
  1.88573934e-02 -3.19458917e-02  6.63327007e-03 -2.16308106e-02
 -1.11506283e-02 -2.39394642e-02  3.30904056e-03  5.87266944e-02
  2.08570026e-02  2.33350415e-03  7.83053041e-02  1.78630367e-01
  1.83107592e-02  4.12121639e-02 -1.22433398e-02 -1.21400901e-03
 -1.24284759e-01  2.38966234e-02 -7.30910450e-02  2.52086222e-02
  2.58501228e-02  6.56620413e-02 -8.76872540e-02  3.55019160e-02
 -1.41812533e-01 -5.85206784e-02 -4.73255888e-02  3.53331380e-02
 -3.05290837e-02  6.94328099e-02  1.07705137e-02 -5.14475852e-02
 -2.97198370e-02  4.45508584e-02 -7.18510384e-03 -8.42490420e-02
 -1.87700242e-02  2.61737350e-02 -7.15997117e-03 -5.04390226e-33
 -5.03039919e-02  6.26921374e-03 -2.56881341e-02  2.84095034e-02
  7.05879331e-02  2.85257939e-02  5.27239591e-02 -4.33748914e-03
 -2.95942388e-02  4.91282716e-02 -7.74373263e-02  3.76834013e-02
 -7.02346861e-02  3.76605876e-02  7.39058703e-02 -3.46091092e-02
  8.43593851e-03  6.28752634e-02 -9.99098457e-03 -5.08807339e-02
 -9.96791497e-02  1.98380034e-02  8.18276685e-03  1.24239475e-01
  1.20165842e-02  1.26600768e-02  1.89937477e-03  3.56052145e-02
  1.21879689e-01  2.43539624e-02  7.37884864e-02  1.82422518e-03
  7.33224228e-02 -3.31857055e-03 -4.30719182e-02  6.13295734e-02
 -5.40810935e-02 -5.54845780e-02  7.03526884e-02 -9.65402648e-03
 -8.89675785e-03  6.51881024e-02  1.09206419e-03  5.41315563e-02
 -3.64861898e-02  2.07129195e-02 -1.97445322e-03 -7.77906459e-03
  3.28221843e-02  5.54030295e-03 -8.81291553e-02  5.05358949e-02
 -6.40620366e-02  2.30335053e-02  7.44032264e-02 -9.91452187e-02
 -1.38398232e-02 -4.00675274e-02 -4.37573493e-02  1.64853446e-02
  2.72477269e-02  1.05859183e-01 -3.27899284e-03  2.20365524e-02
 -1.21532357e-03 -1.86668355e-02 -3.88991064e-03 -3.86819914e-02
 -1.67275444e-02  9.16548260e-03 -4.69947010e-02  4.50219661e-02
  8.89821872e-02  1.32542755e-02 -2.38598529e-02  4.54315655e-02
 -3.53417024e-02  5.49640059e-02  1.27652697e-02 -2.25761887e-02
 -7.75710642e-02  1.00471433e-02  3.48590761e-02  7.68397897e-02
 -4.27767038e-02 -1.34622063e-02 -3.26393582e-02 -2.36390699e-02
  1.85187031e-02  2.12519374e-02 -1.41522080e-01  4.47405688e-02
  7.48371147e-03  2.77139489e-02  1.18167391e-02  3.53803633e-33
 -4.29010093e-02 -5.29539865e-03  3.86997946e-02  8.54772255e-02
  2.71914043e-02  6.11706451e-03 -8.31716415e-03 -3.36694419e-02
  4.01673838e-02  2.58607976e-02 -4.37233932e-02 -2.24475954e-02
  1.81036964e-02 -3.13957315e-03  4.30375077e-02 -4.05248106e-02
  2.94752251e-02  4.05742601e-02  3.98949236e-02  2.25570262e-03
 -1.88680664e-02  3.41473334e-02 -1.65339370e-05 -2.36963984e-02
 -1.42282061e-02  4.57621366e-02 -1.08430609e-02 -4.11474593e-02
 -8.14251322e-03  9.18787904e-03  1.28712067e-02 -6.23463280e-02
 -3.07166036e-02  6.16973341e-02 -4.58300523e-02  7.41999075e-02
 -2.09697504e-02  7.67828450e-02  7.87789654e-03 -6.26608208e-02
  1.03401363e-01 -3.55888605e-02 -6.07997172e-05  8.14825222e-02
 -4.18589525e-02 -1.03244998e-01 -7.29200803e-03 -4.40181941e-02
  1.66487023e-01 -4.81751598e-02 -5.08095473e-02  7.72515908e-02
  4.04292457e-02 -8.15953016e-02 -5.80789447e-02  3.92232798e-02
 -3.22952829e-02  1.47444671e-02  5.12043573e-02  3.87390740e-02
  4.00299504e-02  5.94369099e-02  2.81272437e-02  6.60398081e-02
 -1.38899311e-02  4.18052487e-02  6.64264187e-02  3.48497070e-02
 -2.63769720e-02 -3.88096808e-03  1.00545682e-01  5.66254463e-03
 -7.25846812e-02 -9.25392285e-03 -7.20502511e-02 -2.81872787e-02
 -8.93652663e-02 -2.42785588e-02  2.06110645e-02 -1.39178466e-02
  7.19251931e-02 -6.65914118e-02  4.17188229e-03  1.36300996e-01
 -3.92663218e-02 -1.21340677e-02  2.94038560e-02 -4.53174748e-02
  1.08481450e-02  9.98426229e-04 -6.14727698e-02  3.52178887e-02
 -2.19204556e-02 -5.02535980e-03 -1.40974335e-02 -1.14285426e-08
 -4.83074896e-02 -2.70449207e-03 -2.31298823e-02  3.10895983e-02
  4.50481055e-03 -7.54912123e-02  8.87482427e-03  5.36957383e-02
 -3.79356556e-02  1.16703242e-01 -1.67205278e-02 -8.60762149e-02
 -4.21625525e-02  3.44523080e-02  4.50879708e-02 -1.31833507e-02
 -3.67254503e-02  5.30052036e-02 -3.90703045e-02 -7.18730390e-02
  1.72724221e-02  8.86455178e-02  1.38929099e-01 -5.17733432e-02
 -2.17776485e-02 -1.32768760e-02  3.98098268e-02  9.57320258e-02
  5.54955304e-02  5.53432107e-02 -4.16690484e-03  3.51029225e-02
  4.35859896e-02 -5.14688678e-02  2.39362977e-02 -1.12489849e-01
 -6.57671615e-02  3.48489322e-02 -2.44915895e-02  9.79696214e-03
 -9.54958946e-02 -1.55339260e-02  1.08278543e-02 -2.78917281e-03
 -1.02842003e-02 -5.63434279e-03 -5.07374816e-02  3.94831300e-02
  1.59995928e-02 -2.46388093e-02 -8.42922740e-03 -5.53145967e-02
  6.87167794e-02 -9.67093371e-03 -6.35634363e-02 -2.74534840e-02
  3.95790301e-02 -5.04166521e-02  4.03772071e-02 -1.82945188e-02
 -3.36679257e-03 -9.37065333e-02  1.08703598e-01  3.72288413e-02]"
244,Supply Chain Labor Standards,Social,regulations,3,0.411,"[-1.37668671e-02  3.70057784e-02 -3.92516181e-02 -4.90847789e-02
  4.17462252e-02  1.28681203e-02  3.90330218e-02 -1.86224841e-02
 -5.24892136e-02  7.08536524e-03  1.53295537e-02 -4.81803296e-03
 -3.43931317e-02  4.67960313e-02 -5.92295267e-03 -6.21640272e-02
  1.85948610e-02 -7.20228814e-03 -1.45375326e-01 -1.88604761e-02
  1.03472896e-01  1.91468075e-02 -2.15231031e-02  3.67338657e-02
 -9.95701626e-02  1.30569860e-02 -6.88975453e-02  1.04146916e-02
  6.95328265e-02 -6.60075471e-02  1.50289917e-02  6.00591674e-03
  8.55793804e-02 -3.34286466e-02  1.71415071e-04  1.87141337e-02
  4.55356911e-02 -6.84814081e-02  2.10846253e-02  9.24973190e-03
 -5.21839084e-03 -8.36805180e-02 -6.14777394e-02  2.11169980e-02
  4.07508798e-02  7.51563907e-02  4.44236360e-02 -5.12170643e-02
 -6.18753247e-02  1.75920930e-02  1.72735602e-02  3.93362716e-02
 -4.06089751e-03  4.35222536e-02  5.66044450e-02 -1.08053558e-01
 -2.12592948e-02 -4.88876961e-02  1.60805266e-02 -2.59067230e-02
  7.63867274e-02 -6.85846135e-02 -1.24297678e-01  3.41318659e-02
  2.32213270e-02 -4.21854062e-03 -9.93506089e-02  2.20775306e-02
  2.19063535e-02 -3.98914889e-02 -6.49698302e-02 -2.75329463e-02
 -1.97125804e-02  8.79896656e-02  3.59157380e-03 -3.16008329e-02
 -1.36949280e-02  5.69366068e-02  7.45645016e-02 -1.01927474e-01
 -3.10177263e-02 -5.86653389e-02  4.30900156e-02  2.07847380e-03
  2.68729795e-02  1.42862396e-02  1.32490732e-02  2.10293923e-02
  3.18287946e-02  5.53985499e-02  2.67640892e-02 -5.34496456e-02
  9.79918316e-02 -1.28577114e-04 -1.07902840e-01 -2.52809059e-02
 -3.01062539e-02 -6.41083643e-02  5.04950434e-02  2.14423388e-01
  1.22493424e-03  2.80552059e-02 -1.18816167e-01  3.97746749e-02
 -4.47193682e-02 -1.54403076e-02  2.69507430e-03  1.59833580e-02
  2.29751896e-02  6.71353415e-02 -1.16528803e-02  8.11482817e-02
  2.25398000e-02 -4.25110422e-02  3.93600650e-02  2.87107527e-02
 -2.02258825e-02  1.92864775e-03  8.37952122e-02  8.00472312e-03
 -3.71954441e-02  6.25904500e-02  1.71636064e-02 -4.78117019e-02
  8.92940462e-02 -8.86320695e-02 -1.29342690e-01 -6.59652165e-33
 -2.32906565e-02 -2.20373161e-02 -4.98837419e-02  5.57699949e-02
  2.77873565e-04 -3.02144384e-04 -5.51686510e-02  9.40711051e-03
 -3.74597982e-02  1.09391645e-01  4.73989733e-02  9.50816646e-03
 -2.35500261e-02 -3.39884423e-02  1.17307082e-01  1.31861093e-02
 -6.42506965e-03  3.48379128e-02  4.29442376e-02  4.47196104e-02
  3.85596976e-03 -9.78023782e-02 -2.25377232e-02  3.24582346e-02
  9.21743363e-03  1.41920242e-02 -2.51496620e-02 -3.80565636e-02
  9.94181260e-02  4.67762612e-02  1.90088358e-02 -1.40967760e-02
  1.11824811e-01 -2.36215983e-02  3.12528573e-02 -1.30262715e-03
 -7.06344619e-02 -2.76867347e-03  1.46587016e-02 -3.84912677e-02
 -3.54910307e-02 -4.10927758e-02 -4.00558598e-02  2.71329489e-02
 -1.13605559e-02  6.17034473e-02  4.60972115e-02 -4.09827456e-02
 -2.38103792e-03  5.01079150e-02 -2.73914658e-03  3.03538330e-02
 -4.53151092e-02 -7.76246861e-02  9.48501471e-03 -4.89678904e-02
 -4.48784232e-02 -1.16035408e-04 -5.07519320e-02  2.66992487e-02
  4.28849272e-02  1.35240376e-01 -4.65338305e-02  6.28709793e-02
  6.30346267e-03 -4.67980169e-02 -2.95293378e-03  1.49808172e-02
  4.58720736e-02 -9.24098343e-02 -7.71273375e-02  2.34914608e-02
 -2.09354907e-02  3.47978435e-02 -3.93678434e-02 -3.49563062e-02
  2.52835304e-02  4.88097407e-02 -3.04461867e-02 -8.48256573e-02
 -5.85305281e-02  6.33657053e-02  3.67594324e-02  3.80717739e-02
 -1.81475170e-02 -1.86278466e-02  5.19577153e-02  2.61086263e-02
 -4.19579782e-02  1.28766224e-02 -6.73416704e-02 -5.95281683e-02
  7.13852234e-03  2.66792346e-02  3.30789611e-02  3.25968734e-33
 -9.50840581e-03  1.69723516e-03 -2.03783941e-02 -1.68475639e-02
  1.88355111e-02  1.54306795e-02 -4.22555730e-02 -3.53428721e-02
  8.65919366e-02  3.23318355e-02 -3.50002907e-02 -5.38099296e-02
  7.09019527e-02  1.06314262e-02 -2.91092116e-02 -6.51591122e-02
 -4.05799709e-02 -1.46838995e-02 -5.69133088e-02 -4.48677968e-03
 -5.62290382e-03 -6.81484118e-03  2.17231847e-02  3.63922939e-02
 -9.97530594e-02  1.16663342e-02 -1.08237632e-01 -1.26417307e-02
  2.19919533e-02 -1.84578355e-02 -6.84502274e-02 -2.19693016e-02
 -5.31784780e-02  7.76213631e-02 -7.52510428e-02 -7.84793943e-02
  1.53468512e-02 -2.60347296e-02 -2.23762193e-03 -3.90340500e-02
  8.35431665e-02  3.11537087e-02  4.08860222e-02  1.02207854e-01
 -2.67961528e-02  2.47331080e-03  5.95446490e-02 -4.75645326e-02
  5.33303954e-02 -3.80123630e-02 -1.96812972e-02 -3.08712497e-02
  5.84613532e-02 -4.58176360e-02 -2.14288831e-02  3.63756977e-02
  3.17301862e-02 -4.01691422e-02  1.63095016e-02  2.50447039e-02
  5.94753586e-02  8.72161314e-02 -8.97427574e-02  1.01574861e-01
  7.23135006e-03 -8.14427622e-03 -4.23010439e-02  3.54279764e-02
  8.08221176e-02 -4.80013108e-03 -4.80468245e-03 -3.45807374e-02
 -1.29605353e-01  3.79536487e-02 -2.17703115e-02 -3.59764434e-02
 -7.26216938e-03 -4.69438918e-02 -6.83075041e-02  3.92786562e-02
 -6.96852431e-02  4.00418416e-03 -5.70693910e-02  8.77165049e-02
  7.22192600e-02 -3.41528608e-03  5.91815487e-02 -8.08501244e-02
  1.37558952e-02  2.32670028e-02 -2.70232242e-02  4.86638360e-02
 -3.02216094e-02  4.83644344e-02 -6.09035082e-02 -1.30114222e-08
 -2.78314445e-02 -4.45132144e-02 -2.12802291e-02  1.96217559e-02
 -5.16965240e-02  1.05997436e-02 -1.04612792e-02 -1.35486685e-02
  3.29010142e-03  8.33059475e-02  1.29773216e-02  4.97439764e-02
  8.11272953e-03  3.14493082e-03  5.18515799e-03 -2.36006379e-02
  1.06524704e-02  6.77156895e-02 -4.64488156e-02  9.47631821e-02
 -3.70842381e-03 -1.74680408e-02  2.82405484e-02  2.74669398e-02
 -5.88039821e-03 -3.45301479e-02  5.60135394e-02  5.89562543e-02
  4.29850742e-02  1.31039634e-01  4.17617820e-02  1.16657861e-01
  2.69968100e-02 -2.22496223e-02 -1.01828940e-01 -8.39024335e-02
 -2.89107785e-02 -1.40308654e-02  4.61165272e-02 -3.25600430e-02
 -7.62976110e-02 -2.21224036e-02  5.86931296e-02  4.91644032e-02
  3.97027545e-02  4.17550616e-02 -3.36247571e-02 -7.36592384e-03
  3.84225398e-02 -1.52405920e-02 -1.12363445e-02 -2.36193947e-02
  9.14809182e-02  2.91752927e-02  3.49343345e-02  2.29694117e-02
  9.39190562e-04 -2.78747845e-02 -5.84949180e-02 -1.48911458e-02
  5.22434115e-02  9.19959247e-02  9.12347287e-02 -3.99964899e-02]"
245,Supply Chain Labor Standards,Social,labor,3,0.4101,"[-5.51208369e-02  3.66711058e-02 -1.84312817e-02  7.42833465e-02
  3.71009968e-02  3.27879488e-02  1.48016484e-02 -7.03885481e-02
 -3.99386734e-02  3.80976833e-02  3.15474495e-02 -2.64666189e-04
 -4.01660763e-02  3.36606093e-02 -3.59363854e-02 -3.32616717e-02
  3.49030383e-02  1.48014920e-02 -4.88454998e-02 -5.51544763e-02
 -7.52475904e-03 -3.62323970e-02 -4.38149497e-02  2.72320933e-03
  3.96197364e-02  5.62682338e-02 -4.65880781e-02  3.51734050e-02
  4.15534265e-02 -6.43735379e-02 -4.14495207e-02  3.23422365e-02
  7.75756389e-02 -1.02205342e-02 -1.89206488e-02 -2.18022261e-02
  2.32332330e-02 -1.16699906e-02  1.24145858e-03 -1.30701261e-02
  5.40880067e-03 -1.01500332e-01 -4.70206924e-02 -1.13594746e-02
 -2.12249886e-02  5.43441400e-02  7.05672503e-02 -4.73930221e-03
 -2.02652533e-02  8.28540996e-02  8.22527483e-02 -3.45349945e-02
 -4.10447791e-02  8.14194456e-02  2.47680768e-02 -4.41695750e-02
  2.16045193e-02 -6.96458444e-02 -9.10167769e-03 -1.25435051e-02
  2.87334844e-02 -2.59477831e-02 -1.62551962e-02  2.04422269e-02
  6.70471117e-02 -8.90901610e-02 -9.98952892e-03  7.55291618e-03
 -8.86616632e-02  1.48119619e-02  5.37678637e-02 -4.99437228e-02
 -3.15772779e-02  1.80679455e-03  6.36043996e-02 -1.07180357e-01
  5.43277785e-02 -3.20085771e-02  4.29765433e-02 -1.31056577e-01
  8.33918457e-04 -3.59918131e-03 -6.57291338e-02  5.37177660e-02
 -4.11684997e-02 -1.32115334e-02  5.80272861e-02  1.37397302e-02
  6.87656328e-02 -3.52414995e-02 -5.46203367e-02 -3.67157571e-02
 -6.38495535e-02 -1.72407227e-03 -5.47003821e-02 -3.66793796e-02
  2.61057857e-02  3.35090160e-02 -1.06816003e-02  2.37259075e-01
 -3.13387252e-02  9.44651384e-03 -5.65023022e-03 -1.01222303e-02
 -1.54147111e-02 -1.84116606e-02 -5.79472780e-02  4.12235968e-03
 -3.85634601e-02  2.64111757e-02 -3.36827077e-02  5.53212967e-03
 -3.88642438e-02  5.01262918e-02  4.11944874e-02 -2.36952677e-02
  4.19286974e-02 -2.94035506e-02 -2.53738333e-02  1.07882842e-01
  3.58972996e-02  6.23738095e-02 -9.37617123e-02  1.77069718e-03
 -1.35001317e-01 -1.25092357e-01  4.32524364e-03 -4.76930311e-33
  3.95675637e-02 -1.18560992e-01  3.41381915e-02  7.21367300e-02
  3.00151054e-02  2.61848643e-02 -2.16427576e-02  1.17744105e-02
  5.90707362e-02  5.13559841e-02 -6.66023269e-02 -7.24022277e-03
  4.65322693e-04  2.62060743e-02  8.37548226e-02 -4.26081568e-02
 -6.42823353e-02 -4.40067425e-03 -9.05200094e-03  5.76169677e-02
 -3.77737135e-02 -3.87370633e-03 -5.88617921e-02  3.75846587e-02
 -3.72431520e-03 -4.53085154e-02 -4.19918075e-02 -3.11802905e-02
  1.95331052e-02  1.72676910e-02  2.79986709e-02  3.82458493e-02
  3.55163701e-02  1.16840666e-02 -7.95432553e-02  1.71113797e-02
  1.45382043e-02 -5.65151498e-02 -4.02694847e-03 -5.98034188e-02
 -7.83874914e-02 -1.76910385e-02  8.77325982e-03 -8.73568282e-03
 -2.82498114e-02  2.46806741e-02  6.60305768e-02 -2.46353541e-02
  7.45212194e-03  7.89510980e-02  3.83681408e-03  1.11952825e-02
  4.80444133e-02 -3.33236903e-02  1.81865301e-02 -1.66933925e-03
  1.00099738e-03 -3.83513458e-02 -4.62450273e-02 -2.22136583e-02
  1.05674006e-02  1.37828002e-02 -2.66292728e-02  8.38588029e-02
 -2.42139138e-02 -6.19743159e-03  1.42759643e-02  3.52507420e-02
  5.47162928e-02 -1.28765171e-02 -1.21435173e-01  4.46685329e-02
 -3.82325868e-03 -6.28181174e-02 -5.76102082e-03  8.28153640e-02
  8.39165226e-02  2.30089650e-02 -2.75112260e-02 -6.46264330e-02
  5.80540113e-03 -2.00618710e-02  7.51446187e-02 -4.09568362e-02
  4.41325828e-02  6.43444955e-02 -1.58037525e-02 -3.22159287e-03
  5.64666502e-02  4.43510823e-02 -2.76850071e-02 -1.36164054e-02
  6.67824671e-02  8.57180730e-02  7.71538988e-02  3.40854828e-33
 -1.08535945e-01 -2.04450991e-02 -7.70802870e-02  9.31893513e-02
  4.91831414e-02 -1.40818227e-02  4.76035057e-03 -5.69144674e-02
 -3.52969090e-03  1.10185400e-01 -5.92629388e-02 -8.24938193e-02
  2.38512047e-02  5.48426174e-02 -1.92914810e-02 -4.12184261e-02
  7.94336125e-02  6.35010302e-02  5.24316542e-03  2.97850482e-02
 -3.59470285e-02  5.14106452e-02  2.19361093e-02 -1.46785945e-01
  1.73681192e-02  7.95884356e-02 -7.83560351e-02  3.98361590e-03
 -5.28113805e-02  8.63856915e-03 -2.84437053e-02 -7.00865919e-03
 -4.74774987e-02  5.03253099e-03 -1.69123448e-02  2.49694753e-02
 -6.59978762e-02  1.16331123e-01 -2.77969078e-03 -6.59034401e-02
  8.73489901e-02 -3.44866067e-02  5.47173247e-02  1.21319987e-01
 -2.36103535e-02 -3.30504403e-02 -3.12568359e-02 -3.62108760e-02
  8.61195847e-03  1.61701851e-02 -1.77148897e-02  1.76002216e-02
 -2.88855322e-02  9.89984442e-03 -6.00657798e-03 -8.27500690e-03
 -4.52665873e-02 -6.63465559e-02 -1.24054328e-02  6.60878718e-02
 -1.12546012e-02  2.32318547e-02  7.92887621e-03  5.33603281e-02
 -1.47392647e-02 -2.57800687e-02  3.33282128e-02 -2.29179971e-02
  8.84847939e-02  5.07666208e-02  4.38757502e-02  5.81039265e-02
 -7.21065924e-02  3.24909687e-02 -2.68110596e-02 -1.97268687e-02
 -2.19335314e-02 -9.36688203e-03 -3.70693915e-02 -1.12445801e-02
 -1.48344412e-03 -6.09919764e-02  5.37653193e-02  1.34404050e-02
 -7.22365156e-02 -1.95207242e-02  1.63847096e-02  4.62071262e-02
 -1.39580872e-02 -4.16219383e-02 -3.11651491e-02  5.33084525e-03
 -1.66301355e-02 -2.79526133e-02  7.96039309e-03 -1.20039427e-08
  2.25506425e-02  1.04760373e-04 -3.30608822e-02 -9.56061631e-02
  1.01642989e-01 -8.26989785e-02  2.20926013e-02  6.95057437e-02
  5.82499951e-02  9.87418890e-02 -2.50198115e-02  3.31799239e-02
  6.68289214e-02  4.44078147e-02  3.86928990e-02  9.40269157e-02
  1.45718371e-02 -6.36061095e-03 -3.86180840e-02 -6.08385131e-02
  4.68775211e-03  4.91183847e-02  2.55462974e-02  2.68392358e-03
 -1.60616692e-02  5.15813716e-02  2.35619899e-02  1.37761399e-01
  4.88899760e-02  3.37204747e-02  2.40574535e-02  9.03830826e-02
 -3.89739051e-02 -6.08290099e-02 -8.01641047e-02 -2.58271471e-02
  1.64248478e-02 -1.49359237e-02  5.31612721e-04 -1.42223746e-01
  2.09812298e-02  6.86196163e-02  6.10821657e-02 -6.02768883e-02
  4.01928090e-02 -9.02839974e-02 -1.04560062e-01  1.79741753e-03
 -2.71209627e-02 -6.53029829e-02 -2.02215482e-02  9.64235887e-03
  3.48756947e-02  8.14943016e-02  7.87468702e-02 -3.42063233e-02
  1.15022976e-02 -9.83653124e-03 -2.92496160e-02  3.50401551e-02
  8.37332308e-02 -7.95286801e-03  1.12663649e-01  1.72382612e-02]"
246,Supply Chain Labor Standards,Social,manufacturing,6,0.3766,"[-5.04827537e-02  1.07648177e-02 -2.13245694e-02  7.44454842e-03
 -3.19682881e-02 -1.99924465e-02  6.48205429e-02  1.47770979e-02
 -4.29868586e-02 -2.32265368e-02  4.22115028e-02 -2.84769088e-02
  1.97285265e-02 -5.39339613e-03 -9.26234871e-02 -3.38307917e-02
  2.55211373e-03 -1.55422809e-02 -3.76534685e-02 -7.81760737e-02
 -4.48908992e-02 -3.46912593e-02  7.42144475e-04  3.97888683e-02
  1.09842364e-02  8.78757834e-02 -6.37926441e-03  3.61939147e-03
  8.65998790e-02 -1.22562505e-01 -5.43107092e-02  6.50579035e-02
  7.30821639e-02 -2.27453280e-02  6.87257051e-02  2.10593697e-02
  3.60077992e-02 -1.78646930e-02  4.19754870e-02 -4.37454768e-02
 -1.05717797e-02 -8.62351730e-02 -4.58751507e-02 -2.39024982e-02
  4.72841077e-02  4.96466830e-02  6.23537004e-02 -8.79024435e-03
 -3.35683711e-02  7.21000582e-02 -4.11893837e-02 -1.36763453e-02
 -4.21999916e-02 -2.87880674e-02  1.64690726e-02  2.70096492e-02
 -2.73070205e-02 -4.82567139e-02 -5.46458922e-03 -1.95131656e-02
  5.31545691e-02 -2.23965030e-02 -7.54126608e-02  2.62599587e-02
  1.24683075e-01  1.79213204e-03 -5.53376451e-02 -8.02986976e-03
 -9.67917666e-02 -1.67294182e-02  7.16470107e-02 -4.25838307e-02
 -5.06838746e-02  7.95268938e-02  2.36942377e-02 -6.06377274e-02
  5.22143990e-02 -4.64545824e-02  3.95100005e-02  5.09117637e-03
  6.19877204e-02  6.11307621e-02 -7.28256479e-02  1.94072537e-02
 -5.22544831e-02 -1.83366500e-02  5.81617579e-02  8.16008747e-02
  5.62787615e-02 -5.51164374e-02 -2.48011928e-02  1.39548065e-04
 -4.83928435e-02 -8.62480234e-03 -8.13401043e-02  6.23223223e-02
 -1.17642898e-02  3.72009426e-02  3.56056243e-02  1.61455050e-01
 -2.07952596e-03  8.20355397e-03 -6.43783668e-03 -5.23826815e-02
 -5.62200882e-02 -4.02110554e-02 -7.72876516e-02  7.74608329e-02
 -3.84403504e-02  5.26274033e-02 -1.95424519e-02  1.32818986e-02
 -6.98416531e-02  3.65284719e-02  3.17582232e-03 -1.45949284e-03
  2.19508819e-02  2.74308361e-02  3.09540667e-02 -2.92711463e-02
  8.64933990e-03  3.79666425e-02 -4.90501150e-02  1.61821526e-02
 -1.00339569e-01 -7.72371441e-02 -6.02168180e-02 -4.09283219e-33
 -6.47446979e-03 -3.35912071e-02  1.34333922e-02  6.84612021e-02
 -3.43195386e-02  4.44018692e-02  1.17229512e-02  8.87886435e-03
  3.38051207e-02  2.55741328e-02 -4.26478460e-02 -4.84644510e-02
 -3.20215747e-02  1.73304528e-02  1.24330111e-01 -5.80845401e-02
 -1.12204417e-03  3.53559889e-02 -1.46842375e-02 -1.04996655e-02
 -1.11520648e-01 -1.36686796e-02  5.76966675e-03  7.34904781e-02
  2.73646340e-02  2.74451803e-02  3.49690788e-03 -3.61503437e-02
 -4.41987105e-02  9.02137719e-03  7.48741701e-02  5.89683130e-02
  4.67558717e-03 -1.70722846e-02 -7.04723457e-03  2.30629202e-02
 -6.35486022e-02 -1.05002299e-01  3.50331739e-02  2.39212811e-02
 -4.10008157e-04  3.07039823e-02 -4.15874086e-03  4.09557931e-02
 -4.85159792e-02  6.93369210e-02  9.70776193e-03  4.03552838e-02
  1.78538095e-02  1.72111634e-02 -7.72458836e-02  5.34175932e-02
  5.47867864e-02 -4.83899862e-02  7.66159520e-02  8.47877527e-04
 -5.82836494e-02 -6.92158267e-02  2.16564313e-02  4.76338342e-02
 -1.33762127e-02  1.34708360e-01 -6.47180006e-02  1.15130842e-01
 -1.09253991e-02  1.49234766e-02  4.21651118e-02  1.39327804e-02
  5.97457439e-02 -4.14076596e-02 -6.78504035e-02 -5.33197932e-02
  7.25290701e-02 -2.47301180e-02 -1.95536520e-02  6.74920529e-02
 -2.39212587e-02  1.34570338e-02 -3.83527391e-02 -1.61183234e-02
 -1.03684239e-01  5.50563745e-02 -4.23122868e-02 -3.24532501e-02
  1.47150643e-02  1.99687388e-02 -8.19378346e-03 -7.76281813e-03
  4.22812514e-02  8.37805793e-02 -1.01286657e-01 -1.94616597e-02
  3.23163986e-04  5.44838905e-02 -4.94246818e-02  2.40733070e-33
 -3.30535173e-02 -5.89864887e-02  1.12282969e-02  3.10458839e-02
 -4.40462343e-02 -8.04150626e-02  1.27488980e-02 -6.51052520e-02
  1.73024908e-02  6.15735129e-02 -5.65406680e-02 -4.92682606e-02
  2.87480988e-02  2.35739518e-02 -6.99132159e-02  4.45125857e-03
  9.98242870e-02  7.60561135e-03 -2.22016871e-02 -3.12785581e-02
  1.91368647e-02  4.55230894e-03 -1.62054822e-02 -1.69397499e-02
 -2.32943203e-02  4.66206037e-02 -2.90888958e-02 -3.70566845e-02
 -1.72493681e-02  1.13840755e-02  3.80011648e-03 -8.34142640e-02
  1.68213267e-02  9.78378803e-02 -5.14273085e-02  8.32190178e-03
  6.92473054e-02  5.22281863e-02  7.28857592e-02 -9.84745100e-02
  8.88181105e-02 -1.23652248e-02 -4.23121378e-02  1.66468069e-01
 -3.97784486e-02 -7.46871084e-02  8.07757583e-03 -6.28802404e-02
  8.97955894e-02 -6.54010754e-03  1.45463608e-02  2.32200827e-02
  1.48304030e-02 -7.16948286e-02 -5.55379391e-02  3.75477001e-02
 -2.06769400e-04 -5.86104766e-02 -5.23248427e-02  1.20841525e-02
  4.10137214e-02  6.07220549e-03  5.40511236e-02  3.69853303e-02
  3.37756053e-02  4.35030013e-02  5.86797446e-02  4.66712052e-03
  2.50030681e-02 -1.31533563e-03  1.29620939e-01  6.69310167e-02
 -1.85390227e-02  2.32584029e-02 -2.82776803e-02 -2.68787723e-02
 -3.66925895e-02 -1.16926408e-03 -3.56110409e-02  5.64464414e-03
  2.66671292e-02 -2.69962009e-02 -1.23250214e-02  1.12197228e-01
 -6.48318827e-02 -1.67972047e-03  6.27248138e-02 -2.05251854e-02
 -5.43282665e-02 -3.24634314e-02 -1.11930743e-02  2.91108433e-02
 -5.64539246e-02  1.25842616e-02 -5.68876369e-03 -1.21153274e-08
 -1.15339952e-02 -8.63988101e-02  1.43925752e-02 -5.70504069e-02
 -6.34262105e-04 -7.46863836e-04  6.22293912e-02  4.76423185e-03
  1.33408513e-02  3.26049514e-02 -1.28626963e-02 -2.81081051e-02
 -1.38636352e-02  5.90204857e-02  5.73344193e-02  8.71489197e-03
 -5.18397056e-02  9.32631642e-02 -8.41340572e-02 -9.10545439e-02
  4.23691459e-02  4.64955643e-02  1.33490130e-01  3.08084693e-02
 -6.83494583e-02 -2.33052932e-02  5.18668965e-02  9.71927948e-04
  4.13411520e-02  7.13197514e-02  8.12759716e-03  3.01318057e-02
  3.49014252e-02  6.59114262e-03 -2.49156021e-02 -1.35924488e-01
  1.52933626e-02 -2.69696470e-02  3.09862308e-02 -1.09047100e-01
 -4.92508300e-02  7.49276280e-02 -3.05402931e-03  8.13021045e-03
  8.65569413e-02 -3.51241045e-02 -7.54333064e-02  6.04137173e-03
 -5.63313030e-02 -1.82137103e-03  2.79223570e-03  3.75939496e-02
  8.07612762e-02  3.40272412e-02 -4.56818350e-04 -1.81543035e-03
 -9.77271004e-04 -6.71172142e-02  8.09934642e-03 -1.07244905e-02
  1.06006920e-01 -5.15545607e-02  1.57987401e-01  3.52598280e-02]"
247,Supply Chain Labor Standards,Social,mandated,1,0.3765,"[-3.95644642e-02  3.58011872e-02  2.65241228e-02  6.53389422e-03
 -3.12515907e-02  5.28140664e-02  1.84037175e-03 -7.21128657e-02
 -4.29376625e-02  1.35295819e-02  4.52999100e-02  3.46688516e-02
 -2.39934977e-02  3.94882038e-02  2.78659873e-02 -4.39181812e-02
  1.46725923e-01 -5.56386225e-02 -1.03272118e-01 -1.56386178e-02
  4.24195789e-02  5.05786240e-02  2.68120691e-02  2.56042238e-02
 -3.47392447e-02 -3.53669338e-02 -2.60643587e-02 -3.22206095e-02
  1.51514178e-02 -5.76563040e-03 -1.76866781e-02 -4.71778736e-02
  1.15253732e-01  5.93988865e-04 -3.97719368e-02  1.62074119e-02
  3.94847393e-02 -6.05954565e-02 -6.52241781e-02 -4.73857112e-02
 -2.04676576e-02 -8.14581364e-02 -4.53478582e-02  2.57103182e-02
  1.01022534e-02  3.20717804e-02  4.17796820e-02  3.11909765e-02
 -5.70655577e-02  3.48422378e-02  3.94806340e-02  2.42608525e-02
  4.14007939e-02  4.33708318e-02  1.08220698e-02 -5.27942963e-02
  7.04889372e-02 -7.12858737e-02  7.35597238e-02 -1.59957241e-02
 -1.19069396e-02  1.06740380e-02 -1.18746363e-01  4.64530736e-02
  7.05789924e-02  1.31712053e-02  3.63667984e-03 -1.03763930e-01
 -3.05766036e-04  6.63579628e-03 -1.45745846e-02 -2.75969021e-02
  4.18004170e-02  7.03039989e-02  5.28560467e-02 -5.45832813e-02
 -1.59020852e-02  9.22250934e-03  8.22706968e-02 -1.27549499e-01
 -2.71608327e-02 -4.67387363e-02 -7.22311845e-04  6.93203807e-02
  2.88313739e-02 -6.19632564e-02  1.02822797e-03  5.32839622e-04
  5.45622036e-02  6.17411174e-02  3.36028151e-02 -5.41828834e-02
  7.63392001e-02 -1.72771923e-02 -1.58651881e-02 -2.48220265e-02
  3.93117368e-02 -2.07933262e-02 -4.37651612e-02  2.24306598e-01
 -3.71189602e-02 -4.19852771e-02 -4.51281630e-02  2.98224241e-02
 -4.38187271e-02 -5.62057383e-02 -4.82765548e-02  2.54992731e-02
 -4.38964888e-02  3.59906778e-02  2.15816069e-02  1.21138999e-02
 -2.29901192e-03 -3.85125950e-02 -4.04507592e-02  4.79282849e-02
 -2.29012854e-02  1.25206504e-02  1.60420127e-02 -2.49465276e-02
 -4.14149128e-02  1.58954356e-02 -7.12776706e-02 -3.19196321e-02
 -5.37592806e-02 -5.74267134e-02 -2.45221574e-02 -5.79501597e-33
  7.04483241e-02 -1.22676045e-02  4.85790409e-02 -3.16761918e-02
 -3.17918584e-02 -4.60492969e-02 -2.21699197e-02  1.07063185e-02
 -3.18246707e-02 -1.50812045e-02 -2.10311562e-02  6.62575364e-02
  1.98728386e-02  3.75322886e-02  7.24877790e-02 -1.96002517e-02
 -5.96363982e-03  7.92364329e-02  1.68766156e-02  7.66191483e-02
  2.28008386e-02  4.34659533e-02 -2.57700458e-02 -1.15596252e-02
 -5.15033752e-02  1.50169712e-02 -6.04428761e-02  1.58235827e-03
  3.51599790e-02  2.96327379e-02  5.36207445e-02 -2.50527989e-02
  5.14195263e-02 -1.42817935e-02 -2.26347186e-02  1.77076049e-02
 -2.72200741e-02  4.45067883e-03  1.22460900e-02 -6.29746243e-02
  7.44772255e-02 -3.13466936e-02  2.42316294e-02 -1.31435655e-02
  6.35701194e-02 -6.69957884e-03 -3.18856002e-03 -4.93142158e-02
 -1.17762648e-02  5.77913336e-02  5.63051850e-02  4.14535291e-02
 -2.39742864e-02 -6.39050305e-02  4.63686585e-02 -3.73786613e-02
  5.20092547e-02 -1.05308332e-02  1.43546108e-02 -3.78301330e-02
 -2.39216490e-03  2.86413776e-03  2.06765644e-02  7.73752779e-02
  1.20314211e-02 -2.64298487e-02 -8.46064533e-04  8.49803630e-03
  7.17175603e-02 -4.13725451e-02 -7.45184571e-02  3.27429362e-02
 -4.07450087e-02  5.26219569e-02 -3.50801423e-02  7.72251859e-02
  6.09317981e-02 -5.12668751e-02  1.36115812e-02 -1.58165284e-02
 -1.53344031e-02 -9.15268902e-03  3.51020359e-02  2.07580663e-02
  1.25391245e-01  4.29059612e-03  4.40643448e-03  4.99704434e-03
  5.91353811e-02 -2.19986192e-03 -2.30966695e-03 -4.37603109e-02
 -3.43125723e-02  6.57875836e-02  7.98451304e-02  3.54605320e-33
  3.96831334e-03  2.41469350e-02 -4.50972840e-02  8.65994841e-02
  2.98349485e-02  5.01395902e-03 -2.97820792e-02 -1.36487141e-01
 -7.01530930e-03  6.42992929e-02 -2.79153939e-02 -1.13865502e-01
  1.74207035e-02  3.61993425e-02  1.86899528e-02 -3.65961939e-02
 -1.18898218e-02 -8.06453601e-02 -5.26301228e-02  1.83776319e-02
  2.00208668e-02 -3.22880335e-02  3.71596962e-02  2.80051660e-02
 -2.15527415e-02  2.05381606e-02 -4.62612547e-02  3.88859622e-02
 -5.04449271e-02 -7.18309404e-03 -3.76595370e-02 -4.78246659e-02
 -7.11611435e-02  5.49418777e-02 -3.55899148e-02  2.71208826e-02
 -3.17605026e-02  1.13098353e-01 -8.97580087e-02  3.83424908e-02
  8.61377120e-02  2.13645063e-02 -9.90111306e-02  2.16145962e-01
 -4.38984558e-02  1.35755651e-02  7.51040429e-02 -7.24120289e-02
 -9.65388375e-04  2.93039321e-03 -1.40976876e-01 -2.48877257e-02
  7.39602521e-02 -1.54595878e-02 -4.03746217e-02 -9.38152224e-02
 -9.67982505e-03 -4.76659425e-02 -4.61617298e-03  1.17637971e-02
  5.34040295e-02  6.29800512e-03 -5.85119873e-02  2.41947211e-02
  3.01925428e-02 -7.64824972e-02  1.65595468e-02 -2.87939515e-02
  5.56500554e-02 -2.77374517e-02  2.64683496e-02 -3.23929521e-03
  1.30054876e-02 -1.62681390e-03 -2.23391838e-02  3.59132364e-02
  2.06300262e-02  3.39361094e-02 -7.93073624e-02  1.92992892e-02
 -2.59377100e-02 -6.87491596e-02 -1.30763799e-02  3.95642743e-02
 -5.57306409e-02 -3.20124836e-03  7.96755925e-02 -2.35925186e-02
  2.69753095e-02  2.17778068e-02 -2.09472086e-02  1.03615969e-03
 -3.87519300e-02  3.31139192e-02 -2.22613309e-02 -1.24934445e-08
 -3.94902490e-02  1.05773602e-02  8.78379680e-03  1.53052714e-02
  6.93493038e-02 -4.51494455e-02  1.03996303e-02 -1.22872218e-02
  1.36698578e-02  1.09610404e-03 -1.20349890e-02 -2.88206618e-02
  5.34128323e-02 -3.28953452e-02  8.83314982e-02 -6.89500710e-03
  6.91114739e-02  5.41488864e-02 -1.14253171e-01  3.72146294e-02
 -6.35070205e-02  1.68574210e-02 -6.38507865e-03  4.94906604e-02
  3.38783400e-04  2.77507417e-02  3.01160365e-02  1.07474655e-01
  5.67927659e-02  1.41259968e-01 -1.03520486e-03  3.22168544e-02
 -1.83929522e-02 -1.19622283e-01 -1.03539310e-01 -4.29261662e-02
 -3.44928354e-02 -3.86994481e-02  4.36179079e-02 -1.87204853e-01
  1.76203344e-02  7.00913146e-02  3.58992144e-02  7.30157038e-03
 -7.36324023e-03  3.62844355e-02 -7.51575008e-02  3.75771299e-02
 -8.12637340e-03 -6.17428496e-02 -3.39113474e-02 -9.26516205e-03
  6.52571991e-02  3.54654938e-02  3.47933918e-02  2.55992189e-02
  1.17765153e-02 -7.37749264e-02 -9.14930850e-02 -3.57847475e-02
  9.23898295e-02  6.14660233e-02  7.11339116e-02 -4.65063564e-02]"
248,Supply Chain Labor Standards,Social,employer,3,0.3738,"[-8.25185478e-02  7.37528205e-02  1.93586983e-02  1.48803070e-02
  1.66150723e-02  3.05240182e-03  1.04045711e-01 -5.56581244e-02
 -2.06485055e-02 -6.96082562e-02 -1.59894899e-02 -7.75782578e-03
 -7.68225268e-02 -1.73810571e-02 -5.42092808e-02  1.91552602e-02
  2.43395418e-02 -1.75234326e-03  1.86575335e-02 -9.36590284e-02
 -8.90308991e-02 -2.45104893e-03 -6.88133761e-02 -3.70537722e-03
  1.91454198e-02  6.00537769e-02 -1.00338943e-02  7.61329830e-02
  2.30402835e-02 -7.11030439e-02 -2.58459505e-02 -1.14285443e-02
  4.86628748e-02 -1.15931500e-03 -1.95526090e-02 -1.05278865e-02
 -6.06085733e-03  1.52161736e-02  2.04241686e-02  1.09757262e-03
 -1.81957558e-02 -7.17728510e-02  1.45296771e-02 -1.85543112e-02
  9.17440467e-03  1.44075667e-02  8.02312046e-02  6.09416515e-02
 -4.23993655e-02  1.09617189e-01  1.29199950e-02 -7.36200586e-02
  4.22107615e-02  8.34577382e-02 -2.10254500e-03 -2.72656810e-02
 -3.92523222e-03 -1.78001113e-02 -4.57307734e-02  4.75069880e-03
  1.92529708e-02 -7.43729472e-02 -3.58954184e-02  2.60285493e-02
  6.35145307e-02 -3.90762053e-02 -6.38549700e-02 -3.00150681e-02
 -7.10145384e-02 -8.71032253e-02  1.00860819e-02 -1.08779944e-01
 -7.18551055e-02  7.15131164e-02  5.67070656e-02 -5.18583730e-02
  1.16667980e-02  1.97201017e-02  9.69869047e-02 -7.19057992e-02
 -3.18467472e-04 -1.85571797e-02 -1.36766825e-02  4.77612801e-02
 -4.82471250e-02 -4.09971625e-02  7.19441622e-02  7.59964064e-02
  9.31048766e-02  3.54843363e-02  1.96890756e-02 -1.02084503e-01
  2.24129073e-02 -1.29017849e-02 -5.87609559e-02 -3.94574404e-02
  2.69599110e-02  8.38876069e-02 -2.08677407e-02  2.22987846e-01
  2.35993788e-03 -1.90786365e-02 -6.10290878e-02  1.37160551e-02
 -4.70096469e-02  1.05701145e-02 -5.15753925e-02  4.16783169e-02
 -2.03532130e-02  2.10256595e-02 -5.72833978e-02  7.13819563e-02
 -8.13267305e-02  2.79680640e-02  4.02849261e-03  2.52540279e-02
 -7.34699219e-02  5.23128659e-02 -5.18576661e-03  2.38934588e-02
 -1.95939350e-03  1.04387611e-01 -1.00990005e-01  2.79918183e-02
 -1.44625515e-01 -8.50041211e-02 -1.38688851e-02 -5.50399846e-33
  6.16793782e-02  1.38617177e-02  9.97541472e-03  2.03556102e-02
  6.97852895e-02 -2.78496253e-03 -3.75739597e-02  4.60052900e-02
 -1.95879880e-02  5.94893247e-02 -9.46547762e-02  4.45448384e-02
  1.30118933e-02 -2.57479288e-02  3.37735750e-02  8.96575395e-03
  2.21879464e-02  1.09396219e-01  1.03852730e-02  2.17283648e-02
 -5.40573942e-03 -9.59585514e-03 -1.02771953e-01  6.73620850e-02
 -2.02493891e-02  7.02830218e-03 -4.89489585e-02 -9.01723094e-03
  1.49818202e-02  3.76806520e-02  7.30588138e-02  1.72824191e-03
  3.81519832e-02 -3.45199220e-02 -2.55687460e-02 -5.22221215e-02
 -2.41213683e-02 -6.39953464e-02  5.39423525e-03 -5.17898798e-02
 -4.20169253e-03 -3.75324525e-02  7.74271414e-02  1.04093822e-02
  4.02424894e-02 -1.93749890e-02  5.78064565e-03  3.05222385e-02
  1.81138460e-02  1.46394864e-01  6.75432384e-03 -5.12819458e-03
  4.61911149e-02  1.33864284e-02  6.03962652e-02 -1.96597222e-02
 -4.53831832e-04  8.64743069e-03  5.38556203e-02 -4.73734289e-02
  7.51771638e-03  1.12770706e-01 -7.99972638e-02  5.33731617e-02
 -2.08065659e-02 -2.85784546e-02  4.74833138e-02 -2.67124642e-02
  1.06458269e-01 -7.35113956e-03 -2.18386557e-02  4.85140458e-02
  6.51450977e-02 -1.19314063e-03 -7.51715153e-02  6.04075901e-02
 -3.07425931e-02  4.33859564e-02 -1.99906789e-02 -1.06737837e-02
  1.74866430e-02  2.11320985e-02  6.47213263e-03  5.12564613e-04
  7.76171833e-02  3.97637747e-02 -1.29169421e-02 -6.64779022e-02
  3.80215272e-02  5.18069938e-02 -7.14956522e-02  9.48431611e-04
  2.18401849e-02  8.01874027e-02  4.68978882e-02  3.75728696e-33
 -6.60341326e-03 -6.81547374e-02 -4.73529100e-02 -1.46573773e-02
  3.50369029e-02 -6.31751586e-03  6.52014464e-02 -6.21361546e-02
 -4.49066907e-02  7.61523619e-02 -3.24335918e-02 -6.38001710e-02
  4.82986979e-02  3.06576677e-02 -3.01649552e-02 -2.44191717e-02
  3.55516486e-02 -1.32638002e-02 -8.66586342e-02  1.92725323e-02
 -3.75588471e-03 -4.60079201e-02  1.01771718e-02  1.20687056e-02
  2.18025763e-02  3.29201221e-02 -4.77248058e-02 -3.63751948e-02
 -7.17818663e-02  1.14990566e-02 -7.00012073e-02 -1.34555912e-02
 -7.14484826e-02  8.81209224e-02  8.72611720e-03 -2.26778146e-02
 -7.64956027e-02  1.82606354e-02  5.62857697e-03 -2.97714341e-02
  4.16934676e-02 -2.46132463e-02  4.28004414e-02  1.39469460e-01
 -4.05474380e-02 -1.91980693e-02 -3.35405841e-02 -4.80360836e-02
  6.76768646e-02 -3.20884585e-02 -7.58097023e-02  1.52506009e-02
  3.72351333e-02 -1.87731124e-02 -3.79243493e-02 -5.57260998e-02
 -1.54375629e-02 -6.25286475e-02 -4.25318852e-02  2.27287952e-02
  2.88017336e-02 -5.76609606e-03  5.27101196e-02  1.25802532e-01
 -2.01483183e-02 -3.18631828e-02  3.47963087e-02 -2.05028593e-03
  3.37293521e-02  2.05865726e-02  3.54715660e-02 -1.95474550e-02
  1.01317763e-02  2.95393504e-02  4.96868975e-03 -7.23992512e-02
  1.29844872e-02 -1.80314537e-02 -9.58687440e-02  1.54742599e-02
 -4.28795489e-03 -5.16333245e-02  5.29910028e-02  8.07400495e-02
 -3.31178494e-02  9.87704564e-03  3.27569805e-02  2.24355403e-02
 -3.06541426e-03 -4.80742678e-02 -1.10212276e-02  1.34211418e-03
 -8.21881071e-02  1.89763978e-02  1.47204427e-02 -1.23994877e-08
 -1.81335453e-02 -1.86695736e-02  4.47511822e-02 -7.63542727e-02
  3.37949581e-02 -1.05218343e-01  4.37598117e-03 -3.40599492e-02
  4.74895500e-02  3.32355276e-02 -3.07053663e-02 -4.18971851e-02
 -3.55606037e-03  2.93857604e-02  1.04759440e-01  6.34494722e-02
  1.31233633e-02  2.25972049e-02 -1.42100714e-02 -3.51691023e-02
 -3.92559450e-03  5.63677512e-02  2.33430676e-02  1.24609666e-02
 -1.97648667e-02  4.20844592e-02 -1.38622802e-02  4.42182831e-02
  8.22913423e-02  1.02584980e-01  1.42496452e-02  1.10912181e-01
 -1.36309918e-02 -1.02657169e-01 -7.23203048e-02 -6.77986071e-02
  4.57366407e-02 -7.30486661e-02 -7.46766571e-03 -1.16311543e-01
 -9.08111222e-03  4.30823676e-02  5.12396581e-02 -3.58023569e-02
  7.87304807e-03 -5.46459965e-02 -1.83130372e-02  1.90049130e-02
 -3.35582756e-02 -2.85290424e-02 -1.79658644e-02 -3.55772930e-03
  3.41205224e-02  5.81999384e-02 -7.93901086e-03 -1.10100079e-02
  8.18920974e-03 -5.11742830e-02 -1.07271157e-01 -2.48298906e-02
  1.29537970e-01  1.05781732e-02  1.20994769e-01  1.66080762e-02]"
249,Supply Chain Labor Standards,Social,supply,7,0.3686,"[-4.80010584e-02  6.06196886e-03 -4.42236103e-02  9.44891851e-03
  1.37290265e-02 -1.26648322e-02  5.26407473e-02 -2.91309319e-03
 -1.67634320e-02 -2.07749400e-02  5.20413695e-03 -7.68590868e-02
 -1.91092901e-02  6.26681466e-03 -6.02371395e-02  8.10093246e-03
 -2.22981144e-02 -3.35747492e-03 -1.00904413e-01 -4.92415428e-02
 -6.06176928e-02  1.89930759e-02 -5.69036193e-02  1.30174346e-02
 -5.70755303e-02  6.57247454e-02 -3.93510535e-02 -9.31018218e-03
  6.36792630e-02 -1.17471099e-01  2.75561046e-02  1.78847592e-02
  8.31674114e-02 -6.17444108e-04 -3.32025578e-03  1.36477016e-02
  4.14656363e-02 -4.51939106e-02  1.00668231e-02  4.29894170e-03
  1.37190744e-02 -1.07438229e-01 -4.02807295e-02  4.32234928e-02
 -1.83944646e-02 -4.09223652e-03  4.66088541e-02  1.76988225e-02
  5.57742789e-02  2.96225585e-02 -1.47402175e-02 -3.03806402e-02
 -9.45890620e-02  5.43509349e-02  2.09253915e-02 -4.71819863e-02
 -3.31841805e-03 -4.31334926e-03 -3.25132012e-02 -3.66487950e-02
 -3.59992981e-02  6.73774909e-03 -7.69567341e-02  5.51030561e-02
  9.76072773e-02 -5.69230281e-02 -1.10204592e-02  3.86798456e-02
 -6.64361417e-02  1.79491809e-03  3.20817865e-02  5.92795499e-02
 -1.18640354e-02 -6.00157538e-03  2.33081002e-02 -3.65627278e-03
  7.32252225e-02 -5.54604679e-02  8.28627199e-02  1.54928723e-02
  5.35491891e-02  6.06043488e-02 -7.41526484e-02  2.86890324e-02
  3.84247229e-02 -3.34430151e-02  3.40257101e-02  5.61439283e-02
 -2.95798723e-02  7.51965260e-03 -4.24481742e-02 -1.38132768e-02
  1.04940772e-01 -1.73416134e-04 -5.52613288e-02  2.34881006e-02
  4.31210035e-03 -3.36746424e-02 -4.67131808e-02  2.08017692e-01
  4.93989419e-03  4.51129600e-02  5.38112372e-02 -7.48772770e-02
 -4.99077290e-02 -1.25254132e-02 -1.14620231e-01  7.25648403e-02
  2.03562845e-02  5.87203279e-02 -5.22178831e-03 -1.62694287e-02
 -6.66500181e-02 -2.15100148e-03 -1.95854697e-02  3.91552597e-02
 -2.96441535e-03  1.82027109e-02  3.33168209e-02 -1.83738563e-02
  5.14697377e-03 -4.98348475e-03  8.55202787e-04 -1.58485398e-02
 -7.98624679e-02 -5.97593114e-02  1.84063148e-02 -4.63955314e-33
 -3.12089864e-02 -5.24626710e-02 -1.47857228e-02  3.16112600e-02
  2.65172478e-02  7.75988400e-02  3.72760966e-02 -2.04402339e-02
 -2.73334067e-02  6.50621504e-02 -6.28053322e-02  9.03152600e-02
 -1.58826858e-02  8.41017812e-02  1.01291416e-02 -8.26159269e-02
  6.44665882e-02  2.75863726e-02  6.57918975e-02 -6.56001968e-03
 -7.90045634e-02 -1.45032899e-02 -6.27783611e-02  4.98157702e-02
  2.38891551e-03  1.81183070e-02  2.47508325e-02  1.93642881e-02
  4.66056019e-02  1.12958830e-02  5.94970174e-02  1.84730459e-02
  2.41901260e-02 -6.55197352e-02 -2.10508537e-02 -7.08121285e-02
 -5.42353140e-03 -4.56360802e-02  2.15734579e-02 -6.10640682e-02
  2.90372241e-02  7.76692927e-02 -1.06096398e-02  7.07535297e-02
 -1.44866826e-02  8.60985648e-03  5.01488522e-02 -2.28085984e-02
 -3.53587493e-02  1.38116973e-02 -7.88831264e-02  3.01136449e-03
 -9.45555791e-02  2.34117601e-02 -2.76916865e-02 -3.95580195e-02
  3.91330943e-02 -2.41239537e-02  4.08100411e-02 -2.48794146e-02
  4.33948860e-02  1.26049891e-01  2.23083235e-03  1.23289704e-01
  1.60274059e-02 -2.09286120e-02  7.45145790e-03 -5.25683202e-02
 -5.50038144e-02 -1.91111397e-02 -6.43084720e-02 -1.78435054e-02
  8.04544315e-02  5.81263099e-03  4.97402623e-03 -4.30201460e-03
 -1.40582900e-02  3.17837559e-02 -5.58724403e-02 -3.38433348e-02
 -1.02108784e-01 -1.90023798e-02  8.55783187e-03  1.33173868e-01
  4.91524078e-02  9.49481223e-03 -2.67141666e-02 -2.76579671e-02
  1.22029342e-01 -2.64705345e-02 -6.09574392e-02 -2.01900452e-02
 -1.05941398e-02 -3.96618620e-02  3.37460004e-02  3.94026294e-33
 -3.31194736e-02  5.57173528e-02 -6.20095916e-02  7.10263476e-02
  8.23771954e-02 -4.91578458e-03  6.62095547e-02 -9.66006219e-02
  5.46844490e-02  5.29061146e-02 -1.22940764e-01 -9.34934244e-03
  7.76234716e-02  5.93335591e-02  2.86311340e-02  2.03252826e-02
  9.44998264e-02 -1.59570742e-02  1.92617439e-02 -3.93278077e-02
 -2.28452217e-02  5.48883751e-02  2.06733849e-02 -5.65483905e-02
  2.82804277e-02  6.90404028e-02  3.26237120e-02 -3.01912334e-02
 -4.19238284e-02  6.27053678e-02  2.45502014e-02 -8.05880949e-02
 -3.92569462e-03  1.41140604e-02 -8.70492756e-02  4.20692079e-02
  1.02759339e-02  4.67764884e-02  2.79583838e-02 -1.59899332e-03
  4.33679782e-02 -2.75240541e-02  4.78751324e-02  1.53412148e-01
 -8.59731659e-02 -3.85619402e-02  7.67772123e-02 -6.86667487e-02
  1.56701386e-01  4.06896956e-02 -8.15823302e-02  1.81965549e-02
 -4.24338728e-02 -2.75380202e-02 -5.53725772e-02 -1.87184568e-02
 -6.74238503e-02  7.39038289e-02 -1.59533229e-02 -2.78628245e-02
  1.71225537e-02  3.32542732e-02 -4.64840084e-02 -1.01815714e-02
  9.60859936e-04  4.36685830e-02 -1.04443599e-02  1.70832332e-02
  4.50671948e-02 -9.25004482e-03  1.03008486e-01  1.20371999e-02
  7.78360292e-02  4.65786904e-02 -5.86202778e-02  9.12611373e-03
 -5.73456101e-02  6.84812367e-02  1.06119681e-02  1.00478999e-01
 -4.07890454e-02 -6.50817752e-02  2.16100942e-02  5.27933314e-02
 -6.35189656e-03 -4.09764424e-02  6.17193207e-02 -8.51712562e-03
 -1.07215345e-02  2.73602661e-02 -4.46147658e-02  3.65182795e-02
 -2.41150018e-02  5.68325333e-02  2.50593051e-02 -1.25110970e-08
 -2.23172866e-02  8.20992421e-03  2.14752350e-02  1.10845221e-02
  5.36358692e-02  6.70791790e-03  5.48785850e-02  4.25991341e-02
 -1.85618771e-03  1.06477305e-01 -3.52344252e-02 -7.88694713e-03
 -2.37967204e-02  2.30899733e-02  5.41903563e-02  6.54773116e-02
 -7.80601501e-02  2.30019484e-02 -7.96013772e-02 -6.94934800e-02
  1.39404032e-02  2.99881939e-02  9.59866941e-02 -3.46466005e-02
 -3.73966172e-02  4.26661083e-03  3.17212977e-02  5.19697694e-03
  1.88426655e-02  4.37594838e-02  3.10836732e-02  6.67942688e-02
 -2.04861239e-02 -1.04435593e-01  1.99830960e-02 -9.24144536e-02
 -1.01083487e-01  4.60209884e-02  4.89565097e-02 -6.55146539e-02
 -8.47851187e-02 -7.17078894e-02  3.71049047e-02 -4.40273248e-02
 -6.66779354e-02  1.68846473e-02 -1.39182642e-01 -2.66762543e-02
 -1.12927919e-02 -4.09244932e-02 -3.79681028e-03 -1.43676111e-02
  2.07736995e-02  1.78345907e-02  5.87381050e-02 -1.16878431e-02
 -3.71911451e-02 -8.62380303e-03 -1.01830997e-02  3.05009894e-02
  5.00164106e-02 -4.01919521e-02  3.16921026e-02 -4.15429659e-02]"
250,Supply Chain Labor Standards,Social,contractors,1,0.3672,"[-9.28151980e-02  2.65551247e-02 -1.00711631e-02  7.36292312e-03
 -7.96303675e-02 -3.70488949e-02  3.37443687e-02 -2.44072303e-02
 -1.03405230e-02  1.92434695e-02 -3.05749271e-02 -5.18585630e-02
  2.14470886e-02  4.26087268e-02 -8.28840584e-02  2.31901966e-02
  4.62167226e-02  3.62872072e-02  1.86036900e-02 -9.63862762e-02
 -9.19773579e-02  7.46975699e-03 -3.70390117e-02 -7.37724593e-03
  1.02573089e-01  2.94200480e-02 -1.63967256e-02  3.32482979e-02
  3.84171978e-02 -4.51866835e-02 -7.46063441e-02  1.81747656e-02
  1.59611646e-02  3.81176397e-02  6.38114512e-02  1.11916289e-01
  2.18909676e-03 -4.20973487e-02  4.75021964e-03 -1.83071699e-02
 -3.94816510e-02 -3.75612155e-02  3.45038176e-02 -2.60621160e-02
 -3.96937467e-02  1.33262770e-02  4.50459830e-02 -1.17790531e-02
  1.61883179e-02  3.43057774e-02  4.06047441e-02  8.81256629e-03
 -2.91350093e-02  4.25678352e-03 -5.15512563e-03  2.51587899e-03
 -3.18178535e-02 -4.26448919e-02  4.88791522e-03 -4.17508185e-02
  5.42899519e-02  1.16577167e-02 -4.01817225e-02  2.65102908e-02
  1.60186179e-02 -3.09091359e-02 -2.91465968e-02  1.17675187e-02
 -8.59085247e-02 -4.45016138e-02  5.36934249e-02 -4.43605296e-02
  1.00742830e-02  1.32546872e-02  1.17938817e-01 -6.69369474e-02
  7.01074004e-02  3.26023512e-02  4.52247076e-02 -1.62230611e-01
  1.76878721e-02  5.61624430e-02 -2.65530013e-02  5.59481755e-02
 -1.67675316e-02 -5.96465496e-03  5.55857345e-02  1.20799854e-01
  8.47110525e-02 -3.21643166e-02  1.20950607e-03 -1.01323783e-01
 -1.43388947e-02  2.76108123e-02 -6.63313791e-02  2.90044229e-02
  1.32502504e-02  2.21778564e-02 -6.21665865e-02  1.85298532e-01
 -3.51574756e-02 -2.47014966e-02 -1.46027002e-02 -4.04719636e-02
 -6.87309578e-02  2.00044103e-02 -7.03011602e-02  7.21624419e-02
 -2.09712796e-02  1.26847271e-02 -4.36210372e-02  2.02214867e-02
 -7.05860630e-02 -6.90494571e-03 -5.56691550e-04 -5.75045729e-03
 -7.30633214e-02  1.84920821e-02  2.37579234e-02  1.95057876e-02
  3.78583893e-02  6.78211972e-02 -1.15716748e-01 -2.55373009e-02
 -6.10138737e-02 -5.37865460e-02  2.32439842e-02 -5.71449203e-33
  5.92280477e-02  3.28746438e-02  3.30667850e-03  6.14487603e-02
  7.19336197e-02  3.14580537e-02  6.86833188e-02  8.82452950e-02
 -4.86175017e-03  5.13727330e-02 -2.17732992e-02  7.02682463e-03
 -4.54947837e-02  7.94805810e-02  7.80040920e-02 -5.48469052e-02
 -3.10707949e-02  3.95580120e-02 -4.42245826e-02  9.37952008e-03
 -9.05625597e-02  3.03996857e-02 -2.10777335e-02  1.20864108e-01
  9.03299898e-02 -8.16588253e-02  4.63696867e-02  4.19929214e-02
 -1.91939473e-02  4.16697599e-02  1.74243171e-02  5.47058471e-02
  1.00377962e-01  2.34634168e-02 -1.17576048e-02  2.13954709e-02
 -4.17111516e-02 -6.82382584e-02 -9.84744634e-03 -4.27527260e-03
 -4.71600424e-03  1.80495530e-02  2.78884731e-02  5.54748951e-03
  1.33738685e-02 -3.18053663e-02  6.96424022e-02  2.25587636e-02
  6.59730425e-03  2.77367830e-02 -2.02677846e-02  6.45118207e-02
  1.08224317e-03  5.01095019e-02  6.37664646e-02 -4.68169563e-02
  2.64582876e-02 -4.38204445e-02 -6.26610778e-03  9.74913780e-03
 -4.75551821e-02  1.09699056e-01 -5.38944490e-02  5.73533401e-02
 -4.91826572e-02 -4.74109836e-02  4.63003106e-02  3.46653834e-02
  9.42394808e-02 -3.84585001e-02 -6.89495280e-02 -1.96058769e-03
  5.02529107e-02 -2.42046751e-02 -1.02084763e-01  4.39524055e-02
  1.21332705e-02  6.17517754e-02  2.63004769e-02 -3.09216743e-03
 -1.44435847e-02  1.84122398e-02  5.56001738e-02  3.00309472e-02
  7.12148622e-02 -2.59563979e-03  1.62204616e-02 -6.98887603e-03
  3.40559967e-02  4.45549525e-02 -1.26118839e-01 -1.59246183e-03
 -1.88124571e-02  4.50643636e-02  4.56464104e-02  3.44057609e-33
 -5.95206805e-02  5.22811478e-03 -7.40947528e-03  2.62744129e-02
  3.29291411e-02  2.13737264e-02 -5.67746954e-03 -1.00046374e-01
  9.64376424e-03  5.18810377e-02 -2.68986132e-02 -1.39070582e-02
 -6.62110746e-03 -3.98749998e-03 -1.01761315e-02 -3.67610678e-02
 -7.07829371e-03 -4.49226648e-02 -3.14133218e-03  3.17915305e-02
  1.17155686e-02  3.16781625e-02 -9.43474658e-03 -6.13549910e-02
  1.63026880e-02  2.81871445e-02 -6.81225434e-02  1.49520347e-02
 -6.92817569e-02  3.12989876e-02 -2.34776419e-02 -5.10518141e-02
 -1.38353333e-01  3.69486399e-02 -5.00027612e-02 -4.67868568e-03
 -3.74925770e-02  9.55843627e-02 -3.33220549e-02 -8.08623061e-02
  1.08956672e-01 -8.64260271e-03  4.01209332e-02  8.84101242e-02
 -6.41636997e-02 -8.55548978e-02 -4.91811940e-03 -1.10777900e-01
  1.28730033e-02 -5.69326198e-03 -6.40849769e-02  7.36450851e-02
  3.60547053e-03 -6.37463629e-02 -1.30676311e-02 -2.02548429e-02
 -5.52027524e-02 -1.38723077e-02  6.81249201e-02  4.74653095e-02
  7.44976848e-02  3.17809992e-02  7.81856775e-02  5.73948696e-02
 -2.35075112e-02 -1.11210747e-02  4.04363759e-02  7.75223691e-03
 -4.12245691e-02  1.00335060e-02  7.12873563e-02 -1.87881887e-02
 -3.89810689e-02 -1.28217693e-02 -1.78301018e-02 -6.20922409e-02
 -7.57259578e-02 -5.93526522e-03 -5.31328730e-02  4.10626680e-02
  7.19818771e-02 -9.96050984e-02  2.54352279e-02  1.10751271e-01
 -5.77915348e-02 -3.75772007e-02  9.22696516e-02  1.30971093e-02
  3.39048915e-02  1.18741291e-02 -4.53862548e-02  1.39308739e-02
 -1.16815278e-02 -2.99884416e-02 -4.03925106e-02 -1.13770238e-08
 -4.01474796e-02  2.70254891e-02 -1.26438931e-01 -8.09610486e-02
  1.15538780e-02 -1.22213379e-01  3.14113051e-02  4.95985784e-02
  8.20419844e-03  1.31646330e-02  6.36366680e-02 -6.10843524e-02
  3.15176472e-02  3.91346179e-02  2.35732291e-02 -5.37282750e-02
 -1.79343930e-04  2.71439888e-02 -7.58204237e-02 -1.26362801e-01
  7.72531517e-03  6.19847625e-02  4.52535078e-02  1.52829196e-02
 -3.40037905e-02  2.12395508e-02  1.79812908e-02  1.31091224e-02
  5.25465906e-02  9.59143117e-02 -2.97472831e-02  7.27918074e-02
 -9.03638359e-03 -6.80647716e-02  9.48347989e-03 -3.36289443e-02
  1.90793779e-02 -4.72704582e-02  1.42015992e-02 -5.25968783e-02
 -4.29574214e-02  1.21903069e-01  3.62098180e-02  1.52540607e-02
  1.11345828e-01 -1.59766357e-02 -1.41667742e-02  5.25743468e-03
 -2.11845967e-03 -1.03306867e-01  3.88004677e-03  5.99254621e-03
  1.63986329e-02  1.85584426e-02  2.59505445e-03 -4.74674106e-02
  1.49667244e-02 -5.14167957e-02 -1.82724502e-02 -3.12492698e-02
 -6.68787956e-02 -2.91444194e-02  5.73570058e-02  3.71890306e-03]"
251,Supply Chain Labor Standards,Social,employees,10,0.3564,"[-3.20037156e-02  4.72616591e-02  1.21012563e-02  4.13873456e-02
 -6.53357133e-02 -6.76225871e-03  1.34982690e-01 -7.96241835e-02
  9.79620684e-03 -1.56515483e-02  2.89265104e-02  4.25344612e-03
 -4.14831452e-02 -3.89418122e-03 -3.47126126e-02 -1.45370048e-02
 -8.17798916e-03  4.21825610e-02 -2.13417299e-02 -9.94624868e-02
 -8.14312994e-02 -7.87743106e-02 -6.78104013e-02  2.74205562e-02
 -1.74393877e-02  4.22237068e-02 -3.59593444e-02  4.83711101e-02
 -6.10059053e-02 -6.05842546e-02 -2.87537836e-02 -6.00456893e-02
  8.67659897e-02  2.84693819e-02 -6.16171509e-02  2.76657827e-02
  2.76409928e-02  6.45417795e-02  3.00804414e-02 -1.12191951e-02
 -5.23580164e-02 -4.53884825e-02 -1.83977801e-02 -2.27626208e-02
 -2.94262525e-02 -1.24685967e-03  6.03360459e-02  1.88424289e-02
 -1.02265328e-02  7.01607019e-02  8.19764733e-02 -7.06041530e-02
  2.90290322e-02  6.81798756e-02  2.47678105e-02 -7.56277293e-02
  1.07758017e-02 -1.04974523e-01 -1.54408971e-02  2.23375950e-02
  3.22467536e-02 -1.06778704e-01 -3.84465531e-02  3.19410153e-02
  7.41569474e-02 -1.05594974e-02 -4.64555062e-02  5.14333975e-03
 -6.33457229e-02 -9.74037051e-02  4.42351587e-03 -6.53724745e-02
 -3.20404246e-02  4.79793362e-02  4.09120433e-02 -2.11312957e-02
 -2.41961498e-02  3.21683288e-03  6.61635324e-02 -9.22663659e-02
  7.77285313e-03 -3.93103249e-02  9.35745798e-03  8.20520371e-02
 -2.93197408e-02  3.55609544e-02  4.11504097e-02  4.54072095e-02
  2.87754163e-02  1.88265033e-02 -2.96129528e-02  9.61908605e-03
  5.12525663e-02 -2.90522818e-02 -6.58692345e-02 -4.82746139e-02
  2.74704974e-02  4.32350263e-02 -8.60872641e-02  2.20047414e-01
  3.82507755e-03  2.66333967e-02  6.47918656e-02 -2.80592572e-02
 -5.37984706e-02  1.05708337e-03 -1.68357100e-02  5.25076408e-03
 -1.90917291e-02 -3.10655795e-02 -4.22592200e-02  8.68293047e-02
 -1.37294471e-01 -5.30439941e-03 -6.70625363e-03 -5.33795878e-02
 -4.36251722e-02  3.40612009e-02 -7.53777549e-02  2.84269154e-02
  1.90160219e-02  5.33296354e-02 -2.01281086e-02  1.89301427e-02
 -6.01875372e-02 -1.22221345e-02 -1.44809783e-02 -6.13072981e-33
  1.75473560e-02  9.37485974e-03  3.43352780e-02  3.53624336e-02
  5.90389967e-02 -1.08384397e-02 -2.83538494e-02  2.14033518e-02
  2.22670007e-02  3.22094234e-03 -1.20236889e-01 -9.40823462e-03
  3.95364612e-02 -1.29842814e-02  8.67090598e-02 -2.00943500e-02
  4.54819854e-03  9.22117606e-02 -7.38786086e-02  4.73596603e-02
 -3.29456553e-02  1.64185092e-02 -8.84134248e-02  8.02201927e-02
 -2.71382425e-02  6.36112550e-03 -5.83541952e-02  1.79805066e-02
  5.91744147e-02  3.08528300e-02  1.08493090e-01  1.38304215e-02
  5.26026301e-02  1.23138577e-02 -5.50684929e-02 -2.43857801e-02
  9.24860686e-03 -3.11250109e-02  4.38629575e-02 -7.47283474e-02
 -9.94153228e-03 -5.70817152e-04  1.10522449e-01 -2.66542584e-02
 -4.21584062e-02 -1.18112452e-02  1.49489278e-02  2.09722873e-02
  2.86657549e-02  1.35012895e-01  6.77961332e-04  2.47497298e-02
  2.85990100e-04  3.19812894e-02  7.33823627e-02 -2.84507908e-02
  4.74298336e-02 -1.83176678e-02  2.74097417e-02 -3.86154875e-02
  1.04562882e-02  1.56661659e-01 -5.86559288e-02  6.35971501e-02
 -8.65800120e-03 -4.47542174e-03  3.39091569e-02 -8.45164899e-03
  1.42969653e-01  4.37481096e-03 -2.02578139e-02  4.36353721e-02
  5.82074896e-02  1.09777860e-02 -8.54145736e-02  7.81025812e-02
 -1.86712909e-02  2.21852139e-02 -2.05770135e-03  3.59072722e-02
  4.65013944e-02 -3.47610600e-02  6.90704957e-02 -3.12086400e-02
  2.11840533e-02  1.99699420e-02  1.28091369e-02 -1.59544311e-02
  3.16932984e-02  8.44271481e-02 -1.90077554e-02  2.57126410e-02
  4.95645441e-02  1.27709717e-01 -2.81838682e-02  4.03038295e-33
 -3.94297857e-03  3.03882603e-02 -8.39447826e-02 -4.03976031e-02
  7.60368705e-02  4.79580499e-02  5.00257201e-02 -8.19236040e-02
 -5.23012727e-02  2.54455023e-02 -6.15837574e-02 -7.78384283e-02
  6.01221574e-03  2.56504659e-02 -7.20722554e-03 -2.98509132e-02
  8.23255703e-02 -2.61507686e-02 -5.31682931e-02  1.52203804e-02
 -3.20680588e-02 -3.58475908e-03 -6.56808866e-03  6.52964264e-02
  2.90512815e-02  6.43757135e-02 -1.34888962e-02 -2.77055539e-02
 -7.69113451e-02 -1.43805668e-02 -6.10651635e-02 -3.46371867e-02
 -2.76394635e-02  4.09931764e-02  9.11101978e-03 -3.92636806e-02
 -9.64199230e-02  5.22179790e-02  1.13533596e-02  2.00532209e-02
  6.40339106e-02 -1.54539431e-02  8.81831255e-03  1.00760445e-01
 -5.24167158e-02 -4.68044961e-03 -4.53835167e-02 -8.71734768e-02
 -7.37118796e-02 -7.05135346e-04 -7.29096234e-02 -4.90834638e-02
 -5.00614606e-02 -3.19073014e-02 -2.77345721e-02 -2.89715175e-02
 -4.10692282e-02 -7.09504783e-02  5.60765266e-02  4.10992615e-02
 -6.43237121e-03 -3.85245010e-02  4.28045020e-02  1.55517787e-01
 -7.48990551e-02 -2.52980012e-02 -1.16692055e-02 -8.61880369e-03
 -4.22233380e-02 -5.21820551e-03  5.00104055e-02 -4.78268340e-02
 -4.13252972e-02 -1.09382300e-02 -6.18085414e-02 -4.55928333e-02
 -8.44554305e-02 -5.14098518e-02 -4.96350564e-02 -1.56763364e-02
 -2.48464346e-02 -2.32699662e-02  6.21322989e-02  9.13890973e-02
 -2.50691548e-02  2.16058251e-02  6.64057806e-02 -6.52735261e-03
 -3.51972841e-02 -1.00960145e-02 -8.74833111e-03 -2.42168587e-02
 -4.35920916e-02  5.89108048e-03  1.75131410e-02 -1.24668817e-08
 -5.75497793e-03  8.81026778e-03 -1.21494778e-03 -4.00174148e-02
  3.04989871e-02 -9.12928507e-02  3.61307114e-02  2.81411465e-02
  5.22272065e-02  7.03261495e-02  1.12977503e-02 -2.06187498e-02
  2.31486782e-02  3.21673602e-02  1.20789744e-01  6.38880432e-02
 -5.12135886e-02  2.33288035e-02 -7.08790645e-02 -4.27508652e-02
  5.08826375e-02  4.07050662e-02  1.10632218e-02 -3.49530415e-03
  3.72131821e-03  4.74671312e-02 -4.72825132e-02  5.63222058e-02
  5.25399595e-02  1.16690338e-01  1.16297835e-02  7.78852701e-02
 -3.23452689e-02 -3.76047492e-02  1.78474169e-02 -3.37458104e-02
  1.60479341e-02 -6.48749098e-02  1.25909876e-02 -5.35764620e-02
 -3.30287367e-02  1.92126781e-02  2.14711223e-02  2.61071734e-02
  5.44830076e-02 -5.85604012e-02 -4.75200154e-02  2.12582629e-02
 -4.68095392e-02 -6.73174635e-02  2.27360744e-02 -2.33865045e-02
  4.36591431e-02  5.31763881e-02 -1.84912346e-02 -6.89942688e-02
  1.15344254e-02 -1.97193753e-02 -5.10428958e-02 -3.87358740e-02
  6.98038042e-02  2.61319932e-02  9.07318667e-02  3.43626067e-02]"
252,Supply Chain Labor Standards,Social,employers,1,0.355,"[-3.89416851e-02  5.20302057e-02  3.28732431e-02  2.92388052e-02
  3.77890356e-02  3.66001911e-02  6.53128549e-02 -5.54965734e-02
 -3.03538833e-02 -5.67187928e-02 -2.52638143e-02  9.62797087e-03
 -7.13043213e-02 -2.27614455e-02 -6.11975677e-02  2.05634106e-02
  1.79847982e-02  3.25938314e-02  2.86633763e-02 -9.18597281e-02
 -8.57082605e-02 -1.32392105e-02 -4.67199497e-02 -2.64880024e-02
  6.95174793e-04  6.25362098e-02 -1.38442433e-02  4.21775766e-02
  1.75518617e-02 -5.94634153e-02 -3.07565778e-02 -2.33326573e-02
  9.05326083e-02  4.44275066e-02 -2.11864933e-02 -1.90821271e-02
  1.23374891e-02  1.79327596e-02  3.22958976e-02  6.03613677e-03
 -1.56853795e-02 -6.17750809e-02  1.17776329e-02 -3.33419293e-02
  1.89445205e-02 -3.51248868e-02  7.71844462e-02  6.71759248e-02
 -3.09932046e-02  9.46785882e-02  1.75887719e-02 -6.14960641e-02
  3.37002911e-02  7.47661293e-02 -2.40739137e-02 -3.44485752e-02
 -1.14213694e-02 -8.95336736e-03 -4.83608805e-02  4.30212952e-02
  1.66643914e-02 -7.59318471e-02 -1.60457939e-02  3.41015831e-02
  5.36201783e-02 -2.86174454e-02 -7.70206749e-02  2.84392871e-02
 -6.64211437e-02 -7.04890639e-02 -6.67156652e-04 -1.23003915e-01
 -9.81875807e-02  7.23183453e-02  8.61325935e-02 -5.35521768e-02
 -1.79302692e-03  1.49533423e-02  3.61998640e-02 -8.09905082e-02
 -1.72195653e-03 -7.70285130e-02 -5.24135679e-02  4.51284610e-02
 -3.24429348e-02 -4.73183282e-02  3.82148027e-02  4.89084907e-02
  5.90701550e-02  3.94803770e-02  2.07044687e-02 -1.42402068e-01
  3.35819460e-02 -1.16576562e-02 -1.16241584e-02 -2.03937311e-02
  1.68101676e-02  8.14627483e-02  1.63629986e-02  1.82369277e-01
 -1.80630405e-02 -1.67472009e-02 -6.21483624e-02  5.80255017e-02
 -5.28586917e-02  1.10741798e-02 -2.81969495e-02  3.13454233e-02
  1.01135171e-03  4.52781282e-02 -4.67188731e-02  7.83757865e-02
 -7.06348717e-02  3.01009305e-02  1.14091206e-02  4.34944406e-03
 -5.49462065e-02  5.86561821e-02  4.86917049e-03  4.88032252e-02
 -1.93947982e-02  1.16471499e-01 -9.82298553e-02 -4.07322170e-03
 -1.25904158e-01 -7.58420825e-02 -5.36964834e-02 -5.15824774e-33
  6.08263426e-02  4.15403210e-02  8.17361055e-04  2.96787601e-02
  3.52977216e-02 -1.72680765e-02 -5.29039577e-02  5.57674207e-02
 -3.94505449e-03  1.10249989e-01 -1.05753593e-01  8.17074031e-02
 -8.67294241e-03  7.78136402e-03  8.55731368e-02  1.98905282e-02
 -6.43784995e-04  1.30463108e-01  1.38305705e-02  2.54571084e-02
 -1.13553144e-02 -9.75482538e-03 -8.83345753e-02  7.38495514e-02
 -1.04024224e-02  1.75181050e-02 -4.07933444e-02  3.31142135e-02
  4.09686938e-02  3.26115638e-02  7.85905346e-02  5.21867350e-03
  4.78796847e-02 -2.64969170e-02 -1.48592750e-02 -1.64847858e-02
 -1.46503262e-02 -5.10196239e-02  1.62326766e-03 -5.83383739e-02
 -2.73072813e-02 -1.57916788e-02  1.02945641e-01  2.57831793e-02
  4.47898284e-02 -1.15250731e-02 -6.60689175e-03  4.69878577e-02
  2.39978787e-02  1.56131089e-01 -7.10096210e-03  1.56458449e-02
  3.76228765e-02 -4.09706961e-03  5.19139804e-02 -2.06191633e-02
 -1.12327719e-02 -1.01526023e-03  2.55045500e-02 -4.13182005e-02
 -7.37060141e-03  1.11225531e-01 -8.98876414e-02  1.15864130e-03
 -2.55613998e-02 -5.94031718e-03  2.62505971e-02 -1.65106989e-02
  1.17708884e-01 -8.14583804e-03 -3.53321768e-02  4.64186966e-02
  1.72618609e-02 -2.48564612e-02 -5.87660819e-02  5.02165779e-02
 -3.44784707e-02  3.20399031e-02  3.30148428e-03 -2.67019239e-03
  4.25595306e-02  1.90516803e-02 -7.05607422e-03 -4.25256277e-03
  7.59177953e-02  5.58068603e-02  9.55130346e-03 -6.12431318e-02
  2.15112213e-02  3.50566953e-02 -7.13322833e-02  5.12206554e-03
  8.45034141e-03  7.93619826e-02  7.38680502e-03  3.06597634e-33
 -2.05524787e-02 -7.10992664e-02 -5.39504290e-02  3.78609658e-03
  2.83863526e-02  4.35630372e-03  8.78728628e-02 -7.44374990e-02
 -4.11468334e-02  2.98860874e-02 -4.52902280e-02 -5.86727746e-02
  4.63303514e-02  2.09032465e-02 -5.81072010e-02 -3.12408265e-02
  4.31855284e-02  9.98882344e-04 -6.14336357e-02  1.02613214e-02
  3.50095741e-02 -4.58182730e-02  3.16916928e-02  1.54729830e-02
  2.23829653e-02  1.79730691e-02 -4.55690287e-02 -3.69862914e-02
 -6.97217733e-02  9.65569634e-03 -7.48828724e-02  2.68880725e-02
 -7.26952329e-02  1.06132723e-01 -1.78961586e-02 -7.68207712e-03
 -5.85826486e-02  1.40121961e-02  9.34040290e-04 -3.94658297e-02
  5.25457449e-02 -2.24586818e-02  1.13988481e-02  1.10669397e-01
 -3.30094695e-02 -2.97032613e-02 -4.10664193e-02  3.44978203e-03
  2.75617745e-02 -4.01995368e-02 -1.00791715e-01  1.61922835e-02
  7.03181094e-03 -3.18101561e-03 -2.22290624e-02 -4.97551821e-02
 -1.45689789e-02 -6.49069250e-02 -2.02476084e-02  5.54676577e-02
  2.97099911e-02  2.33205184e-02  6.85357824e-02  1.11811295e-01
 -3.88671979e-02 -6.28077835e-02  4.64665368e-02  3.16836350e-02
 -3.36111188e-02  2.03388240e-02  8.74396339e-02 -3.14725116e-02
  2.09477800e-03  4.38490277e-03 -5.23730516e-02 -6.20412417e-02
 -2.00770423e-03 -6.65862858e-03 -1.20175749e-01 -8.02439451e-03
  3.42492200e-03 -5.78898750e-02  4.47988883e-02  7.88396597e-02
 -1.09237302e-02  1.70958322e-02  3.07235122e-02  4.78469953e-03
 -1.70817797e-03 -4.84895743e-02 -3.75840850e-02  7.53508182e-04
 -5.96651025e-02  1.85154025e-02 -3.19602452e-02 -1.21692718e-08
 -1.59475598e-02 -1.48931897e-04  4.65515349e-03 -5.06915450e-02
  1.57067347e-02 -1.06691085e-01 -3.18567790e-02 -1.50998859e-02
  4.09431271e-02 -1.79753976e-03 -2.89661307e-02 -3.50130983e-02
 -7.97990244e-03  1.34135541e-02  9.45927277e-02  8.52654576e-02
  1.87700801e-02  2.10705530e-02  6.80567836e-03 -4.04812768e-02
  2.02086773e-02  7.18410611e-02  2.25028433e-02  1.65965799e-02
  1.97646059e-02  6.29317015e-02 -2.65681632e-02  1.85304470e-02
  7.88151249e-02  1.30838931e-01 -1.28782187e-02  8.61982107e-02
  1.87349580e-02 -1.16665788e-01 -3.28805372e-02 -5.21710217e-02
  5.90386689e-02 -8.88149366e-02 -1.78456698e-02 -1.41905278e-01
 -4.11344431e-02  2.02867817e-02  2.00340115e-02 -4.94780764e-02
  2.24470869e-02 -8.81768689e-02 -1.45317856e-02  6.13749586e-02
 -2.37472802e-02 -9.10118688e-03 -9.10726842e-03 -2.21413635e-02
  5.72641427e-03  2.52658948e-02  9.17266402e-03 -2.36230642e-02
  1.97705403e-02 -6.75819740e-02 -9.85393971e-02 -3.41771618e-02
  1.21375620e-01  4.10590507e-03  1.06721692e-01  2.85091940e-02]"
253,Supply Chain Labor Standards,Social,industrial,1,0.3479,"[-6.16531633e-02 -1.16422456e-02 -3.23341880e-03  2.79231723e-02
  1.81764290e-02  1.45375533e-02  6.89284056e-02  7.98397977e-03
 -7.37736002e-02 -6.63515776e-02  4.09278087e-02 -3.99600007e-02
  5.97417308e-03 -2.22226996e-02 -5.27296811e-02 -1.50614809e-02
 -4.77834279e-03 -4.50956970e-02 -6.65432736e-02 -9.94295925e-02
 -5.57682589e-02  3.56758088e-02 -4.73812670e-02  1.33928526e-02
  2.87173726e-02  1.38013765e-01 -3.49342846e-03  3.45161818e-02
 -2.35861074e-03 -9.61938649e-02 -6.25331178e-02  7.73405433e-02
  6.30722046e-02 -2.97208130e-03  6.69991747e-02  2.28319746e-02
  2.64164079e-02  2.80649234e-02  8.50984678e-02 -3.25523093e-02
 -1.23497481e-02 -1.01064369e-01  1.85071900e-02 -7.46309608e-02
  4.40300629e-02  1.16312783e-02  5.69868647e-02 -7.58223757e-02
  1.25806930e-03  3.19679976e-02 -6.28565997e-02 -7.22286478e-02
  2.22440884e-02  2.13980041e-02  4.32550944e-02 -2.12483890e-02
  1.61190592e-02 -3.34930345e-02 -2.43325960e-02 -2.11088452e-03
  2.22384259e-02 -7.74985999e-02 -3.58464569e-02 -4.89231013e-03
  6.18767999e-02 -5.31037804e-03 -3.15724462e-02  1.70970447e-02
 -7.79682323e-02 -9.12404880e-02  1.30019775e-02 -9.02939737e-02
 -5.00029288e-02  3.97048481e-02  3.81516851e-02 -4.49813381e-02
  2.19714339e-03 -6.61644936e-02  4.56277281e-02 -6.73911497e-02
  2.68594828e-02  4.71277582e-03 -7.78481439e-02  7.81312585e-03
 -4.36418429e-02 -3.47339222e-03  2.75729336e-02 -3.90501483e-03
  7.04654604e-02  9.21661872e-03 -8.25843140e-02  4.41854441e-04
 -2.38470826e-02  1.84528697e-02  1.83035508e-02  4.44906577e-02
 -1.88366156e-02  2.19160877e-02 -1.22797536e-02  2.06868783e-01
  8.77959610e-06  3.65524292e-02 -5.79221696e-02 -1.20940125e-02
 -6.50960654e-02 -2.96164975e-02 -6.95119202e-02  8.67101625e-02
  1.12631619e-02 -1.11934990e-02 -1.35014001e-02  1.50918420e-02
 -7.74771199e-02 -2.55644508e-02  1.81591194e-02 -2.67312210e-02
  1.96002014e-02 -7.94349355e-04 -2.26664413e-02 -7.51694385e-03
 -9.19647701e-03  4.69105169e-02 -7.20307305e-02  5.36808223e-02
 -5.12236916e-02 -3.08643468e-02  3.67619679e-03 -4.57744039e-33
 -7.12327193e-04 -1.20209819e-02 -1.00434311e-02  4.31885831e-02
 -7.09740259e-03  9.10198689e-03 -1.33851813e-02  5.12122288e-02
  2.79510990e-02  3.57784554e-02 -2.68397201e-02  4.74306345e-02
 -3.27615552e-02  9.71307606e-03  1.27828673e-01 -5.41182011e-02
 -1.89325660e-02  1.87776424e-03  3.06408685e-02  3.79559137e-02
 -1.99798327e-02  4.46505323e-02 -2.07978096e-02  3.62661444e-02
 -2.75944592e-03 -1.68847200e-02  1.90675128e-02 -2.66372785e-02
  5.33728637e-02  4.50594760e-02  6.30812719e-02  1.04060531e-01
  2.78015318e-03 -1.63337532e-02 -5.79761602e-02 -7.28837168e-03
 -5.34718707e-02 -6.95993826e-02  5.08390833e-03 -2.63287537e-02
 -4.07355912e-02  5.71212023e-02 -1.21199498e-02  3.11988201e-02
  4.63445783e-02  6.07660376e-02 -2.19180118e-02  8.18995163e-02
  9.35544912e-03  2.50031874e-02 -4.68741395e-02  6.89870715e-02
  8.93441215e-02 -1.03901606e-04  6.45383447e-02 -1.56969354e-02
 -1.02691387e-03  1.39302723e-02  4.88885120e-02  5.12548648e-02
 -3.79021093e-02  1.79754138e-01 -3.63553390e-02  7.02272356e-02
  2.89313681e-03  5.04506826e-02  6.58842251e-02  2.27820203e-02
  4.28397469e-02  7.16681220e-03 -3.41417827e-02 -4.30345945e-02
  4.03104313e-02  3.31481770e-02 -6.30157217e-02  6.96897432e-02
 -7.47259706e-02  5.04000969e-02 -3.73256020e-02 -3.29323784e-02
 -9.62676629e-02  4.91455533e-02 -8.45849107e-04  6.39329106e-03
  4.91760187e-02 -1.60971154e-02  4.60991054e-04  1.24452058e-02
  4.63601984e-02  3.83566180e-03 -8.59364197e-02  4.51434491e-04
  4.78353165e-03  1.09610341e-01 -1.25446934e-02  2.54373322e-33
  7.42471516e-02 -3.55545580e-02 -5.77064678e-02  8.83515030e-02
 -1.37198456e-02 -3.24595720e-02  1.11209918e-02 -2.90146656e-02
 -2.37016883e-02  9.94200036e-02  4.52967547e-03 -3.12536396e-02
  3.66704091e-02  1.97174624e-02  1.59262549e-02 -1.78556405e-02
  8.46891850e-03 -1.03091374e-02 -3.49826850e-02  9.69443750e-03
  1.36569729e-02 -1.31829539e-02 -4.34050821e-02 -2.36768294e-02
 -4.07523178e-02  6.48785755e-02 -1.17405005e-01  7.88361649e-04
 -5.75802326e-02  1.37323588e-02 -1.30743794e-02 -6.59238547e-02
 -1.42763963e-03  5.73120564e-02 -2.04767119e-02  3.24305370e-02
 -4.54533026e-02 -3.57534625e-02  1.08782891e-02 -5.29418811e-02
  2.81103961e-02 -2.01907307e-02 -3.77857089e-02  1.82828024e-01
 -4.50800322e-02 -7.72576258e-02 -6.11503385e-02 -4.18308489e-02
  8.13266039e-02 -6.33431086e-03 -3.16894799e-02  5.34845293e-02
  3.57840545e-02 -1.03486754e-01  1.16903279e-02 -1.49808580e-03
  5.37545606e-02 -2.11004671e-02 -1.29964948e-01  2.61233449e-02
  1.75210238e-02 -2.05786843e-02  6.15900196e-02  1.20999984e-01
 -1.78549290e-02  7.26246387e-02  9.49613750e-02 -3.22693284e-03
  2.66508441e-02 -3.74038815e-02  1.56830013e-01  1.10863835e-01
 -4.79063997e-03  2.59913802e-02 -2.61124372e-02 -3.09509132e-02
 -4.44424152e-03  5.41323349e-02 -5.54991625e-02 -9.92629770e-03
  2.08970327e-02 -5.33869080e-02  4.18063020e-03  8.38418826e-02
 -9.15603638e-02  7.92476069e-03  3.27251926e-02  2.19087563e-02
  3.54575971e-03 -2.25365553e-02 -5.47477789e-02 -2.94746142e-02
 -2.77636200e-02  1.52186723e-02 -4.57196832e-02 -1.21949606e-08
 -3.61908749e-02  1.15651367e-02  5.78393750e-02 -5.28053641e-02
  1.54874381e-02 -1.58047546e-02  2.13207193e-02  5.85977547e-02
  2.34289910e-03  1.44372890e-02 -1.55827273e-02 -3.08336560e-02
  2.23656581e-03  1.21096581e-01  4.68126535e-02 -3.59361842e-02
 -8.15659612e-02  2.83364896e-02 -5.32521978e-02 -9.53440070e-02
  1.04430668e-01  6.87964074e-03  5.50739057e-02  2.94280369e-02
 -4.48466130e-02 -2.13192906e-02 -8.47462658e-03 -8.34511593e-03
 -4.90376865e-03  9.82663259e-02 -1.75441820e-02  3.84282917e-02
  4.29201638e-03 -5.48796244e-02 -6.81905374e-02 -7.06811324e-02
  5.72044887e-02 -7.94273913e-02 -2.24387553e-02 -1.23914450e-01
 -4.64064777e-02 -5.17513826e-02 -3.93632017e-02 -5.19337654e-02
  8.88289511e-02 -5.12696430e-02 -1.52692832e-02 -4.85516973e-02
  1.37169985e-03 -2.01995466e-02 -1.44883143e-02  4.29720469e-02
  7.65301138e-02  6.30885661e-02 -3.68888257e-03 -7.54335709e-03
  1.90891884e-02 -7.74979964e-02 -4.48813848e-02 -9.26022790e-03
  9.56128687e-02 -4.34043854e-02  5.75330816e-02  5.37359202e-03]"
254,Supply Chain Labor Standards,Social,compliance,7,0.3476,"[-2.99824420e-02  5.28523810e-02 -1.88163742e-02 -5.81790619e-02
  2.58778706e-02 -5.18887211e-03  1.76535062e-02 -3.01724207e-02
 -4.22920696e-02  1.07546318e-02  1.03261530e-01 -2.26497706e-02
  1.82715561e-02  2.92120948e-02  1.47883864e-02 -5.06182350e-02
  7.18500689e-02  3.68977375e-02 -9.18418318e-02 -2.80041876e-03
 -2.56908704e-02  2.50052959e-02  5.64586651e-03  4.78822775e-02
 -1.56186819e-01  4.36782725e-02 -4.68674339e-02 -3.34176794e-02
  8.26202333e-02 -5.96977137e-02 -2.84529384e-02  3.40458155e-02
  1.08161919e-01  4.10936922e-02 -3.27254124e-02  3.20848301e-02
  5.41706719e-02 -4.68249433e-02  2.87900940e-02 -3.00270636e-02
 -6.66708797e-02 -1.12365291e-01 -2.62573175e-02 -2.65404768e-02
  3.79481874e-02 -1.84415393e-02  4.23943326e-02 -3.12746018e-02
 -3.67852822e-02 -2.63968599e-03 -2.83867400e-02 -3.44536565e-02
 -2.40767840e-02 -1.64912327e-03  1.49800349e-02 -5.49298041e-02
  1.84116755e-02  5.65584889e-03  3.03871091e-02 -4.28657383e-02
  1.03572376e-01 -4.64026779e-02 -1.07300431e-01  1.05209604e-01
  1.99402086e-02  3.05031165e-02 -4.75250706e-02 -3.67999217e-03
  1.51027385e-02  1.71205346e-02 -6.80308044e-02 -3.62687446e-02
 -6.30344748e-02  5.65510206e-02  2.79564112e-02 -3.87152880e-02
 -3.69161814e-02 -1.75007414e-02  1.29149199e-01 -9.03875902e-02
 -1.72123592e-02 -6.84349537e-02  5.87126240e-02  6.39074296e-02
 -1.90139543e-02 -5.00251725e-02 -1.65545754e-02  1.70466825e-02
  7.12041408e-02  1.75023638e-02  6.86293170e-02 -4.89457659e-02
  8.45748857e-02 -2.51739789e-02 -1.25100091e-01 -7.10909218e-02
 -7.55331144e-02 -1.29401637e-02 -1.45351896e-02  2.00748622e-01
  1.93322841e-02  4.56626154e-02 -1.48202047e-01  3.57187390e-02
 -2.15395875e-02 -4.26671654e-02  2.41087973e-02 -3.13167945e-02
  1.50496829e-02  7.04606175e-02 -2.59633474e-02  7.10386410e-02
 -1.77631974e-02 -2.21541282e-02  1.04915258e-02 -3.60985249e-02
 -3.98281664e-02  1.68563146e-02  5.78646511e-02  3.21452096e-02
  2.24706680e-02  5.81182018e-02  3.85766737e-02 -1.12370746e-02
  1.78994574e-02 -9.44602862e-02 -2.65016463e-02 -6.34382342e-33
  1.14392582e-02  8.40071123e-03 -1.14627238e-02 -1.43063888e-02
  2.88837217e-02  8.35870393e-03 -5.15112914e-02 -3.69353853e-02
 -1.24901766e-02  5.29913083e-02  8.71679485e-02  1.09434076e-01
 -4.05075923e-02 -5.22146374e-02  7.17362389e-02  6.19305633e-02
 -5.60093448e-02  9.12851170e-02  1.90078262e-02  1.14358209e-01
  2.29898579e-02 -1.24961555e-01  2.79334071e-03  8.84002447e-02
 -1.66657008e-02 -4.74745855e-02 -2.70670224e-02  1.69197265e-02
  5.83247058e-02  3.91757451e-02  5.12398295e-02  4.94927820e-03
  9.44548845e-02 -4.15785499e-02  5.60633978e-03  5.45896143e-02
  1.08664213e-02 -4.12827954e-02  3.77044897e-03 -8.20869952e-02
 -5.94127364e-02 -1.13007016e-02  7.10528493e-02  5.18400501e-03
  4.09948826e-02  3.04730348e-02  5.80359325e-02 -4.71596122e-02
  2.58242432e-02  6.10055588e-02 -5.48682502e-03  4.95206825e-02
 -2.96420529e-02 -4.18721139e-02 -4.48517129e-02 -2.20670477e-02
 -4.20374759e-02  2.35360656e-02 -5.64518608e-02  3.26062888e-02
  1.44146103e-03  1.49942702e-03 -4.22406420e-02  1.01957219e-02
  1.06160354e-03  1.22016985e-02 -7.57803321e-02 -5.33696543e-03
  3.95092629e-02 -3.58562060e-02 -1.04879461e-01  1.29083125e-02
 -6.93214461e-02  6.43551573e-02 -6.22653365e-02 -3.59546654e-02
 -1.64768137e-02  4.69321124e-02  1.94278602e-02 -3.69696841e-02
 -1.15194343e-01  2.06537824e-02  2.63962504e-02  4.82759960e-02
  1.18591189e-02 -3.61226238e-02  5.28158322e-02  2.87193209e-02
  4.72894462e-05  2.32822224e-02  2.38926685e-03 -4.27701212e-02
  7.13987425e-02  9.05132815e-02  6.84964359e-02  3.94509973e-33
  1.21727586e-02 -3.97621794e-03 -9.42349155e-03  3.71163264e-02
  1.37435747e-02  4.11008969e-02 -2.38128528e-02 -5.28218374e-02
  5.42395338e-02 -1.06810983e-02 -4.16506529e-02 -3.15316468e-02
  6.18664548e-02  5.87856816e-03 -6.71818182e-02 -5.43749407e-02
  2.69540511e-02 -2.27027829e-03 -7.53135607e-02  2.92412229e-02
  3.12776193e-02 -6.22219183e-02  4.09431718e-02  4.94964980e-02
 -4.18600589e-02  4.11011949e-02 -6.78716153e-02 -1.05044514e-01
  1.25853512e-02 -4.39429004e-03 -3.36396135e-02  1.28048584e-02
 -2.20298264e-02  8.12885612e-02 -1.38802873e-02 -9.32500809e-02
 -6.90672966e-03  2.18467116e-02 -2.28636544e-02 -1.23141520e-02
  7.63154626e-02  6.51140586e-02 -6.79492056e-02  7.07567707e-02
 -1.07399607e-02 -3.59717086e-02 -2.61475379e-03 -2.06045955e-02
 -3.21482047e-02 -5.77365095e-03 -4.63272296e-02 -2.72311755e-02
  6.40123636e-02 -4.48437072e-02 -9.18359868e-03  1.10148802e-01
 -1.41329737e-02  2.20175413e-03 -5.46624362e-02  5.00308610e-02
 -2.39092782e-02  8.13674033e-02 -4.80654538e-02  4.34716269e-02
  5.50230891e-02  2.03947518e-02 -2.88722888e-02  9.12008882e-02
  1.33547550e-02 -2.24643126e-02  3.16017531e-02 -6.00505285e-02
 -2.92739850e-02 -4.07096632e-02  4.75212187e-02 -6.76315501e-02
 -2.47893017e-02 -1.04632571e-01 -5.32360598e-02  5.64048626e-02
 -6.81972429e-02  2.08131615e-02 -3.58103216e-02  7.91711882e-02
 -9.98672098e-03 -5.21134734e-02  5.22162281e-02 -6.61590919e-02
  1.55682033e-02  3.97406071e-02 -3.44951153e-02  9.04973447e-02
 -4.22218069e-02 -9.06189997e-03 -4.43916321e-02 -1.20237775e-08
 -3.53080966e-02 -3.82972881e-02 -3.45440730e-02  5.35023771e-02
  4.48925309e-02  5.11346236e-02 -3.66478078e-02 -1.15664922e-01
 -3.64651643e-02  2.39340924e-02  2.83506699e-02 -9.80643439e-04
 -1.60002690e-02  1.35541921e-02  1.49604529e-02 -2.93050632e-02
 -2.40796283e-02  1.32770417e-02 -8.44160765e-02  7.97614008e-02
 -4.40994464e-02  1.08024357e-02  3.10889892e-02 -1.17305191e-02
  4.88871336e-02  2.33464353e-02 -3.21419612e-02  6.03991225e-02
  6.53122663e-02  9.42268968e-02  5.15972376e-02  7.50899781e-03
  1.91053208e-02 -3.98705527e-02 -7.81436488e-02 -5.50150275e-02
  4.28620093e-02 -3.07195988e-02  1.00501694e-01 -1.52725484e-02
 -1.74468271e-02  2.92847790e-02  1.12438835e-01  6.06077984e-02
  2.38106418e-02 -9.88873094e-03 -2.61397548e-02  4.73129489e-02
  1.51047837e-02 -3.26207206e-02 -1.02818580e-02 -6.67784316e-03
  1.98422577e-02  1.00104220e-01  1.38815800e-02 -1.25351478e-03
  2.68257465e-02  8.96818377e-03 -4.55915965e-02  9.04631685e-04
  8.46081004e-02  2.09843200e-02  7.49817342e-02 -2.99754813e-02]"
255,Product Safety and Quality,Social,safety,11,0.6542,"[ 5.73531957e-04  7.82999620e-02 -5.72171323e-02 -9.87484958e-03
  8.19947273e-02  7.64091834e-02  1.25421762e-01  4.30145375e-02
 -1.73132550e-02  4.07683961e-02  6.97012395e-02 -6.44242624e-03
  6.07175007e-02 -1.44188330e-02 -1.08001001e-01 -7.68733099e-02
  3.86120044e-02  1.73624326e-02 -1.57332927e-01 -1.03293490e-02
 -6.43835887e-02  4.50725034e-02  2.85278484e-02  4.28724438e-02
 -1.44915193e-01  2.81684436e-02 -3.54573503e-02  3.66525985e-02
  1.39614185e-02 -5.18231541e-02 -1.61202252e-02 -8.12839642e-02
  3.77211869e-02 -2.28156783e-02 -8.68310705e-02 -4.21075560e-02
  5.52136488e-02 -1.38955545e-02  4.97897677e-02 -2.58697085e-02
 -5.34037985e-02 -9.21611041e-02  9.51912720e-03  2.09068749e-02
 -3.51158604e-02  4.45235781e-02  1.10328821e-02 -1.01948977e-01
  7.69034177e-02 -5.12995757e-02  2.58703884e-02  4.32779118e-02
 -2.37581157e-03 -1.49276177e-03  5.40945344e-02 -7.14805350e-02
  6.88765710e-03 -4.46055792e-02 -5.87516129e-02  4.06757258e-02
  8.00295249e-02 -1.16845686e-02 -7.81028792e-02 -3.21930833e-02
  4.33817469e-02 -1.61102638e-02 -6.20145276e-02  7.95155019e-03
  5.94670400e-02  6.26007318e-02 -8.24345392e-04 -1.59219243e-02
  1.02076717e-02  1.41518016e-03  2.61478070e-02 -1.06971050e-02
  4.40757684e-02 -7.04433918e-02  3.46981883e-02 -2.92230844e-02
  3.02053783e-02 -2.67119538e-02  6.15215600e-02  1.99415926e-02
  4.25258726e-02  7.01010823e-02  1.66251082e-02  7.46769423e-04
  2.13365182e-02 -2.65571941e-03 -6.24767914e-02  3.13235936e-03
  9.98646319e-02  6.51122853e-02 -2.72436608e-02  3.64840426e-03
 -4.40069735e-02 -3.00874040e-02 -3.07827611e-02  1.82817221e-01
  2.21045036e-02  1.38957584e-02 -2.71815099e-02  6.13319911e-02
 -3.73213040e-03 -1.32738352e-02 -6.56675100e-02  2.83549726e-02
 -1.41513692e-02  5.43183610e-02  7.08732149e-03  4.22299914e-02
  3.67801520e-03  3.31379287e-02 -4.18435708e-02  3.94624658e-02
 -7.26993904e-02 -2.14777812e-02  3.99688259e-02  2.84358542e-02
  2.06068112e-03  2.11788695e-02  6.82035312e-02 -6.82317652e-03
 -4.51058568e-03 -1.17569230e-01  2.80644465e-02 -5.26886249e-33
  8.95859022e-03 -3.37898582e-02  7.79993553e-03  1.65810417e-02
 -4.91214134e-02  2.11228300e-02 -6.90779537e-02 -6.86724335e-02
 -1.13512827e-02  5.25497384e-02  1.14064030e-02 -9.83412750e-03
 -2.86902115e-02 -4.40093502e-02  1.12199239e-01 -1.17825251e-02
 -5.62178381e-02  6.75890297e-02 -7.28950649e-02 -5.59516326e-02
  5.66154439e-03 -9.21686441e-02 -2.22575734e-03  6.45204484e-02
 -4.40874435e-02  6.88202009e-02 -1.87790003e-02 -3.12175918e-02
  5.43573536e-02  4.16046903e-02 -1.36937201e-01  6.90436438e-02
 -7.08886832e-02 -6.64794743e-02  4.85883281e-02  3.59560885e-02
 -1.25533715e-01 -6.28227517e-02 -2.97300015e-02 -3.62521186e-02
 -9.98093374e-03 -2.89357062e-02  5.75315654e-02  6.81584105e-02
  9.69588831e-02  7.03348517e-02 -5.53599037e-02  8.69226817e-04
 -9.56648514e-02 -3.27183194e-02 -6.70421124e-02  2.27864441e-02
  2.08831504e-02  5.25518041e-03 -4.35425006e-02  5.93395457e-02
  3.94774564e-02  1.41145848e-02 -3.49932685e-02 -5.88018261e-03
 -4.08608802e-02  1.22482821e-01 -4.05224636e-02  1.60748709e-03
  1.15476809e-02 -2.43269559e-02  1.07615180e-02 -1.90663002e-02
  5.26557229e-02 -2.16527209e-02 -1.15450658e-01 -2.23790221e-02
  4.22808677e-02  7.84298126e-03 -9.34963003e-02 -8.92764237e-03
  1.05002923e-02  6.05923450e-03  2.20020618e-02 -6.29538000e-02
 -7.13082217e-03  3.97074930e-02  3.40047758e-04  2.59260442e-02
  4.25434820e-02 -4.36423458e-02 -3.42819169e-02 -3.24760075e-03
 -8.35785642e-02  1.31556064e-01 -2.60524377e-02 -3.51289362e-02
  9.75253507e-02  7.05231950e-02 -5.26373982e-02  4.06741212e-33
  1.56558631e-03 -1.75973698e-02 -5.98577224e-02  5.58593720e-02
 -4.02385034e-02 -5.55491038e-02  1.29420205e-03 -2.27793269e-02
  1.40525959e-02  6.06335439e-02 -7.11394697e-02 -3.74007858e-02
  5.86898476e-02  4.14202083e-03  1.45072229e-02 -4.12938222e-02
  4.66623195e-02  3.23582329e-02 -2.53631659e-02 -2.03686636e-02
  4.65353429e-02 -4.47168462e-02 -7.89758340e-02  6.06096350e-02
 -6.42090887e-02  2.73551363e-02 -6.06764071e-02 -2.71904524e-02
 -5.88296615e-02  2.20218729e-02  3.22674215e-02  1.90811697e-02
  9.80012864e-03  7.24026412e-02 -4.34783250e-02  1.25801917e-02
  9.37949196e-02 -3.82261425e-02 -1.43130906e-02 -4.15071025e-02
  6.14760779e-02  1.09079324e-01  4.04572152e-02  3.20978761e-02
 -7.47115016e-02  4.54904288e-02  2.88444553e-02  1.26923146e-02
 -3.58722359e-02  3.27344611e-02 -5.14850914e-02 -3.10137235e-02
 -1.76027659e-02 -2.68229824e-02  4.53914218e-02  1.60113461e-02
 -1.67307369e-02 -3.58036114e-03 -1.86403524e-02  2.41783056e-02
  3.83845121e-02  5.76019101e-02 -9.30991173e-02  8.60363990e-02
 -2.18227152e-02  9.07936841e-02 -1.04535855e-01 -4.10199501e-02
  6.15584962e-02 -6.21054787e-03  6.62556067e-02  4.69711833e-02
 -3.92021313e-02  1.61787949e-03 -1.26945928e-01 -6.80641234e-02
 -4.50680628e-02 -2.68641096e-02 -3.27069014e-02  1.85658876e-02
 -4.40403484e-02 -5.80981262e-02 -3.57537642e-02  1.19558133e-01
  8.91900342e-03 -1.17045054e-02  5.59923202e-02 -2.11041747e-03
 -1.57093685e-02 -8.16884115e-02 -5.18969558e-02  5.11641391e-02
 -5.06767854e-02  1.54963667e-02 -2.08509415e-02 -1.20820340e-08
 -1.90192219e-02  3.05042621e-02 -3.31516638e-02 -4.18629758e-02
  3.21384845e-03  1.02516226e-02  2.66005140e-04 -8.45980197e-02
  3.42345960e-03  4.34220582e-02  4.59021144e-02 -1.21966284e-02
  4.47702445e-02  4.64696363e-02  3.03288619e-03 -1.28830224e-02
  3.75164039e-02  3.89307588e-02 -4.21736836e-02  5.02593517e-02
  2.55392957e-02  2.62836069e-02 -1.37801869e-02  7.31249377e-02
 -3.01195402e-03  1.28666842e-02  4.14091684e-02  1.01913139e-01
  2.07681060e-02  9.73920003e-02  1.71950795e-02 -4.30681976e-03
 -4.90574026e-03  5.30354455e-02 -2.57243607e-02  3.67543176e-02
  3.98441479e-02 -1.79919470e-02  6.21846765e-02 -3.44083011e-02
  1.60844792e-02  8.68094992e-03  4.73964922e-02  6.67413324e-02
 -1.00668697e-02  8.41482636e-03 -3.02098710e-02  4.29045521e-02
  1.19931134e-03  1.99407563e-02  5.01913344e-03 -4.02092002e-02
  1.84916407e-02  1.41109794e-01  2.61195563e-02  1.76474564e-02
 -3.36421654e-03 -2.57749576e-03  2.31142957e-02  5.96186742e-02
  3.64358351e-02  2.02981252e-02  9.13854018e-02  1.44670075e-02]"
256,Product Safety and Quality,Social,quality,9,0.518,"[-7.28245899e-02  1.85685363e-02 -4.34953574e-04 -3.50067690e-02
 -8.06174353e-02 -2.19261609e-02  8.94697309e-02  1.89147443e-02
  1.53294103e-02  1.65299084e-02 -1.01374218e-03  7.07450090e-03
  3.92682180e-02 -2.12188382e-02 -5.70906661e-02 -4.11522537e-02
  1.25373259e-01 -1.06116887e-02 -9.44136381e-02 -8.94920081e-02
 -5.30791096e-02 -3.39238159e-02  2.95068063e-02  1.34048862e-02
 -3.67688276e-02  4.47844602e-02 -4.40670848e-02  2.76401341e-02
  9.07037929e-02 -1.06256686e-01 -2.87854094e-02  6.97629452e-02
  7.07001388e-02 -6.26053959e-02 -2.71471757e-02  1.69767495e-02
  5.11003137e-02 -7.34211132e-02  3.05141881e-03 -1.07793007e-02
 -1.06465602e-02 -5.46334386e-02  4.63165669e-03 -6.87512942e-03
 -4.58678715e-02  5.02799004e-02  5.87766431e-02 -7.28490064e-03
  6.87597319e-03  5.50135737e-04 -5.48055395e-02 -1.02227787e-02
 -4.57280688e-02 -7.04913810e-02  2.79655792e-02  4.43704650e-02
 -7.32559338e-02  1.14754671e-02 -1.65438093e-02 -4.27973941e-02
  1.00888424e-01  2.87554543e-02 -4.37534414e-02  2.45520566e-02
  1.15756720e-01 -3.17715704e-02 -1.23592783e-02 -2.26954482e-02
 -1.03051942e-02  2.84387302e-02 -4.19291481e-02 -3.63274221e-03
 -5.32457978e-02  8.70282501e-02 -1.47946645e-02 -4.76617925e-03
  5.11482768e-02 -9.15175825e-02 -1.08206784e-02  4.47244160e-02
 -7.36721850e-04 -6.54296800e-02 -3.22933979e-02  1.97157208e-02
 -1.54563449e-02 -6.18714914e-02  1.15396477e-01 -5.69417365e-02
 -7.96620771e-02  1.22650852e-02  5.17283008e-03  9.43934321e-02
 -7.76303653e-03 -2.47593559e-02 -2.08732132e-02  6.49448410e-02
  5.52069023e-02 -6.05422333e-02  2.53135897e-02  2.38731548e-01
  1.69463046e-02  3.34312916e-02 -2.37649474e-02 -9.82290506e-02
  1.80647876e-02 -1.64556410e-02  8.29803571e-03  1.15914240e-01
 -3.20440345e-02  4.18808423e-02 -3.66766751e-02 -2.38089543e-03
 -5.10848612e-02 -1.10239601e-02  1.18658237e-01  1.78679582e-02
 -6.36842847e-02  3.97628769e-02  1.69276819e-02 -1.11107759e-01
  1.03588905e-02 -4.59033921e-02  2.40145326e-02 -3.18150036e-02
 -8.04107934e-02 -1.20171279e-01  5.95719591e-02 -4.34369848e-33
  1.11718271e-02  4.78786267e-02  2.05718130e-02 -1.03982268e-02
 -1.28597720e-02  4.21205088e-02 -4.66485806e-02 -2.04401836e-02
  5.87411737e-03  2.57478673e-02 -4.02277410e-02  1.14466473e-02
 -7.04733357e-02  2.70265173e-02  1.30688459e-01  7.11966166e-03
 -7.29060918e-02  1.15323905e-02 -8.93448517e-02  8.34462792e-02
 -6.64041340e-02 -1.45713072e-02  5.14576808e-02  4.24621031e-02
 -2.61024367e-02 -3.25332917e-02  5.69938719e-02  1.63567271e-02
 -4.71930876e-02  6.65867655e-03 -7.58133605e-02 -4.33276780e-03
  4.31343727e-02 -5.57169914e-02 -6.14613807e-03  1.81711186e-02
 -2.68173888e-02 -5.76901697e-02  4.25084755e-02 -4.29498293e-02
 -7.42163602e-03  3.35906819e-02 -3.28225233e-02  4.99239974e-02
  4.87757381e-04  4.16546054e-02  3.37551013e-02  3.88327171e-03
 -7.63942301e-02 -5.39190732e-02 -3.44592556e-02 -3.43158022e-02
 -4.65448610e-02  6.67781085e-02 -3.98392044e-02  2.16089580e-02
  4.72329184e-02  2.08411701e-02  6.25104294e-04  2.53218762e-03
  1.16649501e-01  9.71453413e-02 -7.90081620e-02 -3.77964713e-02
  2.36174418e-03  1.71886869e-02  3.26566659e-02  8.14759266e-03
 -1.28612667e-02 -9.09289643e-02 -3.21803652e-02 -2.87977196e-02
  2.66003069e-02 -7.15078367e-03 -3.24718989e-02 -2.55363788e-02
 -4.35682051e-02  5.07953130e-02  4.31799293e-02  2.38257311e-02
 -6.06299192e-02  7.43974522e-02 -2.81241313e-02 -4.69469242e-02
 -1.27187222e-02  1.96168590e-02  1.35946758e-02 -3.05381007e-02
 -1.10021560e-02  1.12270802e-01 -3.51115987e-02  4.51168492e-02
  1.29463241e-01  2.09974386e-02  3.24166752e-02  3.48288470e-33
 -4.78438549e-02  4.67498787e-02  4.01115231e-02  1.95282131e-01
 -4.51032221e-02 -3.17462906e-02 -6.08758479e-02  4.43243720e-02
  7.84595609e-02  6.81995377e-02 -3.86067592e-02 -3.84143740e-02
  2.89954944e-03 -1.91263538e-02 -4.11043167e-02  9.98981763e-03
  7.27176666e-02 -8.23309496e-02 -2.11824272e-02  3.81869217e-03
  7.96787068e-02  1.62286237e-02 -1.11452863e-02 -2.13563386e-02
 -2.51215678e-02  5.90062067e-02 -4.69757318e-02 -2.13150755e-02
 -2.24359483e-02 -4.59840447e-02  1.20691217e-01 -9.96364430e-02
 -4.26959656e-02  7.31494352e-02  2.13309261e-03  2.40126494e-02
  9.38530713e-02  4.69547510e-02 -1.48919048e-02  4.30085883e-02
  5.31037785e-02 -9.67762619e-03 -6.85446337e-02  6.33249581e-02
  8.42940528e-03 -2.88225971e-02  4.28532884e-02 -4.03764956e-02
  2.77835466e-02 -6.05179090e-03 -1.36470944e-02  2.97658667e-02
  1.94943789e-02 -6.91547320e-05 -5.51122986e-03 -4.54386249e-02
 -9.64252427e-02  2.11233273e-02  1.36005674e-02 -1.01055810e-02
 -2.54556481e-02  6.43494949e-02 -7.61512965e-02  1.84993763e-02
  1.63046084e-02  3.47349118e-03  3.65275964e-02  2.48561497e-03
 -3.12929265e-02 -1.12174347e-03  4.14384529e-02 -1.01149026e-02
  1.49329836e-02  7.62986112e-03 -3.94362845e-02 -3.61305475e-02
 -2.57818848e-02  2.03565974e-02  9.37312562e-03 -3.36876102e-02
 -4.10295390e-02 -7.87309632e-02 -3.00257448e-02  4.11414262e-03
 -2.47219056e-02  4.19023372e-02  3.06198001e-02 -2.72272099e-02
 -1.43585037e-02  5.68297505e-02  5.60929701e-02  5.63699715e-02
 -8.17251354e-02  1.19205182e-02 -7.78102055e-02 -1.30413893e-08
  7.87143223e-03 -2.77833715e-02 -6.18028641e-03  2.51991046e-03
 -1.93149038e-02 -1.04477033e-02 -3.82723212e-02 -1.56815723e-02
  2.64462885e-02  7.34548345e-02  2.26017535e-02 -3.30361612e-02
 -8.74849856e-02  3.53174247e-02  3.78833078e-02 -1.59903765e-02
 -9.60898548e-02  9.65537503e-02 -1.45418476e-02  6.22711033e-02
  4.31738421e-02  4.07987870e-02  5.04492410e-02 -2.94374693e-02
 -4.31546271e-02  1.88004356e-02  9.39844176e-02 -8.54594074e-03
 -4.47951108e-02  6.55362308e-02  8.51036459e-02  1.27795428e-01
  4.79064733e-02 -3.10416110e-02 -4.17234674e-02  6.28646463e-03
 -1.51587036e-02 -3.23202536e-02  5.40175522e-03 -2.43260022e-02
 -2.69350260e-02  3.47908996e-02 -1.17030535e-02 -4.55178246e-02
  2.11444381e-03 -3.45634408e-02  9.32058971e-03  4.06052433e-02
 -6.21018372e-02  9.55736171e-03 -1.68664344e-02  1.42707564e-02
 -9.46766976e-03  7.58713298e-03  2.29901262e-02 -3.57829034e-02
  4.62716669e-02 -5.60948392e-04 -7.29935616e-03 -5.93434041e-03
  1.44961834e-01 -1.57130640e-02  7.52477869e-02  3.49671282e-02]"
257,Product Safety and Quality,Social,products,5,0.5171,"[-5.87913357e-02  5.05784247e-03 -6.29593991e-03 -2.94913945e-04
  2.92562190e-02  1.99584719e-02  1.38282418e-01  6.79567680e-02
  6.56253775e-04 -2.83715483e-02  3.41378711e-02 -2.56551038e-02
  4.59173545e-02  5.76226646e-03 -1.00596966e-02  3.05401757e-02
  2.07552724e-02  3.79177257e-02 -1.25621870e-01 -6.06186800e-02
 -7.28496397e-03  6.41287304e-03  8.39665160e-03  5.42301200e-02
 -8.56025293e-02  7.43322894e-02 -1.33064929e-02 -1.59609038e-02
  4.60798889e-02 -1.18433610e-01  1.52246095e-02  8.41979031e-03
  7.53208026e-02 -2.54178364e-02  1.10035166e-02  3.45772654e-02
  2.63042282e-02 -3.71195227e-02 -3.92483994e-02 -2.24796589e-02
  4.42869402e-03 -1.08235694e-01 -8.57023671e-02  3.89705063e-03
  3.86006050e-02  8.60821363e-03  8.20965618e-02  7.28881657e-02
  4.32228036e-02  5.17166629e-02 -8.25196505e-02 -4.85871918e-04
 -6.70826882e-02  2.88107432e-03 -3.64170969e-02 -4.28003632e-02
 -5.53584583e-02  2.20860597e-02  3.98463244e-03 -2.38562766e-02
  9.49507430e-02 -4.96065877e-02 -1.08241200e-01  3.51700559e-02
  4.24488969e-02 -1.69612803e-02 -2.48049032e-02  2.13293582e-02
 -9.03966799e-02  1.70463286e-02  5.86300157e-04 -1.27536210e-03
 -2.24868413e-02  6.82208538e-02  4.35889550e-02  1.12020178e-02
  5.67344315e-02 -8.82405415e-02  4.10690792e-02 -1.65865645e-02
 -2.84322388e-02 -2.65328516e-03 -4.99750488e-02  2.31047329e-02
  1.21408151e-02 -6.21322542e-03 -1.95582304e-02 -2.62412913e-02
 -1.82994939e-02  2.60397643e-02 -4.49213237e-02 -1.24452589e-02
  7.11170305e-03 -1.13891503e-02 -8.42933133e-02  2.90408381e-04
  3.25418264e-02 -6.24311641e-02  7.72041380e-02  2.31964335e-01
 -1.82481613e-02  1.40482001e-02 -1.08634951e-02 -7.38154054e-02
 -9.81313139e-02 -4.13343906e-02 -7.02061877e-02  2.19719801e-02
  8.35304111e-02  7.15231672e-02 -9.95503142e-02 -3.71970311e-02
 -1.14582904e-01  5.39069921e-02 -2.78846733e-02 -3.29778008e-02
 -4.89294995e-03  7.40281958e-03  8.34732503e-03 -3.41384038e-02
  6.37566997e-03  3.47481854e-02  8.10906515e-02  3.10127647e-03
 -1.08969800e-01 -2.58888621e-02 -7.87114026e-04 -4.20454346e-33
 -2.97429152e-02 -3.85809988e-02  1.13645033e-03  6.64131716e-02
 -8.15990567e-02  4.39429730e-02  1.67678180e-03 -3.68564762e-02
  8.76355264e-03  7.96671286e-02 -6.31898716e-02  7.99446926e-02
 -2.59430264e-03  6.20856993e-02  1.78350702e-01  1.90827586e-02
  1.13450112e-02 -6.95854053e-03  2.45807339e-02 -3.13063636e-02
 -8.27919990e-02  5.46061806e-02 -1.25468774e-02  9.71486792e-02
 -2.50470024e-02 -9.07849595e-02  9.01378877e-03 -3.12269293e-02
  2.12602615e-02  1.98972169e-02  6.97747171e-02  5.76270185e-02
  2.31784210e-02 -9.64603871e-02 -7.53384680e-02  6.71351627e-02
 -8.46114289e-03 -1.17853515e-01  5.65705746e-02  3.50609533e-02
  1.03656510e-02  1.57099366e-02 -1.21717826e-02  6.26092628e-02
 -3.80541780e-03  1.64744351e-02  6.34852331e-03  3.17829177e-02
 -2.16419902e-02  1.74175445e-02 -5.55488877e-02  2.51100883e-02
  5.99516928e-03 -4.68748100e-02 -9.36649833e-03 -4.02480364e-02
 -2.09080242e-02 -1.37429545e-02  6.69837669e-02  4.94872332e-02
 -1.08493175e-02  1.43434182e-01  7.39389844e-03  8.76487140e-03
 -7.97489360e-02  1.05029391e-02  4.07329872e-02 -4.95124385e-02
 -7.79371848e-03  3.57479341e-02 -7.83483014e-02 -1.95087539e-03
  8.14457610e-02 -3.47083956e-02  3.08610573e-02  4.66724252e-03
 -2.33827680e-02  2.13317052e-02 -4.50165682e-02  5.68664819e-03
 -1.31411189e-02  6.48043538e-03  5.74321859e-03  8.48789588e-02
 -4.45373133e-02 -1.56600438e-02 -3.76028754e-02 -5.97748570e-02
  2.63609327e-02  1.98626928e-02 -4.37735505e-02  2.78287586e-02
  7.77304592e-03  5.77724278e-02 -6.01051413e-02  3.58644539e-33
 -5.91884777e-02 -6.69890046e-02  8.19309335e-03  6.01980314e-02
  6.37301803e-02 -1.64224431e-02 -2.16548648e-02 -7.01072365e-02
  6.46224665e-03  6.41157627e-02 -4.24025208e-02 -5.20214215e-02
  5.77171445e-02  3.73884924e-02 -6.20742403e-02  7.43120760e-02
  1.32989243e-01  1.28603168e-03  3.40608992e-02 -5.21378778e-02
 -2.17238348e-02  5.41472547e-02 -2.18338333e-02 -1.78782549e-02
 -6.58266693e-02  1.49474367e-02  2.64405869e-02 -1.90107692e-02
 -1.14661371e-02  7.82959908e-03  7.69097954e-02 -8.75754356e-02
 -3.87074947e-02  8.75517800e-02 -1.02202883e-02  4.84825037e-02
  4.45219763e-02  8.55367817e-03  1.82808544e-02 -7.79630616e-02
  1.06717736e-01 -4.22311760e-02  9.02870018e-03  1.09298334e-01
 -1.45963104e-02 -5.32791875e-02 -1.42916851e-02 -4.00865860e-02
  6.00570925e-02  2.43710913e-02 -3.49113792e-02  5.96650094e-02
  2.06061658e-02 -8.37164074e-02 -5.58129251e-02  6.31493004e-03
  2.33588144e-02 -1.76936407e-02 -1.15406364e-02 -1.88886020e-02
 -2.72861719e-02  5.46115749e-02 -1.02473916e-02 -4.94879670e-03
  3.33762802e-02  1.71909928e-02  3.61813419e-02 -1.91942248e-02
  4.62450534e-02  1.00281499e-02  7.66607448e-02  6.95745647e-02
 -6.89038932e-02 -8.13895836e-03 -5.56591712e-02 -1.71434190e-02
 -9.99706313e-02  1.80050246e-02  5.15326438e-03 -3.95756252e-02
  1.62003059e-02 -7.07692280e-02 -2.77959555e-03  3.90002131e-02
 -4.63363938e-02 -2.05045734e-02  1.65116030e-03 -2.48833820e-02
 -2.23649908e-02  1.35789961e-02 -4.91139404e-02  1.55882044e-02
 -6.45454600e-02  1.15772404e-01  7.58028403e-02 -1.26144268e-08
  1.67553257e-02 -1.70318559e-02  9.34164748e-02  4.48675677e-02
  6.43385062e-03  4.76558916e-02 -2.73258127e-02  7.23163784e-02
 -7.04928860e-03  5.18812723e-02  7.36039924e-03  5.08121289e-02
 -5.09647951e-02  9.54032391e-02  6.91088587e-02 -1.76308267e-02
 -5.84158674e-02 -1.50837307e-03 -3.56648676e-02 -4.24275361e-02
  1.04608750e-02  5.81135154e-02  8.41344371e-02 -1.53219057e-02
 -7.03619719e-02 -5.30223399e-02  7.76519626e-02  7.26070628e-02
  2.55656298e-02  5.71256271e-03  1.62227731e-02  2.02338062e-02
  1.28194597e-02 -3.01092230e-02  4.09353971e-02 -1.09295040e-01
  8.79311468e-03  2.16824771e-03 -9.13234800e-03 -3.79719096e-03
 -4.53203991e-02 -1.67809781e-02 -4.18937160e-03 -2.40199529e-02
 -1.70076694e-02 -3.72735336e-02  1.65155611e-03 -2.62649674e-02
 -3.41138057e-02  3.71059589e-02 -7.89362588e-04  2.30737124e-02
  4.94264290e-02 -3.34206969e-02  8.91670468e-04  4.69275611e-03
  5.13696484e-02 -6.97694346e-02 -1.87531430e-02  3.45401913e-02
  7.26866201e-02 -4.61827926e-02  1.20344140e-01  3.38946544e-02]"
258,Product Safety and Quality,Social,reliability,1,0.5025,"[-5.00420183e-02  7.61252502e-03 -2.62154471e-02  2.36106329e-02
 -2.82008033e-02 -1.12358537e-02  7.09627047e-02  3.59492749e-02
 -5.56149287e-03 -4.55049127e-02  8.86801165e-03  2.17325334e-02
  1.00908980e-01  1.44935725e-02 -8.20969194e-02 -4.93865386e-02
  8.27229843e-02 -5.01743564e-03 -5.74444197e-02 -5.50486334e-03
 -1.00288585e-01  2.37046629e-02 -3.04558408e-02  5.30101769e-02
 -2.02670060e-02  1.33421756e-02 -4.74715419e-02  1.77032743e-02
 -2.72446638e-03 -8.23461115e-02  2.61183251e-02 -5.87259606e-02
 -3.14167365e-02 -1.17899794e-02 -8.22949503e-03  3.06859538e-02
  5.17526222e-03 -4.33317162e-02 -1.91238299e-02  1.45739354e-02
 -2.46743876e-02 -2.33060159e-02  3.56688239e-02 -3.42830941e-02
 -3.95245925e-02 -1.59731805e-02  2.92296614e-02 -6.30943403e-02
 -2.11667623e-02  3.07242125e-02 -7.46866921e-03  8.04539013e-04
  7.97243640e-02 -2.96494998e-02  1.61714815e-02  2.13832664e-03
 -5.61156403e-03  1.12932185e-02 -6.97693601e-02  3.25675756e-02
  1.19731262e-01  3.47649725e-03 -7.69254416e-02  3.95933017e-02
  1.26035213e-01  3.00188586e-02  4.14373428e-02 -8.77391398e-02
  6.41423417e-03  3.99020202e-02 -7.49840885e-02 -6.28092885e-02
 -5.68920225e-02  7.13152587e-02  6.00086674e-02 -2.42125876e-02
  4.61143143e-02 -1.24307692e-01  3.98629718e-02  2.42459495e-02
 -2.41714716e-02 -1.51607618e-02  3.30648795e-02  5.62651046e-02
  8.20529684e-02 -8.53638649e-02  8.46239924e-02  4.09476133e-03
 -9.03292671e-02 -5.90458103e-02  4.65869159e-02  4.13453244e-02
  5.23497984e-02  2.86934953e-02 -1.08106723e-02  6.20929077e-02
 -3.44530009e-02 -5.84339611e-02  9.16953757e-03  1.62691936e-01
  1.41611136e-02  2.92453114e-02 -1.94056220e-02 -1.46987317e-02
 -3.53377424e-02 -2.58672740e-02 -2.75882781e-02  4.21931297e-02
 -4.07745503e-02  3.37903686e-02 -6.97762743e-02 -5.13188448e-03
 -1.73118024e-03  5.51028028e-02  2.69335695e-02  2.67103524e-03
 -1.16016321e-01  4.91488017e-02  6.64926991e-02  8.23001936e-03
  2.65895054e-02  1.19474716e-02  9.49152783e-02 -7.40261227e-02
 -3.93755771e-02 -6.72439784e-02  7.32206702e-02 -4.67125916e-33
 -1.13436924e-02 -9.67724621e-03 -1.59821436e-02  7.11283982e-02
 -5.36354557e-02  2.18989253e-02 -5.73263764e-02 -4.67987917e-03
  1.73294097e-02 -4.23788792e-03  8.46482906e-03  5.31597361e-02
 -3.79888713e-02 -7.96438381e-02  1.52314022e-01  6.24473803e-02
 -4.16942388e-02  2.85856705e-02 -8.81163701e-02  7.06871133e-03
 -7.97353394e-04 -3.56579870e-02  6.02333881e-02  1.91686228e-02
  3.54432985e-02  7.98532367e-03  1.01951361e-01  4.28224467e-02
 -6.62943870e-02  6.37550000e-03 -5.04044928e-02  6.14625998e-02
 -7.40372315e-02 -8.42039809e-02 -2.52860482e-03  4.23976406e-03
 -4.05056914e-03 -4.38852906e-02 -2.61594094e-02 -9.56468880e-02
 -6.99003926e-03  3.69068757e-02  5.10454960e-02  6.17838986e-02
  5.09663820e-02  3.26489247e-02  5.13637997e-02 -3.45957763e-02
 -4.25644144e-02  1.83544923e-02 -3.50785255e-02  3.75625491e-02
  2.86225341e-02  5.18954881e-02  3.50474715e-02  2.95484718e-02
  2.08037463e-03  4.63502593e-02  1.76491421e-02  4.54028184e-03
  2.19915491e-02  6.27840310e-03 -7.97044858e-02 -5.25926054e-02
  6.12880699e-02  1.03208423e-01 -2.98797339e-02 -5.97451627e-02
  2.64273640e-02 -4.01921943e-02 -1.12741245e-02 -7.88223296e-02
  3.02814320e-02 -2.91768014e-02 -4.88042422e-02 -5.52707091e-02
 -5.53204790e-02 -1.07279923e-02 -5.20965084e-03 -2.37468928e-02
 -1.11899689e-01 -2.42534522e-02 -3.85872796e-02  4.77189571e-02
  4.28773500e-02  2.39650887e-02  3.50997485e-02 -4.05444317e-02
 -7.26720244e-02  1.14621423e-01  4.15227152e-02 -4.57189567e-02
  1.13962665e-01  4.55913618e-02  6.94909040e-03  3.69378565e-33
 -1.16289698e-01 -7.59260450e-03  2.32222173e-02  1.45907655e-01
 -1.85265504e-02 -4.63889278e-02 -8.94671530e-02  9.23650630e-04
  9.54165403e-03  3.17374058e-02 -1.27811968e-01 -3.76668982e-02
  3.71524319e-03  3.32236104e-02 -4.06856611e-02  9.76636633e-03
 -2.88705379e-02 -8.37882459e-02  1.18909506e-02 -1.97565928e-03
  1.55159697e-01  2.46132836e-02 -4.07979265e-02  3.54621708e-02
 -7.00368583e-02  7.84682259e-02 -5.99279143e-02 -1.11230358e-01
 -7.35380650e-02 -2.92105526e-02  5.16895875e-02 -4.98341434e-02
 -7.25607434e-03  7.73689672e-02  5.66443168e-02 -4.66123745e-02
  5.32556847e-02  2.37122718e-02 -2.33434495e-02  1.95849966e-02
  9.14489031e-02  3.44528146e-02 -3.12414952e-02 -4.29388247e-02
 -2.49545136e-03  2.69539151e-02  3.49451043e-02 -4.09045517e-02
  1.15204435e-02  7.43654445e-02 -1.21678775e-02 -2.23621186e-02
 -3.85183319e-02  1.79706309e-02 -1.88951455e-02 -1.86076853e-02
 -1.25333481e-02  2.26607248e-02 -1.24457944e-02  5.16167060e-02
 -4.21672240e-02  1.49257770e-02 -7.64965406e-03  7.15503767e-02
 -1.20647755e-02  6.68475628e-02 -2.39002835e-02 -2.62503279e-03
  4.91966382e-02  7.20811710e-02  5.02576260e-03 -7.77163310e-03
 -2.09953990e-02 -4.79491763e-02 -2.81601679e-02  5.53032123e-02
 -4.62729633e-02 -2.17745043e-02 -5.89670911e-02  6.98566390e-03
 -1.01660669e-01 -4.14266437e-02 -3.66730653e-02  5.96106164e-02
  2.24415250e-02 -9.64194536e-03  1.24971911e-01 -8.36220682e-02
  1.31475013e-02 -2.05649510e-02  5.95361479e-02  6.23142198e-02
 -1.05401233e-01 -7.14271814e-02 -9.29206517e-03 -1.21063115e-08
  1.39893480e-02  4.92251962e-02 -8.98875296e-03 -1.34321079e-02
  5.24717569e-02  1.69324372e-02  3.11095193e-02 -7.68545493e-02
 -2.97070071e-02  4.27656844e-02  3.86911519e-02 -3.60016525e-02
 -8.53642635e-03  8.70596617e-04 -6.40912680e-04  1.37829757e-03
 -1.06442245e-02  1.45014182e-01 -6.83784410e-02  3.25154737e-02
  6.37870654e-02  1.76855437e-02  4.13094312e-02  4.11523432e-02
 -7.48900622e-02  2.87783984e-02  3.95621769e-02  6.12349771e-02
 -3.51634361e-02  6.06763922e-02  1.01687070e-02 -8.49467423e-03
  6.31532446e-02 -2.30974518e-02 -4.26636450e-02  3.02094091e-02
  5.87068275e-02 -4.59833592e-02  7.81442132e-03 -2.94682439e-02
  3.16267312e-02  4.28968593e-02  2.11983472e-02  7.73673132e-02
  4.31714468e-02 -9.90382582e-03 -5.43222837e-02  1.75359882e-02
 -3.40006649e-02 -1.02972817e-02 -3.94701138e-02 -2.03639958e-02
 -4.69951183e-02  7.64423236e-02  1.76480990e-02 -1.96040682e-02
  2.15940233e-02 -3.37816402e-02 -4.01539840e-02  3.36766057e-02
  9.83336046e-02  2.42388584e-02  5.68865351e-02  5.84792346e-03]"
259,Product Safety and Quality,Social,hazardous,3,0.4944,"[ 3.36181857e-02  2.71987747e-02 -4.76677194e-02  2.76505239e-02
  6.56606583e-03  1.38589852e-02  1.40101403e-01  6.82627112e-02
 -5.25325574e-02  1.36720287e-02  4.90989052e-02 -4.50298898e-02
  4.24380898e-02  4.22107615e-02 -1.00600243e-01 -5.09844609e-02
  5.06010763e-02 -6.61694035e-02 -9.73934531e-02  1.02492444e-01
 -1.12089198e-02  8.46796185e-02 -2.34195665e-02  2.03038268e-02
 -7.97160938e-02  4.40675057e-02 -1.53856268e-02 -9.13413428e-03
  4.69441153e-02 -4.30072807e-02  5.77479005e-02  4.95515987e-02
  8.29089899e-03 -2.31390446e-02  3.32390331e-02 -6.33116998e-03
  5.37989922e-02 -2.02336349e-02  9.36218426e-02 -2.75159441e-03
 -3.50477174e-02 -1.05359122e-01 -3.51316780e-02 -3.71977314e-02
 -2.71381568e-02 -1.95543822e-02  2.15438940e-02 -1.08409300e-01
  2.55157594e-02 -3.69405113e-02  3.36935706e-02 -1.39342016e-02
 -4.38927114e-02  7.82698952e-03  3.32050957e-02 -1.18391715e-01
  9.02655162e-03 -9.55020487e-02 -5.86451069e-02 -2.72641983e-02
  4.76287603e-02 -1.04010943e-03  1.76519565e-02 -1.02260374e-02
  4.17996868e-02  3.39039154e-02 -1.73510369e-02  3.28128412e-02
  6.00876249e-02  2.39341985e-02  4.13240120e-02 -1.62909850e-02
  2.47936845e-02  2.17314884e-02  1.04371179e-02 -7.29172025e-03
  3.30745131e-02 -1.85564123e-02  6.34588897e-02 -1.61907841e-02
  2.84197554e-02 -1.54948542e-02  1.00812351e-03  1.35345990e-02
  7.45764598e-02  5.32989949e-02 -3.81047651e-02  1.07848654e-02
 -4.58312705e-02  3.54232900e-02 -5.83537892e-02  2.26350017e-02
  1.26044959e-01  4.78997193e-02 -8.27203393e-02  5.16278343e-03
 -2.03440655e-02 -3.52836698e-02 -2.69022305e-02  1.96647733e-01
 -1.98529493e-02  8.41041952e-02 -1.42771110e-01  3.23566571e-02
 -3.72415558e-02 -8.55950043e-02 -3.30525935e-02 -2.17656046e-03
 -4.40239795e-02  1.96611006e-02 -3.39773037e-02  1.37885381e-02
 -1.03431921e-02 -2.92361318e-03 -2.45373119e-02  7.95534775e-02
 -1.40500944e-02 -8.64026137e-03 -3.13052498e-02 -7.10044801e-03
  1.59120513e-03  4.94909566e-03 -2.40022652e-02  8.87269527e-02
 -2.00510658e-02 -1.12515062e-01  3.60509902e-02 -5.28631454e-33
  4.97373939e-02  2.88053304e-02  3.43766399e-02 -2.57512219e-02
  1.36949145e-03  2.99582463e-02 -2.12507956e-02 -6.26577660e-02
 -9.11462959e-03  8.65528658e-02  5.42914495e-02  3.61969434e-02
 -3.58335711e-02 -2.29122266e-02  5.20854779e-02 -1.64414849e-02
 -5.65107092e-02  1.90412309e-02 -6.94071949e-02 -8.63353387e-02
 -2.33589113e-02 -1.35708097e-02 -1.50470156e-02  3.42396535e-02
 -2.94376463e-02  7.71994367e-02 -5.94190620e-02 -1.10596679e-02
  1.51060903e-02  3.47706117e-02 -4.67445664e-02  4.27411087e-02
 -5.40690543e-03 -6.72966167e-02 -2.35548872e-03  2.73717754e-02
 -1.63411036e-01 -3.67207080e-03 -2.85879988e-02 -2.76228189e-02
 -7.26292729e-02 -5.64970933e-02  3.00669074e-02  8.02282766e-02
  8.89691934e-02  5.79988286e-02  1.32624758e-03 -2.33690366e-02
 -5.89825921e-02 -7.19686598e-02 -4.90228534e-02 -1.07666859e-02
 -1.90308094e-02 -1.32080568e-02 -4.09076698e-02  1.76735353e-02
  7.66746998e-02 -2.99134199e-02 -2.23720148e-02  4.01154757e-02
  5.77397039e-03  1.09947443e-01 -1.16138488e-01  2.16817483e-02
  4.16414104e-02 -1.04385674e-01  1.06566567e-02 -3.26543823e-02
  5.29970489e-02 -8.02647136e-03 -1.31882560e-02  3.35926153e-02
  6.16881810e-02 -3.88387591e-02 -4.46795970e-02 -1.04474174e-02
 -1.92291420e-02  9.91635863e-03 -3.58564332e-02 -4.23198678e-02
 -8.71006325e-02 -1.26206772e-02 -2.40482185e-02  5.43570258e-02
 -4.96349260e-02 -4.09848802e-03  1.07323369e-02  1.46718100e-02
 -6.96007013e-02  1.18430816e-01  2.47312952e-02 -1.14397053e-02
  7.97810927e-02  1.01005491e-02 -8.96936655e-02  4.11757965e-33
  1.98520342e-04  7.18728378e-02 -1.02983154e-01  9.98334214e-02
 -7.36531662e-03 -6.25638105e-03  3.81841660e-02  8.12274814e-02
 -6.35823794e-03  6.78592995e-02 -7.43380040e-02 -5.13363816e-03
 -3.43821980e-02 -4.29865122e-02  5.29592596e-02  4.55097295e-02
  5.37052974e-02  8.32029060e-02 -9.96299088e-03 -3.61700095e-02
 -7.31146103e-03 -2.45636255e-02 -5.86436428e-02 -1.40361004e-02
 -6.93863183e-02  4.77461293e-02 -4.25270945e-03 -7.54400045e-02
 -3.99646498e-02  6.25000075e-02  8.42452794e-03  1.16787367e-01
 -2.55111307e-02  2.04851422e-02  1.14069246e-02 -9.41408426e-03
  3.87362912e-02 -3.91916446e-02  1.59339327e-02 -5.02454191e-02
 -6.77362410e-03  9.85735655e-02  3.85052338e-02  8.79416317e-02
 -5.14227934e-02  5.96723892e-02 -2.58306768e-02 -4.15263511e-02
  1.13529535e-02 -1.39235677e-02  5.47584100e-03  3.07253338e-02
 -3.85074504e-02 -1.19273434e-03  3.91000845e-02  3.55797745e-02
 -1.08840175e-01 -3.50662395e-02 -3.25829722e-02  7.26489350e-02
  7.02428147e-02  5.06622680e-02 -9.27157849e-02  6.06623180e-02
 -5.33834435e-02  1.37396147e-02 -1.10342667e-01 -5.14436886e-02
  3.13733779e-02 -1.78223867e-02  9.36972573e-02  3.53354104e-02
 -6.09151497e-02 -7.34398589e-02 -8.10820684e-02 -1.17302403e-01
 -5.61214313e-02  3.61130349e-02 -2.75941473e-02  2.15428695e-03
 -1.67345479e-02  1.82411645e-03 -3.16477008e-02  1.06995218e-02
 -2.30211746e-02 -2.87960954e-02  2.12054979e-02  4.23414297e-02
 -2.39861291e-02 -2.11306587e-02  2.22829375e-02  4.92857881e-02
 -4.79175448e-02  1.64173543e-02  4.48340038e-03 -1.25393136e-08
 -3.28386039e-03 -1.37985771e-04 -3.81266922e-02 -5.44687547e-02
  4.83740531e-02  9.37295053e-03 -7.75343971e-03 -1.67516933e-03
  1.31405927e-02  4.93730642e-02 -5.61614893e-03 -8.55904147e-02
  2.15931591e-02  6.71152696e-02 -4.09371639e-03  1.55608086e-02
  2.71132961e-02 -2.55326815e-02 -2.14249883e-02  3.97893041e-02
 -4.29341896e-03  3.08604538e-02 -9.67544224e-03  1.81668848e-02
  1.35402789e-03  4.98431548e-03  6.49491847e-02  3.21490094e-02
  1.02267787e-01  8.81590545e-02  5.10878973e-02  5.91037758e-02
 -3.89746688e-02  5.37229106e-02 -9.62898880e-02 -5.05180247e-02
 -2.96734534e-02 -6.75147548e-02 -4.13071997e-02  7.76148736e-02
 -6.46613585e-03  5.39433956e-02  1.33961551e-02  6.58269227e-02
  3.79588120e-02 -4.97087762e-02 -8.37837346e-03  3.23111601e-02
 -1.13109061e-02  9.13830474e-03 -6.54465007e-03 -7.43433461e-03
  1.75788049e-02  3.80689465e-02  1.53556364e-02  1.24263661e-02
  4.27150466e-02  4.39925306e-02 -1.47012640e-02 -5.09436242e-03
  1.73042178e-01 -1.87457725e-02  2.43793391e-02  3.01614515e-02]"
260,Product Safety and Quality,Social,protection,2,0.46,"[-9.75529402e-02  1.56477854e-01  1.42438402e-02  2.53251772e-02
  1.01619817e-01  1.07075833e-01  1.71323821e-01  3.52011323e-02
  1.17404119e-03  3.32761668e-02  7.32554197e-02  1.59114618e-02
  6.67962357e-02 -1.78143457e-02 -2.03703903e-02 -2.80623231e-02
  6.85456246e-02  9.99524537e-03 -1.50496706e-01 -2.54489668e-03
 -6.99724704e-02  9.61180124e-03 -1.15226638e-02  1.01639284e-02
 -1.08373038e-01  5.56497686e-02 -2.30137315e-02  4.16711234e-02
  6.64631277e-02 -1.01062350e-01 -1.48595497e-02 -8.15754384e-02
  3.99838202e-02  2.28628758e-02 -1.41384825e-01  2.37039523e-03
  3.89491469e-02 -4.48163822e-02 -3.81051330e-03 -7.60900155e-02
 -7.35605881e-02 -3.98315936e-02 -2.43446082e-02  1.14961071e-02
 -2.71595344e-02  5.03952950e-02  6.87524229e-02  1.14549100e-02
  5.64759821e-02 -3.85155715e-02  4.09916788e-02  4.82629500e-02
 -3.38844061e-02  3.08204349e-02  2.30098888e-02 -6.91522881e-02
 -4.16932367e-02 -1.02336630e-02 -4.16923948e-02  4.02657241e-02
  4.33359668e-02  7.81980716e-03 -4.09901850e-02  5.75435571e-02
  2.35738204e-04 -7.54737556e-02 -1.68993603e-02  4.85692509e-02
  3.66366841e-02  1.10973567e-01  9.83045320e-04  1.87999438e-02
 -1.12859830e-02 -1.10021718e-02  5.00197411e-02  5.16800256e-03
 -2.26830468e-02 -1.02626145e-01  5.51060028e-02 -4.35235873e-02
  5.95995337e-02 -1.30996108e-02  2.67457347e-02  3.62121686e-02
  4.53167455e-03  4.97368835e-02  6.76593482e-02 -7.13469833e-02
  3.68404784e-03  8.22397135e-03  2.29835361e-02 -4.19977494e-02
  6.98109493e-02  4.23528142e-02 -6.54232129e-02 -3.84042487e-02
 -3.56890820e-02 -4.36199680e-02 -8.33938420e-02  2.32245237e-01
  3.88980359e-02 -4.77823429e-02  7.35321315e-03  6.34828210e-03
 -3.59055325e-02 -6.68841526e-02  4.60599223e-03 -3.93613726e-02
 -1.71512850e-02  5.79311438e-02  2.85750218e-02  4.03763875e-02
 -6.31763265e-02  3.28203253e-02 -2.33539920e-02  2.35344353e-03
 -3.60849686e-02 -1.03586782e-02  7.71719664e-02  4.23207617e-04
  6.51405081e-02  4.74766421e-05  7.69844502e-02 -2.26118276e-03
 -3.66469361e-02 -8.43756869e-02 -6.15748111e-03 -5.56810919e-33
  4.62818108e-02 -5.57354465e-02 -2.93816049e-02 -2.54350100e-02
 -1.37773594e-02 -2.47831503e-03 -1.90730020e-02 -3.25455293e-02
 -4.64241393e-02  7.76896849e-02 -2.35843081e-02 -1.78220980e-02
  5.97692886e-03 -2.39431318e-02  1.01458564e-01  6.99766576e-02
 -5.22757471e-02  2.66252533e-02 -4.85456316e-03 -8.57422687e-03
 -3.48992571e-02 -4.14597318e-02  4.42505851e-02  7.98932984e-02
 -3.74856405e-02 -3.82454544e-02  2.05156524e-02 -5.76268844e-02
  2.91397162e-02  5.68608493e-02 -7.28124231e-02  8.18610713e-02
 -1.93952657e-02  3.44715156e-02  1.51519962e-02  1.26851335e-01
 -3.84150334e-02 -1.11783817e-01 -1.12720737e-02 -4.75306101e-02
 -5.03589958e-02 -2.03102753e-02  2.85625318e-03  1.74683915e-03
  4.83498275e-02 -1.86700877e-02 -7.13444427e-02 -3.54064517e-02
 -1.45099714e-01 -8.24787747e-03 -2.91242115e-02 -1.47567014e-03
 -3.82997207e-02 -2.83390954e-02 -8.45595896e-02  6.70963293e-03
 -6.24817051e-03  3.57822195e-04 -7.85233732e-03  2.89244093e-02
  1.39726708e-02  1.73409265e-02  6.76471181e-03 -1.27290199e-02
 -1.94441415e-02 -9.41591263e-02  5.29083386e-02 -8.53932798e-02
  1.85960773e-02 -2.52617374e-02 -1.11556150e-01 -3.71793844e-02
  5.05852439e-02 -8.50654207e-03 -7.56995976e-02 -1.25353076e-02
  4.45462577e-02  3.86879854e-02  2.53185686e-02 -5.03223687e-02
 -7.17052370e-02 -3.05082500e-02 -2.39463130e-04  4.95388433e-02
  1.99100561e-03  9.92970262e-03  2.61418261e-02 -3.45888883e-02
 -2.89262161e-02 -2.76477053e-03  2.63550039e-03 -3.95821482e-02
  5.79474382e-02  3.19636241e-02 -8.21816921e-03  4.32435021e-33
 -2.74416488e-02 -2.87179369e-02 -1.03759253e-03  4.28488068e-02
 -8.39125365e-02 -3.29249650e-02 -1.65685359e-02  8.33088532e-04
 -6.56862259e-02 -8.88240233e-04 -5.13233021e-02  7.98711181e-03
  7.67386928e-02  8.01767223e-03  3.82082127e-02 -4.71763238e-02
  2.15194300e-02 -9.19072423e-03  2.24721548e-03 -4.60266098e-02
 -5.84363611e-03  2.50140745e-02  8.39880109e-03  6.02954999e-02
 -6.21677525e-02  1.59140828e-03 -5.70946522e-02  1.00049016e-03
  5.81598580e-02  4.06345651e-02  4.35462072e-02 -2.55507920e-02
 -6.58552274e-02  4.48007882e-02 -7.42596686e-02  2.96098553e-02
  1.24393955e-01  5.05404361e-02 -4.05138470e-02 -4.74522859e-02
  4.24911343e-02  3.84298600e-02 -7.44897407e-04  4.07418273e-02
 -1.65154915e-02  2.64249537e-02  5.65503500e-02  1.72665659e-02
  3.64267714e-02  4.20385273e-03  2.55596209e-02 -2.53848210e-02
  3.43178250e-02 -1.34424986e-02 -3.00269574e-02 -4.93679941e-02
  4.37569246e-02 -7.81108905e-03 -2.07664240e-02  2.98465583e-02
  9.73835215e-03  7.20250830e-02 -2.88373157e-02  5.06618954e-02
 -2.86156461e-02  3.59688587e-02 -6.11557104e-02  5.03251664e-02
  5.48707359e-02 -1.47280684e-02  1.68809444e-02  7.17316801e-03
 -1.98011808e-02 -2.29562894e-02 -7.97173157e-02 -5.53993881e-02
 -8.17014277e-02 -4.82720882e-02 -6.35539144e-02  7.51181021e-02
 -4.46075723e-02 -1.04658283e-01 -7.38807917e-02  1.92144364e-02
  4.69929092e-02 -5.44243716e-02  8.16074535e-02 -3.20319533e-02
  1.88520029e-02 -3.21195312e-02 -5.00181615e-02  5.96998036e-02
 -1.46394461e-01  2.58651804e-02 -4.89755645e-02 -1.25496342e-08
  3.70997526e-02  2.38879323e-02 -3.09917587e-03 -6.03107847e-02
  2.97401492e-02  2.88320892e-02 -2.81070415e-02 -6.51013330e-02
  2.13800017e-02  3.69487703e-02  8.61813799e-02 -3.79975960e-02
  5.61647303e-02  1.73463486e-02  1.95339806e-02  4.58175316e-02
 -4.12321202e-02  4.06814702e-02 -6.33819699e-02  2.92685665e-02
  2.47978680e-02 -5.99685730e-03 -8.43694061e-03  4.99140583e-02
  5.75636933e-03  2.89190933e-02  5.86142726e-02 -9.91047639e-03
  1.61118098e-02  7.78239071e-02 -2.92922650e-02  2.14850120e-02
  1.74363628e-02  1.94802675e-02  8.91769025e-03  7.38227442e-02
  4.32818495e-02 -9.05689783e-03  5.25567196e-02  2.98445038e-02
 -1.21937906e-02 -3.84782292e-02  1.11477613e-01  3.18454914e-02
 -4.14055889e-04 -1.06408086e-03  8.25463049e-03 -2.34711654e-02
 -1.93597768e-02  6.47378340e-02  8.36710387e-04  2.76345834e-02
  4.20883596e-02  1.37311861e-01 -1.28830066e-02  8.96464102e-03
  5.92996627e-02 -6.53807539e-03  5.19588217e-02  5.13749532e-02
  1.56871714e-02 -4.91175205e-02  1.07738964e-01  4.61376421e-02]"
261,Product Safety and Quality,Social,manufacturing,6,0.4526,"[-5.04827537e-02  1.07648177e-02 -2.13245694e-02  7.44454842e-03
 -3.19682881e-02 -1.99924465e-02  6.48205429e-02  1.47770979e-02
 -4.29868586e-02 -2.32265368e-02  4.22115028e-02 -2.84769088e-02
  1.97285265e-02 -5.39339613e-03 -9.26234871e-02 -3.38307917e-02
  2.55211373e-03 -1.55422809e-02 -3.76534685e-02 -7.81760737e-02
 -4.48908992e-02 -3.46912593e-02  7.42144475e-04  3.97888683e-02
  1.09842364e-02  8.78757834e-02 -6.37926441e-03  3.61939147e-03
  8.65998790e-02 -1.22562505e-01 -5.43107092e-02  6.50579035e-02
  7.30821639e-02 -2.27453280e-02  6.87257051e-02  2.10593697e-02
  3.60077992e-02 -1.78646930e-02  4.19754870e-02 -4.37454768e-02
 -1.05717797e-02 -8.62351730e-02 -4.58751507e-02 -2.39024982e-02
  4.72841077e-02  4.96466830e-02  6.23537004e-02 -8.79024435e-03
 -3.35683711e-02  7.21000582e-02 -4.11893837e-02 -1.36763453e-02
 -4.21999916e-02 -2.87880674e-02  1.64690726e-02  2.70096492e-02
 -2.73070205e-02 -4.82567139e-02 -5.46458922e-03 -1.95131656e-02
  5.31545691e-02 -2.23965030e-02 -7.54126608e-02  2.62599587e-02
  1.24683075e-01  1.79213204e-03 -5.53376451e-02 -8.02986976e-03
 -9.67917666e-02 -1.67294182e-02  7.16470107e-02 -4.25838307e-02
 -5.06838746e-02  7.95268938e-02  2.36942377e-02 -6.06377274e-02
  5.22143990e-02 -4.64545824e-02  3.95100005e-02  5.09117637e-03
  6.19877204e-02  6.11307621e-02 -7.28256479e-02  1.94072537e-02
 -5.22544831e-02 -1.83366500e-02  5.81617579e-02  8.16008747e-02
  5.62787615e-02 -5.51164374e-02 -2.48011928e-02  1.39548065e-04
 -4.83928435e-02 -8.62480234e-03 -8.13401043e-02  6.23223223e-02
 -1.17642898e-02  3.72009426e-02  3.56056243e-02  1.61455050e-01
 -2.07952596e-03  8.20355397e-03 -6.43783668e-03 -5.23826815e-02
 -5.62200882e-02 -4.02110554e-02 -7.72876516e-02  7.74608329e-02
 -3.84403504e-02  5.26274033e-02 -1.95424519e-02  1.32818986e-02
 -6.98416531e-02  3.65284719e-02  3.17582232e-03 -1.45949284e-03
  2.19508819e-02  2.74308361e-02  3.09540667e-02 -2.92711463e-02
  8.64933990e-03  3.79666425e-02 -4.90501150e-02  1.61821526e-02
 -1.00339569e-01 -7.72371441e-02 -6.02168180e-02 -4.09283219e-33
 -6.47446979e-03 -3.35912071e-02  1.34333922e-02  6.84612021e-02
 -3.43195386e-02  4.44018692e-02  1.17229512e-02  8.87886435e-03
  3.38051207e-02  2.55741328e-02 -4.26478460e-02 -4.84644510e-02
 -3.20215747e-02  1.73304528e-02  1.24330111e-01 -5.80845401e-02
 -1.12204417e-03  3.53559889e-02 -1.46842375e-02 -1.04996655e-02
 -1.11520648e-01 -1.36686796e-02  5.76966675e-03  7.34904781e-02
  2.73646340e-02  2.74451803e-02  3.49690788e-03 -3.61503437e-02
 -4.41987105e-02  9.02137719e-03  7.48741701e-02  5.89683130e-02
  4.67558717e-03 -1.70722846e-02 -7.04723457e-03  2.30629202e-02
 -6.35486022e-02 -1.05002299e-01  3.50331739e-02  2.39212811e-02
 -4.10008157e-04  3.07039823e-02 -4.15874086e-03  4.09557931e-02
 -4.85159792e-02  6.93369210e-02  9.70776193e-03  4.03552838e-02
  1.78538095e-02  1.72111634e-02 -7.72458836e-02  5.34175932e-02
  5.47867864e-02 -4.83899862e-02  7.66159520e-02  8.47877527e-04
 -5.82836494e-02 -6.92158267e-02  2.16564313e-02  4.76338342e-02
 -1.33762127e-02  1.34708360e-01 -6.47180006e-02  1.15130842e-01
 -1.09253991e-02  1.49234766e-02  4.21651118e-02  1.39327804e-02
  5.97457439e-02 -4.14076596e-02 -6.78504035e-02 -5.33197932e-02
  7.25290701e-02 -2.47301180e-02 -1.95536520e-02  6.74920529e-02
 -2.39212587e-02  1.34570338e-02 -3.83527391e-02 -1.61183234e-02
 -1.03684239e-01  5.50563745e-02 -4.23122868e-02 -3.24532501e-02
  1.47150643e-02  1.99687388e-02 -8.19378346e-03 -7.76281813e-03
  4.22812514e-02  8.37805793e-02 -1.01286657e-01 -1.94616597e-02
  3.23163986e-04  5.44838905e-02 -4.94246818e-02  2.40733070e-33
 -3.30535173e-02 -5.89864887e-02  1.12282969e-02  3.10458839e-02
 -4.40462343e-02 -8.04150626e-02  1.27488980e-02 -6.51052520e-02
  1.73024908e-02  6.15735129e-02 -5.65406680e-02 -4.92682606e-02
  2.87480988e-02  2.35739518e-02 -6.99132159e-02  4.45125857e-03
  9.98242870e-02  7.60561135e-03 -2.22016871e-02 -3.12785581e-02
  1.91368647e-02  4.55230894e-03 -1.62054822e-02 -1.69397499e-02
 -2.32943203e-02  4.66206037e-02 -2.90888958e-02 -3.70566845e-02
 -1.72493681e-02  1.13840755e-02  3.80011648e-03 -8.34142640e-02
  1.68213267e-02  9.78378803e-02 -5.14273085e-02  8.32190178e-03
  6.92473054e-02  5.22281863e-02  7.28857592e-02 -9.84745100e-02
  8.88181105e-02 -1.23652248e-02 -4.23121378e-02  1.66468069e-01
 -3.97784486e-02 -7.46871084e-02  8.07757583e-03 -6.28802404e-02
  8.97955894e-02 -6.54010754e-03  1.45463608e-02  2.32200827e-02
  1.48304030e-02 -7.16948286e-02 -5.55379391e-02  3.75477001e-02
 -2.06769400e-04 -5.86104766e-02 -5.23248427e-02  1.20841525e-02
  4.10137214e-02  6.07220549e-03  5.40511236e-02  3.69853303e-02
  3.37756053e-02  4.35030013e-02  5.86797446e-02  4.66712052e-03
  2.50030681e-02 -1.31533563e-03  1.29620939e-01  6.69310167e-02
 -1.85390227e-02  2.32584029e-02 -2.82776803e-02 -2.68787723e-02
 -3.66925895e-02 -1.16926408e-03 -3.56110409e-02  5.64464414e-03
  2.66671292e-02 -2.69962009e-02 -1.23250214e-02  1.12197228e-01
 -6.48318827e-02 -1.67972047e-03  6.27248138e-02 -2.05251854e-02
 -5.43282665e-02 -3.24634314e-02 -1.11930743e-02  2.91108433e-02
 -5.64539246e-02  1.25842616e-02 -5.68876369e-03 -1.21153274e-08
 -1.15339952e-02 -8.63988101e-02  1.43925752e-02 -5.70504069e-02
 -6.34262105e-04 -7.46863836e-04  6.22293912e-02  4.76423185e-03
  1.33408513e-02  3.26049514e-02 -1.28626963e-02 -2.81081051e-02
 -1.38636352e-02  5.90204857e-02  5.73344193e-02  8.71489197e-03
 -5.18397056e-02  9.32631642e-02 -8.41340572e-02 -9.10545439e-02
  4.23691459e-02  4.64955643e-02  1.33490130e-01  3.08084693e-02
 -6.83494583e-02 -2.33052932e-02  5.18668965e-02  9.71927948e-04
  4.13411520e-02  7.13197514e-02  8.12759716e-03  3.01318057e-02
  3.49014252e-02  6.59114262e-03 -2.49156021e-02 -1.35924488e-01
  1.52933626e-02 -2.69696470e-02  3.09862308e-02 -1.09047100e-01
 -4.92508300e-02  7.49276280e-02 -3.05402931e-03  8.13021045e-03
  8.65569413e-02 -3.51241045e-02 -7.54333064e-02  6.04137173e-03
 -5.63313030e-02 -1.82137103e-03  2.79223570e-03  3.75939496e-02
  8.07612762e-02  3.40272412e-02 -4.56818350e-04 -1.81543035e-03
 -9.77271004e-04 -6.71172142e-02  8.09934642e-03 -1.07244905e-02
  1.06006920e-01 -5.15545607e-02  1.57987401e-01  3.52598280e-02]"
262,Product Safety and Quality,Social,product,17,0.4496,"[-8.84602368e-02  4.34467308e-02 -2.43881164e-04 -9.58876917e-04
  3.24363336e-02 -3.17602009e-02  1.82681799e-01  9.57286581e-02
 -6.58613862e-03 -1.29657947e-02  2.39001047e-02 -3.54416110e-02
  5.20632751e-02  1.11543955e-02 -6.06339574e-02  3.42030153e-02
  8.53907783e-03  4.11146693e-02 -1.57561064e-01 -2.58443337e-02
 -4.71052490e-02  4.03076485e-02 -4.40604845e-03  4.76711690e-02
 -7.67094195e-02  7.76110664e-02 -5.85808698e-03  1.91489737e-02
  7.17408136e-02 -9.01402310e-02  4.15566936e-02 -2.25643087e-02
  4.83564474e-02 -2.38258913e-02  2.89344527e-02  1.92011036e-02
 -2.54396861e-03 -2.75486913e-02 -5.30542769e-02 -1.71822198e-02
  1.09593142e-02 -1.20095134e-01 -8.71433467e-02 -7.03513250e-03
  3.01064402e-02  3.94780263e-02  5.39857373e-02  5.03019355e-02
  2.70547476e-02  6.24836758e-02 -9.01734382e-02 -5.49327815e-03
 -5.63185895e-03 -1.61747895e-02 -1.22569753e-02  8.14990886e-03
 -1.53470542e-02  2.13566609e-02 -1.59885529e-02 -3.49608138e-02
  7.63268992e-02 -3.10975537e-02 -1.05056897e-01  4.34566773e-02
  4.83358540e-02  3.76344542e-03  5.79326693e-03 -6.52410761e-02
 -8.69539231e-02  4.17635031e-02  1.99894961e-02  4.69067879e-02
 -2.02004537e-02  2.70032994e-02  3.38858292e-02  1.54260900e-02
  4.39451709e-02 -3.70158590e-02  8.47297758e-02  2.30568368e-02
  3.42297405e-02 -1.39383529e-03 -6.05754368e-02  1.75284110e-02
 -1.89639570e-03 -2.32281368e-02  2.19562072e-02 -3.50114866e-03
 -1.22726038e-02  4.73611727e-02 -3.88861932e-02  1.80566441e-02
  5.60072297e-03 -2.61528101e-02 -9.76829305e-02 -8.34060833e-03
  1.54770892e-02 -6.53608516e-02  1.51666189e-02  2.41688624e-01
 -2.27341335e-02  2.34483052e-02 -6.26528077e-03 -1.34837255e-01
 -5.19796275e-02 -1.62985437e-02 -7.97722563e-02  4.56587486e-02
  5.37891015e-02  3.53799202e-02 -9.27599445e-02 -4.14150134e-02
 -7.69432113e-02  5.20777553e-02 -1.45057077e-02 -9.12455656e-03
 -4.57945801e-02  3.71899866e-02  1.34654297e-02 -4.85597439e-02
  3.17857750e-02  2.97290217e-02  6.05908372e-02  2.14814134e-02
 -1.03553779e-01 -4.84627262e-02  2.21101809e-02 -2.88942499e-33
  1.00331195e-03 -4.21888754e-02 -2.76375320e-02  4.16413285e-02
 -7.40563273e-02  1.67189557e-02 -1.15597434e-02 -2.87624672e-02
  8.98193847e-03  5.73621131e-02 -3.58001478e-02  7.17431307e-02
  3.02103925e-02  7.01519102e-02  1.62785172e-01  3.77148204e-02
  3.29787913e-03  1.91969462e-02  6.07802486e-03 -2.62742359e-02
 -6.94029182e-02  4.87381779e-02 -1.97666697e-02  9.84939709e-02
 -4.14193682e-02 -7.88801908e-02  3.54069062e-02 -3.48413996e-02
  3.92429270e-02  1.20273223e-02  5.48384339e-02  3.57355475e-02
  8.20183605e-02 -9.81718227e-02 -5.33002764e-02  6.76404918e-04
 -4.23448440e-03 -1.46048933e-01  1.97426230e-02  5.40738478e-02
 -2.30514929e-02  2.54135206e-03  4.21792967e-03  5.02728373e-02
 -3.08994688e-02  1.38449362e-02 -4.32001194e-03  2.24647913e-02
 -3.46130766e-02 -2.26712509e-04 -1.76831391e-02  2.02111695e-02
 -6.34404132e-03 -1.69807281e-02 -1.38422642e-02 -1.50076617e-02
 -2.92982347e-02 -4.44489792e-02  4.13424037e-02  1.82332024e-02
  1.61842890e-02  1.13876075e-01  2.11478723e-03 -6.55436364e-04
 -6.76315874e-02 -2.73227785e-02  5.48836105e-02 -3.92680652e-02
 -2.64791236e-03  1.65190082e-02 -7.57218823e-02 -2.05273051e-02
  1.05749734e-01 -2.35285852e-02  2.23501045e-02 -1.83866862e-02
 -2.26348564e-02  1.50130820e-02 -2.88274717e-02 -8.51286226e-04
 -3.20203044e-02 -2.14359025e-03  2.82618403e-02  5.35210036e-02
 -3.99826430e-02 -1.64396735e-03 -5.58920242e-02 -9.60799828e-02
  5.36599569e-02  2.84819566e-02  1.09988156e-04  1.95478592e-02
 -7.46096671e-03  4.34487350e-02 -4.35990468e-02  2.72341874e-33
 -6.01150952e-02 -5.96189275e-02  5.41554205e-02  3.21943015e-02
  6.57780319e-02 -2.92544253e-02  1.36431381e-02 -5.75345345e-02
 -2.33635288e-02  8.18081498e-02 -6.70670718e-02 -5.94543740e-02
  6.04937188e-02  3.43417563e-02 -5.74994348e-02  1.40650079e-01
  1.28307059e-01 -3.03292982e-02  4.79456298e-02 -6.37580901e-02
 -2.47680098e-02  1.73478667e-03 -3.65794636e-02 -3.70020643e-02
 -5.48560321e-02 -1.55800870e-02  4.91280295e-02 -2.63717119e-02
  3.11681423e-02  1.63070038e-02  8.20121467e-02 -5.26842140e-02
 -9.00271013e-02  3.27606909e-02  2.73981271e-03  8.32274258e-02
  9.18568075e-02 -2.58734617e-02  6.54896721e-03 -7.58720487e-02
  4.54491079e-02 -2.96390336e-02  3.11702732e-02  1.05157733e-01
 -8.71035177e-03 -2.51367763e-02  1.56368334e-02 -3.24304514e-02
  4.35246862e-02  3.31736617e-02 -2.65597347e-02  1.67598762e-02
  3.07203438e-02 -8.34483057e-02 -8.14367905e-02 -7.72402622e-03
  3.04088779e-02 -1.80621352e-02 -1.28833065e-03 -8.47208500e-03
 -4.09334414e-02  3.54918987e-02 -3.17792234e-04  3.00099272e-02
  1.58170164e-02  9.41145699e-03  1.61048174e-02 -1.88867573e-03
  1.79893803e-02  2.01032180e-02  8.98410082e-02  6.06464818e-02
 -7.70505667e-02  8.76508653e-03 -3.03336829e-02 -3.52551900e-02
 -9.65583026e-02  1.40461735e-02 -1.76584870e-02 -2.39346437e-02
 -2.06683818e-02 -7.02227429e-02 -4.15076464e-02  1.67609770e-02
 -4.67970632e-02 -5.20766713e-02  1.42511073e-02  1.42098935e-02
 -2.47402787e-02  1.52555723e-02 -5.40373772e-02  3.63131389e-02
 -1.16388656e-01  8.13102573e-02  5.90829141e-02 -1.32963072e-08
  1.66308954e-02 -1.74663961e-02  9.25341994e-02  2.68652979e-02
  2.26121340e-02  3.34517658e-02 -3.57084721e-02  1.24470573e-02
  1.11710804e-03  5.14053553e-02  4.94776331e-02  6.42822906e-02
 -8.08762200e-03  1.08216636e-01  6.22984432e-02 -6.06987998e-03
 -8.32940489e-02  4.36747894e-02 -3.94024476e-02 -3.93197834e-02
  3.80209903e-03  4.02387977e-02  7.17746690e-02 -3.24470513e-02
 -8.44501704e-02 -4.92228009e-02  3.52823511e-02  1.13489397e-01
  3.62072815e-03 -4.45451103e-02  2.30505317e-02  7.45604038e-02
 -1.24070030e-02 -2.09522415e-02  2.63821725e-02 -8.56342688e-02
 -1.89583690e-03  3.32639925e-02  3.58827189e-02  7.61540309e-02
 -4.48747873e-02 -5.32386899e-02  1.07769258e-02 -2.18209326e-02
 -2.47738287e-02 -1.65369548e-02  1.01947756e-02 -2.35283896e-02
 -3.88647728e-02  2.62895450e-02  2.77319923e-02  1.97113920e-02
  3.36966217e-02 -9.19354707e-03  4.42838557e-02  4.85107303e-03
  3.95726860e-02 -3.96394245e-02 -2.91400626e-02  3.82517055e-02
  9.64023620e-02 -1.27194198e-02  4.72757816e-02  3.42206918e-02]"
263,Product Safety and Quality,Social,trustworthy,2,0.4381,"[-8.55160281e-02 -3.21747512e-02 -8.04236606e-02 -6.80945627e-03
 -1.57215558e-02 -1.92054175e-02  8.30073729e-02 -3.13756205e-02
 -2.79369671e-03 -8.18189047e-03  1.07710231e-02  5.32584870e-03
  6.88057616e-02  3.16796713e-02 -4.92207445e-02 -8.85100849e-03
  1.28102705e-01 -3.20802294e-02 -9.88714620e-02 -7.50303641e-02
 -7.98784271e-02 -4.34252992e-02 -2.54103392e-02  2.98859761e-03
 -1.63238943e-02 -2.75176764e-02 -5.15097976e-02  3.09971757e-02
 -4.45902459e-02 -6.07383139e-02  1.47354836e-02 -3.35144177e-02
  1.28825866e-02 -3.05693913e-02 -4.04623774e-04  2.19683442e-02
  3.81731652e-02 -2.08555795e-02  3.06151249e-03 -3.57534550e-02
 -2.04778071e-02 -6.39735237e-02  2.84619126e-02  5.23214526e-02
 -7.89425150e-02  3.97111513e-02  7.08370507e-02 -5.83674796e-02
  1.42751518e-03 -1.42012173e-02 -1.84838977e-02 -1.20825134e-02
  3.93080106e-03 -8.88741761e-03 -8.63906182e-03 -1.18182357e-02
 -1.99966189e-02  4.39302176e-02 -2.08426863e-02 -4.93241213e-02
  9.46692452e-02  2.60472056e-02 -9.62869525e-02  1.55331418e-02
  5.02390303e-02 -1.48153808e-02  1.81876123e-02 -1.46921845e-02
  1.91816650e-02 -5.15483171e-02 -3.90468352e-03  1.14414806e-03
  1.43132620e-02 -8.68652668e-03  5.88006107e-03  1.05409762e-02
  7.68358707e-02 -8.88937786e-02  6.93691671e-02 -2.63347216e-02
 -9.79148075e-02  1.39888693e-02  1.66605171e-02  1.84341650e-02
 -6.04803208e-03 -4.09000404e-02  5.68676591e-02 -1.20111674e-01
 -1.59845799e-02  2.96204146e-02  2.06836723e-02  7.75066763e-02
  6.13601729e-02  2.65127067e-02  6.47160131e-03  3.36892121e-02
  5.25405118e-03 -6.56064302e-02 -6.40258044e-02  1.50268346e-01
 -6.81241900e-02  6.08592592e-02  7.58954138e-03 -2.48667747e-02
  9.31563005e-02  4.99355495e-02 -3.24488096e-02  4.59197629e-03
 -3.10969632e-03  3.54027487e-02 -3.49111222e-02  3.87244560e-02
 -3.06145987e-03  3.96839343e-02  8.24258849e-02  2.46943962e-02
 -4.26947214e-02  2.32326593e-02  4.61746764e-04 -3.74923497e-02
  3.25727873e-02  2.39281543e-02  1.01468988e-01 -1.24537637e-02
 -6.45638630e-02 -1.55001521e-01  5.62725626e-02 -2.48639353e-33
  1.78377163e-02  1.11197427e-01 -8.83233268e-03 -5.58659509e-02
  2.37525534e-02  8.95224046e-03 -4.90439907e-02  3.87418307e-02
 -7.60127753e-02 -7.18945218e-03 -3.97537835e-02  1.41698390e-01
 -1.01166040e-01  1.74998883e-02  1.36482254e-01  9.73467603e-02
 -3.69168296e-02  4.13786434e-02  1.06180254e-02 -7.50690140e-03
  1.58068631e-02 -4.90431525e-02 -2.56833546e-02 -2.99967192e-02
 -2.52873432e-02 -5.02810292e-02  8.17556381e-02  4.23813984e-02
  3.06228697e-02  3.64288464e-02 -6.66642636e-02 -5.41212223e-02
  3.06663234e-02 -4.68845703e-02  1.66585241e-02  5.87870833e-03
 -7.66460001e-02 -4.55931276e-02  1.23634888e-02 -2.38464568e-02
  5.61166480e-02 -6.19666837e-02  2.40719356e-02  7.97972158e-02
  8.57877359e-03  4.40642089e-02 -4.66380455e-02  1.82977598e-03
 -6.07460774e-02 -1.48783829e-02 -3.06174755e-02  6.75711874e-03
 -1.52372960e-02  1.63254775e-02 -8.37988108e-02 -9.80524626e-03
  6.62176535e-02  4.22047563e-02 -5.38844280e-02 -1.07569937e-02
  1.04472518e-01  1.14437573e-01 -6.51110187e-02 -8.55783150e-02
 -5.61166629e-02  2.16424558e-02 -6.71691075e-03 -1.48073090e-02
  1.40630286e-02  1.68129224e-02 -4.33426052e-02  6.55997917e-03
  1.78960338e-02  1.65840723e-02 -1.91128533e-02 -4.86856624e-02
 -7.75430491e-03  9.50113521e-04  2.75131557e-02  1.62592381e-02
 -6.04528002e-02 -8.86248332e-03 -3.45577225e-02  1.20828129e-01
  9.85504594e-04 -2.27039549e-02 -5.56557141e-02 -6.28837273e-02
  9.87529568e-03  1.27990142e-01 -1.74784977e-02 -1.98941641e-02
  1.55388355e-01  1.94155686e-02 -1.09994218e-01  3.13034072e-33
 -1.56531036e-02 -9.53476410e-03  4.49354872e-02  2.02145457e-01
 -2.32683364e-02 -4.05421993e-03 -8.22923109e-02  8.07781070e-02
  2.68410351e-02  1.06051520e-01 -4.89664227e-02 -1.51751135e-02
  6.76145256e-02 -2.84684412e-02  2.39329766e-02 -6.02070652e-02
  3.58822532e-02  1.05653144e-02 -3.47100645e-02 -2.02013981e-02
  9.04383138e-02 -4.34884848e-03 -1.00216165e-01 -1.11364303e-02
  1.20573174e-02  5.71575947e-02 -3.88581604e-02 -6.49135783e-02
  7.78878620e-03  2.85968855e-02  3.73673402e-02  6.36640415e-02
 -5.59901707e-02  6.12720177e-02 -5.28287105e-02  6.29564449e-02
  4.54684943e-02  2.96840798e-02  3.56084295e-02  2.72839088e-02
  2.50023454e-02  4.63345423e-02 -6.90392330e-02  5.67444190e-02
 -2.26350408e-02 -5.61412498e-02  6.74270168e-02  3.16319577e-02
  1.71378646e-02 -9.67518426e-03  8.69618915e-03  3.74683999e-02
 -2.62768809e-02  3.07039768e-02  3.18343751e-02 -2.97730719e-03
 -3.91563140e-02  6.93816394e-02  5.89938089e-02 -1.34226438e-02
 -3.42810676e-02  3.05957999e-02 -9.18195099e-02  7.81797841e-02
  7.29940925e-03 -2.78314139e-04 -3.21635641e-02  5.36320508e-02
 -2.25839876e-02  9.36564989e-03  9.24364552e-02  8.21968541e-03
  4.39413227e-02 -1.16574345e-02 -2.11039316e-02 -1.01603428e-02
 -3.82146165e-02 -1.61801353e-02 -5.17298328e-03  3.05569731e-02
  4.84695882e-02 -8.58300775e-02  7.27108940e-02  8.64248537e-03
  7.18604624e-02 -2.03108657e-02  1.15624949e-01 -7.76675716e-02
  1.63719407e-03 -9.64166317e-03  3.91617827e-02  5.83561894e-04
 -6.75937161e-02  3.53660583e-02 -3.13307643e-02 -1.34452787e-08
  4.29201163e-02  1.12176770e-02 -3.01138274e-02  1.78526472e-02
 -5.34095690e-02 -5.98548464e-02 -5.64518943e-02 -6.32853508e-02
 -3.50210704e-02  2.06729174e-02  2.00943537e-02 -5.97500242e-02
 -3.97707894e-02  6.70862198e-02  2.09838171e-02 -2.79129557e-02
 -5.96968532e-02  1.88680664e-02 -2.05979552e-02  4.39646542e-02
  9.85451415e-03  1.17928013e-02 -2.63873413e-02 -4.27243998e-04
  2.25114170e-02  1.50848376e-02 -9.45628528e-03  1.16214462e-01
 -2.76978835e-02  1.11227408e-01  2.74896864e-02  1.04309089e-01
  1.06121199e-02 -5.93506098e-02 -1.04536479e-02  4.13777046e-02
 -1.37643572e-02 -5.52726910e-02  1.54570406e-02 -1.33525599e-02
  6.11398742e-02  6.09213971e-02 -3.42761315e-02  4.43867827e-03
 -3.14322393e-03 -7.88503662e-02  5.99757172e-02 -2.57361028e-03
 -5.71660101e-02 -4.69652610e-03 -9.58503340e-04 -3.38569768e-02
  1.53728323e-02  2.19939668e-02 -6.66805636e-03 -3.12933996e-02
 -2.05610693e-02  1.14488369e-02  1.12757133e-02  3.68412957e-02
  7.02342167e-02 -1.42737329e-02  9.73270610e-02 -5.59115633e-02]"
264,Product Safety and Quality,Social,risk,4,0.4275,"[-6.69159112e-04  7.49283433e-02 -6.35853857e-02  2.86411401e-02
  7.55341351e-02  8.00967291e-02  1.19539931e-01  7.10849017e-02
  1.88079868e-02  2.57967580e-02  3.91368456e-02 -6.60719536e-03
  5.93567379e-02  1.89637952e-03 -5.21393679e-02 -4.34090458e-02
 -3.39976400e-02 -2.79848147e-02 -1.11524135e-01  6.56397194e-02
 -1.91511419e-02 -2.75303535e-02 -1.19463103e-02  1.11290989e-02
 -1.41612336e-03  1.61985960e-02  8.96383356e-03  9.15343463e-02
  2.25999057e-02 -8.95883739e-02  8.61687493e-03  3.41045856e-02
  6.02771118e-02 -5.78434207e-02 -7.04240203e-02  4.54232953e-02
 -2.60656383e-02 -8.12439341e-03  5.65467030e-02 -2.26097144e-02
 -8.28685705e-03 -5.73073216e-02  1.77354291e-02  4.06302586e-02
 -7.70167485e-02 -5.08961193e-02  5.08071855e-03 -8.38921070e-02
  4.97697517e-02 -1.54266357e-02 -6.94260513e-03 -5.01648821e-02
 -3.15173268e-02 -7.81013072e-02  1.88134834e-02 -8.24415088e-02
 -7.12411478e-02 -5.28994985e-02 -4.77348007e-02 -2.33162474e-02
  8.69855359e-02 -5.64830676e-02 -4.78720702e-02  1.69757158e-02
  5.41796423e-02 -4.24308963e-02  1.61360402e-03  6.77984729e-02
 -1.81098692e-02  2.88412143e-02  4.06257845e-02 -5.09167649e-02
 -9.96935740e-02 -1.86857935e-02  6.70203418e-02  1.06530096e-02
  4.20766063e-02 -6.12191483e-02  2.59672254e-02 -1.21517833e-02
  2.85296738e-02 -1.72209275e-05  6.05425127e-02  3.31112044e-03
  1.09436223e-02  3.64514552e-02  3.02060898e-02 -4.84239161e-02
  3.69031839e-02  6.84373314e-03 -2.53389422e-02 -1.09263472e-01
  7.78626204e-02  7.00408593e-02 -3.15561481e-02  4.20142487e-02
 -9.52097997e-02 -8.74507204e-02 -6.67511150e-02  2.05061719e-01
 -2.02915110e-02  7.58301374e-03 -5.65414801e-02  6.51195571e-02
 -3.95880938e-02 -7.27591813e-02 -4.59421426e-02 -5.39680272e-02
  6.72891270e-03  3.12453024e-02  2.40405686e-02  5.09932600e-02
  1.03436587e-02  3.65303010e-02 -1.56931039e-02  3.53811607e-02
 -7.05893412e-02 -4.02889661e-02 -2.20333971e-02  2.31640898e-02
  1.61083844e-02  2.35444936e-03  3.16962227e-02  9.96912457e-03
 -1.11287437e-01 -9.14669558e-02  1.69451237e-02 -5.14808228e-33
  5.22712916e-02 -9.10168365e-02  1.40096189e-03 -3.62800620e-03
  1.98452994e-02  1.34152425e-02 -3.59657686e-03 -3.08365878e-02
 -3.99379656e-02 -4.23774449e-03  3.73341292e-02 -2.67838705e-02
 -1.37974666e-02 -5.63407578e-02  6.84606582e-02  3.83455567e-02
 -4.21713330e-02  4.65083905e-02  9.87137482e-03 -4.99813370e-02
 -2.10347641e-02 -4.33896743e-02  3.96505445e-02  1.14845764e-02
 -1.32758021e-02 -3.84527743e-02 -5.18272119e-03 -7.21317232e-02
  7.12414384e-02  2.80131772e-02 -3.92376445e-02  9.27617699e-02
 -2.96989419e-02 -1.11352056e-01  1.41629530e-03  8.52064416e-02
 -8.93301219e-02 -2.47071795e-02 -2.63814740e-02 -3.66398282e-02
 -1.65736619e-02  2.56821085e-02  2.94609257e-04  8.62820446e-02
  6.35427758e-02  8.87608901e-03  2.98318900e-02 -2.79614776e-02
 -1.53525397e-01 -2.32956372e-02 -9.53010544e-02 -3.40209268e-02
 -5.26286401e-02  3.24275754e-02 -1.61466133e-02  6.87489379e-03
  2.73551419e-02  1.68418977e-02 -8.29331949e-02 -3.30454744e-02
  8.69207270e-03  3.53472717e-02 -1.77798979e-02  3.12806070e-02
 -2.05328632e-02  1.16169890e-02  6.56582192e-02 -5.75649254e-02
 -6.85978588e-03  2.47778706e-02 -7.12562427e-02 -3.74374688e-02
  7.32290884e-03 -5.50144650e-02 -3.30883674e-02  1.81657933e-02
 -6.95581036e-03  4.97915596e-03  6.65735155e-02 -1.25059048e-02
 -5.64107634e-02  6.65947935e-03  2.33021714e-02  5.64617217e-02
  1.54706277e-02  5.63210584e-02  3.65019552e-02 -5.59641533e-02
 -6.27924204e-02  8.36116597e-02  1.14248293e-02 -2.49427054e-02
  1.38797104e-01  3.75851467e-02 -2.82509699e-02  3.46523576e-33
 -1.40140459e-01  2.56277900e-02 -4.78905290e-02  3.80821042e-02
  2.09476072e-02 -5.54537661e-02  2.64286902e-02 -3.55637483e-02
  3.53733040e-02  5.41824847e-02 -1.18042551e-01  3.98915559e-02
  7.60780126e-02  1.75692700e-02  2.79510096e-02 -5.72733954e-03
  3.59962992e-02  1.87936332e-02 -4.80088517e-02 -7.84636959e-02
  4.75085489e-02 -2.19401885e-02 -3.23207565e-02  7.05730915e-02
 -4.68214452e-02  3.07796225e-02 -2.22584531e-02 -2.40626577e-02
 -6.29908815e-02  4.56154958e-04 -1.00239748e-02  7.61652887e-02
  3.49135622e-02  1.00330956e-01 -4.15293016e-02  7.50113875e-02
  5.38981371e-02 -6.66484833e-02 -8.46138503e-03  3.32161337e-02
  5.40646166e-02  2.44262908e-02  2.49151327e-02 -4.77175526e-02
 -2.37365551e-02  2.95521747e-02  1.14404880e-01  7.59017700e-03
  8.65725353e-02  4.28376608e-02  1.45031521e-02  4.25085388e-02
 -2.47412529e-02  3.07834335e-02 -5.08771911e-02 -5.08587845e-02
 -2.57193092e-02 -2.80262884e-02  3.93142477e-02  1.18573949e-01
  4.48672043e-04  1.14056572e-01 -2.72313207e-02  9.68011990e-02
 -5.17789200e-02  6.73337579e-02 -1.14177510e-01 -3.48937176e-02
  5.44633530e-02 -2.69647986e-02  7.05680177e-02  2.04557460e-02
 -2.93839667e-02 -2.77099032e-02 -6.93803206e-02 -7.55812153e-02
 -2.99294908e-02  4.58913930e-02 -1.90931987e-02 -2.49438807e-02
 -2.43047737e-02 -2.27106456e-02  1.73293892e-02 -1.00286103e-04
  2.44453941e-02  5.32404557e-02  4.00113128e-02 -2.49447338e-02
 -2.03396399e-02 -2.04067044e-02 -5.66217601e-02  4.95426469e-02
 -5.62655227e-03  2.09291540e-02 -3.77801768e-02 -1.21028192e-08
  5.36342897e-02 -9.56929196e-03  9.78784412e-02 -2.74206679e-02
  7.40651414e-02  6.94729481e-03 -4.89192978e-02  1.33919446e-02
 -7.86264194e-04  9.06453952e-02  5.95679693e-02  5.01920246e-02
  3.33644599e-02  2.67787874e-02 -3.10404096e-02  5.39087541e-02
 -6.61045015e-02  5.84662594e-02 -3.91367339e-02  6.15831167e-02
  8.53827074e-02  1.30953721e-03  3.04226036e-04 -1.17634162e-02
  1.34499453e-03 -2.26438679e-02  4.91409078e-02  1.04882747e-01
  7.07349926e-03  6.65272549e-02 -1.24952560e-02  4.81558498e-03
  1.47804376e-02  5.70442602e-02 -4.83548343e-02 -2.74622813e-02
  6.23126142e-02 -3.61787155e-02  4.87702228e-02  3.24875973e-02
  5.62438779e-02 -3.64557505e-02  8.07875693e-02  2.36606393e-02
 -5.26452698e-02 -2.04470172e-03 -6.19666949e-02 -1.29268477e-02
  8.58703703e-02 -1.69610027e-02 -5.68632148e-02 -1.57066714e-02
  1.70014743e-02  1.00697204e-01  4.98373955e-02 -2.03804504e-02
 -1.35350646e-02  3.05410530e-02 -1.89258624e-02  3.40573564e-02
  1.92059446e-02 -7.45701790e-02  2.41847914e-02 -1.48231620e-02]"
265,Product Safety and Quality,Social,fatalities,2,0.4247,"[ 5.71335442e-02  2.71548145e-02 -3.59792635e-02 -2.62774844e-02
  6.95326924e-02  5.21997064e-02  4.57017906e-02  1.10199779e-01
 -3.67040485e-02  9.97475758e-02  4.85315360e-02 -1.91420950e-02
  3.35762762e-02  1.01943174e-02 -1.01745337e-01 -1.76039450e-02
  4.63009179e-02  1.74413845e-02 -8.69923458e-02  2.92662941e-02
 -4.10817713e-02  7.26652741e-02 -1.08063279e-03  3.69865447e-02
 -5.53289130e-02  8.85684043e-03 -3.73821370e-02  1.27834929e-02
  8.00383091e-03 -4.26383875e-02 -1.86077058e-02 -3.36253941e-02
 -2.92855577e-04 -2.14987677e-02 -2.66671106e-02 -2.81149652e-02
  5.22376858e-02 -5.78936264e-02 -4.72211652e-02  3.81656475e-02
 -5.61002567e-02 -6.29281253e-02 -1.58197824e-02  4.16362211e-02
  2.08071563e-02 -3.31616774e-02 -4.42393646e-02 -1.46239800e-02
  3.85194235e-02  2.35720556e-02  2.48768963e-02 -1.27512375e-02
  3.00608464e-02  3.75631787e-02  6.34054914e-02 -1.82889730e-01
 -2.71172952e-02  1.48556624e-02 -5.29564656e-02 -1.66620146e-02
  3.22704725e-02 -1.57310199e-02 -1.48847792e-02 -7.11590564e-03
  5.69003411e-02 -3.28079872e-02  2.77440064e-02 -7.15620145e-02
  1.28000099e-02  1.57076448e-01 -1.69148725e-02 -3.07485145e-02
 -1.81370508e-02  4.25542593e-02 -8.25852826e-02 -3.34139280e-02
 -1.45203120e-03 -8.54583755e-02  2.91418750e-02 -3.70969400e-02
  4.34804335e-02 -3.43649499e-02  1.70746818e-02  4.43620561e-03
  9.52853411e-02  3.91742587e-02 -3.95296775e-02  6.58534542e-02
  1.22242970e-02  5.34203723e-02 -7.81344846e-02  3.22332866e-02
  1.29833534e-01  3.53305675e-02 -2.59278174e-02  6.71498626e-02
 -9.88619681e-03 -1.84642002e-02 -2.08750218e-02  1.45183071e-01
 -5.31066842e-02 -5.81921712e-02 -5.79541996e-02  8.24490469e-03
  3.67980450e-02  1.89857406e-03 -9.61198807e-02  1.28206722e-02
 -6.90047210e-03  3.51081491e-02  3.58899459e-02  4.30496782e-02
 -2.39234325e-03 -5.49540017e-03  3.44139524e-02  5.89437457e-03
 -7.02350661e-02  3.23049761e-02 -6.09743816e-04  4.16642353e-02
  4.23515588e-02 -4.11194423e-03 -3.08434833e-02 -1.91986989e-02
  1.04596680e-02 -4.86287475e-03  1.75093301e-02 -5.19825936e-33
  4.99507971e-03 -6.38229474e-02  5.01837507e-02  2.76541561e-02
 -2.28009690e-02 -6.14055358e-02 -9.26860422e-02 -5.32638021e-02
  5.23955785e-02  9.28741787e-03  2.78199761e-04 -7.14462772e-02
 -1.17609026e-02 -4.34501655e-03  7.68666863e-02 -1.63626038e-02
  9.34937131e-03  7.14668259e-02 -7.19939992e-02 -1.12030998e-01
 -5.62247187e-02 -1.41178975e-02 -2.28493903e-02  5.76434433e-02
 -1.55912815e-02  1.00607805e-01 -4.23846096e-02  5.40833101e-02
 -2.61296444e-02  7.26025505e-03 -1.14682885e-02  1.86286829e-02
 -4.14589345e-02 -9.69364680e-03 -3.27194366e-03  7.92342722e-02
 -7.75381625e-02  2.13438291e-02 -4.24266271e-02  5.04833162e-02
 -6.18738197e-02 -2.59303041e-02 -1.64761860e-02  1.26217501e-02
  4.00002040e-02 -4.45811544e-03  5.70498034e-02  1.34566464e-02
 -5.21977879e-02  6.86963322e-04 -4.83537279e-02 -4.53613400e-02
 -2.40069907e-02  2.98935827e-02 -7.78924162e-03  1.44043237e-01
  2.88466886e-02 -3.85412686e-02 -2.57831048e-02  1.89201385e-02
  3.74804735e-02  5.06023653e-02 -3.79879288e-02  1.14179095e-02
  3.13232131e-02 -1.85190644e-02  5.90306558e-02 -1.07864082e-01
  5.45857027e-02 -2.73215678e-02 -5.10479361e-02 -2.02481038e-04
  5.39022265e-03 -8.38355795e-02 -5.78206927e-02 -1.89858035e-03
  6.04644567e-02  9.25308932e-03 -6.04617298e-02 -1.39705269e-02
 -4.12273668e-02  3.10504138e-02 -8.54463782e-03 -3.68612893e-02
  6.66457787e-02  6.26766309e-02  1.60010699e-02 -8.09961483e-02
 -9.29453894e-02  9.42715555e-02 -6.91432804e-02 -4.16159071e-02
  2.21529398e-02  2.92429850e-02 -3.99427861e-02  3.78060179e-33
 -4.17478681e-02  5.30573260e-03 -3.16402428e-02  1.20790780e-01
 -1.87064838e-02 -3.06994338e-02 -2.04887837e-02 -1.08094914e-02
 -1.33826016e-02 -4.00117189e-02  4.05315571e-02  5.40716155e-03
 -3.07296459e-02  1.27242714e-01  1.62412468e-02 -5.76426834e-02
  1.87159125e-02 -8.97866488e-03  5.64461295e-03 -1.37724644e-02
 -1.27637433e-03 -3.99735756e-02 -5.72549552e-02 -3.05055827e-03
 -2.79991049e-02  7.96278045e-02 -3.95783670e-02 -9.98332724e-03
 -4.68601063e-02 -7.26217404e-02  1.38230145e-01  1.63474530e-02
  2.65355664e-03  9.43523347e-02  5.14801405e-03  1.23843148e-01
  7.68151805e-02 -3.28514725e-02 -4.01256047e-02 -4.54346128e-02
  6.89408556e-02  7.02465773e-02  1.33840702e-02  7.91027993e-02
 -1.95142850e-02 -5.48076779e-02  3.42951007e-02  1.35533139e-02
  1.63421798e-02 -3.89846303e-02 -2.41460577e-02 -2.00811271e-02
 -4.52369675e-02  7.77232945e-02  9.25394427e-03  2.01358274e-02
  1.59709025e-02 -4.84540984e-02  3.16049601e-03 -6.88285828e-02
  3.69975790e-02  4.59962972e-02 -6.29546344e-02  1.71486259e-01
 -1.19533800e-02 -2.74404008e-02 -5.90208694e-02 -5.05918153e-02
 -2.87032127e-02  2.17226204e-02  5.64894341e-02  8.75539184e-02
 -1.53273344e-01 -3.66321318e-02 -7.75993168e-02 -4.47119363e-02
 -8.61652046e-02  6.32342622e-02 -4.51311395e-02 -2.80144773e-02
 -4.16128896e-02 -5.99094890e-02 -2.30185576e-02  9.29320753e-02
 -2.07783617e-02 -2.21144129e-02 -1.03865480e-02 -7.22512044e-03
  4.47059497e-02  2.56786635e-03 -9.83626097e-02  1.55478893e-02
  6.87495433e-03 -1.53796272e-02 -8.87819901e-02 -1.13926841e-08
 -2.50343382e-02  8.18752348e-02 -4.91762981e-02 -7.65722916e-02
 -2.25820076e-02 -2.61420999e-02  7.29299188e-02 -7.87517428e-03
  9.56837274e-03  1.25536397e-01  1.94188498e-03  5.95319904e-02
  6.06435090e-02  2.69608423e-02  1.69047937e-02 -9.17063933e-03
 -7.57773826e-03  2.45677419e-02 -3.47795561e-02  1.56051517e-02
 -1.08833332e-02 -9.97081748e-04  5.19077219e-02 -1.99038349e-02
  8.24322775e-02  1.82983633e-02  5.85720912e-02  7.01776221e-02
 -4.81246738e-03  8.82575512e-02 -4.68666665e-02  3.22569907e-02
  1.19485641e-02 -1.93779655e-02  8.43545794e-03 -4.02658992e-02
  9.21129882e-02  6.06781878e-02 -9.44696460e-03 -2.55777966e-02
 -5.49712516e-02 -5.59572577e-02  1.71361025e-02 -2.90856306e-02
  6.86820224e-02 -6.35887217e-03 -2.59620161e-03  1.87853985e-02
 -3.39024775e-02 -3.50202285e-02  2.90029217e-03 -2.78866291e-02
 -1.69136859e-02  6.99887276e-02  5.09667806e-02 -5.73030813e-03
  4.35035452e-02  4.98759001e-02 -4.84767789e-03  1.70469861e-02
  9.78919193e-02  3.03274835e-03  1.02999881e-01  2.02773698e-02]"
266,Product Safety and Quality,Social,integrity,1,0.3911,"[-5.77070899e-02  1.06726855e-01 -5.77834100e-02 -5.18107899e-02
 -5.13875065e-03 -2.89781354e-02  7.79186264e-02 -4.11809608e-02
  1.57267216e-03 -1.51972519e-03  3.62680256e-02  2.16185041e-02
  7.01725632e-02 -1.23803485e-02 -7.76784793e-02 -2.12995000e-02
  1.63397770e-02  6.27687648e-02 -7.53645822e-02  4.53526191e-02
 -1.03693105e-01 -2.78985202e-02  9.16365441e-03  1.95804294e-02
 -8.44116881e-02  1.13754505e-02 -1.48768313e-02  3.46748880e-03
  3.14296447e-02 -1.47365704e-01 -1.44030927e-02 -7.19466200e-03
  6.61534071e-02  4.72698212e-02 -4.53029126e-02  7.08983615e-02
  7.27162585e-02 -3.25573646e-02  8.79632030e-03 -7.46112838e-02
 -5.00025302e-02 -6.65660352e-02 -6.78546578e-02  2.64520254e-02
 -5.44695146e-02 -1.32470336e-02  6.47067875e-02 -1.40350463e-03
 -1.61571819e-02 -6.42152578e-02 -7.00969622e-02 -4.91321692e-03
 -6.72720447e-02  3.96679379e-02  2.54689585e-02 -3.32539417e-02
  1.77860707e-02  3.70652676e-02 -4.17869538e-02  3.57092102e-03
  8.59163478e-02  8.69525596e-02 -5.97968735e-02  5.15709259e-02
  9.23598707e-02  5.13550490e-02  6.31359871e-03  4.00734767e-02
 -4.66398373e-02  3.89834680e-02  1.66556332e-02 -9.04375464e-02
 -3.45977470e-02  5.05494792e-03 -2.87807565e-02  9.19525232e-03
 -5.24013601e-02 -6.60052225e-02  5.05257994e-02  9.57291108e-03
 -6.83017075e-02 -2.71465024e-03  5.10150008e-03  7.74636269e-02
  4.42360118e-02 -5.18633313e-02  6.05530385e-03 -8.85615721e-02
  4.08177115e-02 -7.96571374e-03  2.30759922e-02  2.19237041e-02
  1.17040507e-01 -3.15127261e-02 -7.41429068e-03  2.83011876e-04
 -4.98095006e-02 -5.20048440e-02 -1.87609792e-02  2.05477253e-01
 -3.79345827e-02  5.24546914e-02 -1.09385155e-01 -1.51248630e-02
  6.02327026e-02  4.81666951e-03  4.21159202e-03 -1.02648959e-02
 -1.21777859e-02  1.77701712e-02 -3.22349034e-02  4.29133251e-02
 -5.79999499e-02  1.51288956e-02  1.51691645e-01  6.81297034e-02
 -4.06916626e-02  6.85186833e-02  4.91593964e-03 -9.77123827e-02
  4.98659983e-02 -5.66992117e-03  5.25675528e-02  4.34233584e-02
 -5.75329885e-02 -1.47598058e-01  7.93236867e-03 -5.05161975e-33
 -1.97922271e-02  7.52009451e-02  4.51454930e-02  4.59010080e-02
 -7.14128464e-02  1.48000345e-02 -2.45016478e-02 -2.37811189e-02
 -8.45491141e-03  6.97966293e-02 -4.20386083e-02  3.22306491e-02
 -1.22215925e-02 -1.09407129e-02  8.38553682e-02  1.01236761e-01
 -1.02539875e-01  2.98134498e-02  5.59146516e-02  4.75380048e-02
  4.33645509e-02 -6.44495413e-02  5.76666519e-02 -2.34562010e-02
  1.42120915e-02 -1.90617088e-02  2.35450175e-02  3.30938995e-02
  5.05159097e-03  2.61296704e-02 -2.10028775e-02  6.73769554e-03
  8.50415602e-02  4.83122617e-02 -2.68483162e-02  5.97742647e-02
 -4.74921614e-02 -4.71186489e-02  2.63225641e-02 -5.23278825e-02
  3.84178758e-02 -1.89986348e-03  3.11023388e-02 -1.72067173e-02
  6.63345158e-02  6.49258718e-02  1.05067110e-02 -2.75033005e-02
 -1.22671127e-02  4.41639945e-02  7.17050303e-03  3.89697701e-02
  4.81966063e-02  9.44139261e-04 -1.07491009e-01  1.60807017e-02
  3.95069234e-02  1.63215064e-02 -3.58983353e-02  8.17143638e-03
  6.47415072e-02 -1.51972910e-02 -8.43511373e-02 -5.65437181e-03
 -9.65929125e-03  3.55575420e-02 -6.42776638e-02 -1.50837339e-02
  7.32218996e-02 -3.64301652e-02 -9.30003077e-02 -3.86173055e-02
 -2.73933318e-02  5.61288185e-02 -1.00733422e-01 -1.77978575e-02
 -6.64269179e-02 -2.25196611e-02  3.86252552e-02 -3.56240151e-03
 -7.21933693e-02  1.11350892e-02 -1.93919986e-02  4.58400557e-03
 -2.82641724e-02 -3.59510034e-02  4.45296392e-02 -2.87872553e-02
  2.72311699e-02  1.04922332e-01 -1.45519804e-02 -1.06788883e-02
  1.03743397e-01  1.93081293e-02 -4.09806930e-02  3.20646684e-33
  2.63619237e-03 -6.84634000e-02 -4.58072796e-02  1.38829410e-01
 -3.82575542e-02 -2.97386460e-02 -4.09369878e-02 -2.33221129e-02
  8.46858509e-03 -2.28382759e-02 -2.90215556e-02 -5.99179566e-02
  1.05285890e-01  3.13537270e-02  2.22214460e-02 -6.03940934e-02
  4.41517821e-03 -6.24585897e-02 -2.83799898e-02  5.91996908e-02
  9.64065120e-02  8.22992902e-03  1.35144703e-02  8.39118101e-03
 -1.60397086e-02  6.45085797e-02 -4.12961207e-02 -6.27052709e-02
  1.26479967e-02  4.72417548e-02  2.98542697e-02  1.11780260e-02
  3.93291563e-03 -2.44858884e-03  1.48530910e-03 -5.20794317e-02
  7.19560161e-02  7.84983039e-02 -3.88878100e-02 -3.68206576e-02
  4.82741669e-02  1.08535169e-02 -6.83833882e-02  1.60494074e-02
 -2.08603106e-02 -5.66509962e-02 -3.21653523e-02  5.06958291e-02
 -6.55657751e-03 -1.67491511e-02  1.41367530e-02 -5.96552715e-03
  3.08529902e-02 -4.39712487e-04  2.81519499e-02  9.44852903e-02
  1.14630004e-02  6.87450841e-02  6.57128990e-02  9.15037692e-02
 -5.03249168e-02  6.96107522e-02 -7.81019330e-02  2.73454599e-02
  3.61767784e-02  3.58661786e-02 -2.63317302e-02  1.35753062e-02
 -4.52847145e-02  1.89932482e-03  8.34474061e-03 -7.04296306e-02
 -5.52940406e-02  1.79605819e-02 -4.64803018e-02 -8.44148640e-03
 -8.68997946e-02 -7.71809965e-02 -3.95654440e-02 -1.77432247e-03
 -4.37131636e-02 -7.80306831e-02  1.01396851e-02  6.78716898e-02
 -5.01080118e-02 -4.37134206e-02  3.76979485e-02 -3.97824980e-02
 -6.52539032e-03 -2.73844562e-02 -1.40373241e-02 -1.28786694e-02
 -8.75966400e-02 -5.77815101e-02 -5.82591183e-02 -1.17863026e-08
 -2.91197281e-02  1.18883103e-02 -7.69422564e-04  3.22042331e-02
  4.39319387e-02 -6.28307387e-02 -3.77534814e-02 -7.81753957e-02
  2.91212066e-03  1.59335472e-02  5.52410521e-02  2.79963342e-03
 -5.05694598e-02  1.14429351e-02  4.09265310e-02 -5.78807667e-03
 -6.98092133e-02  5.32441288e-02 -8.43096524e-02  1.53420474e-02
  4.24378999e-02 -1.71934313e-03 -4.26785536e-02 -1.63307216e-03
  4.49308269e-02 -1.43158976e-02 -5.03735663e-03  7.88804963e-02
  2.80933250e-02  9.77311656e-02  8.11461881e-02 -3.66428262e-03
  9.13577974e-02  1.20107038e-02 -5.70232654e-03  5.49552999e-02
 -2.10390966e-02  1.19519681e-02  3.59926224e-02 -2.56297067e-02
 -1.10371895e-02  7.05752149e-02  1.04066329e-02 -3.62915103e-04
  4.89396229e-02 -1.52837457e-02 -5.08379191e-02  5.62199391e-02
 -4.40237112e-02  1.77404825e-02 -2.01937165e-02 -2.59089991e-02
 -2.28363983e-02  3.14339772e-02  1.02499994e-02 -2.57244110e-02
  4.92205247e-02  2.21632980e-02  3.91974580e-03 -2.76924693e-03
  1.36195704e-01 -5.84533997e-03  1.12044714e-01 -1.03496574e-01]"
267,Product Safety and Quality,Social,regulations,3,0.3851,"[-1.37668671e-02  3.70057784e-02 -3.92516181e-02 -4.90847789e-02
  4.17462252e-02  1.28681203e-02  3.90330218e-02 -1.86224841e-02
 -5.24892136e-02  7.08536524e-03  1.53295537e-02 -4.81803296e-03
 -3.43931317e-02  4.67960313e-02 -5.92295267e-03 -6.21640272e-02
  1.85948610e-02 -7.20228814e-03 -1.45375326e-01 -1.88604761e-02
  1.03472896e-01  1.91468075e-02 -2.15231031e-02  3.67338657e-02
 -9.95701626e-02  1.30569860e-02 -6.88975453e-02  1.04146916e-02
  6.95328265e-02 -6.60075471e-02  1.50289917e-02  6.00591674e-03
  8.55793804e-02 -3.34286466e-02  1.71415071e-04  1.87141337e-02
  4.55356911e-02 -6.84814081e-02  2.10846253e-02  9.24973190e-03
 -5.21839084e-03 -8.36805180e-02 -6.14777394e-02  2.11169980e-02
  4.07508798e-02  7.51563907e-02  4.44236360e-02 -5.12170643e-02
 -6.18753247e-02  1.75920930e-02  1.72735602e-02  3.93362716e-02
 -4.06089751e-03  4.35222536e-02  5.66044450e-02 -1.08053558e-01
 -2.12592948e-02 -4.88876961e-02  1.60805266e-02 -2.59067230e-02
  7.63867274e-02 -6.85846135e-02 -1.24297678e-01  3.41318659e-02
  2.32213270e-02 -4.21854062e-03 -9.93506089e-02  2.20775306e-02
  2.19063535e-02 -3.98914889e-02 -6.49698302e-02 -2.75329463e-02
 -1.97125804e-02  8.79896656e-02  3.59157380e-03 -3.16008329e-02
 -1.36949280e-02  5.69366068e-02  7.45645016e-02 -1.01927474e-01
 -3.10177263e-02 -5.86653389e-02  4.30900156e-02  2.07847380e-03
  2.68729795e-02  1.42862396e-02  1.32490732e-02  2.10293923e-02
  3.18287946e-02  5.53985499e-02  2.67640892e-02 -5.34496456e-02
  9.79918316e-02 -1.28577114e-04 -1.07902840e-01 -2.52809059e-02
 -3.01062539e-02 -6.41083643e-02  5.04950434e-02  2.14423388e-01
  1.22493424e-03  2.80552059e-02 -1.18816167e-01  3.97746749e-02
 -4.47193682e-02 -1.54403076e-02  2.69507430e-03  1.59833580e-02
  2.29751896e-02  6.71353415e-02 -1.16528803e-02  8.11482817e-02
  2.25398000e-02 -4.25110422e-02  3.93600650e-02  2.87107527e-02
 -2.02258825e-02  1.92864775e-03  8.37952122e-02  8.00472312e-03
 -3.71954441e-02  6.25904500e-02  1.71636064e-02 -4.78117019e-02
  8.92940462e-02 -8.86320695e-02 -1.29342690e-01 -6.59652165e-33
 -2.32906565e-02 -2.20373161e-02 -4.98837419e-02  5.57699949e-02
  2.77873565e-04 -3.02144384e-04 -5.51686510e-02  9.40711051e-03
 -3.74597982e-02  1.09391645e-01  4.73989733e-02  9.50816646e-03
 -2.35500261e-02 -3.39884423e-02  1.17307082e-01  1.31861093e-02
 -6.42506965e-03  3.48379128e-02  4.29442376e-02  4.47196104e-02
  3.85596976e-03 -9.78023782e-02 -2.25377232e-02  3.24582346e-02
  9.21743363e-03  1.41920242e-02 -2.51496620e-02 -3.80565636e-02
  9.94181260e-02  4.67762612e-02  1.90088358e-02 -1.40967760e-02
  1.11824811e-01 -2.36215983e-02  3.12528573e-02 -1.30262715e-03
 -7.06344619e-02 -2.76867347e-03  1.46587016e-02 -3.84912677e-02
 -3.54910307e-02 -4.10927758e-02 -4.00558598e-02  2.71329489e-02
 -1.13605559e-02  6.17034473e-02  4.60972115e-02 -4.09827456e-02
 -2.38103792e-03  5.01079150e-02 -2.73914658e-03  3.03538330e-02
 -4.53151092e-02 -7.76246861e-02  9.48501471e-03 -4.89678904e-02
 -4.48784232e-02 -1.16035408e-04 -5.07519320e-02  2.66992487e-02
  4.28849272e-02  1.35240376e-01 -4.65338305e-02  6.28709793e-02
  6.30346267e-03 -4.67980169e-02 -2.95293378e-03  1.49808172e-02
  4.58720736e-02 -9.24098343e-02 -7.71273375e-02  2.34914608e-02
 -2.09354907e-02  3.47978435e-02 -3.93678434e-02 -3.49563062e-02
  2.52835304e-02  4.88097407e-02 -3.04461867e-02 -8.48256573e-02
 -5.85305281e-02  6.33657053e-02  3.67594324e-02  3.80717739e-02
 -1.81475170e-02 -1.86278466e-02  5.19577153e-02  2.61086263e-02
 -4.19579782e-02  1.28766224e-02 -6.73416704e-02 -5.95281683e-02
  7.13852234e-03  2.66792346e-02  3.30789611e-02  3.25968734e-33
 -9.50840581e-03  1.69723516e-03 -2.03783941e-02 -1.68475639e-02
  1.88355111e-02  1.54306795e-02 -4.22555730e-02 -3.53428721e-02
  8.65919366e-02  3.23318355e-02 -3.50002907e-02 -5.38099296e-02
  7.09019527e-02  1.06314262e-02 -2.91092116e-02 -6.51591122e-02
 -4.05799709e-02 -1.46838995e-02 -5.69133088e-02 -4.48677968e-03
 -5.62290382e-03 -6.81484118e-03  2.17231847e-02  3.63922939e-02
 -9.97530594e-02  1.16663342e-02 -1.08237632e-01 -1.26417307e-02
  2.19919533e-02 -1.84578355e-02 -6.84502274e-02 -2.19693016e-02
 -5.31784780e-02  7.76213631e-02 -7.52510428e-02 -7.84793943e-02
  1.53468512e-02 -2.60347296e-02 -2.23762193e-03 -3.90340500e-02
  8.35431665e-02  3.11537087e-02  4.08860222e-02  1.02207854e-01
 -2.67961528e-02  2.47331080e-03  5.95446490e-02 -4.75645326e-02
  5.33303954e-02 -3.80123630e-02 -1.96812972e-02 -3.08712497e-02
  5.84613532e-02 -4.58176360e-02 -2.14288831e-02  3.63756977e-02
  3.17301862e-02 -4.01691422e-02  1.63095016e-02  2.50447039e-02
  5.94753586e-02  8.72161314e-02 -8.97427574e-02  1.01574861e-01
  7.23135006e-03 -8.14427622e-03 -4.23010439e-02  3.54279764e-02
  8.08221176e-02 -4.80013108e-03 -4.80468245e-03 -3.45807374e-02
 -1.29605353e-01  3.79536487e-02 -2.17703115e-02 -3.59764434e-02
 -7.26216938e-03 -4.69438918e-02 -6.83075041e-02  3.92786562e-02
 -6.96852431e-02  4.00418416e-03 -5.70693910e-02  8.77165049e-02
  7.22192600e-02 -3.41528608e-03  5.91815487e-02 -8.08501244e-02
  1.37558952e-02  2.32670028e-02 -2.70232242e-02  4.86638360e-02
 -3.02216094e-02  4.83644344e-02 -6.09035082e-02 -1.30114222e-08
 -2.78314445e-02 -4.45132144e-02 -2.12802291e-02  1.96217559e-02
 -5.16965240e-02  1.05997436e-02 -1.04612792e-02 -1.35486685e-02
  3.29010142e-03  8.33059475e-02  1.29773216e-02  4.97439764e-02
  8.11272953e-03  3.14493082e-03  5.18515799e-03 -2.36006379e-02
  1.06524704e-02  6.77156895e-02 -4.64488156e-02  9.47631821e-02
 -3.70842381e-03 -1.74680408e-02  2.82405484e-02  2.74669398e-02
 -5.88039821e-03 -3.45301479e-02  5.60135394e-02  5.89562543e-02
  4.29850742e-02  1.31039634e-01  4.17617820e-02  1.16657861e-01
  2.69968100e-02 -2.22496223e-02 -1.01828940e-01 -8.39024335e-02
 -2.89107785e-02 -1.40308654e-02  4.61165272e-02 -3.25600430e-02
 -7.62976110e-02 -2.21224036e-02  5.86931296e-02  4.91644032e-02
  3.97027545e-02  4.17550616e-02 -3.36247571e-02 -7.36592384e-03
  3.84225398e-02 -1.52405920e-02 -1.12363445e-02 -2.36193947e-02
  9.14809182e-02  2.91752927e-02  3.49343345e-02  2.29694117e-02
  9.39190562e-04 -2.78747845e-02 -5.84949180e-02 -1.48911458e-02
  5.22434115e-02  9.19959247e-02  9.12347287e-02 -3.99964899e-02]"
268,Product Safety and Quality,Social,suppliers,21,0.3769,"[-4.69314530e-02 -1.47003476e-02 -1.76749267e-02  4.37354157e-03
 -1.14392554e-02 -5.34365233e-03  5.74073866e-02  3.72302457e-04
 -1.05951075e-02 -5.38046397e-02  5.24788871e-02 -2.82670725e-02
  1.49369491e-02 -1.73903108e-02 -4.92884591e-02 -4.49273596e-03
  3.71170143e-04  1.73602886e-02 -2.69910824e-02 -9.54058766e-02
 -1.42554909e-01 -4.25467826e-02 -4.06194944e-03  3.34845819e-02
 -2.18031816e-02  4.42879423e-02 -5.18365949e-02 -3.64341103e-02
  9.72913355e-02 -9.56821367e-02 -2.24655904e-02  1.72827933e-02
  9.84009076e-03 -3.85241164e-03 -2.18136143e-03  3.86854000e-02
 -1.26901301e-04 -4.44198586e-02  1.75442286e-02  2.28401013e-02
  8.54571234e-04 -3.51202451e-02 -3.52735780e-02  1.77354310e-02
  1.66557729e-02  1.20206401e-02  3.18634696e-02  5.24689928e-02
 -2.81253066e-02  4.80426885e-02 -1.42319733e-02 -1.71843544e-02
 -4.62085493e-02 -3.55672324e-03  1.87236778e-02  1.86258659e-03
 -3.41589376e-02 -6.29539117e-02 -8.30412563e-03 -6.43560812e-02
  3.23846266e-02 -8.01468641e-03 -9.76593047e-02  3.68016772e-02
  4.18401062e-02 -2.92694569e-02 -5.66261783e-02  1.18506938e-01
 -1.09292321e-01 -3.98525633e-02  9.20995325e-03 -7.40456954e-02
  4.61234897e-03  7.38658309e-02  1.26561616e-02  1.81424222e-03
  1.01032823e-01 -6.85437098e-02  2.88509149e-02 -5.19159883e-02
  1.20628895e-02  1.06916122e-01 -2.99123265e-02  7.24755786e-03
  1.91142410e-02 -1.97048858e-02  7.05155283e-02  5.55283315e-02
  3.71934734e-02 -1.80371199e-02 -1.35846892e-02 -6.10232688e-02
  9.23858304e-03  6.93348283e-03 -2.76162364e-02  5.09032644e-02
  2.68474803e-03  2.90608685e-02 -7.39025837e-03  1.76607683e-01
  1.12627335e-02  3.92673910e-02 -3.36159915e-02 -2.23563276e-02
 -8.16404819e-02 -8.00627749e-03 -1.04896352e-01  9.03170779e-02
  5.94092794e-02  8.51807967e-02 -6.82459548e-02  1.31848417e-02
 -7.63523653e-02 -4.59972471e-02 -4.54427488e-03 -1.97646376e-02
 -2.98928209e-02  1.45490263e-02  4.97128442e-02 -1.65715218e-02
 -8.84089991e-03  4.00513411e-02 -2.85537783e-02 -8.27183276e-02
 -6.82741627e-02 -5.00173355e-03 -5.79982400e-02 -4.43686743e-33
 -2.35317145e-02  4.24790680e-02 -2.83622872e-02  3.06352787e-02
  6.40252000e-03  6.54589459e-02  3.17473114e-02 -7.56520731e-03
 -1.73297115e-02  4.96650226e-02 -1.11382551e-01  3.77558060e-02
 -7.78042823e-02  4.78032976e-02  8.24537128e-02 -4.74502780e-02
  4.23058718e-02  3.48616242e-02  4.18274216e-02 -2.05210987e-02
 -9.06887576e-02  2.38061305e-02 -4.32916824e-03  1.00518912e-01
  4.45319340e-02 -4.57107164e-02  1.32510783e-02  6.65956065e-02
  4.21203822e-02  2.61303410e-02  7.42535591e-02  1.77328661e-02
  6.91337436e-02 -6.37551174e-02 -4.96454127e-02 -4.77175713e-02
 -8.89812782e-02 -9.18219015e-02  4.55418117e-02  2.66959565e-03
  3.36363949e-02  4.44290414e-02 -3.46758426e-03  6.66163936e-02
 -2.83880290e-02  2.78303567e-02  2.31000539e-02  2.44485028e-02
  1.04483590e-02  6.25763973e-03 -1.13291450e-01  3.72227319e-02
 -2.53764335e-02  1.12256203e-02  5.41080497e-02 -5.08580059e-02
 -1.00846626e-02 -4.35080118e-02  1.53666455e-02  5.43181077e-02
 -3.19037633e-03  1.09789312e-01 -2.33896114e-02  6.86574876e-02
  3.21827717e-02 -3.15511338e-02  1.87423863e-02 -4.97078188e-02
 -5.38056381e-02 -3.03656422e-02 -7.56818727e-02 -2.35161767e-03
  5.38664684e-02  3.46065126e-02 -4.57564108e-02 -8.90858937e-03
 -1.64593905e-02  1.22804202e-01  1.04101943e-02 -5.78451082e-02
 -1.26849994e-01  2.91637797e-02  2.44480707e-02  8.79539177e-02
 -3.64693888e-02 -4.73300703e-02 -9.22288373e-03  2.48468295e-03
  6.59437180e-02  1.26410071e-02 -1.01295896e-01  1.05426274e-02
  8.30021407e-03 -1.20806193e-03  4.69159242e-03  3.37332532e-33
 -1.83108672e-02  2.12353040e-02  5.20571657e-02  4.85103317e-02
  7.03093484e-02  2.72677522e-02  2.42113005e-02 -6.85770735e-02
  9.52088684e-02  8.29790756e-02 -3.32616679e-02  1.86852738e-02
  5.43623753e-02  1.66292991e-02  1.20977825e-02  1.85183727e-03
  7.70358518e-02 -8.25900212e-03 -4.17116936e-03 -3.31136845e-02
  2.34635249e-02  1.65206622e-02  4.42563891e-02 -9.17498842e-02
  1.42289698e-02  2.15027593e-02  2.84636975e-03 -1.38485525e-02
 -8.92315060e-02  1.38156326e-03 -3.53478407e-03 -6.65388256e-02
 -5.97925149e-02  1.03523307e-01 -6.53372183e-02  4.18092795e-02
 -4.94650342e-02  8.77870247e-02  4.53137830e-02 -3.08914334e-02
  7.00031072e-02 -9.57094412e-03  4.08180766e-02  1.12703107e-01
 -3.63699831e-02 -7.09686950e-02 -3.26007232e-03 -9.29088369e-02
  1.58987999e-01 -1.99546702e-02 -3.97054590e-02  5.49681447e-02
  3.82826515e-02 -3.83988619e-02 -5.23856506e-02  7.87254144e-03
 -1.76586155e-02  5.13421446e-02  4.31276672e-02 -1.98447071e-02
  4.61195819e-02  4.91622016e-02  2.12530941e-02  1.26602789e-02
  1.07325362e-02  7.31291100e-02  3.43855396e-02  7.62658613e-03
  4.96976599e-02 -5.32885920e-03  6.92142025e-02  4.28969041e-03
 -5.11427131e-03  5.40807471e-03 -6.47100955e-02 -1.80834271e-02
 -8.56951401e-02  5.05995099e-03 -3.06908563e-02  5.39919548e-03
  3.98018174e-02 -5.69309443e-02  3.96414623e-02  1.53816342e-01
 -1.43995071e-02 -3.75824352e-03  6.30049258e-02 -4.44603972e-02
  4.30888161e-02  3.06837307e-03 -4.88023087e-02  2.41073482e-02
 -3.16452794e-02 -5.34065301e-03 -1.70691423e-02 -1.12780985e-08
 -3.53380628e-02 -6.89681098e-02  2.05070842e-02  3.13601717e-02
 -5.63580031e-03 -3.57976370e-02  3.28431204e-02  3.00614163e-02
 -3.47550586e-02  1.11886889e-01 -2.38691568e-02 -2.14561285e-03
 -2.02101190e-02  2.54607759e-02  3.73011641e-02  1.64110283e-03
 -5.01114242e-02  7.23565668e-02 -7.23687559e-02 -1.06681772e-01
  8.43590591e-03  9.86630768e-02  1.59762949e-01  3.66474316e-03
 -3.49108465e-02 -5.59644401e-03  5.64458892e-02 -5.05809262e-02
  9.75101162e-03  4.68055829e-02  4.74397540e-02  3.57183330e-02
  1.76031068e-02 -1.16963446e-01 -3.12669985e-02 -7.44145215e-02
 -4.02486846e-02 -7.60246580e-03  8.65303632e-03 -3.59691791e-02
 -1.09486468e-01  1.31341340e-02  2.60466747e-02  2.78068986e-02
  2.88892370e-02 -3.11058685e-02 -8.87467414e-02  5.11403603e-04
 -5.63934259e-03 -2.32782606e-02  1.59890130e-02  2.19354667e-02
  5.06735817e-02 -8.32297374e-03 -3.80413756e-02 -7.13030249e-02
 -2.26162300e-02 -4.59552966e-02  1.24013321e-02  4.26817872e-03
 -2.61842683e-02 -3.67684402e-02  1.33888826e-01 -6.64003752e-03]"
269,Product Safety and Quality,Social,production,4,0.358,"[-4.85331118e-02  3.74742015e-03 -4.07956988e-02  1.23152435e-02
 -1.61146056e-02 -2.13956386e-02  1.68367121e-02 -2.76802620e-03
 -3.23103741e-02  1.80922356e-02  5.18687777e-02 -3.41111496e-02
  1.44924577e-02  3.54465633e-03 -6.75041899e-02 -4.21610288e-02
  3.05834543e-02 -5.54555841e-02 -5.21838628e-02 -3.39927860e-02
 -2.31172349e-02 -1.73873436e-02 -1.16394218e-02  4.23422121e-02
  1.41968075e-02  8.82839598e-03 -3.02704461e-02  4.92771678e-02
  3.18025202e-02 -1.18956320e-01 -6.71513230e-02  8.03528503e-02
  8.66901129e-02 -1.31410891e-02  6.79805651e-02  3.86793166e-02
  1.83279980e-02 -1.99227855e-02  2.83094309e-02  9.03495681e-03
  7.41233490e-03 -9.40208212e-02 -5.82711436e-02 -2.00744700e-02
  1.40454257e-02 -1.13546615e-02  4.96152341e-02 -4.53470973e-03
 -3.13054658e-02  4.71556000e-02 -4.07894552e-02 -4.19758968e-02
 -9.81881842e-02 -3.06994002e-02  1.54919550e-02 -1.92449298e-02
 -6.50446105e-04 -6.30099028e-02 -6.81373291e-03  6.38679368e-03
  1.47089474e-02 -2.19593458e-02 -7.83582404e-02 -2.63745375e-02
  1.27679840e-01 -3.58587056e-02 -1.11860456e-02  5.34821153e-02
 -8.38811696e-02 -4.08993065e-02  4.14818600e-02 -3.57083715e-02
 -5.73413335e-02  1.30032897e-02 -4.35446342e-03 -2.48133242e-02
  5.85742705e-02 -4.96703796e-02  3.82120386e-02 -3.44526842e-02
  8.45680684e-02 -4.23073620e-02 -9.06426236e-02 -1.64715387e-02
 -7.69481659e-02  4.94713150e-03  5.00964969e-02  2.49373019e-02
  7.05395564e-02  1.19996695e-02 -6.08016662e-02 -1.78047419e-02
  1.10112159e-02  7.76803680e-03 -8.84338766e-02  7.31099322e-02
  3.14422175e-02 -4.77871969e-02  7.81624466e-02  2.01548949e-01
  2.06488110e-02  9.64123756e-03  4.34142314e-02 -1.18313871e-01
 -4.03443277e-02 -6.50478452e-02 -3.79969776e-02  1.22342512e-01
 -3.08067817e-02  3.10768187e-02 -1.37235047e-02  4.06433232e-02
 -9.31442603e-02  1.83520205e-02  4.95113023e-02  5.12708947e-02
  6.67181041e-04  1.06346037e-03 -1.96110122e-02  1.29558193e-03
  2.90500484e-02  2.78004631e-02 -1.96324419e-02  3.66170742e-02
 -1.11458920e-01 -6.22497797e-02 -5.44753799e-04 -3.47548496e-33
  2.41829697e-02 -9.61300358e-02  1.35484766e-02  4.76211235e-02
  7.08435057e-03  5.11531457e-02 -4.22658250e-02 -2.21000463e-02
  1.85777526e-02 -2.83733457e-02 -1.22559648e-02 -1.99997257e-02
 -2.50707213e-02  8.17067735e-03  9.41932425e-02 -5.46146557e-02
  3.77854072e-02  6.38349429e-02 -2.92540517e-05  5.99211715e-02
 -1.18105672e-01  1.69871319e-02 -1.80216786e-02  8.05375427e-02
  2.41598673e-02  1.53507451e-02  8.23490229e-03 -5.22563457e-02
 -2.23131981e-02 -9.75207612e-03  7.38901570e-02  6.25021681e-02
  1.15048531e-02  1.01350211e-02 -3.61900665e-02  8.44116439e-04
 -4.25457098e-02 -1.05672188e-01  4.62083519e-02  5.78239672e-02
 -5.65035343e-02  3.74659002e-02 -3.77272852e-02  7.30250636e-03
 -3.44418064e-02  1.07384562e-01  3.14139016e-02  3.81693915e-02
  8.03710893e-03  2.11084597e-02 -1.78662241e-02  8.06412250e-02
  5.97538315e-02 -4.02383320e-02  8.22049677e-02  2.59993374e-02
  1.03425374e-02 -9.61254314e-02  3.43422778e-02  2.57996228e-02
  1.57334097e-02  1.40903741e-01 -7.68708065e-02  6.32918179e-02
 -7.28904307e-02 -1.07720317e-02  4.01523300e-02 -1.20586576e-02
  8.54907408e-02 -2.20894609e-02 -9.68314707e-02 -6.63236007e-02
  6.08304925e-02 -3.26296948e-02  3.66190262e-02  3.61071751e-02
 -3.33844796e-02  1.35222459e-02 -2.92549096e-02  3.74266133e-02
 -1.90712456e-02  4.39990386e-02 -4.08481471e-02 -3.06984521e-02
  2.99883280e-02 -4.37124865e-03 -5.48554175e-02  1.86756272e-02
  6.45028800e-02  1.28620669e-01 -5.70851266e-02  2.58652004e-03
 -2.65831351e-02  5.55984676e-02  8.22409615e-03  2.96048234e-33
  1.00617642e-02  6.12196838e-03 -7.10628331e-02  5.49118482e-02
  7.87856115e-04 -4.60001603e-02 -1.73572986e-03 -5.95779419e-02
  8.74467380e-03  6.06941655e-02 -8.30091387e-02 -1.35826711e-02
 -5.03225997e-03  2.00204737e-02 -1.09656185e-01 -6.26645610e-02
  1.09103687e-01  8.09303205e-03 -1.24301082e-02  1.81194041e-02
 -3.19475047e-02  1.96467806e-02  1.43053876e-02 -4.93437005e-03
 -6.46664724e-02  4.68815155e-02 -3.59632932e-02  3.85191962e-02
 -7.57032931e-02 -1.87481847e-02  3.54055054e-02 -6.75295740e-02
 -1.06288372e-02  4.97209728e-02 -5.88135943e-02  3.89650986e-02
  5.24470098e-02  3.20756137e-02  1.51349008e-02 -3.80401015e-02
  6.15922585e-02 -2.30952967e-02  3.36592793e-02  1.58184201e-01
 -6.56735078e-02 -4.62137870e-02 -2.30596811e-02 -4.17972356e-02
  7.40920454e-02  3.64092528e-03 -2.81579830e-02  3.73254716e-02
 -2.77967639e-02 -8.72911960e-02 -2.76941005e-02  3.33773904e-03
 -5.12676919e-03 -4.08984087e-02 -6.02906048e-02  2.18700189e-02
 -3.86628741e-03 -9.03626496e-04  1.93256326e-02 -1.08269816e-02
 -7.57981697e-03  6.78915009e-02  4.07776795e-02  3.93501408e-02
  3.58177833e-02  3.64983082e-02  6.55788556e-02  5.97629771e-02
 -2.91488785e-02  3.07030194e-02 -7.07488805e-02 -4.82259039e-03
 -8.12889338e-02 -2.55874079e-02  3.68532650e-02  3.38583766e-03
 -2.83312146e-02 -2.45923065e-02  2.02453020e-03  3.92855480e-02
 -4.66932617e-02 -8.58244020e-03  4.53997180e-02  1.76953909e-04
 -1.65741034e-02  2.68489192e-03 -1.19109750e-02 -6.02564029e-03
 -4.89479750e-02  2.41944678e-02  3.58826444e-02 -1.20128218e-08
  5.75218210e-03 -4.48509417e-02  6.48116246e-02  1.53935077e-02
  4.15123664e-02  1.41975784e-03  6.75818920e-02  1.40027022e-02
  9.02927071e-02  8.69749635e-02 -8.49427879e-02 -1.72406957e-02
  2.79980376e-02  1.02257200e-01  6.89864233e-02 -1.13424901e-02
 -5.53604327e-02  6.10701516e-02 -1.14372663e-01 -9.03109461e-02
 -3.15074786e-03  4.63415757e-02  9.03340727e-02  2.88751014e-02
 -1.28252162e-02 -6.38706237e-02  5.49696386e-02  8.83551836e-02
  3.28057893e-02  5.86525984e-02  4.18619141e-02  2.33316943e-02
 -2.44314522e-02 -5.01794890e-02  7.99975172e-03 -9.75391194e-02
 -2.39654761e-02  1.87656796e-03  6.55927956e-02 -3.30359153e-02
 -8.80435407e-02  2.66893562e-02  6.88946545e-02  3.75116356e-02
  3.49228829e-02 -2.27270536e-02 -9.38469470e-02 -1.91820953e-02
 -4.80137914e-02 -7.49176741e-02  2.60867774e-02 -5.24852099e-03
  8.26877356e-02  1.95887201e-02  5.82110025e-02  2.35266797e-02
  1.48605667e-02 -1.33795300e-02 -5.10429312e-03  4.10690941e-02
  1.15963675e-01 -5.28081581e-02  1.19628914e-01  1.56313612e-03]"
270,Privacy and Data Security,Social,data,3,0.5021,"[ 2.61634327e-02  6.73615262e-02 -1.84297338e-02  3.83829325e-02
 -6.04884364e-02 -9.11865383e-03  9.51100215e-02 -1.50378849e-02
  2.24336907e-02 -1.28184212e-02  9.21079293e-02  7.38025783e-03
  1.73355993e-02 -1.89226121e-02 -3.89166139e-02  2.83862744e-02
  1.42348027e-02 -2.52467990e-02 -1.12482198e-01 -8.18859935e-02
 -1.16119692e-02  2.85782292e-03 -5.37801720e-02  3.16115841e-02
  1.10037364e-02  1.17899589e-01 -2.10035685e-02  1.21287769e-02
  4.21887338e-02 -1.06123991e-01  2.26398511e-03  4.65743651e-04
  7.85913095e-02  3.25817242e-02 -3.78388874e-02 -5.63817732e-02
  1.65934879e-02  5.74662089e-02 -3.68391871e-02  1.48089631e-02
  5.49380342e-03 -6.13433309e-02  4.97973431e-03  2.00838987e-02
 -2.23007007e-03  2.31782757e-02  1.27694923e-02 -6.09844457e-03
 -3.66509147e-03  9.09252316e-02 -8.45849440e-02  3.18377055e-02
 -2.25897450e-02  6.46462813e-02  3.15681361e-02  1.27257803e-03
 -3.36167514e-02  1.99827692e-03  1.96807720e-02  1.26974182e-02
  3.36875580e-02 -2.37593055e-02 -6.13478199e-02  5.19790687e-02
  7.33107030e-02 -3.14950198e-02 -4.93467785e-02  4.21402231e-02
 -2.94889826e-02 -6.31813854e-02 -2.57455953e-03  2.84733064e-02
 -1.40015353e-02  3.73703465e-02  5.51756248e-02 -7.35025778e-02
 -4.63022925e-02 -3.09945270e-02  8.53456035e-02 -4.89145927e-02
 -5.09549584e-03 -1.53382933e-02 -3.46084200e-02  1.13411494e-01
  4.49631289e-02 -3.05212494e-02  4.27999049e-02  7.16142952e-02
 -1.10782050e-01 -4.13617976e-02 -2.33607478e-02  3.44267488e-02
  8.59515183e-03  6.49201795e-02 -7.62422308e-02  7.76894912e-02
 -8.84167291e-03 -8.90285969e-02  8.62434804e-02  1.97246298e-01
  4.47948463e-03  6.15582764e-02 -4.82717417e-02  1.05208442e-01
 -7.05532432e-02 -1.25870124e-01 -1.00149512e-02  1.57150235e-02
 -2.20610481e-02  3.70662659e-02 -4.96078655e-02  8.31670221e-03
 -9.13617313e-02 -5.57773784e-02  4.70796041e-02 -1.28690019e-01
 -1.01446062e-01  2.90672984e-02 -7.64431730e-02  1.47325173e-03
  8.76449514e-03 -3.84329259e-02 -2.83463560e-02  2.76803840e-02
  4.33562789e-03 -8.05066898e-02 -2.43159123e-02 -4.63406909e-33
 -5.25332754e-03 -8.15124288e-02  5.52834235e-02  2.44064759e-02
 -5.52905351e-02 -2.29366720e-02 -8.09205770e-02 -3.66329961e-02
 -2.69819493e-03  1.02808155e-01 -5.23631312e-02  3.89833190e-02
 -1.68666430e-02  1.69298705e-02  1.02658115e-01  2.71548163e-02
 -2.31562909e-02  6.61308616e-02 -2.03728620e-02 -1.65217798e-02
  1.84438787e-02  2.30613705e-02  4.98855524e-02  2.73694284e-02
  6.39209598e-02  7.43067171e-03 -4.73832972e-02 -1.52383102e-02
  2.94464342e-02  1.68520175e-02 -2.77751461e-02  1.89064294e-02
  4.97931521e-03 -4.39352430e-02  1.51847517e-02  2.07904130e-02
  4.63737845e-02 -5.58343008e-02  3.10335937e-03  1.39546366e-02
  7.61482567e-02  1.75862247e-03  3.66926938e-02 -2.97185569e-03
 -5.39599210e-02  1.69304442e-02  5.57896905e-02 -4.38366272e-03
 -2.24486599e-03  1.82866007e-02  2.38593016e-03  1.77860018e-02
 -9.33021232e-02 -2.32840888e-02 -1.80316418e-02  5.68664372e-02
 -2.67719012e-02 -4.05526012e-02 -3.74745764e-02  3.28170247e-02
 -2.11956985e-02 -1.64035708e-03  4.09659557e-02 -2.22230051e-02
 -3.99220847e-02  2.08409075e-02 -8.11065454e-03 -7.01028481e-02
  1.09500729e-01  2.96976510e-02 -8.06801245e-02 -2.85462961e-02
  6.37675822e-02  1.04138895e-03  3.98125984e-02  5.35160229e-02
 -2.00392921e-02 -5.06950915e-03 -7.15977773e-02 -4.24578600e-03
 -2.74795815e-02 -1.18263721e-01  8.26192833e-03  9.03560407e-03
  1.28467544e-03  4.28344607e-02  1.90272443e-02 -9.13223475e-02
 -2.53905747e-02  5.43366745e-03 -7.29940087e-02  2.61655040e-02
 -5.13701215e-02 -3.77925001e-02 -2.09848192e-02  3.39934673e-33
 -6.06455468e-02  4.22221273e-02 -4.26133908e-02  9.37726796e-02
  4.44658436e-02  3.14118229e-02  4.95280661e-02  1.60615391e-03
  7.06100911e-02  5.92866763e-02 -1.78704262e-02 -6.09764680e-02
  7.24937990e-02 -5.36833294e-02 -2.33900882e-02  7.60225579e-02
  4.02012989e-02 -6.65667206e-02 -2.37036124e-02 -1.69274490e-02
 -9.17163566e-02  2.38099061e-02 -6.29040003e-02 -2.75127981e-02
 -6.09751381e-02  4.73304652e-02 -7.74693722e-03 -4.11433838e-02
  3.14951800e-02  2.53901444e-02 -1.34628378e-02 -1.09256260e-01
 -1.29666654e-02 -1.58502702e-02 -9.79849845e-02  1.07985167e-02
  1.38030350e-01 -1.94754377e-02 -4.99703810e-02  1.62304454e-02
  7.67919198e-02  6.08808361e-02 -3.97126600e-02  9.55759436e-02
  1.37630617e-04 -5.73348030e-02 -4.24218066e-02  8.84775966e-02
  6.20703809e-02  5.82541199e-03  2.93039717e-02  3.20610851e-02
 -1.79418344e-02 -2.20857766e-02  6.40433794e-03  5.94235025e-03
  2.96266712e-02 -7.44488696e-03 -1.04972189e-02  2.42636185e-02
 -6.63689449e-02 -2.61164438e-02 -1.94784943e-02  1.33122429e-01
 -2.88278814e-02 -2.38018837e-02 -1.22323409e-02 -8.66872445e-02
 -4.76872623e-02  2.32972838e-02  6.33526817e-02 -1.09155141e-02
  5.09212120e-03 -1.14060892e-02  1.33717461e-02 -4.75914106e-02
 -1.21222593e-01  3.67227793e-02 -1.16966972e-02  6.11366704e-02
  2.01799832e-02 -5.65433837e-02  7.85390660e-03  1.05856054e-01
  4.09529284e-02  2.70892531e-02  5.37720285e-02 -6.74962178e-02
 -1.77439116e-02 -2.48792991e-02 -5.85507713e-02 -8.73226207e-03
 -1.08009294e-01  6.03600480e-02  1.66108692e-03 -1.21508092e-08
 -2.01862659e-02 -1.01050653e-01  5.78557812e-02  4.63248082e-02
  5.56226484e-02 -1.02725700e-02 -1.33848460e-02  1.24306753e-01
  9.23179369e-03  4.58503738e-02  1.01338319e-01  3.78831178e-02
 -7.06890970e-02 -1.11400513e-02  5.39072528e-02  5.11273928e-03
  3.24307308e-02 -6.45257533e-02  1.40345031e-02  4.75250892e-02
  1.98100023e-02  6.36344999e-02 -5.91856353e-02  6.95094420e-03
  1.14755079e-01  9.41658206e-03  1.45471711e-02  1.26604334e-01
  4.60928073e-03 -6.13287615e-04  2.44380012e-02 -5.47513627e-02
  8.28980505e-02  4.77724336e-03  6.78754225e-02 -4.97469418e-02
  4.66640741e-02  5.18509559e-03 -4.54509668e-02 -4.25126217e-02
  3.63191813e-02  1.72803383e-02 -3.28489058e-02 -9.64663550e-03
  2.39249151e-02  4.10644971e-02 -1.00197047e-02 -9.94169805e-03
  1.83206443e-02 -2.20727529e-02 -4.83374018e-03 -9.34302621e-03
  2.62868851e-02  2.56934762e-02  5.01186848e-02  4.20829561e-03
 -4.51532716e-04  1.77344698e-02 -4.26493995e-02  1.63877849e-02
  1.02862723e-01 -1.10178962e-02 -4.60903160e-02 -5.56140728e-02]"
271,Privacy and Data Security,Social,protection,2,0.4364,"[-9.75529402e-02  1.56477854e-01  1.42438402e-02  2.53251772e-02
  1.01619817e-01  1.07075833e-01  1.71323821e-01  3.52011323e-02
  1.17404119e-03  3.32761668e-02  7.32554197e-02  1.59114618e-02
  6.67962357e-02 -1.78143457e-02 -2.03703903e-02 -2.80623231e-02
  6.85456246e-02  9.99524537e-03 -1.50496706e-01 -2.54489668e-03
 -6.99724704e-02  9.61180124e-03 -1.15226638e-02  1.01639284e-02
 -1.08373038e-01  5.56497686e-02 -2.30137315e-02  4.16711234e-02
  6.64631277e-02 -1.01062350e-01 -1.48595497e-02 -8.15754384e-02
  3.99838202e-02  2.28628758e-02 -1.41384825e-01  2.37039523e-03
  3.89491469e-02 -4.48163822e-02 -3.81051330e-03 -7.60900155e-02
 -7.35605881e-02 -3.98315936e-02 -2.43446082e-02  1.14961071e-02
 -2.71595344e-02  5.03952950e-02  6.87524229e-02  1.14549100e-02
  5.64759821e-02 -3.85155715e-02  4.09916788e-02  4.82629500e-02
 -3.38844061e-02  3.08204349e-02  2.30098888e-02 -6.91522881e-02
 -4.16932367e-02 -1.02336630e-02 -4.16923948e-02  4.02657241e-02
  4.33359668e-02  7.81980716e-03 -4.09901850e-02  5.75435571e-02
  2.35738204e-04 -7.54737556e-02 -1.68993603e-02  4.85692509e-02
  3.66366841e-02  1.10973567e-01  9.83045320e-04  1.87999438e-02
 -1.12859830e-02 -1.10021718e-02  5.00197411e-02  5.16800256e-03
 -2.26830468e-02 -1.02626145e-01  5.51060028e-02 -4.35235873e-02
  5.95995337e-02 -1.30996108e-02  2.67457347e-02  3.62121686e-02
  4.53167455e-03  4.97368835e-02  6.76593482e-02 -7.13469833e-02
  3.68404784e-03  8.22397135e-03  2.29835361e-02 -4.19977494e-02
  6.98109493e-02  4.23528142e-02 -6.54232129e-02 -3.84042487e-02
 -3.56890820e-02 -4.36199680e-02 -8.33938420e-02  2.32245237e-01
  3.88980359e-02 -4.77823429e-02  7.35321315e-03  6.34828210e-03
 -3.59055325e-02 -6.68841526e-02  4.60599223e-03 -3.93613726e-02
 -1.71512850e-02  5.79311438e-02  2.85750218e-02  4.03763875e-02
 -6.31763265e-02  3.28203253e-02 -2.33539920e-02  2.35344353e-03
 -3.60849686e-02 -1.03586782e-02  7.71719664e-02  4.23207617e-04
  6.51405081e-02  4.74766421e-05  7.69844502e-02 -2.26118276e-03
 -3.66469361e-02 -8.43756869e-02 -6.15748111e-03 -5.56810919e-33
  4.62818108e-02 -5.57354465e-02 -2.93816049e-02 -2.54350100e-02
 -1.37773594e-02 -2.47831503e-03 -1.90730020e-02 -3.25455293e-02
 -4.64241393e-02  7.76896849e-02 -2.35843081e-02 -1.78220980e-02
  5.97692886e-03 -2.39431318e-02  1.01458564e-01  6.99766576e-02
 -5.22757471e-02  2.66252533e-02 -4.85456316e-03 -8.57422687e-03
 -3.48992571e-02 -4.14597318e-02  4.42505851e-02  7.98932984e-02
 -3.74856405e-02 -3.82454544e-02  2.05156524e-02 -5.76268844e-02
  2.91397162e-02  5.68608493e-02 -7.28124231e-02  8.18610713e-02
 -1.93952657e-02  3.44715156e-02  1.51519962e-02  1.26851335e-01
 -3.84150334e-02 -1.11783817e-01 -1.12720737e-02 -4.75306101e-02
 -5.03589958e-02 -2.03102753e-02  2.85625318e-03  1.74683915e-03
  4.83498275e-02 -1.86700877e-02 -7.13444427e-02 -3.54064517e-02
 -1.45099714e-01 -8.24787747e-03 -2.91242115e-02 -1.47567014e-03
 -3.82997207e-02 -2.83390954e-02 -8.45595896e-02  6.70963293e-03
 -6.24817051e-03  3.57822195e-04 -7.85233732e-03  2.89244093e-02
  1.39726708e-02  1.73409265e-02  6.76471181e-03 -1.27290199e-02
 -1.94441415e-02 -9.41591263e-02  5.29083386e-02 -8.53932798e-02
  1.85960773e-02 -2.52617374e-02 -1.11556150e-01 -3.71793844e-02
  5.05852439e-02 -8.50654207e-03 -7.56995976e-02 -1.25353076e-02
  4.45462577e-02  3.86879854e-02  2.53185686e-02 -5.03223687e-02
 -7.17052370e-02 -3.05082500e-02 -2.39463130e-04  4.95388433e-02
  1.99100561e-03  9.92970262e-03  2.61418261e-02 -3.45888883e-02
 -2.89262161e-02 -2.76477053e-03  2.63550039e-03 -3.95821482e-02
  5.79474382e-02  3.19636241e-02 -8.21816921e-03  4.32435021e-33
 -2.74416488e-02 -2.87179369e-02 -1.03759253e-03  4.28488068e-02
 -8.39125365e-02 -3.29249650e-02 -1.65685359e-02  8.33088532e-04
 -6.56862259e-02 -8.88240233e-04 -5.13233021e-02  7.98711181e-03
  7.67386928e-02  8.01767223e-03  3.82082127e-02 -4.71763238e-02
  2.15194300e-02 -9.19072423e-03  2.24721548e-03 -4.60266098e-02
 -5.84363611e-03  2.50140745e-02  8.39880109e-03  6.02954999e-02
 -6.21677525e-02  1.59140828e-03 -5.70946522e-02  1.00049016e-03
  5.81598580e-02  4.06345651e-02  4.35462072e-02 -2.55507920e-02
 -6.58552274e-02  4.48007882e-02 -7.42596686e-02  2.96098553e-02
  1.24393955e-01  5.05404361e-02 -4.05138470e-02 -4.74522859e-02
  4.24911343e-02  3.84298600e-02 -7.44897407e-04  4.07418273e-02
 -1.65154915e-02  2.64249537e-02  5.65503500e-02  1.72665659e-02
  3.64267714e-02  4.20385273e-03  2.55596209e-02 -2.53848210e-02
  3.43178250e-02 -1.34424986e-02 -3.00269574e-02 -4.93679941e-02
  4.37569246e-02 -7.81108905e-03 -2.07664240e-02  2.98465583e-02
  9.73835215e-03  7.20250830e-02 -2.88373157e-02  5.06618954e-02
 -2.86156461e-02  3.59688587e-02 -6.11557104e-02  5.03251664e-02
  5.48707359e-02 -1.47280684e-02  1.68809444e-02  7.17316801e-03
 -1.98011808e-02 -2.29562894e-02 -7.97173157e-02 -5.53993881e-02
 -8.17014277e-02 -4.82720882e-02 -6.35539144e-02  7.51181021e-02
 -4.46075723e-02 -1.04658283e-01 -7.38807917e-02  1.92144364e-02
  4.69929092e-02 -5.44243716e-02  8.16074535e-02 -3.20319533e-02
  1.88520029e-02 -3.21195312e-02 -5.00181615e-02  5.96998036e-02
 -1.46394461e-01  2.58651804e-02 -4.89755645e-02 -1.25496342e-08
  3.70997526e-02  2.38879323e-02 -3.09917587e-03 -6.03107847e-02
  2.97401492e-02  2.88320892e-02 -2.81070415e-02 -6.51013330e-02
  2.13800017e-02  3.69487703e-02  8.61813799e-02 -3.79975960e-02
  5.61647303e-02  1.73463486e-02  1.95339806e-02  4.58175316e-02
 -4.12321202e-02  4.06814702e-02 -6.33819699e-02  2.92685665e-02
  2.47978680e-02 -5.99685730e-03 -8.43694061e-03  4.99140583e-02
  5.75636933e-03  2.89190933e-02  5.86142726e-02 -9.91047639e-03
  1.61118098e-02  7.78239071e-02 -2.92922650e-02  2.14850120e-02
  1.74363628e-02  1.94802675e-02  8.91769025e-03  7.38227442e-02
  4.32818495e-02 -9.05689783e-03  5.25567196e-02  2.98445038e-02
 -1.21937906e-02 -3.84782292e-02  1.11477613e-01  3.18454914e-02
 -4.14055889e-04 -1.06408086e-03  8.25463049e-03 -2.34711654e-02
 -1.93597768e-02  6.47378340e-02  8.36710387e-04  2.76345834e-02
  4.20883596e-02  1.37311861e-01 -1.28830066e-02  8.96464102e-03
  5.92996627e-02 -6.53807539e-03  5.19588217e-02  5.13749532e-02
  1.56871714e-02 -4.91175205e-02  1.07738964e-01  4.61376421e-02]"
272,Privacy and Data Security,Social,secrets,1,0.4,"[-1.04212448e-01  7.21761212e-02 -2.04739012e-02  6.39705136e-02
 -2.22628098e-02  1.73330512e-02  9.00757611e-02 -3.53743061e-02
  1.09972246e-02 -6.95511233e-04  1.45261455e-02  7.71230087e-03
 -4.32667509e-03 -6.56481385e-02 -1.53634707e-02 -1.18062971e-03
  2.08964124e-02  7.34777078e-02 -9.32546332e-02 -7.92563483e-02
  2.41549443e-02 -6.97932914e-02  1.07163321e-02 -1.10705076e-02
  5.29138837e-03  5.14780506e-02  3.42735872e-02  1.81907136e-03
 -3.07319928e-02 -9.30589214e-02  1.83769539e-02  2.96126362e-02
 -7.70354569e-02  1.04837248e-03 -6.99622557e-02  4.10916433e-02
  1.11880954e-02  1.12561975e-02  3.49757634e-02 -4.80589494e-02
 -2.37673968e-02 -4.15142588e-02  1.50577249e-02  4.43415903e-02
 -2.35187840e-02  5.07714264e-02  2.22076718e-02  6.54539280e-03
 -7.06895217e-02  7.66383484e-03 -2.03054883e-02  5.89397317e-03
 -6.25435337e-02  4.97703291e-02  4.85646240e-02 -4.30413745e-02
 -6.79158643e-02  1.86901633e-02 -6.87372638e-03  5.76901399e-02
  1.06393650e-01 -4.75730710e-02 -8.62903893e-04  1.27928378e-02
 -2.18550470e-02  4.24572341e-02  1.55556416e-02  2.45772209e-02
  7.03118965e-02 -5.42564318e-02 -5.04327714e-02 -3.25562223e-03
 -3.72475758e-02 -7.05345571e-02  1.93207040e-02  8.99638794e-03
  1.75744644e-03 -8.85708407e-02  1.97775592e-03 -2.71555558e-02
 -3.01731541e-03 -5.13566583e-02 -3.39009129e-02  5.99858426e-02
  5.32063469e-03 -2.93716546e-02  5.01170382e-02 -7.12613836e-02
 -2.62158439e-02 -2.57073939e-02 -3.16639468e-02 -7.94952437e-02
  2.23881006e-02 -1.30414860e-02 -5.38038509e-03 -4.72624153e-02
 -1.30122006e-02 -3.99415381e-02 -1.28128827e-01  2.55543590e-01
  1.72799975e-02  5.69072738e-02 -1.35416090e-02 -3.84405404e-02
  1.68232340e-02  2.69469544e-02 -5.40714059e-03  5.14596328e-03
  7.03862682e-02  5.79516143e-02  1.95037536e-02  3.65540721e-02
 -5.94480298e-02  1.22648068e-02  6.94033131e-02  3.93287726e-02
  4.17853445e-02  4.31159921e-02 -5.84091013e-03  7.75277764e-02
  3.47267240e-02  7.75847808e-02  3.27883922e-02  2.02650633e-02
 -1.21078253e-01 -1.57401524e-02 -5.23938350e-02 -7.03590527e-33
  3.06808110e-02  1.02757243e-03 -1.19188530e-02  5.96399195e-02
 -5.11335023e-03  1.80288740e-02 -2.46486207e-03 -2.84584574e-02
 -1.82021745e-02  1.23619087e-01 -9.69672867e-04  1.47087788e-02
 -8.54423195e-02  7.36876857e-03  8.33256915e-02  6.21306859e-02
 -9.85901803e-03  6.83660656e-02  6.00793138e-02 -7.87482113e-02
  5.93110286e-02  6.42902926e-02  5.86467870e-02 -7.03174621e-02
  7.67519847e-02 -2.53063235e-02  1.44679565e-04 -3.49305756e-02
  7.71176592e-02  2.41549630e-02  9.31101560e-04  2.79129017e-02
  8.87983292e-02  1.39901834e-03  1.22731011e-02  9.13136918e-03
 -9.74634755e-03 -1.18915752e-01  4.18633744e-02 -3.60140353e-02
  5.20004779e-02 -5.53336032e-02 -2.95233671e-02 -3.06492820e-02
  9.70665459e-03  5.17101660e-02 -6.84718601e-03  1.87722296e-02
  4.95714992e-02  8.12220573e-03 -4.60682809e-02  2.47680489e-02
 -1.04737282e-01 -6.97141662e-02 -1.67115629e-02 -4.53250259e-02
  4.48917262e-02 -5.68332151e-03  1.18707856e-02  3.70248742e-02
  2.19155569e-02  7.46593848e-02 -6.78228736e-02  1.14653623e-02
 -6.81494102e-02  2.90637407e-02 -4.33492940e-03 -6.90958053e-02
  4.09325175e-02  1.16195874e-02 -1.40397608e-01 -9.04153846e-03
 -1.46565586e-02 -3.52259949e-02 -5.55578880e-02 -1.37726939e-03
  1.29308617e-02 -2.50917440e-03 -4.08586003e-02 -5.00516221e-02
  3.93907912e-02  8.91434029e-03  1.19637102e-02  1.47470102e-01
 -6.63102046e-02  1.72979329e-02 -2.28147320e-02 -2.55258717e-02
 -1.50708929e-02  3.79904769e-02 -1.46283498e-02 -9.49676428e-03
  9.99186561e-02 -6.42939433e-02 -6.78780898e-02  5.10932807e-33
 -2.10909788e-02 -2.09681373e-02 -5.82392476e-02  6.26023635e-02
  6.27021194e-02 -5.82732307e-03 -7.67521262e-02  5.53753041e-02
 -2.92218607e-02  1.42965307e-02 -6.38101101e-02  4.00056504e-02
  2.66377758e-02 -5.03449515e-02  1.01778731e-01 -1.46803372e-02
  1.03232823e-01  3.46756876e-02  2.34608967e-02 -1.00895215e-03
 -4.16784249e-02 -8.27192292e-02 -6.72805309e-02 -6.63926965e-03
  1.32092033e-02  3.86700332e-02  2.90898718e-02 -5.74756088e-03
 -1.82346534e-02  2.40753461e-02 -1.33244358e-02  1.58093628e-02
 -6.62041977e-02 -3.31894532e-02 -7.67548904e-02  1.99988317e-02
 -4.68777083e-02  8.76265392e-03 -3.84988636e-02 -1.68355294e-02
 -8.17336980e-03 -1.36378752e-02 -1.34368818e-02  6.47123083e-02
 -6.34755418e-02  1.01506468e-02  2.64806673e-02  2.70823631e-02
 -3.70306522e-02  4.45960574e-02  2.19022557e-02 -4.11378033e-02
 -3.56828235e-02 -2.45359354e-02  6.20259671e-03  3.41129787e-02
 -1.05025329e-01  6.56940788e-02  7.45470673e-02  4.09094654e-02
  3.31494473e-02  6.64984211e-02 -7.40190446e-02  6.41853884e-02
 -5.72675392e-02  6.02616817e-02 -8.25586170e-02 -1.59420520e-02
 -3.78775410e-02  3.50454298e-04 -4.71881451e-03 -3.57744731e-02
 -1.91165805e-02 -4.11180453e-03 -2.83598211e-02 -5.75816706e-02
 -1.41411632e-01 -8.90350044e-02 -4.54479158e-02  6.03754595e-02
 -8.94442783e-04 -5.33427186e-02 -6.18556887e-03  1.66932661e-02
  9.55986381e-02  5.63479885e-02  4.76608016e-02  5.76269366e-02
  3.09806806e-03  1.53523460e-02 -7.22669857e-03  1.47505039e-02
 -9.52571351e-03 -3.58925797e-02  5.78407496e-02 -1.37252147e-08
  1.50180822e-02  2.71148123e-02  3.36767770e-02 -6.95830584e-02
  5.59290498e-03  1.87190417e-02 -2.11886298e-02  9.44288820e-02
  1.36946852e-03  1.03325069e-01  4.69802991e-02  1.85320769e-02
  3.37271020e-02  5.35641909e-02  3.20752300e-02  1.21175954e-02
 -2.08298005e-02 -3.58746201e-03  3.31544108e-03 -4.96366844e-02
 -5.46833165e-02 -1.10419630e-03  1.98480580e-02 -2.02517211e-02
 -4.63347323e-03 -2.48580216e-03  4.05789688e-02  7.73558542e-02
  7.31473565e-02  1.62922427e-01  1.29466914e-02 -8.70182291e-02
  6.26624003e-02  5.02016488e-03 -8.29375684e-02  4.69105095e-02
 -4.88096103e-03 -6.30277544e-02 -1.59863420e-02 -1.66380983e-02
 -6.67135790e-03 -3.11743002e-02  3.65841240e-02  4.99626026e-02
 -1.06165290e-01 -2.91626547e-02  1.01326786e-01 -6.36269599e-02
 -8.39817375e-02 -1.36469761e-02 -1.04911188e-02 -1.46765728e-03
  1.41301826e-02  9.04863849e-02  1.19735442e-01  3.15665789e-02
 -5.66491783e-02 -1.64212398e-02 -2.19247751e-02  5.72721881e-04
  8.25199336e-02  5.93707003e-02 -2.39661871e-03 -3.49193439e-03]"
273,Privacy and Data Security,Social,audits,2,0.3962,"[-4.91686054e-02  7.06115514e-02 -3.38013284e-02  2.58952305e-02
  2.19109543e-02  2.84530874e-02  1.08824059e-01 -8.80376026e-02
  3.18027958e-02  2.73642279e-02  4.62225489e-02 -3.95111665e-02
 -1.50528401e-02  8.51476844e-03 -1.51196972e-01 -7.83789754e-02
  2.22378094e-02  5.61202765e-02  1.19848466e-02  1.40412422e-02
 -7.25816339e-02 -4.12509665e-02 -2.92209033e-02 -7.96958152e-03
 -2.14390401e-02 -1.18843233e-02 -4.16134447e-02 -3.31815123e-03
 -2.76984423e-02 -1.06119223e-01 -2.95487121e-02 -6.62915409e-02
  2.63657197e-02  2.04627104e-02 -8.96196160e-03 -1.80178043e-02
  7.62987360e-02  2.99817994e-02  3.55074108e-02  2.79195909e-03
 -6.98691010e-02 -7.48948008e-02  1.60441007e-02 -1.38574913e-02
 -8.31158832e-02 -1.79453101e-02  5.94914658e-03 -3.96992266e-02
 -2.16556229e-02  3.34324241e-02 -6.90645501e-02 -4.66455854e-02
  4.03674021e-02 -7.27515109e-03  8.96298513e-03 -6.39305562e-02
  1.95383597e-02  8.26446805e-03 -3.20221782e-02 -4.90931571e-02
  4.72067557e-02  1.31271081e-02 -1.03696086e-01  6.04642294e-02
  2.78501641e-02  6.98580816e-02 -2.52358392e-02  8.02580714e-02
  1.85504947e-02 -7.10565150e-02 -3.70947085e-02 -7.48719424e-02
 -4.08330038e-02 -2.90084770e-03  4.04704399e-02 -1.49648553e-02
  2.73507778e-02  3.58536234e-03 -2.23948117e-02 -1.19611099e-01
 -3.35818380e-02 -1.17912665e-02 -1.20410509e-02  6.35154843e-02
  4.55896519e-02 -5.58808167e-03  1.25691807e-02 -1.93154104e-02
  1.46048730e-02  8.36168509e-03  4.33827341e-02 -4.15025949e-02
  4.73883450e-02 -4.99274954e-02  5.03433831e-02 -2.95385644e-02
 -2.26018447e-02  4.98509780e-02  1.21969715e-01  1.33996293e-01
  3.51172052e-02  8.02162290e-02 -4.79042269e-02  1.78872386e-03
 -6.78716553e-03  9.58950445e-03 -2.28726156e-02 -2.63130460e-02
  4.52079922e-02  4.28651646e-02 -7.90639315e-03  6.76008165e-02
 -1.31754978e-02 -1.72516759e-02  1.17424183e-01  1.34712923e-02
 -2.96075884e-02  5.28334714e-02 -8.80873017e-03  2.07355991e-02
  3.81118357e-02  5.86965643e-02  2.95268856e-02 -5.67212999e-02
 -5.86592890e-02 -3.82548198e-02  2.44787876e-02 -5.32146733e-33
  2.22997703e-02  7.52977133e-02 -4.13911901e-02  2.83196699e-02
  1.66961213e-03  4.27274518e-02 -2.85571180e-02  6.59281239e-02
 -2.25362983e-02  8.13340321e-02 -5.10430112e-02  1.31596267e-01
 -9.23701562e-03 -3.87687869e-02  9.31705460e-02  8.99533480e-02
 -4.24923981e-03  1.20100953e-01 -1.44948205e-02  3.46479518e-03
 -2.14210097e-02 -1.15458295e-01  5.79119474e-02  2.21011154e-02
  1.00890711e-01 -4.53958586e-02  5.80281485e-03  2.38979654e-03
  1.83263514e-02  4.00643535e-02  2.49059163e-02  3.44931521e-02
  4.21801768e-02 -2.78137950e-03  4.91350098e-03  5.79595044e-02
 -2.53927205e-02 -2.52047684e-02  3.01013868e-02 -8.17948729e-02
 -5.70657896e-03 -2.45828703e-02 -9.33505315e-03 -3.73102427e-02
 -5.51534295e-02  6.14781044e-02  1.40574295e-04  4.77780327e-02
  3.08916681e-02  4.18217592e-02  5.35814697e-03  3.59270792e-03
 -5.67194223e-02  3.17859687e-02  4.60171141e-02  3.35474573e-02
  7.07490444e-02 -1.56805273e-02  3.18124816e-02  2.32234821e-02
  5.53465001e-02  9.74085182e-02 -3.23960669e-02 -2.76930612e-02
 -1.13663912e-01 -4.17562798e-02  5.35556348e-03 -4.98955511e-02
  1.06521361e-01 -1.12356152e-02 -1.47973597e-01 -8.90972558e-03
  9.09284502e-03 -4.19410132e-03  2.34067999e-03  5.12347696e-03
 -2.61627845e-02  2.42218170e-02  4.14450467e-03  6.23201206e-02
 -4.49474938e-02 -7.46250525e-02  7.20060989e-02 -5.10043930e-03
  3.37227085e-03  3.77058312e-02 -4.19438481e-02 -4.79136081e-03
 -2.20818277e-02  2.18647011e-02 -7.12953433e-02 -2.93586068e-02
  4.09897454e-02  3.79098542e-02 -1.51034305e-02  2.27601035e-33
 -8.78157318e-02 -2.27870978e-02 -1.47652766e-02  1.49523905e-02
 -5.06616756e-02 -2.79795155e-02 -2.86666062e-02 -2.75609437e-02
  2.20681410e-02  6.84647337e-02 -8.12243000e-02 -4.10314910e-02
  6.88970312e-02  3.12535800e-02 -3.85823883e-02 -4.79509234e-02
  5.58249131e-02 -6.44726530e-02 -5.07766055e-03  1.13493123e-03
  5.47227971e-02  1.03829429e-01  9.68926698e-02  2.71672907e-04
  6.46523898e-03  6.80271536e-02 -1.49605097e-02 -5.74929826e-02
 -4.48803641e-02  2.11089160e-02  4.59908089e-03 -9.95723251e-03
 -2.81010102e-02  1.25826076e-01 -4.05801982e-02 -8.69922340e-02
  6.57142252e-02  1.23378197e-02 -1.53370230e-02 -2.22550575e-02
  8.79910365e-02  7.30130821e-02  7.75184706e-02  4.83964663e-03
 -2.43043303e-02 -4.63942438e-02 -6.65486231e-02  9.64042172e-02
  4.52841930e-02 -5.48194386e-02 -7.10925460e-02 -2.32490082e-03
  4.63550817e-03  3.49049456e-02 -9.07085687e-02  4.06774022e-02
  8.73281795e-04 -4.26247045e-02  8.08722060e-03  9.41559896e-02
 -8.59102327e-03  7.69422799e-02 -3.09377592e-02  8.40040743e-02
 -2.01021750e-02 -1.98343415e-02  3.82287763e-02 -6.76306849e-03
  2.50527281e-02 -4.31012409e-03  3.45585309e-02 -6.57782182e-02
 -8.44313055e-02  6.23702165e-03 -4.16542590e-02  5.59626669e-02
 -6.33187369e-02 -9.69217494e-02 -8.11142996e-02 -6.14397563e-02
  1.26093463e-03 -5.54282814e-02  1.54483598e-02 -1.73899028e-02
 -9.86459572e-03 -7.99002573e-02  8.44193473e-02 -9.40285772e-02
  6.04548454e-02  1.01042690e-03 -5.67026660e-02 -5.36253676e-02
 -1.53021468e-02 -6.88647479e-02  3.26192379e-02 -1.23180097e-08
 -7.71776366e-04  2.28508767e-02  8.38242471e-02  8.98263417e-03
 -1.01113482e-03 -1.06636025e-01 -7.03107566e-02  1.02970354e-01
 -2.41589826e-02 -4.35739122e-02  2.11272985e-02  2.34241062e-03
 -4.95694242e-02 -2.34847683e-02  4.08887789e-02 -1.05969779e-01
  1.13328900e-02  6.73826486e-02 -5.55203110e-02  1.29117686e-02
  8.70845746e-03  3.48126069e-02 -6.06156141e-03  3.45569588e-02
 -1.64787713e-02 -9.23250690e-02  5.76830981e-03  6.79726452e-02
  1.80880278e-02  3.36475521e-02 -9.03298520e-03  7.37762228e-02
  7.89521858e-02 -2.46356614e-02 -6.28755167e-02 -2.55349576e-02
 -5.69818076e-03 -4.36127298e-02 -5.55079384e-03 -2.89438143e-02
 -4.49376740e-02 -4.57468815e-02  4.55173776e-02  2.04419419e-02
 -1.00192696e-01 -6.35193661e-02 -4.02291678e-02 -6.27506431e-03
  2.17436012e-02 -4.42589261e-02  3.73707712e-02 -6.53164610e-02
  4.22664322e-02  7.55420700e-02  1.25721665e-02  1.71076469e-02
  6.44738451e-02  5.69403172e-03 -1.95531733e-02 -2.79461034e-02
  1.03743047e-01 -1.00133531e-02  9.01709124e-02 -1.15272412e-02]"
274,Privacy and Data Security,Social,trustworthy,2,0.3494,"[-8.55160281e-02 -3.21747512e-02 -8.04236606e-02 -6.80945627e-03
 -1.57215558e-02 -1.92054175e-02  8.30073729e-02 -3.13756205e-02
 -2.79369671e-03 -8.18189047e-03  1.07710231e-02  5.32584870e-03
  6.88057616e-02  3.16796713e-02 -4.92207445e-02 -8.85100849e-03
  1.28102705e-01 -3.20802294e-02 -9.88714620e-02 -7.50303641e-02
 -7.98784271e-02 -4.34252992e-02 -2.54103392e-02  2.98859761e-03
 -1.63238943e-02 -2.75176764e-02 -5.15097976e-02  3.09971757e-02
 -4.45902459e-02 -6.07383139e-02  1.47354836e-02 -3.35144177e-02
  1.28825866e-02 -3.05693913e-02 -4.04623774e-04  2.19683442e-02
  3.81731652e-02 -2.08555795e-02  3.06151249e-03 -3.57534550e-02
 -2.04778071e-02 -6.39735237e-02  2.84619126e-02  5.23214526e-02
 -7.89425150e-02  3.97111513e-02  7.08370507e-02 -5.83674796e-02
  1.42751518e-03 -1.42012173e-02 -1.84838977e-02 -1.20825134e-02
  3.93080106e-03 -8.88741761e-03 -8.63906182e-03 -1.18182357e-02
 -1.99966189e-02  4.39302176e-02 -2.08426863e-02 -4.93241213e-02
  9.46692452e-02  2.60472056e-02 -9.62869525e-02  1.55331418e-02
  5.02390303e-02 -1.48153808e-02  1.81876123e-02 -1.46921845e-02
  1.91816650e-02 -5.15483171e-02 -3.90468352e-03  1.14414806e-03
  1.43132620e-02 -8.68652668e-03  5.88006107e-03  1.05409762e-02
  7.68358707e-02 -8.88937786e-02  6.93691671e-02 -2.63347216e-02
 -9.79148075e-02  1.39888693e-02  1.66605171e-02  1.84341650e-02
 -6.04803208e-03 -4.09000404e-02  5.68676591e-02 -1.20111674e-01
 -1.59845799e-02  2.96204146e-02  2.06836723e-02  7.75066763e-02
  6.13601729e-02  2.65127067e-02  6.47160131e-03  3.36892121e-02
  5.25405118e-03 -6.56064302e-02 -6.40258044e-02  1.50268346e-01
 -6.81241900e-02  6.08592592e-02  7.58954138e-03 -2.48667747e-02
  9.31563005e-02  4.99355495e-02 -3.24488096e-02  4.59197629e-03
 -3.10969632e-03  3.54027487e-02 -3.49111222e-02  3.87244560e-02
 -3.06145987e-03  3.96839343e-02  8.24258849e-02  2.46943962e-02
 -4.26947214e-02  2.32326593e-02  4.61746764e-04 -3.74923497e-02
  3.25727873e-02  2.39281543e-02  1.01468988e-01 -1.24537637e-02
 -6.45638630e-02 -1.55001521e-01  5.62725626e-02 -2.48639353e-33
  1.78377163e-02  1.11197427e-01 -8.83233268e-03 -5.58659509e-02
  2.37525534e-02  8.95224046e-03 -4.90439907e-02  3.87418307e-02
 -7.60127753e-02 -7.18945218e-03 -3.97537835e-02  1.41698390e-01
 -1.01166040e-01  1.74998883e-02  1.36482254e-01  9.73467603e-02
 -3.69168296e-02  4.13786434e-02  1.06180254e-02 -7.50690140e-03
  1.58068631e-02 -4.90431525e-02 -2.56833546e-02 -2.99967192e-02
 -2.52873432e-02 -5.02810292e-02  8.17556381e-02  4.23813984e-02
  3.06228697e-02  3.64288464e-02 -6.66642636e-02 -5.41212223e-02
  3.06663234e-02 -4.68845703e-02  1.66585241e-02  5.87870833e-03
 -7.66460001e-02 -4.55931276e-02  1.23634888e-02 -2.38464568e-02
  5.61166480e-02 -6.19666837e-02  2.40719356e-02  7.97972158e-02
  8.57877359e-03  4.40642089e-02 -4.66380455e-02  1.82977598e-03
 -6.07460774e-02 -1.48783829e-02 -3.06174755e-02  6.75711874e-03
 -1.52372960e-02  1.63254775e-02 -8.37988108e-02 -9.80524626e-03
  6.62176535e-02  4.22047563e-02 -5.38844280e-02 -1.07569937e-02
  1.04472518e-01  1.14437573e-01 -6.51110187e-02 -8.55783150e-02
 -5.61166629e-02  2.16424558e-02 -6.71691075e-03 -1.48073090e-02
  1.40630286e-02  1.68129224e-02 -4.33426052e-02  6.55997917e-03
  1.78960338e-02  1.65840723e-02 -1.91128533e-02 -4.86856624e-02
 -7.75430491e-03  9.50113521e-04  2.75131557e-02  1.62592381e-02
 -6.04528002e-02 -8.86248332e-03 -3.45577225e-02  1.20828129e-01
  9.85504594e-04 -2.27039549e-02 -5.56557141e-02 -6.28837273e-02
  9.87529568e-03  1.27990142e-01 -1.74784977e-02 -1.98941641e-02
  1.55388355e-01  1.94155686e-02 -1.09994218e-01  3.13034072e-33
 -1.56531036e-02 -9.53476410e-03  4.49354872e-02  2.02145457e-01
 -2.32683364e-02 -4.05421993e-03 -8.22923109e-02  8.07781070e-02
  2.68410351e-02  1.06051520e-01 -4.89664227e-02 -1.51751135e-02
  6.76145256e-02 -2.84684412e-02  2.39329766e-02 -6.02070652e-02
  3.58822532e-02  1.05653144e-02 -3.47100645e-02 -2.02013981e-02
  9.04383138e-02 -4.34884848e-03 -1.00216165e-01 -1.11364303e-02
  1.20573174e-02  5.71575947e-02 -3.88581604e-02 -6.49135783e-02
  7.78878620e-03  2.85968855e-02  3.73673402e-02  6.36640415e-02
 -5.59901707e-02  6.12720177e-02 -5.28287105e-02  6.29564449e-02
  4.54684943e-02  2.96840798e-02  3.56084295e-02  2.72839088e-02
  2.50023454e-02  4.63345423e-02 -6.90392330e-02  5.67444190e-02
 -2.26350408e-02 -5.61412498e-02  6.74270168e-02  3.16319577e-02
  1.71378646e-02 -9.67518426e-03  8.69618915e-03  3.74683999e-02
 -2.62768809e-02  3.07039768e-02  3.18343751e-02 -2.97730719e-03
 -3.91563140e-02  6.93816394e-02  5.89938089e-02 -1.34226438e-02
 -3.42810676e-02  3.05957999e-02 -9.18195099e-02  7.81797841e-02
  7.29940925e-03 -2.78314139e-04 -3.21635641e-02  5.36320508e-02
 -2.25839876e-02  9.36564989e-03  9.24364552e-02  8.21968541e-03
  4.39413227e-02 -1.16574345e-02 -2.11039316e-02 -1.01603428e-02
 -3.82146165e-02 -1.61801353e-02 -5.17298328e-03  3.05569731e-02
  4.84695882e-02 -8.58300775e-02  7.27108940e-02  8.64248537e-03
  7.18604624e-02 -2.03108657e-02  1.15624949e-01 -7.76675716e-02
  1.63719407e-03 -9.64166317e-03  3.91617827e-02  5.83561894e-04
 -6.75937161e-02  3.53660583e-02 -3.13307643e-02 -1.34452787e-08
  4.29201163e-02  1.12176770e-02 -3.01138274e-02  1.78526472e-02
 -5.34095690e-02 -5.98548464e-02 -5.64518943e-02 -6.32853508e-02
 -3.50210704e-02  2.06729174e-02  2.00943537e-02 -5.97500242e-02
 -3.97707894e-02  6.70862198e-02  2.09838171e-02 -2.79129557e-02
 -5.96968532e-02  1.88680664e-02 -2.05979552e-02  4.39646542e-02
  9.85451415e-03  1.17928013e-02 -2.63873413e-02 -4.27243998e-04
  2.25114170e-02  1.50848376e-02 -9.45628528e-03  1.16214462e-01
 -2.76978835e-02  1.11227408e-01  2.74896864e-02  1.04309089e-01
  1.06121199e-02 -5.93506098e-02 -1.04536479e-02  4.13777046e-02
 -1.37643572e-02 -5.52726910e-02  1.54570406e-02 -1.33525599e-02
  6.11398742e-02  6.09213971e-02 -3.42761315e-02  4.43867827e-03
 -3.14322393e-03 -7.88503662e-02  5.99757172e-02 -2.57361028e-03
 -5.71660101e-02 -4.69652610e-03 -9.58503340e-04 -3.38569768e-02
  1.53728323e-02  2.19939668e-02 -6.66805636e-03 -3.12933996e-02
 -2.05610693e-02  1.14488369e-02  1.12757133e-02  3.68412957e-02
  7.02342167e-02 -1.42737329e-02  9.73270610e-02 -5.59115633e-02]"
275,Privacy and Data Security,Social,audit,7,0.3492,"[-4.51628231e-02  9.63124782e-02 -3.97269875e-02 -2.80739344e-03
  3.21632884e-02  1.91590078e-02  1.25424892e-01 -7.79845864e-02
  2.18324102e-02  3.28767821e-02  5.46317883e-02 -3.97676528e-02
 -3.39375553e-03 -8.51455424e-03 -1.42589033e-01 -6.27120957e-02
  2.61112135e-02  2.60004979e-02  1.92952268e-02  3.50395427e-03
 -6.52056932e-02 -1.74824409e-02 -6.93531567e-03 -1.45399841e-02
 -2.23073773e-02 -1.65771544e-02 -3.22122537e-02  3.60481218e-02
 -2.65022181e-02 -1.12082139e-01 -1.46446712e-02 -6.23083003e-02
  6.91290991e-03  1.89595409e-02  1.64505909e-03 -2.70797797e-02
  4.46845107e-02  1.51460571e-02  2.92135254e-02  3.25717876e-04
 -7.59699568e-02 -8.95572752e-02  6.39012223e-03 -1.79019161e-02
 -6.81216046e-02 -1.25927152e-02 -5.43008791e-03 -3.54126692e-02
  1.27810100e-03  5.28094359e-02 -7.40129948e-02 -3.20398621e-02
  1.34164924e-02 -3.69915329e-02  1.40026594e-02 -4.35926765e-02
  4.72957175e-03  5.70542528e-04 -1.44187827e-02 -6.35044873e-02
  3.69360000e-02  4.53912392e-02 -8.14509317e-02  5.73694296e-02
  2.44506877e-02  6.57333508e-02 -1.58217549e-02  3.09031513e-02
  1.28591610e-02 -7.62284845e-02 -1.10715246e-02 -8.36131722e-02
 -2.58587748e-02 -2.67575346e-02  1.90385245e-02 -3.06059774e-02
  3.70379537e-02  7.36149075e-03 -1.68601051e-02 -7.48731270e-02
 -2.20674369e-02  3.00495066e-02 -7.73672527e-03  7.15646073e-02
  2.42642909e-02 -9.30747762e-03  3.81517373e-02 -1.15663828e-02
  4.07314999e-03  1.48873255e-02  4.10428792e-02  2.69219652e-03
  3.82875241e-02 -5.38467765e-02  6.53257594e-02 -2.57380381e-02
 -2.38438025e-02  5.36773801e-02  9.52672958e-02  2.19761714e-01
  3.64056304e-02  9.12422538e-02 -9.50152948e-02 -3.34738828e-02
  3.14277457e-03 -1.00671425e-02  1.02233971e-02 -2.42778081e-02
  4.39912230e-02  2.77399272e-02  4.56909090e-03  7.07754716e-02
 -8.85063689e-03 -1.84327345e-02  1.24848917e-01  5.84875941e-02
 -2.16060523e-02  5.19437753e-02 -2.86170691e-02  2.98183393e-02
  3.84658799e-02  5.10816984e-02  4.63497126e-03 -4.51783426e-02
 -5.38412035e-02 -7.05044121e-02  8.52651671e-02 -5.91659110e-33
  2.02028323e-02  5.65500967e-02 -2.68122572e-02 -1.56239988e-02
  1.10947508e-02  6.11932874e-02 -2.26974655e-02  6.61317036e-02
 -5.00007644e-02  8.15133229e-02 -1.47587005e-02  1.00090861e-01
 -2.18906794e-02 -5.13749085e-02  6.61550537e-02  1.14094906e-01
 -1.70989223e-02  1.23628929e-01 -1.91285717e-03 -5.86665655e-03
 -4.18207096e-03 -1.31403625e-01  6.32077307e-02  2.37135906e-02
  7.50446245e-02 -4.64397818e-02  1.54608730e-02 -1.83111615e-02
  9.33149015e-04  3.83024029e-02 -6.21439773e-04  2.81441752e-02
  4.74569835e-02 -8.42304528e-03  2.61970120e-03 -1.29354643e-02
 -2.94633135e-02 -1.26992501e-02  1.95971373e-02 -7.44198784e-02
  4.76181880e-03 -2.89115738e-02 -4.60711634e-03 -5.00433631e-02
 -7.40044862e-02  5.38677461e-02  1.69797409e-02  4.30423953e-02
  1.47289429e-02  2.34343149e-02  2.42525581e-02  4.16870136e-03
 -3.57896946e-02  3.83812860e-02  1.02683753e-02  4.38172147e-02
  6.65837154e-02  2.09530815e-02  3.23543362e-02  2.45644394e-02
  8.82869735e-02  9.88764390e-02 -2.96308845e-02  1.67731158e-02
 -1.04577705e-01 -4.57519405e-02  2.35312842e-02 -4.24756259e-02
  1.16032578e-01 -1.51955085e-02 -1.17649250e-01 -3.65868323e-02
 -1.99998450e-02  2.24650446e-02 -6.82200352e-03  9.98479221e-03
 -1.61192305e-02  3.47895175e-02  2.10899301e-02  2.87997089e-02
 -7.71970227e-02 -8.09109360e-02  6.36038482e-02 -3.53999101e-02
 -1.33077288e-02  5.26650771e-02 -3.60572375e-02 -5.14239632e-03
 -1.85646582e-02  3.50181386e-02 -5.23825325e-02 -2.79182456e-02
  5.37517220e-02  3.59146595e-02  2.15787347e-02  3.36600346e-33
 -6.93352371e-02 -3.09863091e-02  1.31437154e-02 -2.67240312e-02
 -5.69764152e-02 -3.34126092e-02 -1.84873119e-02 -2.10971460e-02
  4.66831354e-03  9.20595750e-02 -6.64085373e-02 -4.63550687e-02
  7.75431097e-02  4.35380265e-02 -3.90212238e-03 -3.32829691e-02
  4.71883267e-02 -5.01449518e-02 -1.55692082e-02  2.62607764e-02
  4.48686853e-02  7.50080869e-02  1.19459420e-01 -7.28671858e-03
 -9.01073497e-03  6.82978109e-02  3.31989452e-02 -2.86840759e-02
 -3.45339440e-02  2.00594142e-02  4.30745073e-03 -1.21452361e-02
 -1.44536961e-02  1.17673419e-01 -1.74819250e-02 -8.34126845e-02
  7.74736628e-02 -3.21547277e-02 -6.21237466e-03 -3.41815548e-03
  6.47201911e-02  7.05966428e-02  6.65662289e-02  6.16884651e-03
 -1.96344070e-02 -3.13998237e-02 -5.16928583e-02  7.64122531e-02
  4.91227992e-02 -2.47669462e-02 -6.66727424e-02 -1.31586529e-02
  4.54426110e-02  2.94222869e-02 -1.07963756e-01  5.23130409e-02
  2.69881357e-02 -4.50395606e-02 -1.31820804e-02  9.43211913e-02
 -7.84128532e-03  7.28323162e-02 -2.00327300e-02  6.48895726e-02
 -1.67775583e-02  2.18761992e-03  5.16004264e-02  1.27092386e-02
  2.35585459e-02 -7.90611282e-03  1.27000697e-02 -5.22158444e-02
 -8.70746449e-02  2.40398142e-02 -1.81470867e-02  4.52764519e-02
 -5.63793816e-02 -9.35645774e-02 -7.28895068e-02 -2.46191826e-02
  1.14290138e-04 -3.89425196e-02  1.18469698e-02 -3.37754451e-02
 -1.43012600e-02 -9.36497748e-02  5.20003401e-02 -7.91444704e-02
  4.19988856e-02  1.53660662e-02 -5.80339096e-02 -3.74982469e-02
 -5.42460717e-02 -8.67096260e-02  1.18338233e-02 -1.22936026e-08
  4.38187690e-03 -9.72516893e-04  1.12568937e-01  2.07253974e-02
  2.40202323e-02 -1.19162217e-01 -6.60809204e-02  5.28923012e-02
 -3.56508344e-02 -5.82785942e-02  8.56464729e-03 -7.03152595e-03
 -5.48371077e-02 -1.65897161e-02  1.59861241e-02 -1.19495049e-01
  3.31347296e-03  5.28020561e-02 -4.56581004e-02  1.26752835e-02
  1.66301094e-02  2.02321615e-02 -1.16398828e-02  3.46050598e-02
 -3.96208540e-02 -9.87390503e-02  5.85202407e-03  8.64206702e-02
  1.23609779e-02 -7.14107044e-03 -6.03618240e-03  8.37805048e-02
  6.17623329e-02 -1.76996198e-02 -1.32449508e-01 -1.63732190e-02
  3.17983096e-03 -3.70327942e-02 -4.92979016e-04 -2.37330608e-02
 -2.40967404e-02 -3.53495777e-02  5.22288121e-02 -2.55502015e-03
 -1.25865147e-01 -6.70974255e-02 -5.79296798e-02 -4.98402491e-02
  2.19009351e-02 -4.75865304e-02  2.38755271e-02 -4.93732430e-02
  5.88833801e-02  6.53556660e-02  2.40279771e-02  8.37097690e-03
  4.43947874e-02  1.26031116e-02 -2.64967438e-02 -1.64078921e-02
  1.22619905e-01 -2.14847233e-02  9.03997347e-02 -3.56430151e-02]"
276,Privacy and Data Security,Social,integrity,1,0.3472,"[-5.77070899e-02  1.06726855e-01 -5.77834100e-02 -5.18107899e-02
 -5.13875065e-03 -2.89781354e-02  7.79186264e-02 -4.11809608e-02
  1.57267216e-03 -1.51972519e-03  3.62680256e-02  2.16185041e-02
  7.01725632e-02 -1.23803485e-02 -7.76784793e-02 -2.12995000e-02
  1.63397770e-02  6.27687648e-02 -7.53645822e-02  4.53526191e-02
 -1.03693105e-01 -2.78985202e-02  9.16365441e-03  1.95804294e-02
 -8.44116881e-02  1.13754505e-02 -1.48768313e-02  3.46748880e-03
  3.14296447e-02 -1.47365704e-01 -1.44030927e-02 -7.19466200e-03
  6.61534071e-02  4.72698212e-02 -4.53029126e-02  7.08983615e-02
  7.27162585e-02 -3.25573646e-02  8.79632030e-03 -7.46112838e-02
 -5.00025302e-02 -6.65660352e-02 -6.78546578e-02  2.64520254e-02
 -5.44695146e-02 -1.32470336e-02  6.47067875e-02 -1.40350463e-03
 -1.61571819e-02 -6.42152578e-02 -7.00969622e-02 -4.91321692e-03
 -6.72720447e-02  3.96679379e-02  2.54689585e-02 -3.32539417e-02
  1.77860707e-02  3.70652676e-02 -4.17869538e-02  3.57092102e-03
  8.59163478e-02  8.69525596e-02 -5.97968735e-02  5.15709259e-02
  9.23598707e-02  5.13550490e-02  6.31359871e-03  4.00734767e-02
 -4.66398373e-02  3.89834680e-02  1.66556332e-02 -9.04375464e-02
 -3.45977470e-02  5.05494792e-03 -2.87807565e-02  9.19525232e-03
 -5.24013601e-02 -6.60052225e-02  5.05257994e-02  9.57291108e-03
 -6.83017075e-02 -2.71465024e-03  5.10150008e-03  7.74636269e-02
  4.42360118e-02 -5.18633313e-02  6.05530385e-03 -8.85615721e-02
  4.08177115e-02 -7.96571374e-03  2.30759922e-02  2.19237041e-02
  1.17040507e-01 -3.15127261e-02 -7.41429068e-03  2.83011876e-04
 -4.98095006e-02 -5.20048440e-02 -1.87609792e-02  2.05477253e-01
 -3.79345827e-02  5.24546914e-02 -1.09385155e-01 -1.51248630e-02
  6.02327026e-02  4.81666951e-03  4.21159202e-03 -1.02648959e-02
 -1.21777859e-02  1.77701712e-02 -3.22349034e-02  4.29133251e-02
 -5.79999499e-02  1.51288956e-02  1.51691645e-01  6.81297034e-02
 -4.06916626e-02  6.85186833e-02  4.91593964e-03 -9.77123827e-02
  4.98659983e-02 -5.66992117e-03  5.25675528e-02  4.34233584e-02
 -5.75329885e-02 -1.47598058e-01  7.93236867e-03 -5.05161975e-33
 -1.97922271e-02  7.52009451e-02  4.51454930e-02  4.59010080e-02
 -7.14128464e-02  1.48000345e-02 -2.45016478e-02 -2.37811189e-02
 -8.45491141e-03  6.97966293e-02 -4.20386083e-02  3.22306491e-02
 -1.22215925e-02 -1.09407129e-02  8.38553682e-02  1.01236761e-01
 -1.02539875e-01  2.98134498e-02  5.59146516e-02  4.75380048e-02
  4.33645509e-02 -6.44495413e-02  5.76666519e-02 -2.34562010e-02
  1.42120915e-02 -1.90617088e-02  2.35450175e-02  3.30938995e-02
  5.05159097e-03  2.61296704e-02 -2.10028775e-02  6.73769554e-03
  8.50415602e-02  4.83122617e-02 -2.68483162e-02  5.97742647e-02
 -4.74921614e-02 -4.71186489e-02  2.63225641e-02 -5.23278825e-02
  3.84178758e-02 -1.89986348e-03  3.11023388e-02 -1.72067173e-02
  6.63345158e-02  6.49258718e-02  1.05067110e-02 -2.75033005e-02
 -1.22671127e-02  4.41639945e-02  7.17050303e-03  3.89697701e-02
  4.81966063e-02  9.44139261e-04 -1.07491009e-01  1.60807017e-02
  3.95069234e-02  1.63215064e-02 -3.58983353e-02  8.17143638e-03
  6.47415072e-02 -1.51972910e-02 -8.43511373e-02 -5.65437181e-03
 -9.65929125e-03  3.55575420e-02 -6.42776638e-02 -1.50837339e-02
  7.32218996e-02 -3.64301652e-02 -9.30003077e-02 -3.86173055e-02
 -2.73933318e-02  5.61288185e-02 -1.00733422e-01 -1.77978575e-02
 -6.64269179e-02 -2.25196611e-02  3.86252552e-02 -3.56240151e-03
 -7.21933693e-02  1.11350892e-02 -1.93919986e-02  4.58400557e-03
 -2.82641724e-02 -3.59510034e-02  4.45296392e-02 -2.87872553e-02
  2.72311699e-02  1.04922332e-01 -1.45519804e-02 -1.06788883e-02
  1.03743397e-01  1.93081293e-02 -4.09806930e-02  3.20646684e-33
  2.63619237e-03 -6.84634000e-02 -4.58072796e-02  1.38829410e-01
 -3.82575542e-02 -2.97386460e-02 -4.09369878e-02 -2.33221129e-02
  8.46858509e-03 -2.28382759e-02 -2.90215556e-02 -5.99179566e-02
  1.05285890e-01  3.13537270e-02  2.22214460e-02 -6.03940934e-02
  4.41517821e-03 -6.24585897e-02 -2.83799898e-02  5.91996908e-02
  9.64065120e-02  8.22992902e-03  1.35144703e-02  8.39118101e-03
 -1.60397086e-02  6.45085797e-02 -4.12961207e-02 -6.27052709e-02
  1.26479967e-02  4.72417548e-02  2.98542697e-02  1.11780260e-02
  3.93291563e-03 -2.44858884e-03  1.48530910e-03 -5.20794317e-02
  7.19560161e-02  7.84983039e-02 -3.88878100e-02 -3.68206576e-02
  4.82741669e-02  1.08535169e-02 -6.83833882e-02  1.60494074e-02
 -2.08603106e-02 -5.66509962e-02 -3.21653523e-02  5.06958291e-02
 -6.55657751e-03 -1.67491511e-02  1.41367530e-02 -5.96552715e-03
  3.08529902e-02 -4.39712487e-04  2.81519499e-02  9.44852903e-02
  1.14630004e-02  6.87450841e-02  6.57128990e-02  9.15037692e-02
 -5.03249168e-02  6.96107522e-02 -7.81019330e-02  2.73454599e-02
  3.61767784e-02  3.58661786e-02 -2.63317302e-02  1.35753062e-02
 -4.52847145e-02  1.89932482e-03  8.34474061e-03 -7.04296306e-02
 -5.52940406e-02  1.79605819e-02 -4.64803018e-02 -8.44148640e-03
 -8.68997946e-02 -7.71809965e-02 -3.95654440e-02 -1.77432247e-03
 -4.37131636e-02 -7.80306831e-02  1.01396851e-02  6.78716898e-02
 -5.01080118e-02 -4.37134206e-02  3.76979485e-02 -3.97824980e-02
 -6.52539032e-03 -2.73844562e-02 -1.40373241e-02 -1.28786694e-02
 -8.75966400e-02 -5.77815101e-02 -5.82591183e-02 -1.17863026e-08
 -2.91197281e-02  1.18883103e-02 -7.69422564e-04  3.22042331e-02
  4.39319387e-02 -6.28307387e-02 -3.77534814e-02 -7.81753957e-02
  2.91212066e-03  1.59335472e-02  5.52410521e-02  2.79963342e-03
 -5.05694598e-02  1.14429351e-02  4.09265310e-02 -5.78807667e-03
 -6.98092133e-02  5.32441288e-02 -8.43096524e-02  1.53420474e-02
  4.24378999e-02 -1.71934313e-03 -4.26785536e-02 -1.63307216e-03
  4.49308269e-02 -1.43158976e-02 -5.03735663e-03  7.88804963e-02
  2.80933250e-02  9.77311656e-02  8.11461881e-02 -3.66428262e-03
  9.13577974e-02  1.20107038e-02 -5.70232654e-03  5.49552999e-02
 -2.10390966e-02  1.19519681e-02  3.59926224e-02 -2.56297067e-02
 -1.10371895e-02  7.05752149e-02  1.04066329e-02 -3.62915103e-04
  4.89396229e-02 -1.52837457e-02 -5.08379191e-02  5.62199391e-02
 -4.40237112e-02  1.77404825e-02 -2.01937165e-02 -2.59089991e-02
 -2.28363983e-02  3.14339772e-02  1.02499994e-02 -2.57244110e-02
  4.92205247e-02  2.21632980e-02  3.91974580e-03 -2.76924693e-03
  1.36195704e-01 -5.84533997e-03  1.12044714e-01 -1.03496574e-01]"
277,Privacy and Data Security,Social,rights,4,0.3447,"[-5.02304398e-02  9.19448808e-02 -4.46229093e-02  2.15228293e-02
  2.82218773e-02  8.34794566e-02  8.26021284e-02 -7.57010356e-02
 -6.03124425e-02 -2.28036754e-02  1.99880488e-02  7.91439787e-02
 -1.26253357e-02 -4.86188270e-02  5.21798134e-02 -5.90694416e-03
 -1.29475603e-02  2.73518302e-02 -1.42051414e-01  1.09563814e-02
 -4.84865941e-02  1.97680034e-02 -2.31895633e-02  3.27711366e-02
 -3.36774811e-02  6.60227984e-02  1.49771897e-02 -2.80344076e-02
  9.82212350e-02 -7.70501122e-02  4.51583974e-02 -4.33186963e-02
  3.49105336e-02  2.52019637e-03 -7.71151036e-02  9.05271433e-03
 -6.46814355e-04 -8.42676014e-02  1.47552826e-02 -4.46944609e-02
 -2.12333836e-02 -1.24954291e-01 -5.31498343e-03  4.84939781e-04
 -1.06303650e-03  6.95282891e-02  1.15656838e-01  2.49599777e-02
  6.18507154e-02  2.00444255e-02  3.53572108e-02  3.00891697e-02
 -5.42421676e-02  3.85513566e-02 -2.19078846e-02 -3.10030510e-03
 -2.03487407e-02 -3.92419919e-02  6.24640696e-02 -4.30258689e-03
  9.95700061e-03 -3.49357277e-02 -7.01858774e-02  2.17605662e-02
 -1.49340769e-02 -4.32713563e-03  4.15846668e-02  4.21820171e-02
 -8.77714157e-03  3.74027118e-02 -8.52275826e-03  5.01549318e-02
  7.05063269e-02  3.26627046e-02  8.59356672e-02 -3.95726375e-02
  3.43399532e-02 -2.07787845e-02  2.01271940e-02 -8.09014142e-02
  2.32139789e-02  8.73281097e-04  3.06101167e-03  2.51386175e-03
 -3.32672074e-02  1.18484758e-02  3.02881692e-02  7.57352859e-02
  6.15698360e-02  4.58129123e-02 -9.65460390e-03 -2.14083884e-02
  1.04574829e-01 -3.27028483e-02 -9.88370627e-02 -4.70690243e-02
 -3.41090336e-02 -2.36959793e-02 -8.52466822e-02  2.00899556e-01
 -7.89927412e-03 -3.55270319e-02 -5.52574918e-02 -9.85113997e-03
  5.20135500e-02 -2.98455227e-02 -4.74393088e-03  3.85660566e-02
 -3.39803100e-02  6.47379830e-02 -5.16230799e-02  1.49793513e-02
 -3.89292203e-02  7.75405914e-02  8.81570131e-02  2.92461906e-02
 -2.32668724e-02 -5.96843194e-03  3.94549370e-02 -7.23233819e-02
 -2.20519118e-02  4.33663838e-02  1.36895664e-02 -1.69096471e-04
 -2.00711563e-02 -9.63721499e-02 -9.70953181e-02 -6.85995801e-33
 -4.43915017e-02 -6.79254234e-02  3.70746627e-02 -7.45952502e-03
  4.33144718e-02  1.20293954e-02 -8.64100009e-02 -1.62760019e-02
 -8.49989429e-02  1.31791130e-01  6.44024685e-02  2.57992912e-02
  1.05088847e-02 -6.65199459e-02  8.01489502e-02  5.85147217e-02
 -2.09542327e-02  8.00656304e-02  4.38845381e-02  2.63557453e-02
 -1.53746866e-02  8.38192776e-02  2.36950023e-03  8.87237042e-02
 -8.99808109e-02 -7.14522898e-02 -2.96894629e-02 -7.80936778e-02
  2.55099647e-02 -1.90059636e-02 -4.87546483e-03  6.25157133e-02
  3.71285453e-02 -7.04858974e-02  1.79329086e-02 -3.84813771e-02
 -1.62091162e-02 -3.64282280e-02  1.94426738e-02 -4.22874950e-02
 -3.14581171e-02  1.72626041e-02 -3.13013420e-02 -7.80113973e-03
  3.97468656e-02 -1.44355791e-02 -2.84368470e-02  3.85549776e-02
 -6.27363520e-03  7.79842436e-02 -4.64644879e-02  7.14203492e-02
 -4.72096950e-02 -3.72203216e-02  3.86182778e-02  1.93680450e-02
 -7.81096751e-03  8.07374790e-02 -3.35750692e-02 -8.07508677e-02
  1.94755904e-02  6.51620775e-02  3.83475423e-02  2.23846082e-02
 -3.01041361e-02 -1.27356909e-02  6.55936729e-03 -5.60121760e-02
  4.08958532e-02 -3.14362980e-02 -8.37058499e-02 -2.59382520e-02
  5.00744097e-02 -1.05294930e-02 -3.61872613e-02  2.14021578e-02
 -6.13232143e-04  4.76683266e-02  1.48537662e-02  1.71766058e-02
 -4.83746752e-02  2.45750602e-02  8.69136117e-03  5.97212277e-03
  2.94879377e-02 -6.13299496e-02 -2.89345756e-02 -7.28777051e-02
  3.48343514e-02  1.59681626e-02 -9.76058245e-02 -7.40512926e-03
 -2.08478011e-02 -2.10682340e-02 -4.22384553e-02  4.15752442e-33
 -6.83115870e-02 -1.27953961e-01 -8.72469395e-02  6.79457039e-02
  1.40866805e-02  1.98832471e-02 -6.92887697e-03 -3.82451294e-03
 -1.87524967e-02  9.25734192e-02 -4.62093689e-02 -3.39372270e-03
 -3.13776657e-02  4.12422121e-02 -1.15437228e-02 -5.11053577e-02
  6.50737137e-02 -6.77956492e-02  2.08222307e-02 -3.50325294e-02
 -1.01653241e-01  7.32307741e-03  3.13109085e-02  7.64399692e-02
 -1.43292667e-02  9.56858974e-03 -2.77634640e-03  2.26324331e-02
  1.69851612e-02 -4.61595431e-02 -2.16470025e-02 -5.60357571e-02
 -1.33785591e-01  1.85989290e-02 -6.75335573e-03 -1.22976243e-01
  4.59102280e-02  7.27850348e-02  2.13673189e-02  5.23874685e-02
  3.71482112e-02 -4.07836726e-03  2.73777340e-02  1.09465234e-01
 -4.93764989e-02  9.92673784e-02  4.43521738e-02 -4.26616333e-03
 -8.67264718e-03  2.47037737e-03 -1.31087480e-02  9.93635226e-03
  1.08745739e-01 -3.72563419e-03 -1.34956306e-02 -4.09930386e-02
 -6.68698829e-03 -4.05055098e-02  6.20558187e-02  3.95828998e-03
  8.10727030e-02  5.50734363e-02 -9.96033251e-02  4.13199849e-02
 -6.04843087e-02  1.13322837e-02 -1.24187740e-02 -4.82318290e-02
 -1.53766107e-02  8.85813776e-03  6.36512190e-02 -9.37429890e-02
 -8.26485083e-02  5.21039031e-03 -2.82404516e-02  2.07921863e-03
 -4.52478193e-02 -1.44228747e-03 -5.85875213e-02 -7.77750835e-02
 -3.64506850e-03 -6.42534271e-02 -4.34771217e-02  5.43572307e-02
 -4.31934604e-03  8.39028880e-03  7.59752318e-02 -8.44913423e-02
  3.97564322e-02 -2.36663017e-02  7.11495876e-02  7.84934983e-02
 -5.05692922e-02  5.28583452e-02  7.49672996e-03 -1.38256091e-08
 -1.67514011e-02  3.34704324e-04  2.43503149e-04 -2.11987775e-02
  6.67654024e-03 -1.23948967e-02 -3.92702557e-02 -4.70769368e-02
  3.17880996e-02  1.27894551e-01 -1.80869959e-02 -4.07447889e-02
  5.96538978e-03  4.59365211e-02  3.31767611e-02 -1.69461574e-02
 -1.52573036e-02 -7.07294792e-02  7.70405121e-03  5.74954897e-02
 -4.72363867e-02 -4.32524234e-02  6.79912567e-02 -4.06704620e-02
 -8.99260922e-04  1.17125222e-02  3.58234011e-02 -9.75866523e-03
 -2.45539080e-02  9.64590684e-02  1.90358479e-02  1.82360224e-02
 -1.67588890e-02  2.00001094e-02  2.96670347e-02 -1.06931306e-01
 -3.65255140e-02 -1.23188430e-02  4.27854545e-02 -4.22521457e-02
 -3.09443064e-02  7.62550607e-02  4.70745936e-02 -1.37878477e-03
 -3.84643525e-02  1.31523339e-02  5.03724776e-02 -7.09956558e-03
 -3.34148295e-02 -1.94822773e-02 -3.39403972e-02  1.84263714e-04
  6.24168254e-02  3.62342782e-02  9.39944610e-02  1.08259976e-01
  3.87573838e-02  1.69914030e-02 -8.78308807e-03  4.30459157e-02
  1.22682720e-01  7.52043054e-02  7.84024689e-03  3.81954536e-02]"
278,Privacy and Data Security,Social,audited,2,0.3391,"[-5.28267846e-02  8.69400576e-02 -2.53270082e-02  4.24418002e-02
  3.90928239e-02  4.92080953e-03  1.27937272e-01 -1.11713313e-01
 -1.03667965e-02  4.79129702e-02  6.21002465e-02 -3.03392280e-02
 -2.78142770e-03  1.69381890e-02 -1.48726419e-01 -6.68324381e-02
  3.18610705e-02  4.54372503e-02 -4.99967746e-02  3.82808782e-02
 -7.81316608e-02  2.26436350e-02  1.06912088e-02  1.62150618e-02
  5.91737553e-05  9.46228334e-04 -3.35513353e-02  2.94349436e-02
 -3.16492631e-03 -1.00974448e-01 -1.17284553e-02 -6.38880953e-02
  1.90830529e-02  2.21837014e-02 -8.84683430e-03 -1.65384188e-02
  6.39540255e-02 -9.20255389e-03  1.53773604e-02 -2.09089206e-03
 -3.73102836e-02 -1.25971913e-01  1.84883876e-03 -1.55736245e-02
 -8.70752633e-02 -1.24792242e-02 -3.27770622e-03 -5.14449812e-02
 -2.88252858e-03  6.48195595e-02 -6.87054768e-02 -3.48674133e-02
  1.81808062e-02 -2.74257604e-02 -5.11930371e-03 -1.57855544e-02
  4.59615849e-02  2.11768970e-02  2.90495064e-02 -6.72234595e-02
  5.10246269e-02  5.19144349e-02 -9.08780321e-02  7.70437345e-02
  7.99180847e-03  4.29842286e-02 -1.73425805e-02 -2.95039583e-02
  2.83307079e-02 -9.94668826e-02  7.07343966e-02 -4.13570851e-02
 -2.43797395e-02 -2.47097816e-02  3.81382219e-02  2.03600572e-03
  3.63243707e-02 -1.60494577e-02 -2.06506974e-03 -1.07349321e-01
 -2.47695800e-02 -1.08543932e-02  6.21044217e-03  1.86106786e-02
  9.48228221e-03  2.21752282e-03  9.15549230e-03 -2.64979787e-02
  2.59806141e-02  2.38358434e-02  2.57940460e-02  1.03515098e-02
  2.65763942e-02 -3.99884470e-02  1.60727166e-02 -6.17664233e-02
 -1.84429623e-02  7.90358931e-02  6.12911098e-02  1.77865908e-01
 -1.34238172e-02  1.33596033e-01 -1.07904747e-01 -1.15087479e-02
 -4.83442377e-03 -1.30131915e-02  1.11290766e-02  1.49578676e-02
  2.79164501e-02  2.51791682e-02 -2.50213966e-02  6.06289506e-02
  3.30217928e-02  3.55629846e-02  1.18547000e-01  8.20327327e-02
 -2.36550942e-02  6.67666122e-02 -2.34216843e-02  6.29368518e-03
  4.19288203e-02  4.18654196e-02  5.02317622e-02 -2.77606826e-02
 -5.94209358e-02 -5.71664907e-02  9.57638398e-02 -4.86092077e-33
  5.58547005e-02  5.23105860e-02 -3.66428867e-02 -2.10935567e-02
  2.72949040e-02  5.99352904e-02 -3.94265167e-02  2.34858282e-02
 -5.88544495e-02  2.85776500e-02  5.55736618e-03  9.00517479e-02
 -2.35205032e-02 -2.46205349e-02  7.33066648e-02  8.11561346e-02
 -1.70938522e-02  1.03688248e-01 -3.24695446e-02 -8.31048563e-03
  2.18840800e-02 -6.37484565e-02  6.64805844e-02  8.20993911e-03
  1.05667450e-02 -6.80836737e-02  1.84136350e-02 -1.73008274e-02
  3.09859701e-02  4.04019207e-02 -2.52867714e-02  5.65196648e-02
  6.08308427e-02  1.97929479e-02 -7.04229297e-03  1.20873395e-02
 -1.45037929e-02 -3.04220077e-02  5.52075263e-03 -5.71657829e-02
  6.89060688e-02 -4.59295176e-02 -2.45016115e-03 -6.09408319e-02
 -7.99164325e-02  3.39639783e-02 -1.54933669e-02  2.46331040e-02
  4.24536131e-02  3.77026573e-02  4.20067087e-02  2.32893974e-02
 -6.36144355e-02  2.21366119e-02  5.03596244e-03  5.37210889e-02
  6.12586625e-02  2.00444870e-02  3.87500525e-02  2.80575268e-02
  9.97238904e-02  1.15514643e-01 -9.10523441e-03 -4.94613312e-03
 -1.20469943e-01 -9.11685899e-02  2.74865534e-02 -4.48289700e-02
  8.64597037e-02 -6.69586938e-03 -1.37038752e-01 -4.28217985e-02
  2.25202106e-02  6.29034415e-02  9.18531884e-03 -3.28083523e-02
 -5.60097173e-02  2.85050273e-02 -2.77991779e-03  2.05320045e-02
 -3.25392298e-02 -6.57321364e-02  4.45402265e-02  1.32406726e-02
 -3.99764953e-03  3.40432972e-02 -5.79081625e-02 -3.41672159e-04
 -4.06307494e-03  5.89915626e-02 -5.72475716e-02 -1.34032927e-02
  6.45439178e-02  1.15798907e-02 -1.80377923e-02  2.15471017e-33
 -1.05601683e-01 -6.86832052e-03 -9.68561321e-03  3.55871767e-03
 -8.50619897e-02 -5.37499152e-02 -4.52476814e-02 -1.21762194e-02
  1.20759066e-02  5.03359288e-02 -3.47479060e-02 -4.44689393e-02
  6.54391572e-02  5.75123578e-02  1.07226763e-02 -2.72274707e-02
  8.06745887e-02 -2.77646575e-02 -1.21157318e-02  2.06814166e-02
  2.41612792e-02  2.57209651e-02  1.16915867e-01  2.46832613e-02
  2.65734177e-02  4.79495786e-02  4.39724177e-02 -1.89682953e-02
 -2.58590169e-02  2.73634978e-02  3.86470109e-02  2.10018400e-02
 -6.69149831e-02  1.27602071e-01 -4.69855554e-02 -5.17850667e-02
  7.13614821e-02  1.21015832e-02 -1.68518052e-02  4.40804986e-04
  6.70065954e-02  8.10892209e-02  2.19903309e-02  6.93198964e-02
  2.23203301e-02 -1.85665041e-02 -9.27014351e-02  2.78810561e-02
  6.66359067e-02 -1.93189632e-03 -7.60462880e-02 -9.60019510e-03
  5.99094667e-02  4.85376716e-02 -9.56419632e-02  1.72708649e-02
  6.77651539e-02 -2.08714008e-02  1.21292127e-02  3.05096805e-02
 -1.65315103e-02  8.11388940e-02 -2.45234128e-02  2.76256166e-02
  1.43833533e-02 -1.05016278e-02  3.05878296e-02 -1.13228643e-02
  5.99435866e-02 -6.22771913e-03  2.66737246e-04 -6.39931709e-02
 -8.29652175e-02  1.63755380e-02  8.68321303e-03  4.26302068e-02
 -8.66287425e-02 -5.76364212e-02 -6.23106584e-02 -5.71440198e-02
 -1.13455765e-02 -4.36394028e-02  1.49205122e-02 -8.04885551e-02
 -2.32292432e-02 -1.18279696e-01  8.69744644e-02 -7.93500021e-02
  3.32663544e-02 -1.78274661e-02 -3.82895581e-02 -6.36611134e-02
 -4.48458679e-02 -5.88928275e-02  2.09612139e-02 -1.26256134e-08
  8.46869126e-03  1.76814049e-02  9.90363732e-02  3.63768414e-02
  3.58478166e-02 -1.04812883e-01 -4.99316119e-02  5.44605665e-02
 -1.87792759e-02 -8.95454809e-02 -1.81501731e-02 -7.05331424e-03
 -3.68515961e-02  1.93475019e-02  2.40246300e-02 -1.24523729e-01
 -4.18576710e-02  6.99859709e-02 -6.65090978e-02  4.45539579e-02
 -1.05910879e-02  2.02895328e-02 -3.05763651e-02  4.01944574e-03
 -4.72037420e-02 -9.69956741e-02 -4.48091561e-03  8.19502324e-02
 -8.69960152e-03  2.65660733e-02 -1.45709245e-02  8.02149102e-02
  2.84694526e-02 -3.44843082e-02 -1.02358051e-01 -4.48903814e-02
 -2.25875508e-02 -4.53459956e-02 -6.98564108e-03 -5.68893179e-02
 -4.76204650e-03 -9.57592111e-03  4.61854674e-02 -7.86192250e-03
 -6.42465577e-02 -5.11297174e-02 -5.97066507e-02 -2.93444954e-02
  1.54798208e-02 -6.55339062e-02  3.29898596e-02 -4.19752374e-02
  7.35675097e-02  4.40341681e-02 -5.26902359e-03 -2.41422467e-03
  3.22832912e-02  1.01289628e-02 -2.87078824e-02 -2.39763223e-02
  6.70673475e-02 -5.27752489e-02  6.61308989e-02 -1.80826690e-02]"
279,Privacy and Data Security,Social,safety,11,0.335,"[ 5.73531957e-04  7.82999620e-02 -5.72171323e-02 -9.87484958e-03
  8.19947273e-02  7.64091834e-02  1.25421762e-01  4.30145375e-02
 -1.73132550e-02  4.07683961e-02  6.97012395e-02 -6.44242624e-03
  6.07175007e-02 -1.44188330e-02 -1.08001001e-01 -7.68733099e-02
  3.86120044e-02  1.73624326e-02 -1.57332927e-01 -1.03293490e-02
 -6.43835887e-02  4.50725034e-02  2.85278484e-02  4.28724438e-02
 -1.44915193e-01  2.81684436e-02 -3.54573503e-02  3.66525985e-02
  1.39614185e-02 -5.18231541e-02 -1.61202252e-02 -8.12839642e-02
  3.77211869e-02 -2.28156783e-02 -8.68310705e-02 -4.21075560e-02
  5.52136488e-02 -1.38955545e-02  4.97897677e-02 -2.58697085e-02
 -5.34037985e-02 -9.21611041e-02  9.51912720e-03  2.09068749e-02
 -3.51158604e-02  4.45235781e-02  1.10328821e-02 -1.01948977e-01
  7.69034177e-02 -5.12995757e-02  2.58703884e-02  4.32779118e-02
 -2.37581157e-03 -1.49276177e-03  5.40945344e-02 -7.14805350e-02
  6.88765710e-03 -4.46055792e-02 -5.87516129e-02  4.06757258e-02
  8.00295249e-02 -1.16845686e-02 -7.81028792e-02 -3.21930833e-02
  4.33817469e-02 -1.61102638e-02 -6.20145276e-02  7.95155019e-03
  5.94670400e-02  6.26007318e-02 -8.24345392e-04 -1.59219243e-02
  1.02076717e-02  1.41518016e-03  2.61478070e-02 -1.06971050e-02
  4.40757684e-02 -7.04433918e-02  3.46981883e-02 -2.92230844e-02
  3.02053783e-02 -2.67119538e-02  6.15215600e-02  1.99415926e-02
  4.25258726e-02  7.01010823e-02  1.66251082e-02  7.46769423e-04
  2.13365182e-02 -2.65571941e-03 -6.24767914e-02  3.13235936e-03
  9.98646319e-02  6.51122853e-02 -2.72436608e-02  3.64840426e-03
 -4.40069735e-02 -3.00874040e-02 -3.07827611e-02  1.82817221e-01
  2.21045036e-02  1.38957584e-02 -2.71815099e-02  6.13319911e-02
 -3.73213040e-03 -1.32738352e-02 -6.56675100e-02  2.83549726e-02
 -1.41513692e-02  5.43183610e-02  7.08732149e-03  4.22299914e-02
  3.67801520e-03  3.31379287e-02 -4.18435708e-02  3.94624658e-02
 -7.26993904e-02 -2.14777812e-02  3.99688259e-02  2.84358542e-02
  2.06068112e-03  2.11788695e-02  6.82035312e-02 -6.82317652e-03
 -4.51058568e-03 -1.17569230e-01  2.80644465e-02 -5.26886249e-33
  8.95859022e-03 -3.37898582e-02  7.79993553e-03  1.65810417e-02
 -4.91214134e-02  2.11228300e-02 -6.90779537e-02 -6.86724335e-02
 -1.13512827e-02  5.25497384e-02  1.14064030e-02 -9.83412750e-03
 -2.86902115e-02 -4.40093502e-02  1.12199239e-01 -1.17825251e-02
 -5.62178381e-02  6.75890297e-02 -7.28950649e-02 -5.59516326e-02
  5.66154439e-03 -9.21686441e-02 -2.22575734e-03  6.45204484e-02
 -4.40874435e-02  6.88202009e-02 -1.87790003e-02 -3.12175918e-02
  5.43573536e-02  4.16046903e-02 -1.36937201e-01  6.90436438e-02
 -7.08886832e-02 -6.64794743e-02  4.85883281e-02  3.59560885e-02
 -1.25533715e-01 -6.28227517e-02 -2.97300015e-02 -3.62521186e-02
 -9.98093374e-03 -2.89357062e-02  5.75315654e-02  6.81584105e-02
  9.69588831e-02  7.03348517e-02 -5.53599037e-02  8.69226817e-04
 -9.56648514e-02 -3.27183194e-02 -6.70421124e-02  2.27864441e-02
  2.08831504e-02  5.25518041e-03 -4.35425006e-02  5.93395457e-02
  3.94774564e-02  1.41145848e-02 -3.49932685e-02 -5.88018261e-03
 -4.08608802e-02  1.22482821e-01 -4.05224636e-02  1.60748709e-03
  1.15476809e-02 -2.43269559e-02  1.07615180e-02 -1.90663002e-02
  5.26557229e-02 -2.16527209e-02 -1.15450658e-01 -2.23790221e-02
  4.22808677e-02  7.84298126e-03 -9.34963003e-02 -8.92764237e-03
  1.05002923e-02  6.05923450e-03  2.20020618e-02 -6.29538000e-02
 -7.13082217e-03  3.97074930e-02  3.40047758e-04  2.59260442e-02
  4.25434820e-02 -4.36423458e-02 -3.42819169e-02 -3.24760075e-03
 -8.35785642e-02  1.31556064e-01 -2.60524377e-02 -3.51289362e-02
  9.75253507e-02  7.05231950e-02 -5.26373982e-02  4.06741212e-33
  1.56558631e-03 -1.75973698e-02 -5.98577224e-02  5.58593720e-02
 -4.02385034e-02 -5.55491038e-02  1.29420205e-03 -2.27793269e-02
  1.40525959e-02  6.06335439e-02 -7.11394697e-02 -3.74007858e-02
  5.86898476e-02  4.14202083e-03  1.45072229e-02 -4.12938222e-02
  4.66623195e-02  3.23582329e-02 -2.53631659e-02 -2.03686636e-02
  4.65353429e-02 -4.47168462e-02 -7.89758340e-02  6.06096350e-02
 -6.42090887e-02  2.73551363e-02 -6.06764071e-02 -2.71904524e-02
 -5.88296615e-02  2.20218729e-02  3.22674215e-02  1.90811697e-02
  9.80012864e-03  7.24026412e-02 -4.34783250e-02  1.25801917e-02
  9.37949196e-02 -3.82261425e-02 -1.43130906e-02 -4.15071025e-02
  6.14760779e-02  1.09079324e-01  4.04572152e-02  3.20978761e-02
 -7.47115016e-02  4.54904288e-02  2.88444553e-02  1.26923146e-02
 -3.58722359e-02  3.27344611e-02 -5.14850914e-02 -3.10137235e-02
 -1.76027659e-02 -2.68229824e-02  4.53914218e-02  1.60113461e-02
 -1.67307369e-02 -3.58036114e-03 -1.86403524e-02  2.41783056e-02
  3.83845121e-02  5.76019101e-02 -9.30991173e-02  8.60363990e-02
 -2.18227152e-02  9.07936841e-02 -1.04535855e-01 -4.10199501e-02
  6.15584962e-02 -6.21054787e-03  6.62556067e-02  4.69711833e-02
 -3.92021313e-02  1.61787949e-03 -1.26945928e-01 -6.80641234e-02
 -4.50680628e-02 -2.68641096e-02 -3.27069014e-02  1.85658876e-02
 -4.40403484e-02 -5.80981262e-02 -3.57537642e-02  1.19558133e-01
  8.91900342e-03 -1.17045054e-02  5.59923202e-02 -2.11041747e-03
 -1.57093685e-02 -8.16884115e-02 -5.18969558e-02  5.11641391e-02
 -5.06767854e-02  1.54963667e-02 -2.08509415e-02 -1.20820340e-08
 -1.90192219e-02  3.05042621e-02 -3.31516638e-02 -4.18629758e-02
  3.21384845e-03  1.02516226e-02  2.66005140e-04 -8.45980197e-02
  3.42345960e-03  4.34220582e-02  4.59021144e-02 -1.21966284e-02
  4.47702445e-02  4.64696363e-02  3.03288619e-03 -1.28830224e-02
  3.75164039e-02  3.89307588e-02 -4.21736836e-02  5.02593517e-02
  2.55392957e-02  2.62836069e-02 -1.37801869e-02  7.31249377e-02
 -3.01195402e-03  1.28666842e-02  4.14091684e-02  1.01913139e-01
  2.07681060e-02  9.73920003e-02  1.71950795e-02 -4.30681976e-03
 -4.90574026e-03  5.30354455e-02 -2.57243607e-02  3.67543176e-02
  3.98441479e-02 -1.79919470e-02  6.21846765e-02 -3.44083011e-02
  1.60844792e-02  8.68094992e-03  4.73964922e-02  6.67413324e-02
 -1.00668697e-02  8.41482636e-03 -3.02098710e-02  4.29045521e-02
  1.19931134e-03  1.99407563e-02  5.01913344e-03 -4.02092002e-02
  1.84916407e-02  1.41109794e-01  2.61195563e-02  1.76474564e-02
 -3.36421654e-03 -2.57749576e-03  2.31142957e-02  5.96186742e-02
  3.64358351e-02  2.02981252e-02  9.13854018e-02  1.44670075e-02]"
280,Privacy and Data Security,Social,compliance,7,0.3202,"[-2.99824420e-02  5.28523810e-02 -1.88163742e-02 -5.81790619e-02
  2.58778706e-02 -5.18887211e-03  1.76535062e-02 -3.01724207e-02
 -4.22920696e-02  1.07546318e-02  1.03261530e-01 -2.26497706e-02
  1.82715561e-02  2.92120948e-02  1.47883864e-02 -5.06182350e-02
  7.18500689e-02  3.68977375e-02 -9.18418318e-02 -2.80041876e-03
 -2.56908704e-02  2.50052959e-02  5.64586651e-03  4.78822775e-02
 -1.56186819e-01  4.36782725e-02 -4.68674339e-02 -3.34176794e-02
  8.26202333e-02 -5.96977137e-02 -2.84529384e-02  3.40458155e-02
  1.08161919e-01  4.10936922e-02 -3.27254124e-02  3.20848301e-02
  5.41706719e-02 -4.68249433e-02  2.87900940e-02 -3.00270636e-02
 -6.66708797e-02 -1.12365291e-01 -2.62573175e-02 -2.65404768e-02
  3.79481874e-02 -1.84415393e-02  4.23943326e-02 -3.12746018e-02
 -3.67852822e-02 -2.63968599e-03 -2.83867400e-02 -3.44536565e-02
 -2.40767840e-02 -1.64912327e-03  1.49800349e-02 -5.49298041e-02
  1.84116755e-02  5.65584889e-03  3.03871091e-02 -4.28657383e-02
  1.03572376e-01 -4.64026779e-02 -1.07300431e-01  1.05209604e-01
  1.99402086e-02  3.05031165e-02 -4.75250706e-02 -3.67999217e-03
  1.51027385e-02  1.71205346e-02 -6.80308044e-02 -3.62687446e-02
 -6.30344748e-02  5.65510206e-02  2.79564112e-02 -3.87152880e-02
 -3.69161814e-02 -1.75007414e-02  1.29149199e-01 -9.03875902e-02
 -1.72123592e-02 -6.84349537e-02  5.87126240e-02  6.39074296e-02
 -1.90139543e-02 -5.00251725e-02 -1.65545754e-02  1.70466825e-02
  7.12041408e-02  1.75023638e-02  6.86293170e-02 -4.89457659e-02
  8.45748857e-02 -2.51739789e-02 -1.25100091e-01 -7.10909218e-02
 -7.55331144e-02 -1.29401637e-02 -1.45351896e-02  2.00748622e-01
  1.93322841e-02  4.56626154e-02 -1.48202047e-01  3.57187390e-02
 -2.15395875e-02 -4.26671654e-02  2.41087973e-02 -3.13167945e-02
  1.50496829e-02  7.04606175e-02 -2.59633474e-02  7.10386410e-02
 -1.77631974e-02 -2.21541282e-02  1.04915258e-02 -3.60985249e-02
 -3.98281664e-02  1.68563146e-02  5.78646511e-02  3.21452096e-02
  2.24706680e-02  5.81182018e-02  3.85766737e-02 -1.12370746e-02
  1.78994574e-02 -9.44602862e-02 -2.65016463e-02 -6.34382342e-33
  1.14392582e-02  8.40071123e-03 -1.14627238e-02 -1.43063888e-02
  2.88837217e-02  8.35870393e-03 -5.15112914e-02 -3.69353853e-02
 -1.24901766e-02  5.29913083e-02  8.71679485e-02  1.09434076e-01
 -4.05075923e-02 -5.22146374e-02  7.17362389e-02  6.19305633e-02
 -5.60093448e-02  9.12851170e-02  1.90078262e-02  1.14358209e-01
  2.29898579e-02 -1.24961555e-01  2.79334071e-03  8.84002447e-02
 -1.66657008e-02 -4.74745855e-02 -2.70670224e-02  1.69197265e-02
  5.83247058e-02  3.91757451e-02  5.12398295e-02  4.94927820e-03
  9.44548845e-02 -4.15785499e-02  5.60633978e-03  5.45896143e-02
  1.08664213e-02 -4.12827954e-02  3.77044897e-03 -8.20869952e-02
 -5.94127364e-02 -1.13007016e-02  7.10528493e-02  5.18400501e-03
  4.09948826e-02  3.04730348e-02  5.80359325e-02 -4.71596122e-02
  2.58242432e-02  6.10055588e-02 -5.48682502e-03  4.95206825e-02
 -2.96420529e-02 -4.18721139e-02 -4.48517129e-02 -2.20670477e-02
 -4.20374759e-02  2.35360656e-02 -5.64518608e-02  3.26062888e-02
  1.44146103e-03  1.49942702e-03 -4.22406420e-02  1.01957219e-02
  1.06160354e-03  1.22016985e-02 -7.57803321e-02 -5.33696543e-03
  3.95092629e-02 -3.58562060e-02 -1.04879461e-01  1.29083125e-02
 -6.93214461e-02  6.43551573e-02 -6.22653365e-02 -3.59546654e-02
 -1.64768137e-02  4.69321124e-02  1.94278602e-02 -3.69696841e-02
 -1.15194343e-01  2.06537824e-02  2.63962504e-02  4.82759960e-02
  1.18591189e-02 -3.61226238e-02  5.28158322e-02  2.87193209e-02
  4.72894462e-05  2.32822224e-02  2.38926685e-03 -4.27701212e-02
  7.13987425e-02  9.05132815e-02  6.84964359e-02  3.94509973e-33
  1.21727586e-02 -3.97621794e-03 -9.42349155e-03  3.71163264e-02
  1.37435747e-02  4.11008969e-02 -2.38128528e-02 -5.28218374e-02
  5.42395338e-02 -1.06810983e-02 -4.16506529e-02 -3.15316468e-02
  6.18664548e-02  5.87856816e-03 -6.71818182e-02 -5.43749407e-02
  2.69540511e-02 -2.27027829e-03 -7.53135607e-02  2.92412229e-02
  3.12776193e-02 -6.22219183e-02  4.09431718e-02  4.94964980e-02
 -4.18600589e-02  4.11011949e-02 -6.78716153e-02 -1.05044514e-01
  1.25853512e-02 -4.39429004e-03 -3.36396135e-02  1.28048584e-02
 -2.20298264e-02  8.12885612e-02 -1.38802873e-02 -9.32500809e-02
 -6.90672966e-03  2.18467116e-02 -2.28636544e-02 -1.23141520e-02
  7.63154626e-02  6.51140586e-02 -6.79492056e-02  7.07567707e-02
 -1.07399607e-02 -3.59717086e-02 -2.61475379e-03 -2.06045955e-02
 -3.21482047e-02 -5.77365095e-03 -4.63272296e-02 -2.72311755e-02
  6.40123636e-02 -4.48437072e-02 -9.18359868e-03  1.10148802e-01
 -1.41329737e-02  2.20175413e-03 -5.46624362e-02  5.00308610e-02
 -2.39092782e-02  8.13674033e-02 -4.80654538e-02  4.34716269e-02
  5.50230891e-02  2.03947518e-02 -2.88722888e-02  9.12008882e-02
  1.33547550e-02 -2.24643126e-02  3.16017531e-02 -6.00505285e-02
 -2.92739850e-02 -4.07096632e-02  4.75212187e-02 -6.76315501e-02
 -2.47893017e-02 -1.04632571e-01 -5.32360598e-02  5.64048626e-02
 -6.81972429e-02  2.08131615e-02 -3.58103216e-02  7.91711882e-02
 -9.98672098e-03 -5.21134734e-02  5.22162281e-02 -6.61590919e-02
  1.55682033e-02  3.97406071e-02 -3.44951153e-02  9.04973447e-02
 -4.22218069e-02 -9.06189997e-03 -4.43916321e-02 -1.20237775e-08
 -3.53080966e-02 -3.82972881e-02 -3.45440730e-02  5.35023771e-02
  4.48925309e-02  5.11346236e-02 -3.66478078e-02 -1.15664922e-01
 -3.64651643e-02  2.39340924e-02  2.83506699e-02 -9.80643439e-04
 -1.60002690e-02  1.35541921e-02  1.49604529e-02 -2.93050632e-02
 -2.40796283e-02  1.32770417e-02 -8.44160765e-02  7.97614008e-02
 -4.40994464e-02  1.08024357e-02  3.10889892e-02 -1.17305191e-02
  4.88871336e-02  2.33464353e-02 -3.21419612e-02  6.03991225e-02
  6.53122663e-02  9.42268968e-02  5.15972376e-02  7.50899781e-03
  1.91053208e-02 -3.98705527e-02 -7.81436488e-02 -5.50150275e-02
  4.28620093e-02 -3.07195988e-02  1.00501694e-01 -1.52725484e-02
 -1.74468271e-02  2.92847790e-02  1.12438835e-01  6.06077984e-02
  2.38106418e-02 -9.88873094e-03 -2.61397548e-02  4.73129489e-02
  1.51047837e-02 -3.26207206e-02 -1.02818580e-02 -6.67784316e-03
  1.98422577e-02  1.00104220e-01  1.38815800e-02 -1.25351478e-03
  2.68257465e-02  8.96818377e-03 -4.55915965e-02  9.04631685e-04
  8.46081004e-02  2.09843200e-02  7.49817342e-02 -2.99754813e-02]"
281,Privacy and Data Security,Social,technologies,3,0.3144,"[-4.64739911e-02  3.75833623e-02 -3.34711783e-02 -2.40879580e-02
 -4.12587151e-02 -5.15226014e-02  9.48352888e-02  6.21549897e-02
 -1.06457323e-02  3.92235890e-02  5.90983145e-02 -3.28276865e-02
  2.51034386e-02  3.41431163e-02 -3.00158467e-02 -6.46305969e-03
 -1.13659305e-02 -4.51947674e-02 -3.70314270e-02 -7.00873062e-02
  4.65393811e-03 -2.41919700e-02  3.27677764e-02  7.85314851e-03
 -3.78349423e-02  8.90800953e-02 -3.61193493e-02 -8.26980397e-02
  4.42393869e-02 -3.32393758e-02 -5.39507121e-02  1.06623061e-01
 -3.10692489e-02 -9.27387457e-03 -6.62474483e-02  2.79948022e-02
  6.92227185e-02 -2.40844470e-02  3.39076556e-02 -2.35432982e-02
 -4.13380936e-02 -1.25634611e-01  1.65221505e-02 -2.27028616e-02
  1.84636656e-02  4.33343230e-03  3.11097968e-03 -5.40147237e-02
 -9.04393867e-02 -2.74016662e-03 -8.09868425e-02 -3.85389142e-02
 -3.49006848e-04  2.35414598e-02 -4.04819697e-02 -7.37350136e-02
  4.83920798e-02  1.51697816e-02  3.26138027e-02  2.80249375e-03
  1.00192189e-01 -4.50478420e-02 -9.25688073e-02  2.46747565e-02
  8.83282050e-02  3.23796459e-02 -4.72657159e-02  6.83530644e-02
  1.29544642e-03 -6.83184117e-02  1.05076935e-02 -2.70023588e-02
 -3.87940370e-02  3.95178124e-02  5.73960468e-02 -7.09719732e-02
  2.93709990e-02  3.72847728e-02  6.66455328e-02 -1.92709211e-02
  5.28048426e-02 -4.91697751e-02 -4.19904552e-02  1.07723176e-02
  1.08364280e-02  1.56185422e-02 -6.28134310e-02  2.31986698e-02
 -2.49790139e-02 -5.12663350e-02 -3.67743187e-02 -6.21995963e-02
 -1.62978861e-02  2.23341584e-02 -5.81750758e-02 -2.03478634e-02
 -1.95664561e-05 -5.99455535e-02  1.07310014e-02  1.77702621e-01
  3.80750820e-02 -2.29139463e-03 -3.27733606e-02  5.39705306e-02
 -7.19250217e-02 -5.24310544e-02 -1.06334863e-02  3.12214307e-02
  6.14011697e-02  1.68897200e-03 -8.19523260e-02  1.94389746e-02
 -8.39033127e-02 -1.36451283e-02 -1.98553465e-02 -8.16705730e-03
 -1.16876820e-02  6.54481798e-02  8.93108845e-02 -2.25139558e-02
 -5.86798191e-02 -2.90750433e-02 -2.52458137e-02 -2.01510545e-02
 -2.38647056e-03 -8.68670270e-02 -4.24417406e-02 -5.98264397e-33
 -1.80611107e-02  4.45730276e-02  3.54874367e-03  1.15296483e-01
 -1.71878766e-02 -1.02774741e-03 -2.92626172e-02 -4.05212454e-02
 -1.72159988e-02 -3.11323386e-02  1.93214826e-02  9.57954898e-02
 -5.15316837e-02  5.98910525e-02  2.03461409e-01 -9.85230133e-02
 -7.26574566e-03  3.90475690e-02  5.90874180e-02 -1.85159606e-05
 -5.32271117e-02  8.69462546e-03  4.71080802e-02  4.51287255e-02
  7.73889497e-02 -3.45530473e-02 -3.44566144e-02 -1.70380119e-02
  1.63677540e-02  2.79811881e-02  2.40349658e-02  6.15592971e-02
 -9.18691047e-03 -8.26594681e-02  2.43153144e-02  6.07479699e-02
  1.54486671e-03 -1.22821331e-01  7.51496702e-02  1.66356470e-02
 -3.13377264e-03  3.18687372e-02 -8.72147549e-03  2.73213927e-02
  3.11795268e-02  3.09740454e-02  3.74356918e-02  3.92497703e-02
 -5.99285401e-02  1.48426834e-02 -4.42513004e-02  9.50452685e-02
 -2.11404469e-02 -9.83181372e-02  1.20487355e-01  2.45128814e-02
  5.02049662e-02 -8.56602378e-03  7.90122664e-04  2.62222886e-02
  2.55739875e-02  2.11996268e-02 -5.28386422e-02 -4.15077284e-02
  8.48220102e-03  6.37689382e-02  4.26519141e-02  7.96437915e-03
  3.97123657e-02  2.39571501e-02 -9.56696495e-02 -3.18611749e-02
  9.05824304e-02 -2.24679783e-02 -1.71029177e-02  5.80377169e-02
  3.25862952e-02  1.00480756e-02 -8.63459185e-02  3.65182087e-02
 -1.15267597e-01 -2.39328966e-02 -1.65038593e-02  1.64207090e-02
 -3.28945629e-02 -2.57528462e-02 -2.78885048e-02 -8.23286325e-02
 -6.87011471e-03  3.85139026e-02 -3.16135176e-02  5.82988188e-03
 -1.90943815e-02  9.34199467e-02 -1.97741017e-02  3.25640110e-33
 -5.37229031e-02  2.78380830e-02 -7.11376369e-02  7.34616667e-02
  5.11007383e-02 -7.10937008e-02  1.38075640e-02 -2.20647529e-02
  2.74706464e-02  7.11416379e-02  1.18809342e-02 -4.21725912e-03
 -2.30208077e-02 -4.32283478e-03 -6.96321949e-02 -4.55015488e-02
  3.68774086e-02 -9.32209343e-02  1.87454484e-02 -7.55527802e-03
 -3.96572165e-02  1.92897487e-02 -4.59524356e-02 -7.98303820e-03
 -2.85155177e-02  5.12184426e-02 -1.23794392e-01 -7.72472471e-02
 -1.80639811e-02 -2.31281910e-02 -6.37300871e-03 -1.15765199e-01
 -4.60185576e-03  7.80199319e-02  1.72026793e-03  5.55952266e-02
  8.90051425e-02 -1.51903685e-02 -1.44154727e-02 -6.59287572e-02
  9.97133255e-02  1.39554180e-02 -5.24221510e-02  6.08722493e-02
 -2.50960402e-02  3.25724017e-03 -7.29812011e-02  4.80944328e-02
  6.92589162e-03 -3.52070034e-02  1.19370572e-01 -1.64989606e-02
  5.17358482e-02 -1.20021448e-01  1.70893166e-02  3.96882407e-02
  2.57141031e-02 -9.50118992e-03 -3.69595215e-02  2.51506716e-02
  5.61378291e-03 -2.14373041e-02 -1.65602583e-02  7.13062808e-02
 -8.20586011e-02  1.78977642e-02  7.18066394e-02  7.00253621e-02
 -5.57022775e-03 -1.35086812e-02  1.14271559e-01  5.28329276e-02
 -6.47844747e-03 -1.21553140e-02 -3.49157676e-02 -3.61446664e-02
 -7.44250268e-02 -1.08882347e-02 -2.32639387e-02  5.54311555e-03
  1.10343527e-02  2.20248122e-02  1.34962145e-02 -4.50586528e-03
  2.03278800e-03  7.21243471e-02  4.97936970e-03 -8.38854015e-02
 -6.76241368e-02 -9.89578515e-02 -6.52799830e-02 -2.89182011e-02
 -1.17332500e-03  6.24076463e-02 -4.99810986e-02 -1.28637900e-08
 -1.94801595e-02 -6.58032224e-02  9.47690662e-03 -6.01396635e-02
 -3.37938406e-02  3.96918766e-02  5.80478786e-03  5.50277606e-02
 -5.05230799e-02  5.01671135e-02 -8.51623937e-02  2.63539143e-02
  5.66967316e-02  1.18001908e-01  8.26029852e-02 -9.09491722e-03
 -2.71287318e-02  6.57310849e-03 -3.84301208e-02 -2.04751249e-02
  7.86720067e-02  2.74696276e-02  4.25785519e-02  5.59808947e-02
  5.05341329e-02 -2.27782056e-02  3.94119695e-02  3.18926871e-02
  6.02895953e-02  8.25778022e-02 -3.62844020e-02 -1.31753758e-02
  4.77810949e-02  2.26801019e-02  5.20714512e-03 -3.72365639e-02
  2.86562759e-02 -3.60178836e-02  3.17769162e-02 -1.43976854e-02
 -3.16527523e-02  3.92743349e-02 -3.15700024e-02  5.05302399e-02
  2.68054716e-02 -3.73162478e-02 -3.44019718e-02  1.66554879e-02
 -4.70435247e-02  2.33986899e-02 -3.03798635e-02  2.71250438e-02
  2.82800086e-02  9.02930554e-03  2.15627700e-02  2.16387007e-02
  6.06958121e-02 -3.13034654e-02 -5.59022697e-03  5.47860563e-02
  1.09385163e-01 -8.78756121e-03  1.15496553e-01  3.87255400e-02]"
282,Privacy and Data Security,Social,applications,1,0.314,"[-4.84019592e-02 -1.31235309e-02 -3.97825278e-02 -9.58661959e-02
 -7.91677460e-03 -1.99451651e-02  8.02465454e-02  1.14735603e-01
 -1.85463410e-02 -8.97964928e-03 -1.28019499e-02  2.08404567e-02
  1.21218199e-02  6.06247783e-03  2.49463096e-02  1.89215001e-02
  6.74157739e-02 -8.40733293e-03 -1.20604634e-02 -6.27162606e-02
 -1.95352621e-02 -2.18490884e-02 -4.58063409e-02  2.64479201e-02
 -6.21476397e-02  1.74331907e-02 -3.49642560e-02  3.45356995e-03
  1.01549082e-01 -8.82951766e-02 -1.75133739e-02  7.62168244e-02
  8.53460580e-02  2.05372553e-03 -2.30325405e-02  2.28853039e-02
  1.61099769e-02 -4.00588699e-02 -2.39163861e-02 -2.93665025e-02
 -4.77589443e-02 -8.69856030e-02 -1.38254650e-02  5.09528024e-03
  3.33233476e-02 -1.30958095e-01  1.71561502e-02 -9.96832736e-03
  1.09386621e-02  6.71279384e-03 -3.21543701e-02 -1.00853052e-02
 -1.13348253e-02  3.29681188e-02 -4.49478291e-02 -1.79222804e-02
  1.82788540e-02  3.19493301e-02 -1.76961217e-02 -3.09377280e-03
  7.58024156e-02  5.93481073e-03 -1.08570829e-01  9.93265510e-02
  4.94463779e-02  5.13732098e-02 -4.48678881e-02  1.83764435e-02
  1.38650145e-02 -1.41398370e-01 -7.11501315e-02 -3.70606035e-02
 -8.79431739e-02 -2.11929977e-02 -7.66462507e-03 -8.66141468e-02
 -3.06931864e-02 -2.12625694e-02  3.45140733e-02 -6.87483400e-02
  6.69690594e-02 -6.01909906e-02 -7.93585926e-02  4.64712232e-02
  1.79435667e-02  3.57600451e-02 -2.04586033e-02 -2.86869612e-02
  5.24366759e-02  1.00937365e-02  4.39093523e-02 -4.73032929e-02
 -5.50607219e-03 -2.85195801e-02 -4.26517427e-02 -3.32290679e-02
  1.39541980e-02 -4.14909758e-02 -2.55279224e-02  2.43393376e-01
  2.55387202e-02 -7.36867860e-02 -9.26536042e-03 -2.37182118e-02
 -7.13538332e-03 -5.75416982e-02  3.85682732e-02 -5.53842895e-02
  3.08942664e-02  2.64685042e-02 -1.20391399e-01 -4.49958928e-02
 -3.00216787e-02 -2.94922516e-02  3.07490192e-02 -2.82480177e-02
  9.85769555e-03  2.57352218e-02  3.03739565e-03  7.45011866e-02
 -3.55092771e-02  7.65014580e-03 -4.01835628e-02 -6.01302385e-02
 -1.42781914e-03 -5.66856079e-02 -6.95821419e-02 -4.99398783e-33
 -7.14391321e-02 -1.78248286e-02 -8.18563066e-03  3.90579179e-02
 -5.35390864e-04 -5.09569757e-02 -3.82519886e-03 -2.09662318e-02
 -2.67833583e-02 -3.47954780e-03  2.54183728e-03  1.63152516e-01
  3.23057314e-03  4.28424776e-02  1.50500134e-01  2.68105511e-02
 -3.17307897e-02  1.53006122e-01  6.54114597e-03  1.30830212e-02
 -2.09881812e-02 -7.90772587e-02  1.49084479e-02  6.34994358e-02
  3.71375345e-02  1.88604258e-02  1.39029007e-02 -5.22478707e-02
  6.81261271e-02  3.61569412e-02  1.05095252e-01  5.77693991e-02
 -7.00281486e-02 -3.84364612e-02  2.35951133e-02  2.84744259e-02
 -1.55536402e-02 -6.73093200e-02  5.46868630e-02 -1.35766203e-02
 -4.26490121e-02 -1.25782937e-02  9.03751701e-03  1.37359053e-02
  5.70941493e-02  9.05869994e-03  6.47325963e-02  3.24035138e-02
  5.77891769e-04  3.72798182e-02  5.02854679e-03  5.35486005e-02
 -6.24138638e-02  1.52899651e-02  2.89395498e-03  3.69789600e-02
  2.26310384e-03 -1.75192896e-02  7.88332429e-03  2.51937583e-02
 -1.97952166e-02 -4.53003589e-03 -8.45432952e-02 -6.08281270e-02
 -5.27768768e-02 -1.08371079e-02  9.72750131e-03 -9.19414684e-02
  1.97313428e-02  3.21059488e-02 -1.36204377e-01 -3.00078169e-02
  1.07781820e-01 -3.26998867e-02  1.25399893e-02  4.33573313e-03
 -4.15416528e-03  3.91039485e-03 -8.26898068e-02  3.39593589e-02
 -5.97227775e-02 -2.39995178e-02  1.39461188e-02 -9.31290258e-03
 -2.99895070e-02  1.20405480e-02  3.10323527e-03 -1.04433566e-01
 -3.66993397e-02  5.19689023e-02 -3.60627174e-02  6.48816749e-02
 -2.40816101e-02  1.16049536e-01  1.34813413e-02  2.68662466e-33
 -2.93425396e-02  2.75616394e-03 -3.14081125e-02  3.06794830e-02
  6.70707002e-02  2.68271416e-02  1.50451418e-02  3.46096203e-05
  2.04960816e-02 -6.91028964e-03 -5.37898801e-02  2.31803283e-02
  6.54173642e-02  3.86927240e-02 -1.01495564e-01 -7.16038689e-04
  5.61078638e-02 -3.32417041e-02 -1.62096731e-02  1.95517112e-02
 -5.13748564e-02  7.75090903e-02 -7.60902138e-03 -3.22184861e-02
 -2.14239932e-03 -3.45765166e-02 -4.40741554e-02 -9.43699181e-02
  2.34841201e-02 -3.69473398e-02 -2.27925815e-02 -2.50572246e-02
 -1.02148034e-01 -9.12260357e-03 -6.33948892e-02  2.30072197e-02
  1.36130840e-01  1.51487403e-02  3.33675817e-02 -3.51432450e-02
  1.11491717e-01 -1.53074628e-02  6.93733841e-02  5.40957674e-02
 -1.92797240e-02  8.41230806e-03 -1.01602942e-01  4.44106944e-02
  4.07282859e-02  1.50688905e-02  2.04981528e-02 -2.30087666e-03
  3.20425555e-02 -3.58007625e-02  3.51880863e-02  4.98600975e-02
  2.40438990e-02 -3.26828174e-02 -5.32066450e-02  6.37453496e-02
 -7.62517303e-02  3.80761363e-02 -2.44051199e-02 -1.21563346e-04
 -8.22150894e-03  1.13177449e-02  7.58257322e-03  2.28145123e-02
 -3.57987806e-02  3.17187458e-02  9.73886847e-02  3.33545916e-02
 -7.70395249e-03  2.44293064e-02 -1.13994457e-01 -1.96163245e-02
  4.22720201e-02 -2.24227998e-02 -6.42300546e-02 -3.72860841e-02
 -4.40551639e-02  9.65555385e-03  4.48836349e-02  2.77205631e-02
 -5.53995781e-02  8.87203496e-03  5.69150299e-02 -9.40175429e-02
  1.71557441e-02 -7.43076950e-02 -5.09116501e-02  5.24708368e-02
  2.84851622e-02  5.17404899e-02 -3.35775390e-02 -1.22067867e-08
 -1.24834701e-02 -5.33750392e-02  6.76081236e-03 -3.87672931e-02
 -3.68600264e-02  2.53565814e-02 -4.34025973e-02  1.00293674e-01
  1.18810991e-02  3.87905072e-03 -6.80621862e-02  3.56636345e-02
 -7.16133788e-02  8.48661065e-02  8.50649253e-02 -6.38504606e-03
  2.72883233e-02  5.85713163e-02 -5.44387698e-02 -3.27699929e-02
  3.68552506e-02  5.99648729e-02  1.90428291e-02  7.75625333e-02
  4.35450003e-02 -4.89194784e-03  9.40843374e-02  3.48830502e-03
  1.79866198e-02  5.54367416e-02 -3.07720173e-02  7.41554648e-02
  7.49342293e-02 -5.99493412e-03  3.63478959e-02  2.40865313e-02
  1.08258277e-02  2.58516502e-02  3.39592583e-02 -1.09411543e-02
 -1.97247658e-02  2.32978780e-02  5.33622354e-02 -7.32923895e-02
  1.97872519e-02  2.15674639e-02  9.52595938e-03 -2.13360656e-02
  1.66927539e-02  6.36007935e-02 -3.76618169e-02  3.25616114e-02
 -1.81414932e-02  1.66630484e-02  4.92273532e-02  8.88709277e-02
  6.02727905e-02 -1.11288153e-01  8.15878157e-03  5.56426607e-02
  8.54302347e-02  3.20935175e-02 -3.94119089e-03  5.92188127e-02]"
283,Privacy and Data Security,Social,technology,10,0.3137,"[-5.33757918e-02  8.70748386e-02 -2.61892136e-02 -3.07719335e-02
 -4.94610779e-02 -2.67095771e-02  1.14675365e-01  1.07684061e-01
  3.82161583e-03  1.71767697e-02  5.52601703e-02  2.50712764e-02
  2.21847985e-02  2.40327213e-02 -5.95929883e-02 -4.08289991e-02
 -4.05058563e-02 -9.60172713e-02 -7.18125254e-02 -9.79700908e-02
  1.12676872e-02 -3.02958209e-03  3.13601494e-02 -4.90101986e-03
 -3.67557667e-02  5.84644563e-02 -4.91965339e-02 -7.91880563e-02
  3.38118002e-02 -4.48487103e-02 -4.37828265e-02  1.24608077e-01
  7.23110652e-03 -2.14530434e-02 -1.02155134e-01  2.08966620e-03
  5.22057638e-02 -1.06818844e-02  4.53412421e-02 -4.62325253e-02
 -3.81202064e-02 -1.08342677e-01  4.39138338e-03 -4.19686213e-02
  1.69690344e-02  2.40389500e-02 -9.59094986e-03 -2.63491180e-02
 -8.54433253e-02  2.06576064e-02 -9.39752385e-02 -2.73434538e-02
  2.83384789e-02 -2.17745975e-02 -3.56099755e-02 -5.51369414e-02
  3.95608842e-02  9.48389899e-03  3.12499162e-02 -2.19207797e-02
  8.83331522e-02 -1.91333555e-02 -9.68085080e-02  8.18469096e-03
  1.25003844e-01  5.48934378e-03 -4.38393094e-02  2.56221350e-02
 -1.69396233e-02 -3.56474221e-02  1.30139533e-02  3.03727179e-03
 -2.64160577e-02  3.63557748e-02  5.92076108e-02 -7.53151402e-02
  2.92648636e-02  5.68613037e-02  6.07257448e-02 -1.40220551e-02
  6.37054071e-02 -5.56986127e-03 -3.38109657e-02  1.23350490e-02
 -1.89116690e-02 -9.84323584e-03 -3.16620693e-02  2.37492975e-02
 -7.29510980e-03 -3.37973945e-02 -2.71551795e-02 -1.24777732e-02
 -1.92969721e-02  1.11690294e-02 -5.41848913e-02 -1.62809324e-02
 -2.38354169e-02 -7.90457055e-02  5.37572475e-03  2.07108930e-01
 -1.17128866e-03  2.46064998e-02 -4.32393663e-02  2.06094515e-02
 -5.51254824e-02 -7.10204616e-02 -2.76070349e-02  3.87237258e-02
  5.89195564e-02 -5.20152450e-02 -7.51154795e-02 -5.27449464e-03
 -6.68248460e-02 -2.00321287e-04 -5.87197533e-03  3.07000540e-02
  1.42400907e-02  4.68236916e-02  6.36019036e-02 -1.01416204e-02
 -4.17777821e-02 -6.88626338e-03 -5.21863624e-02 -2.41597369e-02
 -2.95347366e-02 -1.16984792e-01 -2.19757669e-02 -6.03321116e-33
 -1.37117719e-02 -7.85427913e-03  7.08166789e-03  8.89174864e-02
 -2.53930744e-02  3.23604085e-02 -4.20844257e-02 -3.64180952e-02
 -1.13486340e-02 -2.53151283e-02  2.23808605e-02  3.58177498e-02
 -3.10760681e-02  2.91449968e-02  1.98112279e-01 -5.56544736e-02
 -2.50201039e-02  6.64663836e-02  4.99722883e-02  1.75072998e-02
 -4.40002345e-02  5.65191172e-03  3.75422575e-02  2.54615694e-02
  3.03621721e-02 -2.75565591e-02 -1.06498003e-02 -1.38084637e-02
  4.01069857e-02  2.60737855e-02 -1.10956617e-02  8.04349259e-02
 -5.82213607e-03 -9.38579291e-02  2.40553860e-02 -1.36042573e-02
  2.35334802e-02 -1.34938940e-01  8.35845247e-02  8.71412642e-03
 -1.83490086e-02  2.52171624e-02 -1.36210443e-02  3.22455391e-02
  3.24484296e-02  1.94015577e-02  9.72526819e-02  3.61764431e-02
 -7.51506910e-02  2.59723086e-02 -1.36417355e-02  7.24158511e-02
 -1.53849265e-02 -7.76896253e-02  1.13526888e-01  1.72709133e-02
  2.73279641e-02  6.02357695e-03  3.64983156e-02  1.61059797e-02
  3.57419811e-02  4.23755907e-02 -3.44410166e-02  1.01361386e-02
 -1.02901179e-02  4.94015589e-02  4.34494764e-02  2.04468910e-02
  4.12407704e-02 -3.85511597e-03 -6.44424558e-02 -4.94492538e-02
  5.50978743e-02 -8.72327574e-03 -2.01236699e-02  4.93380539e-02
  4.25844863e-02  1.32832006e-02 -3.82936001e-02  4.26576240e-03
 -1.16809279e-01 -3.78768295e-02  1.99437216e-02  1.47731248e-02
  4.63213492e-03 -1.94988027e-02 -2.29335204e-02 -7.17444792e-02
  3.52290943e-02  4.25252281e-02 -3.61372307e-02 -1.03929210e-02
 -9.88287013e-03  8.05673823e-02  1.11079612e-03  3.80978454e-33
 -5.41642122e-02  3.40009592e-02 -7.93478712e-02  7.76923895e-02
  5.64934202e-02 -5.64195439e-02  3.33840847e-02 -4.62667197e-02
  3.97212468e-02  8.96753892e-02 -3.27656567e-02 -1.04494244e-02
  9.96842235e-03  2.01179851e-02 -2.99954694e-02 -3.96712869e-02
  5.70616350e-02 -7.82842264e-02 -2.31916104e-02  3.54623259e-03
 -1.10932775e-02 -5.86345838e-03 -3.37698609e-02 -3.34332488e-03
 -6.04993217e-02  6.41755462e-02 -1.12495095e-01 -7.70943463e-02
 -5.83385816e-03  8.51907954e-03 -2.40494665e-02 -8.81247073e-02
  2.50068586e-02  6.88044429e-02  1.01889111e-02  6.73225150e-02
  9.97449681e-02 -2.43408931e-03 -1.31961294e-02 -8.04551914e-02
  7.86295682e-02  1.84889007e-02 -6.25137985e-02  9.33523178e-02
 -4.49662320e-02 -4.44980199e-03 -4.95964624e-02  3.42083760e-02
  2.83569191e-02 -2.43848469e-02  1.22753620e-01 -1.51159167e-02
  7.11618215e-02 -1.37276575e-01 -3.79748121e-02  4.72649448e-02
  3.01453304e-02 -6.29324408e-04 -6.06343411e-02  4.28826623e-02
  8.66364222e-04 -4.12270725e-02  1.26275476e-02  5.30514456e-02
 -6.86127171e-02  2.77373735e-02  4.07756418e-02  7.34758526e-02
  1.49105107e-02  1.29647832e-02  1.30850896e-01  4.46308404e-02
 -1.11938724e-02 -6.93485700e-03 -3.46110351e-02 -1.30686834e-02
 -7.00728297e-02  3.96554498e-03 -4.63928282e-02  7.83972535e-03
  1.50765022e-02 -1.91850420e-02  2.12086760e-03 -2.04092590e-03
 -1.97610147e-02  5.80788888e-02  1.13062551e-02 -6.92215785e-02
 -5.61322831e-02 -9.22652259e-02 -8.13995227e-02 -4.42839116e-02
 -2.21392848e-02  6.14642911e-02 -3.95025574e-02 -1.32626550e-08
  1.74167771e-02 -8.39989185e-02  3.40274684e-02 -5.08618392e-02
 -2.52604168e-02  2.39954442e-02  2.63927709e-02  4.75160740e-02
 -4.94141392e-02  2.50540022e-02 -8.07425454e-02  4.82911617e-03
  8.33065957e-02  1.06018104e-01  9.89251956e-02  8.93562660e-03
 -2.42371988e-02  4.32614936e-03 -6.32447749e-02 -3.89332254e-03
  5.03855869e-02  9.28575639e-04  4.44948971e-02  4.92114499e-02
  1.70502160e-02 -1.58933457e-02  6.28438890e-02  6.68693185e-02
  3.62330638e-02  5.71598038e-02 -3.91361751e-02 -1.31213302e-02
  1.28225842e-02  5.53038754e-02 -2.02520434e-02 -3.07234712e-02
  2.35344172e-02 -5.05819358e-02  6.53277114e-02 -2.85970531e-02
 -3.63293663e-02  5.19286320e-02 -2.94395462e-02  6.48316294e-02
  2.85732169e-02 -4.51586023e-02 -1.40427891e-02  7.88474455e-03
 -4.90990207e-02 -2.39264034e-02 -2.48596277e-02  6.97374120e-02
  2.09054332e-02  1.07220355e-02  4.70404513e-02  1.46988127e-02
  6.58987612e-02  1.84736331e-03 -3.23844515e-02  6.70749694e-02
  1.39668077e-01 -1.09153185e-02  1.05962299e-01  8.87539331e-03]"
284,Privacy and Data Security,Social,public,1,0.3117,"[ 7.82179609e-02  5.46859950e-03 -8.90123099e-02  3.55602540e-02
  2.12864876e-02  3.77696082e-02  6.23924732e-02 -3.13121602e-02
  2.42464077e-02  3.01202293e-02  7.65355080e-02  3.62620614e-02
 -2.27498710e-02 -7.34821409e-02  6.67156950e-02 -6.96664974e-02
  7.47197354e-03 -4.26445752e-02  2.01476761e-03  4.17188257e-02
 -4.56002634e-03  1.74701661e-02 -4.50701686e-03  2.44999994e-02
 -3.34297791e-02 -2.40739919e-02  2.19637286e-02 -7.08735257e-04
 -1.52932275e-02 -8.86665061e-02  4.45947908e-02 -2.82779709e-02
  9.30776149e-02 -1.19130621e-02 -1.06961066e-02  2.58769244e-02
  6.34205937e-02 -7.95942843e-02  2.65662111e-05 -4.11315443e-04
  2.28744876e-02 -6.69243112e-02  2.49350606e-03 -4.07685665e-03
  2.09906604e-02  1.74939018e-02  1.15447022e-01  3.26515995e-02
 -2.69152522e-02 -5.00834286e-02  5.08281328e-02 -5.27593121e-02
 -1.50766280e-02  2.77989991e-02  2.98846373e-03 -1.27446085e-01
 -2.66223606e-02 -2.30641384e-02 -2.21095700e-02 -2.45583858e-02
  5.77770174e-02 -5.92571944e-02 -1.00556962e-01  1.27236666e-02
  6.88565895e-02  1.70647781e-02  6.75683841e-02  2.16802955e-02
  8.28397796e-02 -1.40671447e-01  8.11693743e-02  4.65898439e-02
  6.62275255e-02 -9.85542126e-03  6.15928434e-02 -8.65273550e-02
  1.23670548e-02  4.14204272e-03  7.23081380e-02 -5.13919182e-02
  4.15122919e-02 -6.96595088e-02  4.52889651e-02 -1.03886123e-03
 -5.20083494e-02  4.82611265e-03 -1.19453873e-02  1.24872448e-02
  2.33176607e-03  1.32722044e-02 -8.94766226e-02  1.88173763e-02
  6.27375096e-02  1.34024285e-02 -1.01125628e-01 -4.76386696e-02
  2.88687311e-02 -5.78980055e-03  1.23494305e-02  2.65863717e-01
 -6.69927597e-02  1.08676739e-01  4.52855192e-02  5.80172502e-02
 -9.74772405e-03  2.99629718e-02  2.05749255e-02  1.96455978e-02
 -1.19210314e-02  9.01741534e-02 -4.49633738e-03 -3.25017087e-02
 -2.78442204e-02  1.95534378e-02  4.81110737e-02  1.30031386e-03
 -2.33594216e-02 -3.97228785e-02  3.36253867e-02 -8.91656652e-02
  1.37020461e-02  6.67303801e-02  6.83237938e-03 -6.32508239e-03
 -9.67299659e-03 -6.22105151e-02 -1.68728065e-02 -5.61813493e-33
  4.94856164e-02  6.56067161e-03  8.84611011e-02  6.96570277e-02
 -1.70159545e-02  4.08558585e-02 -1.32084480e-02 -4.61471975e-02
  1.28252874e-03  3.52335759e-02  7.51895756e-02  3.79843637e-02
  3.06613501e-02  2.68451194e-03  1.16292797e-01 -3.33309337e-03
 -1.07784187e-02  8.72550905e-02  2.05106549e-02  8.37674085e-03
  6.15854224e-04  3.59782763e-02 -4.50536124e-02  3.48509252e-02
 -8.82511772e-03 -4.19307724e-02  3.80937234e-02 -1.19475812e-01
  7.06832409e-02  2.45525073e-02  7.14684427e-02  5.19249961e-02
  8.24987367e-02  4.07601101e-03  9.39393491e-02 -3.95977907e-02
 -2.91268472e-02 -8.73557851e-02  4.75263521e-02 -1.64113776e-03
  1.76254213e-02 -5.47369346e-02  2.38330420e-02  7.10878521e-02
 -1.97631773e-02  7.06079677e-02 -7.51494020e-02  4.06611618e-03
 -8.07035416e-02  3.72543670e-02  1.25305522e-02  6.96572810e-02
 -1.44825771e-01 -1.75789446e-02 -3.70758995e-02 -6.18405081e-03
  3.32317241e-02 -1.88117977e-02 -5.38810296e-03 -5.36019616e-02
  3.60733680e-02  1.61513433e-01 -1.08830091e-02  3.80996838e-02
 -7.11421072e-02 -4.18304428e-02 -3.89574207e-02 -7.88626522e-02
  7.22530559e-02 -2.69809086e-02 -2.21618861e-02 -2.84125679e-03
 -6.20288923e-02 -5.82968723e-03  1.13960048e-02 -1.37327295e-02
 -1.54952789e-02  2.81156898e-02  5.38357086e-02  3.08421534e-02
 -2.28815805e-02 -4.83668223e-02 -1.42397387e-02  9.30915475e-02
  3.10715102e-02  2.22462155e-02 -4.33150344e-02  1.05651170e-02
 -5.16619114e-03  8.66676942e-02 -9.22945887e-02  3.48553248e-02
 -1.36899231e-02  1.71428248e-02 -6.70352504e-02  4.13253892e-33
 -4.89592962e-02  2.06261612e-02 -4.89466414e-02  1.47737432e-02
 -1.49986902e-02  1.18138613e-02 -7.46171735e-03 -5.52239902e-02
  6.62292019e-02  9.34255719e-02 -1.14001423e-01 -2.31729746e-02
  7.29098991e-02  2.82690916e-02  5.13843708e-02 -3.32204327e-02
  3.48580778e-02  1.62707791e-02 -9.74137262e-02  3.29728909e-02
 -8.60773921e-02 -5.91949522e-02 -1.22660836e-02  3.44830728e-03
 -1.85585674e-02 -4.89666946e-02 -6.63968623e-02 -2.19124127e-02
 -2.38203406e-02 -2.82964315e-02 -4.11765315e-02 -3.07860114e-02
 -3.46056633e-02  2.55126562e-02 -8.17027688e-02  7.50132203e-02
  4.90564341e-03  8.28579068e-03 -2.12667156e-02 -5.31411655e-02
 -2.99431663e-02  1.94540294e-03 -5.39827049e-02  3.77427451e-02
 -2.66972240e-02  4.61668260e-02 -8.49448517e-02 -5.59633784e-03
 -3.66235450e-02  3.89589556e-02 -1.02574877e-01  3.25886384e-02
  4.16165963e-03 -6.82049468e-02 -4.88195457e-02  3.77201736e-02
 -5.44888973e-02 -1.75487828e-02 -1.28913447e-02  1.85657945e-02
  6.64638057e-02  6.11764342e-02 -9.36059207e-02  1.00966185e-01
  4.22828048e-02 -8.57678875e-02 -3.68276983e-02  7.33439298e-03
 -3.08699906e-02 -2.80778063e-03  1.01688539e-03 -4.73484397e-02
 -1.20964851e-02  1.62618253e-02 -4.71407771e-02  6.76959455e-02
 -5.53544872e-02  3.85634452e-02  4.01171446e-02  3.35950814e-02
 -8.87195207e-03 -3.20662372e-02 -3.40255946e-02 -4.84442562e-02
  3.89360227e-02 -2.79949568e-02  1.58266723e-01 -5.90073615e-02
 -6.22800104e-02  2.11690385e-02 -2.11779214e-02 -1.33176269e-02
  3.45372665e-03 -3.08574550e-02  2.33578421e-02 -1.27602444e-08
  1.00093009e-03  3.95745086e-03  5.21076880e-02  6.69987733e-03
  4.58465964e-02  4.34127776e-03  3.15657211e-03 -5.82647324e-02
 -2.00217869e-02  2.29335595e-02 -2.64296234e-02  2.59739254e-02
  1.46983927e-02  7.64873326e-02  5.58908936e-03 -1.77117530e-02
 -4.90565486e-02 -5.94797619e-02 -9.71666574e-02 -2.28945389e-02
 -4.61655296e-02 -1.38235278e-02  1.56451594e-02  5.53380400e-02
  9.24115255e-03 -1.63283236e-02  2.99671646e-02  3.90691645e-02
 -1.88869797e-02  8.00242424e-02  2.96836440e-02  1.27889616e-02
 -2.23895237e-02  9.70399997e-04 -6.76277466e-03  2.01351177e-02
 -1.15372092e-02  4.47230451e-02  4.30338942e-02  6.47627264e-02
 -3.02573796e-02 -3.59586142e-02  4.87993620e-02  1.97741296e-02
  3.31598260e-02  4.85203080e-02 -8.47049151e-03 -4.72310893e-02
 -6.48654252e-02 -8.76629278e-02 -4.07486074e-02 -5.59517816e-02
  5.48032112e-02  1.86124314e-02  1.07581052e-03  5.67156300e-02
 -1.12913025e-03  5.86123057e-02 -4.11826149e-02  2.66038831e-02
  7.29541108e-02  3.51241864e-02 -1.39880897e-02  6.67456761e-02]"
285,Chemical Safety,Social,chemical,1,0.6899,"[ 1.21722985e-02 -1.08712846e-02 -1.99898649e-02  5.79892173e-02
  1.96525306e-02  4.04251702e-02  1.45659193e-01  1.14778273e-01
  2.23183967e-02  9.90609638e-03 -2.04921258e-03 -8.94042999e-02
 -1.21728070e-02 -1.92614552e-03 -3.61507572e-02  1.64732207e-02
  1.07988354e-03 -3.33748087e-02 -4.00832668e-02  8.70430749e-03
 -3.07972021e-02 -4.11583250e-03  2.15127803e-02  5.59391640e-02
 -9.07458216e-02  1.36992231e-01 -2.93681696e-02  3.17149162e-02
  1.77342296e-02 -9.44148898e-02  5.20356297e-02  1.34843752e-01
  7.90072978e-02 -4.30030413e-02  4.27719541e-02  1.44559955e-02
 -7.62957111e-02 -1.03890076e-02  4.18956764e-03  2.78973840e-02
 -4.12653238e-02 -7.91344643e-02 -2.95325089e-03 -1.84065998e-02
  5.02883643e-02 -3.85249332e-02  6.28650188e-02 -6.00700751e-02
 -1.26916775e-02  5.10789454e-02  6.23286935e-03  2.17614975e-02
 -6.81083128e-02  4.88058887e-02  1.91848092e-02 -7.24713132e-02
  2.10554525e-02  2.36040335e-02 -6.78651705e-02 -2.24266984e-02
  8.99145007e-02 -1.06937941e-02 -6.75727651e-02 -1.47686538e-03
  1.06798701e-01  1.90694574e-02  3.29495110e-02 -2.17032689e-03
  8.83192569e-02 -7.61841759e-02  5.02167642e-02 -1.97436623e-02
  5.59573025e-02  2.17828564e-02  7.63821825e-02 -6.89503388e-04
  3.85132134e-02 -6.21363036e-02  9.02832523e-02 -3.12325377e-02
  3.81626487e-02  1.16613974e-05 -5.98370023e-02  9.66290291e-03
  4.83759381e-02  3.40884291e-02  1.52733065e-02 -5.82157448e-03
 -3.33374068e-02 -1.99678764e-02 -6.22651577e-02  4.65608910e-02
  6.68445602e-02 -1.93773750e-02 -1.28608674e-01  7.16679543e-02
 -2.56277844e-02  5.03720064e-03  1.58574842e-02  1.84774056e-01
  2.19843388e-02  1.28412247e-01 -1.68607384e-01 -1.88009478e-02
 -1.46218007e-02 -5.16444407e-02 -8.87586921e-03  7.04610050e-02
  1.11552095e-02  4.64937314e-02 -6.04240336e-02 -4.92365239e-03
 -6.84175035e-03  3.66836898e-02 -7.76977697e-03  5.92845492e-02
  5.14250584e-02 -9.98070580e-04 -1.63703635e-02 -3.31505872e-02
 -2.02238094e-02 -2.35776231e-02 -6.85685277e-02  3.55787762e-02
 -3.14029492e-02 -6.93986937e-02  7.25977868e-03 -5.54664503e-33
  1.81341765e-03 -4.44498844e-03  7.53323659e-02  1.00986212e-02
 -4.91875224e-02 -2.51608319e-03 -4.48482372e-02 -1.15528151e-01
 -4.83582914e-02  5.05737178e-02 -2.40918156e-02 -6.23568380e-03
 -8.51329938e-02  4.10608053e-02  9.81391519e-02 -1.53881148e-03
 -7.50889033e-02 -2.21367758e-02  7.17162266e-02 -5.85370995e-02
 -1.01201206e-01  1.21817857e-01 -3.92921381e-02  3.41175683e-02
 -2.25663111e-02  6.11865707e-02 -6.52662292e-02  5.05929859e-03
 -3.20160240e-02 -2.18114201e-02  4.81838398e-02  3.77141722e-02
 -1.34932501e-02  7.70431757e-03 -1.68428589e-02 -5.21663390e-02
 -9.34058800e-02 -2.75732707e-02 -1.77680398e-04 -7.16587827e-02
 -2.30774917e-02  2.34818868e-02  4.17547189e-02  4.22628485e-02
  2.01548003e-02  1.81640834e-02 -4.70869988e-02  1.61830168e-02
  8.03889055e-03  2.10950393e-02 -4.34926860e-02 -1.50457667e-02
  5.21832779e-02 -2.66981516e-02 -2.64056232e-02  2.58957464e-02
 -3.02213384e-03 -4.16999124e-02  1.34887593e-02  6.91012293e-02
  2.45822333e-02  1.53582051e-01 -4.15896326e-02  4.93612774e-02
  2.75987163e-02 -3.63455229e-02 -4.55683563e-03  1.12984050e-02
  9.21462253e-02 -1.13241151e-02 -9.60000381e-02  1.59060135e-02
  6.94607869e-02  2.54094638e-02 -2.54185535e-02  2.87570916e-02
 -1.03646833e-02 -7.52542689e-02 -2.64152288e-02  7.92763568e-03
 -3.02512851e-02 -5.34265302e-02 -6.00827672e-02  1.43329743e-02
 -1.22721463e-01 -8.57321639e-03 -3.50733921e-02 -2.92459410e-02
  6.45918250e-02  5.10412194e-02 -8.47780630e-02 -9.91419628e-02
  8.34667459e-02  2.97597190e-03 -4.76543829e-02  3.42680517e-33
 -9.37356334e-03 -7.14136139e-02 -1.48748104e-02  9.70377773e-02
  1.21461125e-02 -1.57847814e-02 -5.01609743e-02 -6.50879741e-02
  1.94702856e-02  5.34454584e-02 -7.31665082e-03 -4.53671999e-02
  6.10591620e-02 -2.37928834e-02 -6.42780587e-02  4.54034321e-02
  1.89226810e-02  5.28606325e-02  5.20263538e-02  2.80872490e-02
 -2.65854932e-02  3.94806229e-02 -7.85273686e-02  1.95816271e-02
  1.53575698e-02  6.17567934e-02  4.91269901e-02 -6.60194978e-02
  1.51564004e-02  3.21262851e-02  1.94941722e-02  1.41738607e-02
 -2.50980654e-03 -2.11044084e-02  2.65740845e-02 -9.17175785e-03
  4.59025837e-02 -2.30979901e-02 -4.04246747e-02 -7.03152828e-03
 -1.21452007e-02 -1.41684653e-03  1.64284501e-02  1.52070493e-01
  3.80124412e-02  3.99558283e-02 -5.67239113e-02 -6.39080303e-03
  2.07507722e-02  2.04601344e-02  2.42911223e-02  7.83561263e-03
 -3.25062908e-02 -7.27827922e-02  7.29428753e-02  2.37630717e-02
 -7.82036334e-02 -5.86452298e-02 -3.62306125e-02 -9.98734497e-03
  6.19958416e-02 -1.95466150e-02 -2.84744315e-02 -2.45618224e-02
 -9.08463150e-02  3.34633626e-02 -4.83564772e-02  7.92492065e-05
  3.15794423e-02 -4.20492031e-02  1.54928237e-01  7.36223832e-02
  2.17161644e-02 -6.34565891e-04 -4.27062698e-02 -8.13182890e-02
 -4.49407883e-02  2.09529102e-02 -5.10383546e-02  6.85008615e-03
 -2.54680887e-02  2.03149654e-02 -3.73893939e-02 -1.75727513e-02
 -4.16043438e-02 -4.25747670e-02 -1.05988327e-02  5.26984520e-02
  7.11469771e-03 -5.09114116e-02 -1.50285230e-03  2.67157666e-02
 -7.80260796e-03  6.37736842e-02 -4.26553153e-02 -1.22750894e-08
  2.79750582e-02 -4.35140803e-02  4.53695953e-02 -5.63813485e-02
  3.51646654e-02  6.18754923e-02  3.86029892e-02 -3.61295417e-02
 -5.04803397e-02  7.50239519e-03  9.26311477e-04  5.62417842e-02
 -5.53895347e-03  3.22168395e-02  4.43729609e-02  1.81318389e-03
 -4.19663526e-02 -4.07847017e-02 -6.01986870e-02 -2.95594428e-02
 -5.07386178e-02  3.58443297e-02 -2.47695558e-02  1.79982595e-02
  8.91129486e-03 -2.31273603e-02  4.40114699e-02  4.56267856e-02
  2.79025845e-02  3.33823301e-02  4.52451548e-03  1.38520030e-02
 -3.08096614e-02 -6.23990130e-03  5.47887050e-02 -6.56373054e-02
  5.61623164e-02 -8.74374956e-02 -5.05879670e-02 -4.19108709e-03
 -4.69712056e-02  6.21743016e-02 -3.05779744e-02  1.65579077e-02
  5.02340645e-02 -5.15388176e-02  2.36214697e-02  4.69544195e-02
  1.62465889e-02 -2.45488230e-02  1.11378925e-02 -3.40469815e-02
 -5.48922978e-02  5.20713255e-03 -5.91155607e-03  3.20686251e-02
 -7.61848735e-03  1.30478302e-02 -6.63001388e-02 -3.78954709e-02
  1.18093155e-01 -5.92013709e-02  1.25763372e-01 -1.41946087e-02]"
286,Chemical Safety,Social,safety,11,0.6567,"[ 5.73531957e-04  7.82999620e-02 -5.72171323e-02 -9.87484958e-03
  8.19947273e-02  7.64091834e-02  1.25421762e-01  4.30145375e-02
 -1.73132550e-02  4.07683961e-02  6.97012395e-02 -6.44242624e-03
  6.07175007e-02 -1.44188330e-02 -1.08001001e-01 -7.68733099e-02
  3.86120044e-02  1.73624326e-02 -1.57332927e-01 -1.03293490e-02
 -6.43835887e-02  4.50725034e-02  2.85278484e-02  4.28724438e-02
 -1.44915193e-01  2.81684436e-02 -3.54573503e-02  3.66525985e-02
  1.39614185e-02 -5.18231541e-02 -1.61202252e-02 -8.12839642e-02
  3.77211869e-02 -2.28156783e-02 -8.68310705e-02 -4.21075560e-02
  5.52136488e-02 -1.38955545e-02  4.97897677e-02 -2.58697085e-02
 -5.34037985e-02 -9.21611041e-02  9.51912720e-03  2.09068749e-02
 -3.51158604e-02  4.45235781e-02  1.10328821e-02 -1.01948977e-01
  7.69034177e-02 -5.12995757e-02  2.58703884e-02  4.32779118e-02
 -2.37581157e-03 -1.49276177e-03  5.40945344e-02 -7.14805350e-02
  6.88765710e-03 -4.46055792e-02 -5.87516129e-02  4.06757258e-02
  8.00295249e-02 -1.16845686e-02 -7.81028792e-02 -3.21930833e-02
  4.33817469e-02 -1.61102638e-02 -6.20145276e-02  7.95155019e-03
  5.94670400e-02  6.26007318e-02 -8.24345392e-04 -1.59219243e-02
  1.02076717e-02  1.41518016e-03  2.61478070e-02 -1.06971050e-02
  4.40757684e-02 -7.04433918e-02  3.46981883e-02 -2.92230844e-02
  3.02053783e-02 -2.67119538e-02  6.15215600e-02  1.99415926e-02
  4.25258726e-02  7.01010823e-02  1.66251082e-02  7.46769423e-04
  2.13365182e-02 -2.65571941e-03 -6.24767914e-02  3.13235936e-03
  9.98646319e-02  6.51122853e-02 -2.72436608e-02  3.64840426e-03
 -4.40069735e-02 -3.00874040e-02 -3.07827611e-02  1.82817221e-01
  2.21045036e-02  1.38957584e-02 -2.71815099e-02  6.13319911e-02
 -3.73213040e-03 -1.32738352e-02 -6.56675100e-02  2.83549726e-02
 -1.41513692e-02  5.43183610e-02  7.08732149e-03  4.22299914e-02
  3.67801520e-03  3.31379287e-02 -4.18435708e-02  3.94624658e-02
 -7.26993904e-02 -2.14777812e-02  3.99688259e-02  2.84358542e-02
  2.06068112e-03  2.11788695e-02  6.82035312e-02 -6.82317652e-03
 -4.51058568e-03 -1.17569230e-01  2.80644465e-02 -5.26886249e-33
  8.95859022e-03 -3.37898582e-02  7.79993553e-03  1.65810417e-02
 -4.91214134e-02  2.11228300e-02 -6.90779537e-02 -6.86724335e-02
 -1.13512827e-02  5.25497384e-02  1.14064030e-02 -9.83412750e-03
 -2.86902115e-02 -4.40093502e-02  1.12199239e-01 -1.17825251e-02
 -5.62178381e-02  6.75890297e-02 -7.28950649e-02 -5.59516326e-02
  5.66154439e-03 -9.21686441e-02 -2.22575734e-03  6.45204484e-02
 -4.40874435e-02  6.88202009e-02 -1.87790003e-02 -3.12175918e-02
  5.43573536e-02  4.16046903e-02 -1.36937201e-01  6.90436438e-02
 -7.08886832e-02 -6.64794743e-02  4.85883281e-02  3.59560885e-02
 -1.25533715e-01 -6.28227517e-02 -2.97300015e-02 -3.62521186e-02
 -9.98093374e-03 -2.89357062e-02  5.75315654e-02  6.81584105e-02
  9.69588831e-02  7.03348517e-02 -5.53599037e-02  8.69226817e-04
 -9.56648514e-02 -3.27183194e-02 -6.70421124e-02  2.27864441e-02
  2.08831504e-02  5.25518041e-03 -4.35425006e-02  5.93395457e-02
  3.94774564e-02  1.41145848e-02 -3.49932685e-02 -5.88018261e-03
 -4.08608802e-02  1.22482821e-01 -4.05224636e-02  1.60748709e-03
  1.15476809e-02 -2.43269559e-02  1.07615180e-02 -1.90663002e-02
  5.26557229e-02 -2.16527209e-02 -1.15450658e-01 -2.23790221e-02
  4.22808677e-02  7.84298126e-03 -9.34963003e-02 -8.92764237e-03
  1.05002923e-02  6.05923450e-03  2.20020618e-02 -6.29538000e-02
 -7.13082217e-03  3.97074930e-02  3.40047758e-04  2.59260442e-02
  4.25434820e-02 -4.36423458e-02 -3.42819169e-02 -3.24760075e-03
 -8.35785642e-02  1.31556064e-01 -2.60524377e-02 -3.51289362e-02
  9.75253507e-02  7.05231950e-02 -5.26373982e-02  4.06741212e-33
  1.56558631e-03 -1.75973698e-02 -5.98577224e-02  5.58593720e-02
 -4.02385034e-02 -5.55491038e-02  1.29420205e-03 -2.27793269e-02
  1.40525959e-02  6.06335439e-02 -7.11394697e-02 -3.74007858e-02
  5.86898476e-02  4.14202083e-03  1.45072229e-02 -4.12938222e-02
  4.66623195e-02  3.23582329e-02 -2.53631659e-02 -2.03686636e-02
  4.65353429e-02 -4.47168462e-02 -7.89758340e-02  6.06096350e-02
 -6.42090887e-02  2.73551363e-02 -6.06764071e-02 -2.71904524e-02
 -5.88296615e-02  2.20218729e-02  3.22674215e-02  1.90811697e-02
  9.80012864e-03  7.24026412e-02 -4.34783250e-02  1.25801917e-02
  9.37949196e-02 -3.82261425e-02 -1.43130906e-02 -4.15071025e-02
  6.14760779e-02  1.09079324e-01  4.04572152e-02  3.20978761e-02
 -7.47115016e-02  4.54904288e-02  2.88444553e-02  1.26923146e-02
 -3.58722359e-02  3.27344611e-02 -5.14850914e-02 -3.10137235e-02
 -1.76027659e-02 -2.68229824e-02  4.53914218e-02  1.60113461e-02
 -1.67307369e-02 -3.58036114e-03 -1.86403524e-02  2.41783056e-02
  3.83845121e-02  5.76019101e-02 -9.30991173e-02  8.60363990e-02
 -2.18227152e-02  9.07936841e-02 -1.04535855e-01 -4.10199501e-02
  6.15584962e-02 -6.21054787e-03  6.62556067e-02  4.69711833e-02
 -3.92021313e-02  1.61787949e-03 -1.26945928e-01 -6.80641234e-02
 -4.50680628e-02 -2.68641096e-02 -3.27069014e-02  1.85658876e-02
 -4.40403484e-02 -5.80981262e-02 -3.57537642e-02  1.19558133e-01
  8.91900342e-03 -1.17045054e-02  5.59923202e-02 -2.11041747e-03
 -1.57093685e-02 -8.16884115e-02 -5.18969558e-02  5.11641391e-02
 -5.06767854e-02  1.54963667e-02 -2.08509415e-02 -1.20820340e-08
 -1.90192219e-02  3.05042621e-02 -3.31516638e-02 -4.18629758e-02
  3.21384845e-03  1.02516226e-02  2.66005140e-04 -8.45980197e-02
  3.42345960e-03  4.34220582e-02  4.59021144e-02 -1.21966284e-02
  4.47702445e-02  4.64696363e-02  3.03288619e-03 -1.28830224e-02
  3.75164039e-02  3.89307588e-02 -4.21736836e-02  5.02593517e-02
  2.55392957e-02  2.62836069e-02 -1.37801869e-02  7.31249377e-02
 -3.01195402e-03  1.28666842e-02  4.14091684e-02  1.01913139e-01
  2.07681060e-02  9.73920003e-02  1.71950795e-02 -4.30681976e-03
 -4.90574026e-03  5.30354455e-02 -2.57243607e-02  3.67543176e-02
  3.98441479e-02 -1.79919470e-02  6.21846765e-02 -3.44083011e-02
  1.60844792e-02  8.68094992e-03  4.73964922e-02  6.67413324e-02
 -1.00668697e-02  8.41482636e-03 -3.02098710e-02  4.29045521e-02
  1.19931134e-03  1.99407563e-02  5.01913344e-03 -4.02092002e-02
  1.84916407e-02  1.41109794e-01  2.61195563e-02  1.76474564e-02
 -3.36421654e-03 -2.57749576e-03  2.31142957e-02  5.96186742e-02
  3.64358351e-02  2.02981252e-02  9.13854018e-02  1.44670075e-02]"
287,Chemical Safety,Social,hazardous,3,0.6272,"[ 3.36181857e-02  2.71987747e-02 -4.76677194e-02  2.76505239e-02
  6.56606583e-03  1.38589852e-02  1.40101403e-01  6.82627112e-02
 -5.25325574e-02  1.36720287e-02  4.90989052e-02 -4.50298898e-02
  4.24380898e-02  4.22107615e-02 -1.00600243e-01 -5.09844609e-02
  5.06010763e-02 -6.61694035e-02 -9.73934531e-02  1.02492444e-01
 -1.12089198e-02  8.46796185e-02 -2.34195665e-02  2.03038268e-02
 -7.97160938e-02  4.40675057e-02 -1.53856268e-02 -9.13413428e-03
  4.69441153e-02 -4.30072807e-02  5.77479005e-02  4.95515987e-02
  8.29089899e-03 -2.31390446e-02  3.32390331e-02 -6.33116998e-03
  5.37989922e-02 -2.02336349e-02  9.36218426e-02 -2.75159441e-03
 -3.50477174e-02 -1.05359122e-01 -3.51316780e-02 -3.71977314e-02
 -2.71381568e-02 -1.95543822e-02  2.15438940e-02 -1.08409300e-01
  2.55157594e-02 -3.69405113e-02  3.36935706e-02 -1.39342016e-02
 -4.38927114e-02  7.82698952e-03  3.32050957e-02 -1.18391715e-01
  9.02655162e-03 -9.55020487e-02 -5.86451069e-02 -2.72641983e-02
  4.76287603e-02 -1.04010943e-03  1.76519565e-02 -1.02260374e-02
  4.17996868e-02  3.39039154e-02 -1.73510369e-02  3.28128412e-02
  6.00876249e-02  2.39341985e-02  4.13240120e-02 -1.62909850e-02
  2.47936845e-02  2.17314884e-02  1.04371179e-02 -7.29172025e-03
  3.30745131e-02 -1.85564123e-02  6.34588897e-02 -1.61907841e-02
  2.84197554e-02 -1.54948542e-02  1.00812351e-03  1.35345990e-02
  7.45764598e-02  5.32989949e-02 -3.81047651e-02  1.07848654e-02
 -4.58312705e-02  3.54232900e-02 -5.83537892e-02  2.26350017e-02
  1.26044959e-01  4.78997193e-02 -8.27203393e-02  5.16278343e-03
 -2.03440655e-02 -3.52836698e-02 -2.69022305e-02  1.96647733e-01
 -1.98529493e-02  8.41041952e-02 -1.42771110e-01  3.23566571e-02
 -3.72415558e-02 -8.55950043e-02 -3.30525935e-02 -2.17656046e-03
 -4.40239795e-02  1.96611006e-02 -3.39773037e-02  1.37885381e-02
 -1.03431921e-02 -2.92361318e-03 -2.45373119e-02  7.95534775e-02
 -1.40500944e-02 -8.64026137e-03 -3.13052498e-02 -7.10044801e-03
  1.59120513e-03  4.94909566e-03 -2.40022652e-02  8.87269527e-02
 -2.00510658e-02 -1.12515062e-01  3.60509902e-02 -5.28631454e-33
  4.97373939e-02  2.88053304e-02  3.43766399e-02 -2.57512219e-02
  1.36949145e-03  2.99582463e-02 -2.12507956e-02 -6.26577660e-02
 -9.11462959e-03  8.65528658e-02  5.42914495e-02  3.61969434e-02
 -3.58335711e-02 -2.29122266e-02  5.20854779e-02 -1.64414849e-02
 -5.65107092e-02  1.90412309e-02 -6.94071949e-02 -8.63353387e-02
 -2.33589113e-02 -1.35708097e-02 -1.50470156e-02  3.42396535e-02
 -2.94376463e-02  7.71994367e-02 -5.94190620e-02 -1.10596679e-02
  1.51060903e-02  3.47706117e-02 -4.67445664e-02  4.27411087e-02
 -5.40690543e-03 -6.72966167e-02 -2.35548872e-03  2.73717754e-02
 -1.63411036e-01 -3.67207080e-03 -2.85879988e-02 -2.76228189e-02
 -7.26292729e-02 -5.64970933e-02  3.00669074e-02  8.02282766e-02
  8.89691934e-02  5.79988286e-02  1.32624758e-03 -2.33690366e-02
 -5.89825921e-02 -7.19686598e-02 -4.90228534e-02 -1.07666859e-02
 -1.90308094e-02 -1.32080568e-02 -4.09076698e-02  1.76735353e-02
  7.66746998e-02 -2.99134199e-02 -2.23720148e-02  4.01154757e-02
  5.77397039e-03  1.09947443e-01 -1.16138488e-01  2.16817483e-02
  4.16414104e-02 -1.04385674e-01  1.06566567e-02 -3.26543823e-02
  5.29970489e-02 -8.02647136e-03 -1.31882560e-02  3.35926153e-02
  6.16881810e-02 -3.88387591e-02 -4.46795970e-02 -1.04474174e-02
 -1.92291420e-02  9.91635863e-03 -3.58564332e-02 -4.23198678e-02
 -8.71006325e-02 -1.26206772e-02 -2.40482185e-02  5.43570258e-02
 -4.96349260e-02 -4.09848802e-03  1.07323369e-02  1.46718100e-02
 -6.96007013e-02  1.18430816e-01  2.47312952e-02 -1.14397053e-02
  7.97810927e-02  1.01005491e-02 -8.96936655e-02  4.11757965e-33
  1.98520342e-04  7.18728378e-02 -1.02983154e-01  9.98334214e-02
 -7.36531662e-03 -6.25638105e-03  3.81841660e-02  8.12274814e-02
 -6.35823794e-03  6.78592995e-02 -7.43380040e-02 -5.13363816e-03
 -3.43821980e-02 -4.29865122e-02  5.29592596e-02  4.55097295e-02
  5.37052974e-02  8.32029060e-02 -9.96299088e-03 -3.61700095e-02
 -7.31146103e-03 -2.45636255e-02 -5.86436428e-02 -1.40361004e-02
 -6.93863183e-02  4.77461293e-02 -4.25270945e-03 -7.54400045e-02
 -3.99646498e-02  6.25000075e-02  8.42452794e-03  1.16787367e-01
 -2.55111307e-02  2.04851422e-02  1.14069246e-02 -9.41408426e-03
  3.87362912e-02 -3.91916446e-02  1.59339327e-02 -5.02454191e-02
 -6.77362410e-03  9.85735655e-02  3.85052338e-02  8.79416317e-02
 -5.14227934e-02  5.96723892e-02 -2.58306768e-02 -4.15263511e-02
  1.13529535e-02 -1.39235677e-02  5.47584100e-03  3.07253338e-02
 -3.85074504e-02 -1.19273434e-03  3.91000845e-02  3.55797745e-02
 -1.08840175e-01 -3.50662395e-02 -3.25829722e-02  7.26489350e-02
  7.02428147e-02  5.06622680e-02 -9.27157849e-02  6.06623180e-02
 -5.33834435e-02  1.37396147e-02 -1.10342667e-01 -5.14436886e-02
  3.13733779e-02 -1.78223867e-02  9.36972573e-02  3.53354104e-02
 -6.09151497e-02 -7.34398589e-02 -8.10820684e-02 -1.17302403e-01
 -5.61214313e-02  3.61130349e-02 -2.75941473e-02  2.15428695e-03
 -1.67345479e-02  1.82411645e-03 -3.16477008e-02  1.06995218e-02
 -2.30211746e-02 -2.87960954e-02  2.12054979e-02  4.23414297e-02
 -2.39861291e-02 -2.11306587e-02  2.22829375e-02  4.92857881e-02
 -4.79175448e-02  1.64173543e-02  4.48340038e-03 -1.25393136e-08
 -3.28386039e-03 -1.37985771e-04 -3.81266922e-02 -5.44687547e-02
  4.83740531e-02  9.37295053e-03 -7.75343971e-03 -1.67516933e-03
  1.31405927e-02  4.93730642e-02 -5.61614893e-03 -8.55904147e-02
  2.15931591e-02  6.71152696e-02 -4.09371639e-03  1.55608086e-02
  2.71132961e-02 -2.55326815e-02 -2.14249883e-02  3.97893041e-02
 -4.29341896e-03  3.08604538e-02 -9.67544224e-03  1.81668848e-02
  1.35402789e-03  4.98431548e-03  6.49491847e-02  3.21490094e-02
  1.02267787e-01  8.81590545e-02  5.10878973e-02  5.91037758e-02
 -3.89746688e-02  5.37229106e-02 -9.62898880e-02 -5.05180247e-02
 -2.96734534e-02 -6.75147548e-02 -4.13071997e-02  7.76148736e-02
 -6.46613585e-03  5.39433956e-02  1.33961551e-02  6.58269227e-02
  3.79588120e-02 -4.97087762e-02 -8.37837346e-03  3.23111601e-02
 -1.13109061e-02  9.13830474e-03 -6.54465007e-03 -7.43433461e-03
  1.75788049e-02  3.80689465e-02  1.53556364e-02  1.24263661e-02
  4.27150466e-02  4.39925306e-02 -1.47012640e-02 -5.09436242e-03
  1.73042178e-01 -1.87457725e-02  2.43793391e-02  3.01614515e-02]"
288,Chemical Safety,Social,substances,2,0.4931,"[-4.23959224e-03 -6.24451153e-02  4.40973826e-02  6.01068996e-02
  1.65754780e-02  1.92956571e-02  1.62714824e-01  3.09195779e-02
 -7.27624539e-03  1.77143998e-02  5.37916366e-03 -8.73002708e-02
 -1.49653768e-02  6.04664423e-02 -2.05588154e-02 -1.53418658e-02
 -1.09570092e-02 -1.40864337e-02 -6.11607917e-02  5.42900227e-02
  6.57448024e-02  3.22327800e-02  1.18510204e-03  1.32524800e-02
 -6.04946464e-02  1.73935175e-01 -1.64478850e-02 -4.88264784e-02
  8.00435618e-02 -9.71265212e-02  5.43123670e-02  8.49012136e-02
  8.97955522e-03 -3.89111824e-02 -2.94327992e-03  3.87796275e-02
 -2.86658723e-02 -2.57594176e-02 -2.15585735e-02  4.08922806e-02
 -2.54690908e-02 -9.99375433e-02  1.85796409e-03  2.35286709e-02
  5.12873046e-02 -1.93520226e-02  8.11256766e-02 -6.77897930e-02
  2.46356949e-02 -2.32579671e-02  3.14673502e-03 -2.26478726e-02
 -6.20648563e-02  9.54802334e-02 -2.23150812e-02 -6.00465760e-02
  3.33717950e-02  6.31274134e-02 -4.62097488e-02 -1.19884722e-02
  8.34241882e-02  4.57029045e-02 -9.78391152e-03  3.24163958e-02
  1.01484507e-01 -1.34307845e-02 -1.78396460e-02  3.59479189e-02
 -2.35991273e-02  4.66606095e-02  4.70707379e-02  5.75713441e-03
  8.10867399e-02  1.10326903e-02  7.87815154e-02 -8.11455026e-03
 -1.31916646e-02 -7.85631761e-02  5.30003384e-02 -9.18401463e-04
 -2.23607440e-02  5.23628332e-02 -4.54534553e-02  4.01474088e-02
 -6.91994373e-03  1.64457615e-02 -1.53282927e-02 -5.22728041e-02
 -9.13576558e-02 -2.60509364e-02 -2.56455280e-02  3.31594124e-02
  6.01428859e-02 -1.91734023e-02 -4.53863554e-02  6.06640754e-03
 -5.97864017e-03 -3.93401943e-02  4.64265496e-02  1.68194056e-01
 -1.40545527e-02  1.17479742e-01 -1.14055075e-01  4.06076852e-03
 -2.48745997e-02 -6.85388073e-02 -4.96184034e-03  3.01140528e-02
  5.13688810e-02  5.05943745e-02 -5.37057668e-02  1.51977418e-02
 -5.59308641e-02 -1.02785993e-02 -9.45175253e-03 -9.39586945e-03
  4.89662848e-02 -4.60283086e-03 -7.59469643e-02 -5.94338253e-02
 -3.32476981e-02 -3.03751547e-02  4.91169887e-03  1.08143194e-02
 -3.59767415e-02 -6.81786463e-02  7.35051557e-02 -6.09777886e-33
  2.23666392e-02 -6.27075881e-02  6.88145533e-02  1.15115978e-02
 -7.57056326e-02  2.79228459e-03 -1.17367432e-02 -4.52538095e-02
  4.15899940e-02  5.38033582e-02 -4.53331955e-02  5.46042025e-02
 -1.22611456e-01  4.78073768e-02  1.00641534e-01 -2.73638554e-02
  1.02270092e-03  3.58751863e-02  1.18481092e-01 -1.83460359e-02
 -9.05307755e-02  1.76185425e-02 -4.76771370e-02  1.02977650e-02
 -2.33822297e-02  9.40207113e-03 -3.99388522e-02 -1.80782191e-02
 -5.55330887e-02 -6.83307508e-03  5.58601916e-02  7.88120702e-02
 -4.11506854e-02  5.35760559e-02 -3.72251160e-02  1.77046563e-02
 -1.16157651e-01  5.18081617e-03  8.50609504e-03 -1.18147083e-01
 -8.74753296e-03  3.38678528e-03  8.58493447e-02  3.54524031e-02
  5.62719256e-03  1.17736338e-02 -5.57083152e-02  2.33388897e-02
 -1.59246642e-02 -1.11455712e-02  1.33124515e-02  1.14944819e-02
  7.59625901e-03 -3.89698483e-02 -4.95788157e-02  1.81570593e-02
  1.01655545e-02  9.60895233e-03 -2.86441743e-02  4.80922014e-02
  2.64724251e-02  1.13302931e-01 -6.75185770e-02  4.75826710e-02
 -3.52452062e-02 -2.78292466e-02 -2.35319696e-02 -4.08298448e-02
  4.49841358e-02 -5.54693826e-02 -9.67045948e-02  2.85975579e-02
  1.05807129e-02 -8.45385436e-03  5.55997714e-02 -9.16984025e-03
  2.24814247e-02 -7.96750709e-02 -2.72782538e-02  1.37092033e-02
 -4.43494581e-02 -8.30408856e-02 -3.97906713e-02 -2.52916086e-02
 -1.45089030e-01  4.74538701e-03  4.04105969e-02 -5.14406003e-02
  6.95768222e-02  3.94821167e-03 -1.02357455e-01 -1.01038553e-01
 -2.98370011e-02 -6.19987659e-02 -1.28399776e-02  3.10640545e-33
  2.18940377e-02 -5.66094145e-02 -2.18508467e-02  1.06809385e-01
  7.55297914e-02 -3.85438390e-02 -1.09843817e-02 -5.27085587e-02
  7.78769851e-02  3.23147811e-02  2.75933966e-02 -9.28677060e-03
  4.20283601e-02 -7.16834664e-02 -5.72333708e-02  5.79067767e-02
 -1.87114235e-02  5.43046743e-02  7.74430186e-02  1.35958903e-02
 -8.90086517e-02  7.44671971e-02 -7.49043329e-03 -5.79340160e-02
 -3.61250676e-02  4.59837466e-02  4.66485582e-02 -4.89716530e-02
 -3.40547366e-03  1.95993800e-02  1.77358743e-02 -8.81592277e-03
 -1.69175509e-02 -5.25616482e-02 -2.48977672e-02 -3.26782726e-02
  8.65007266e-02 -7.79304951e-02 -8.81180018e-02 -8.29936638e-02
  3.71911488e-02  2.57688742e-02  5.51470369e-02  1.00602910e-01
  3.54480953e-03  9.66744684e-03 -1.38936415e-02 -5.79538522e-03
  3.88703980e-02  4.74741589e-03  6.84676394e-02 -1.54415788e-02
 -5.87125272e-02 -3.88643593e-02  6.16557933e-02  5.80302887e-02
 -1.21517174e-01 -6.31603226e-02  2.53580958e-02 -2.32100841e-02
  1.06354579e-02  9.17332098e-02 -5.51506281e-02  2.37214305e-02
 -2.98138596e-02 -7.12504517e-03 -4.03621867e-02  5.10973819e-02
  3.15211453e-02 -7.04532415e-02  1.03246190e-01  1.27041908e-02
  4.50371467e-02 -1.42271128e-02 -2.27198135e-02 -9.71828252e-02
 -6.34995922e-02 -4.48634773e-02 -3.26739885e-02 -2.16953401e-02
  6.85968399e-02  3.90393324e-02 -7.27137029e-02 -2.32306099e-03
  2.55896430e-02 -4.16050106e-02  4.42680120e-02 -8.59568827e-03
 -4.98444308e-03  1.04468828e-02 -2.80862954e-02  3.47808674e-02
 -4.87337820e-02  4.98174205e-02 -3.78479995e-03 -1.21903128e-08
  3.34511288e-02  2.00646976e-03  8.47120490e-03 -8.63064453e-03
 -1.63543299e-02  1.44994017e-02  6.99103102e-02  4.95287739e-02
 -2.12541446e-02  3.91235724e-02 -3.58797088e-02  7.52019733e-02
  3.88319157e-02  1.08686963e-03  4.49064299e-02  1.81432185e-03
 -2.78433673e-02 -2.99181547e-02 -5.92847653e-02 -3.50624919e-02
  2.51498371e-02  1.22940438e-02  2.38755625e-02 -1.86923817e-02
  2.25144718e-02 -3.25409174e-02  5.68140596e-02 -1.99327115e-02
  4.92989533e-02  5.89260161e-02  3.07365302e-02  4.51119877e-02
 -1.55990180e-02  6.36622636e-03  2.09884718e-02 -4.40804027e-02
  3.69232483e-02 -6.04988486e-02 -5.13977073e-02  3.21420766e-02
 -4.80844975e-02 -5.23204962e-03 -2.74076313e-02  1.12820892e-02
  8.58315639e-03 -2.18416881e-02 -9.29454640e-02  4.51350026e-02
  3.81069221e-02 -2.02305801e-02  2.49120165e-02  5.38231432e-03
 -2.03251112e-02 -1.77223664e-02  3.51536684e-02 -6.30482472e-03
 -1.48044550e-03 -2.00324580e-02 -5.45693450e-02 -2.63094045e-02
  7.87445530e-02 -1.26025518e-02  1.94109485e-01 -1.67662725e-02]"
289,Chemical Safety,Social,substance,3,0.4349,"[ 2.89612319e-02 -4.44103628e-02  4.98280264e-02  6.26769140e-02
 -8.16703029e-03  1.31787080e-02  1.77075893e-01  4.97623943e-02
  9.87998443e-04  4.56660381e-03  1.71567015e-02 -6.20815791e-02
 -8.62341747e-03  3.84153351e-02  7.35091697e-03 -2.09422540e-02
 -2.96045337e-02 -7.52729177e-02 -5.13182878e-02  4.66513373e-02
  3.00163720e-02  3.85322198e-02 -1.70475822e-02 -7.20023550e-03
 -3.82192023e-02  1.59370974e-01 -1.17522702e-02  1.83165483e-02
  8.63266066e-02 -1.01010822e-01  5.83371855e-02  8.63195732e-02
 -1.21938651e-02 -1.00109680e-02  1.49827832e-02  3.19697969e-02
 -4.03406247e-02 -1.35514280e-02 -4.49050870e-03 -1.40084689e-02
 -2.96876486e-03 -1.17057808e-01 -1.77523587e-02  5.72340144e-03
  1.07689593e-02 -2.86555327e-02  5.07092029e-02 -3.88668478e-02
  3.35261114e-02 -1.63387917e-02  1.05811944e-02 -1.28300637e-02
 -4.30036262e-02  6.36503920e-02 -1.28781877e-03 -6.60284981e-02
  1.74879041e-02  6.13535047e-02 -3.97010222e-02 -1.57913622e-02
  9.63200107e-02  2.56016906e-02 -1.14643713e-02  3.15022655e-02
  1.08854771e-01  4.07171249e-03 -2.60154195e-02  1.61868446e-02
 -2.62271725e-02  2.91729234e-02  1.11205019e-01  2.34735347e-02
  5.12985811e-02  5.02805412e-02  8.80090296e-02 -3.43186595e-02
  2.21061124e-03 -4.83577400e-02  4.53390740e-02  4.23921645e-02
 -1.03773400e-02  7.23349005e-02 -5.89511916e-02  5.55610880e-02
  3.83796985e-03  7.89002236e-03 -2.39376188e-03 -4.16344032e-02
 -1.12063132e-01  2.68925424e-03 -6.03303574e-02  5.29604219e-02
  6.06093332e-02 -2.28193924e-02 -4.38926406e-02 -2.17273757e-02
 -3.79461162e-02 -2.54723933e-02 -1.20733948e-02  2.33734667e-01
 -1.63338594e-02  1.34457171e-01 -9.91739407e-02  1.91170396e-03
 -1.66107416e-02 -6.49133474e-02 -2.37447750e-02  5.55145647e-03
  7.54215429e-03  3.55955735e-02 -4.66260500e-02  1.42415334e-02
 -6.95519820e-02  7.58827571e-03  2.62575373e-02  5.65372072e-02
 -1.24651445e-02  2.95420550e-02 -4.40556370e-02 -6.53877333e-02
 -1.36422710e-02 -1.00713666e-03 -1.90691072e-02  2.21505649e-02
 -5.23221046e-02 -1.25020623e-01  4.83581573e-02 -6.66389143e-33
  8.86954181e-03 -3.51552851e-02  7.14697838e-02 -1.14416108e-02
 -6.32296950e-02 -4.56129666e-03 -2.46474557e-02 -4.39637490e-02
 -1.31012946e-02  8.93070474e-02 -6.40781000e-02  6.28748089e-02
 -1.07167199e-01  4.30303961e-02  1.15132451e-01 -1.49497157e-02
 -4.62375507e-02  3.89644988e-02  6.47389665e-02 -4.61850129e-03
 -8.55738968e-02  2.30918601e-02 -4.62616235e-02  1.04014697e-02
 -5.85085750e-02  2.67918175e-03 -4.32445928e-02 -1.97909325e-02
 -4.17356305e-02  2.23757070e-03 -7.30816275e-03  9.08307955e-02
  1.34350071e-02  2.89406963e-02 -2.98880246e-02 -4.19592150e-02
 -6.08122759e-02 -5.20921648e-02  1.28472373e-02 -9.61578786e-02
 -1.66693702e-02  2.23472044e-02  6.05021305e-02  4.82947677e-02
  3.55556351e-03 -2.80373939e-03 -2.78265383e-02 -1.33561175e-02
 -6.94615096e-02 -7.15747802e-03  1.70714278e-02 -3.00653614e-02
  7.01039610e-03 -1.24406200e-04 -6.16365895e-02  6.11767732e-03
 -1.06275920e-02 -3.10889818e-03 -1.95717756e-02  3.01621519e-02
  6.35427907e-02  1.27442852e-01 -7.59899467e-02  2.93726306e-02
 -6.14483804e-02 -7.42436722e-02 -6.74468884e-03 -2.90913563e-02
  6.74271658e-02 -2.50132214e-02 -8.49973485e-02  3.92423794e-02
  1.04229590e-02 -1.42208198e-02  5.67410998e-02 -2.42306720e-02
  3.30142118e-02 -3.19619924e-02 -1.11550009e-02  1.79057964e-03
 -5.31084724e-02 -9.34767574e-02 -5.06592952e-02 -1.35649005e-02
 -1.27906606e-01  1.73602048e-02  3.90127338e-02 -9.28990766e-02
  4.66061905e-02 -2.60711624e-03 -9.16724429e-02 -5.99825345e-02
  1.83148589e-02 -3.34192961e-02 -1.98917035e-02  4.65716499e-33
 -1.43064559e-02 -5.83063476e-02 -1.24624232e-02  1.27615765e-01
  4.33753431e-02 -4.04415913e-02  1.26199350e-02  1.18172104e-02
  3.67123075e-02  4.92823571e-02 -4.49644215e-02 -4.41850722e-02
  6.57400563e-02 -2.11298894e-02 -4.73366976e-02  6.11766130e-02
  1.31706903e-02  9.51040722e-03  6.95341453e-02  2.48161945e-02
 -8.15944746e-02  6.90049902e-02 -1.16807828e-02 -5.55747114e-02
 -2.76874807e-02  5.41333258e-02  9.61212963e-02 -6.55105934e-02
 -2.45233160e-02  3.23006548e-02  2.86408756e-02  1.65881254e-02
 -6.03015224e-06 -5.01993075e-02 -4.07602591e-03  4.16210033e-02
  1.24379754e-01 -5.60482070e-02 -7.32900426e-02 -6.50250316e-02
  1.50473723e-02  2.79745944e-02 -1.23479161e-02  1.26293227e-01
 -1.21933278e-02  4.30156477e-02  3.23661566e-02  4.01799530e-02
  2.47091297e-02  1.39431702e-02  2.68163793e-02  8.31695274e-03
 -2.08210479e-02 -3.94175239e-02  2.53624916e-02  4.15911712e-02
 -8.87293965e-02 -6.58392012e-02 -2.43422184e-02  1.68998486e-05
  7.88572151e-03  7.20148534e-02 -4.20688838e-02 -1.13481190e-02
 -3.58403288e-03  1.91574953e-02 -6.23108707e-02  6.07157797e-02
 -1.02827307e-02 -6.39468282e-02  1.23631567e-01  8.50104820e-03
 -1.36600072e-02  1.35556282e-02 -3.20876315e-02 -9.60714743e-02
 -8.57760608e-02 -1.74230207e-02 -2.95604691e-02 -2.42387485e-02
  4.69463319e-03  1.63272489e-02 -7.30050281e-02  1.54427448e-02
  2.83748470e-02 -2.51600314e-02  2.64514629e-02  6.23195432e-03
  5.31706493e-03  4.60264906e-02  9.17585474e-03  3.70737873e-02
 -5.93855157e-02  6.02416843e-02 -3.41625400e-02 -1.28061162e-08
  1.47104869e-02  1.60541255e-02 -7.28736678e-03 -3.18876170e-02
  3.76461446e-02  3.85836139e-02  3.96857448e-02  6.25954417e-04
 -1.09863058e-02  2.75769364e-02 -1.83284306e-03  1.91827714e-02
 -9.60096996e-03  1.65217798e-02  5.38517199e-02  6.21432392e-03
 -4.50759381e-02 -2.48026475e-02 -7.90646300e-02  8.55073333e-04
  1.58071499e-02  2.19251122e-02 -3.60698923e-02 -2.57961694e-02
 -1.04955807e-02 -1.20080654e-02  2.21010614e-02  1.86475087e-02
  4.87340316e-02  5.03107235e-02  3.04151438e-02  8.81719068e-02
 -7.43665248e-02  2.76383236e-02  1.74820293e-02 -3.44782956e-02
  3.79686914e-02 -5.38801067e-02 -1.62145607e-02  4.31909822e-02
 -2.97915787e-02  5.59576601e-02  5.33676706e-03 -2.43558246e-03
 -4.04338492e-03 -1.24803921e-02 -6.77870438e-02  1.18525354e-02
  2.38903388e-02 -1.00319497e-02  1.92950238e-02  1.80653650e-02
 -2.67845988e-02  4.26380411e-02  7.54495859e-02 -1.14647346e-02
 -1.82883553e-02  5.23857679e-03 -8.19337666e-02 -2.37678662e-02
  1.32585332e-01 -3.86238247e-02  2.01662868e-01  1.86731480e-02]"
290,Chemical Safety,Social,fluorinated,2,0.4173,"[-6.84744166e-03 -1.98689271e-02 -2.66503766e-02  6.19593337e-02
  6.80375621e-02 -4.39841710e-02  1.71713829e-01  1.03096403e-01
 -6.58593280e-03  2.08856259e-02 -7.76589557e-04 -4.45708893e-02
 -2.83119008e-02  6.45112470e-02 -6.37882054e-02 -6.14595860e-02
  1.31335331e-03 -5.71932159e-02 -1.09463625e-01  4.65236194e-02
 -5.17296512e-03  6.74642026e-02 -1.29828779e-02  2.85611004e-02
  2.18015239e-02  6.96723536e-02  6.48035901e-03 -3.75459865e-02
 -9.10983048e-03 -5.95265888e-02  3.27236578e-02  9.20644179e-02
 -3.17343064e-02 -3.29934955e-02 -3.38853756e-03 -5.45059368e-02
  1.59404352e-02 -1.75996926e-02  2.44234409e-02  1.43026989e-02
 -8.79409686e-02 -1.30488379e-02  4.52741124e-02 -5.70279360e-02
  6.75334185e-02 -5.06146764e-03  4.38832231e-02  2.49232305e-03
  5.92325851e-02  7.37001672e-02  8.69182590e-03 -1.04403612e-03
 -6.65810034e-02  3.20735537e-02  3.88786220e-03  1.84906628e-02
 -1.63629167e-02 -8.51318464e-02 -7.10407719e-02  8.70104805e-02
 -2.48556398e-02 -1.06665092e-02 -2.02334952e-02  3.09035704e-02
  5.60298152e-02 -3.79808396e-02 -2.55103093e-02 -5.33375032e-02
  6.33239746e-02 -2.49240454e-03  9.69670806e-03  8.03106278e-03
  6.00136332e-02 -2.72896513e-02  4.19373475e-02  3.29401493e-02
  3.87758128e-02 -3.54683138e-02  7.42959827e-02 -1.20587423e-02
  3.63406911e-02 -4.95157065e-03  1.36721462e-01  5.53639717e-02
  4.56893742e-02  1.37408674e-02  3.64197567e-02  3.20605165e-03
 -6.63580466e-03  3.70980948e-02 -3.03009283e-02  9.91497189e-02
 -1.53065603e-02 -1.59642212e-02 -1.28289983e-01  1.87112261e-02
 -1.28106354e-02 -2.67917328e-02 -4.34330776e-02  2.01007485e-01
 -3.41004692e-02 -1.55262221e-02 -8.02257389e-04 -6.32326165e-03
 -2.85973996e-02 -8.15153569e-02 -2.36680694e-02  3.91911939e-02
 -1.52269816e-02 -3.08373664e-02 -7.61174411e-02  2.83346865e-02
 -1.84011478e-02 -7.99126700e-02 -2.22695488e-02  2.01164111e-02
  1.77027993e-02 -4.16282825e-02 -4.25471179e-02  8.74173269e-02
  1.18218856e-02 -2.83420980e-02  5.97130647e-03  9.54664797e-02
 -2.43341662e-02 -5.31113110e-02  2.51073092e-02 -1.26787425e-33
  4.15275954e-02  2.31559724e-02  9.61119607e-02  9.32571944e-03
 -3.92234363e-02 -9.47607309e-03 -4.74774428e-02 -5.85880466e-02
 -3.75926495e-02 -5.40864281e-02  4.61215824e-02 -8.67836457e-03
 -6.09713271e-02  1.56303477e-02  3.55746262e-02 -2.62481999e-02
 -4.48266715e-02  2.96920934e-03 -2.41600275e-02 -8.33051130e-02
  1.78238042e-02  1.35115415e-01  1.73878632e-02  5.39177796e-03
 -4.21322323e-02 -6.12294450e-02 -7.90212899e-02 -1.44755272e-02
 -3.09566793e-04  4.49608639e-02  3.11884042e-02 -7.62288459e-03
  2.56084930e-03  9.19557922e-03 -4.79879379e-02  6.48097950e-04
 -1.21219784e-01 -5.74047603e-02 -2.18881834e-02  9.32863913e-03
  4.52683568e-02  2.22385954e-02  3.30419652e-02  5.32673039e-02
  4.36274558e-02  2.08312050e-02 -5.89709170e-02  5.45919165e-02
 -1.34904953e-02  1.64659023e-02  2.75322795e-02  2.85108183e-02
  3.78039316e-03  8.97263084e-03 -4.64307442e-02  1.00074150e-02
  5.60882427e-02 -4.43663113e-02  1.26297092e-02  4.34310250e-02
  1.85499210e-02  7.26758018e-02 -8.52776170e-02 -2.49055177e-02
 -9.71308351e-02 -2.87048481e-02  3.22102346e-02  9.03114304e-03
  5.91362156e-02 -1.42843677e-02 -8.81935358e-02 -1.80578826e-03
  8.41768160e-02  1.09396785e-01  1.02749839e-03 -5.54419495e-02
  6.02531284e-02 -1.15927076e-02 -3.92000712e-02 -4.59460914e-02
 -1.98866520e-02 -6.33264557e-02 -2.45208461e-02  4.10444140e-02
 -1.78020582e-01 -1.64503064e-02 -3.93998064e-02 -2.00219657e-02
  5.02908193e-02  1.55866910e-02  3.36613543e-02 -1.79282539e-02
  9.11931768e-02 -6.22178949e-02 -3.04468628e-02  8.84504030e-34
 -2.17329189e-02 -5.95977940e-02 -6.16854057e-02  9.93842334e-02
  2.14363411e-02  1.28204376e-02 -4.85300012e-02 -2.92643178e-02
  8.05630460e-02 -1.89540349e-02  2.33732630e-02 -2.08775289e-02
  3.00348848e-02 -8.38670582e-02 -3.14092822e-02  4.15589474e-02
  1.18111417e-01  6.18719347e-02  5.62201142e-02  2.63614338e-02
 -5.13950214e-02  5.01537835e-03  8.32060948e-02 -5.82622252e-02
  3.47993486e-02  9.74083394e-02 -1.15462514e-02 -2.97324378e-02
  6.05283491e-03  9.89776338e-04  6.75339019e-03 -7.75440829e-03
 -1.21411989e-02 -2.04650816e-02 -8.72818381e-02 -1.44329946e-02
  3.24930139e-02 -5.38275093e-02 -6.87485114e-02 -4.13296483e-02
  1.41283246e-02  1.50106223e-02  9.92193967e-02  1.27106443e-01
 -1.50750037e-02  7.25565404e-02 -5.69280013e-02 -1.51104201e-02
  5.06270491e-02 -5.18776360e-04 -7.33807310e-02  1.66805554e-02
 -1.08724721e-01 -4.51753940e-03 -1.52087174e-02 -9.42720100e-03
 -1.49550466e-02 -7.84834921e-02 -4.65803407e-02  7.32581541e-02
  2.41752211e-02 -3.03627234e-02 -1.86924227e-02 -9.58942175e-02
  3.55706476e-02 -5.43439724e-02 -1.56860724e-02  4.12861519e-02
  5.44561706e-02  2.18839981e-02  1.24070615e-01  4.34955247e-02
 -2.58401502e-02  2.47990265e-02 -2.04676874e-02 -3.73933539e-02
  1.53565295e-02 -4.63944525e-02 -4.97350190e-03 -1.24406042e-02
 -6.46688566e-02  2.44417973e-02 -9.48158428e-02 -2.00352427e-02
  1.88610256e-02 -1.31105468e-01  2.69419365e-02  1.45047847e-02
  3.96391638e-02 -5.56441322e-02  2.60581393e-02  3.90387177e-02
  6.37543723e-02  1.50408596e-02  1.51907997e-02 -1.18771002e-08
  7.85314199e-03 -2.90946402e-02 -5.41081876e-02  2.28776354e-02
  4.10253368e-02  2.86865924e-02  4.97098193e-02 -1.90750137e-02
  2.13153958e-02 -9.65143740e-02  1.45053519e-02  8.61854926e-02
  2.46229451e-02 -4.28887159e-02 -5.66210411e-03  9.64727066e-03
 -4.66515385e-02  4.85679554e-03 -7.22990930e-02  4.57604649e-03
 -2.45866980e-02  3.29995565e-02 -2.14784183e-02 -3.91773358e-02
 -3.14413346e-02  2.59114578e-02  6.31246865e-02  6.56768158e-02
  8.45947396e-03  7.37951919e-02 -4.09221314e-02  3.95465903e-02
 -2.19514463e-02 -1.23943221e-02 -5.21164611e-02 -2.31447699e-03
  6.93512633e-02 -5.16495481e-03 -7.48064145e-02 -8.99700262e-03
 -4.99645155e-03  1.36290137e-02  1.09584266e-02 -2.30912473e-02
  2.45025046e-02 -1.16077503e-02  3.54208089e-02  2.05713362e-02
  1.90287922e-02 -8.19130763e-02  5.92894666e-02 -5.77543024e-03
 -1.14621613e-02  8.90987441e-02 -4.77093011e-02  2.71356478e-02
  2.46967711e-02  1.69164073e-02 -3.50681841e-02 -7.20311627e-02
 -2.95972116e-02 -9.08248127e-02  1.27776101e-01  8.59125853e-02]"
291,Chemical Safety,Social,fatalities,2,0.4146,"[ 5.71335442e-02  2.71548145e-02 -3.59792635e-02 -2.62774844e-02
  6.95326924e-02  5.21997064e-02  4.57017906e-02  1.10199779e-01
 -3.67040485e-02  9.97475758e-02  4.85315360e-02 -1.91420950e-02
  3.35762762e-02  1.01943174e-02 -1.01745337e-01 -1.76039450e-02
  4.63009179e-02  1.74413845e-02 -8.69923458e-02  2.92662941e-02
 -4.10817713e-02  7.26652741e-02 -1.08063279e-03  3.69865447e-02
 -5.53289130e-02  8.85684043e-03 -3.73821370e-02  1.27834929e-02
  8.00383091e-03 -4.26383875e-02 -1.86077058e-02 -3.36253941e-02
 -2.92855577e-04 -2.14987677e-02 -2.66671106e-02 -2.81149652e-02
  5.22376858e-02 -5.78936264e-02 -4.72211652e-02  3.81656475e-02
 -5.61002567e-02 -6.29281253e-02 -1.58197824e-02  4.16362211e-02
  2.08071563e-02 -3.31616774e-02 -4.42393646e-02 -1.46239800e-02
  3.85194235e-02  2.35720556e-02  2.48768963e-02 -1.27512375e-02
  3.00608464e-02  3.75631787e-02  6.34054914e-02 -1.82889730e-01
 -2.71172952e-02  1.48556624e-02 -5.29564656e-02 -1.66620146e-02
  3.22704725e-02 -1.57310199e-02 -1.48847792e-02 -7.11590564e-03
  5.69003411e-02 -3.28079872e-02  2.77440064e-02 -7.15620145e-02
  1.28000099e-02  1.57076448e-01 -1.69148725e-02 -3.07485145e-02
 -1.81370508e-02  4.25542593e-02 -8.25852826e-02 -3.34139280e-02
 -1.45203120e-03 -8.54583755e-02  2.91418750e-02 -3.70969400e-02
  4.34804335e-02 -3.43649499e-02  1.70746818e-02  4.43620561e-03
  9.52853411e-02  3.91742587e-02 -3.95296775e-02  6.58534542e-02
  1.22242970e-02  5.34203723e-02 -7.81344846e-02  3.22332866e-02
  1.29833534e-01  3.53305675e-02 -2.59278174e-02  6.71498626e-02
 -9.88619681e-03 -1.84642002e-02 -2.08750218e-02  1.45183071e-01
 -5.31066842e-02 -5.81921712e-02 -5.79541996e-02  8.24490469e-03
  3.67980450e-02  1.89857406e-03 -9.61198807e-02  1.28206722e-02
 -6.90047210e-03  3.51081491e-02  3.58899459e-02  4.30496782e-02
 -2.39234325e-03 -5.49540017e-03  3.44139524e-02  5.89437457e-03
 -7.02350661e-02  3.23049761e-02 -6.09743816e-04  4.16642353e-02
  4.23515588e-02 -4.11194423e-03 -3.08434833e-02 -1.91986989e-02
  1.04596680e-02 -4.86287475e-03  1.75093301e-02 -5.19825936e-33
  4.99507971e-03 -6.38229474e-02  5.01837507e-02  2.76541561e-02
 -2.28009690e-02 -6.14055358e-02 -9.26860422e-02 -5.32638021e-02
  5.23955785e-02  9.28741787e-03  2.78199761e-04 -7.14462772e-02
 -1.17609026e-02 -4.34501655e-03  7.68666863e-02 -1.63626038e-02
  9.34937131e-03  7.14668259e-02 -7.19939992e-02 -1.12030998e-01
 -5.62247187e-02 -1.41178975e-02 -2.28493903e-02  5.76434433e-02
 -1.55912815e-02  1.00607805e-01 -4.23846096e-02  5.40833101e-02
 -2.61296444e-02  7.26025505e-03 -1.14682885e-02  1.86286829e-02
 -4.14589345e-02 -9.69364680e-03 -3.27194366e-03  7.92342722e-02
 -7.75381625e-02  2.13438291e-02 -4.24266271e-02  5.04833162e-02
 -6.18738197e-02 -2.59303041e-02 -1.64761860e-02  1.26217501e-02
  4.00002040e-02 -4.45811544e-03  5.70498034e-02  1.34566464e-02
 -5.21977879e-02  6.86963322e-04 -4.83537279e-02 -4.53613400e-02
 -2.40069907e-02  2.98935827e-02 -7.78924162e-03  1.44043237e-01
  2.88466886e-02 -3.85412686e-02 -2.57831048e-02  1.89201385e-02
  3.74804735e-02  5.06023653e-02 -3.79879288e-02  1.14179095e-02
  3.13232131e-02 -1.85190644e-02  5.90306558e-02 -1.07864082e-01
  5.45857027e-02 -2.73215678e-02 -5.10479361e-02 -2.02481038e-04
  5.39022265e-03 -8.38355795e-02 -5.78206927e-02 -1.89858035e-03
  6.04644567e-02  9.25308932e-03 -6.04617298e-02 -1.39705269e-02
 -4.12273668e-02  3.10504138e-02 -8.54463782e-03 -3.68612893e-02
  6.66457787e-02  6.26766309e-02  1.60010699e-02 -8.09961483e-02
 -9.29453894e-02  9.42715555e-02 -6.91432804e-02 -4.16159071e-02
  2.21529398e-02  2.92429850e-02 -3.99427861e-02  3.78060179e-33
 -4.17478681e-02  5.30573260e-03 -3.16402428e-02  1.20790780e-01
 -1.87064838e-02 -3.06994338e-02 -2.04887837e-02 -1.08094914e-02
 -1.33826016e-02 -4.00117189e-02  4.05315571e-02  5.40716155e-03
 -3.07296459e-02  1.27242714e-01  1.62412468e-02 -5.76426834e-02
  1.87159125e-02 -8.97866488e-03  5.64461295e-03 -1.37724644e-02
 -1.27637433e-03 -3.99735756e-02 -5.72549552e-02 -3.05055827e-03
 -2.79991049e-02  7.96278045e-02 -3.95783670e-02 -9.98332724e-03
 -4.68601063e-02 -7.26217404e-02  1.38230145e-01  1.63474530e-02
  2.65355664e-03  9.43523347e-02  5.14801405e-03  1.23843148e-01
  7.68151805e-02 -3.28514725e-02 -4.01256047e-02 -4.54346128e-02
  6.89408556e-02  7.02465773e-02  1.33840702e-02  7.91027993e-02
 -1.95142850e-02 -5.48076779e-02  3.42951007e-02  1.35533139e-02
  1.63421798e-02 -3.89846303e-02 -2.41460577e-02 -2.00811271e-02
 -4.52369675e-02  7.77232945e-02  9.25394427e-03  2.01358274e-02
  1.59709025e-02 -4.84540984e-02  3.16049601e-03 -6.88285828e-02
  3.69975790e-02  4.59962972e-02 -6.29546344e-02  1.71486259e-01
 -1.19533800e-02 -2.74404008e-02 -5.90208694e-02 -5.05918153e-02
 -2.87032127e-02  2.17226204e-02  5.64894341e-02  8.75539184e-02
 -1.53273344e-01 -3.66321318e-02 -7.75993168e-02 -4.47119363e-02
 -8.61652046e-02  6.32342622e-02 -4.51311395e-02 -2.80144773e-02
 -4.16128896e-02 -5.99094890e-02 -2.30185576e-02  9.29320753e-02
 -2.07783617e-02 -2.21144129e-02 -1.03865480e-02 -7.22512044e-03
  4.47059497e-02  2.56786635e-03 -9.83626097e-02  1.55478893e-02
  6.87495433e-03 -1.53796272e-02 -8.87819901e-02 -1.13926841e-08
 -2.50343382e-02  8.18752348e-02 -4.91762981e-02 -7.65722916e-02
 -2.25820076e-02 -2.61420999e-02  7.29299188e-02 -7.87517428e-03
  9.56837274e-03  1.25536397e-01  1.94188498e-03  5.95319904e-02
  6.06435090e-02  2.69608423e-02  1.69047937e-02 -9.17063933e-03
 -7.57773826e-03  2.45677419e-02 -3.47795561e-02  1.56051517e-02
 -1.08833332e-02 -9.97081748e-04  5.19077219e-02 -1.99038349e-02
  8.24322775e-02  1.82983633e-02  5.85720912e-02  7.01776221e-02
 -4.81246738e-03  8.82575512e-02 -4.68666665e-02  3.22569907e-02
  1.19485641e-02 -1.93779655e-02  8.43545794e-03 -4.02658992e-02
  9.21129882e-02  6.06781878e-02 -9.44696460e-03 -2.55777966e-02
 -5.49712516e-02 -5.59572577e-02  1.71361025e-02 -2.90856306e-02
  6.86820224e-02 -6.35887217e-03 -2.59620161e-03  1.87853985e-02
 -3.39024775e-02 -3.50202285e-02  2.90029217e-03 -2.78866291e-02
 -1.69136859e-02  6.99887276e-02  5.09667806e-02 -5.73030813e-03
  4.35035452e-02  4.98759001e-02 -4.84767789e-03  1.70469861e-02
  9.78919193e-02  3.03274835e-03  1.02999881e-01  2.02773698e-02]"
292,Chemical Safety,Social,pollution,1,0.4102,"[-7.90520478e-03  5.44987097e-02  8.17528814e-02  1.91137437e-02
  1.00608595e-01  2.74925716e-02  1.43466786e-01 -2.74727121e-02
 -4.51329909e-02  4.21834812e-02  2.08130963e-02 -6.38899207e-02
 -2.43091397e-02  1.55049155e-03 -6.62720874e-02  8.76421016e-03
 -9.64731723e-03 -1.94084942e-02 -1.14794031e-01 -2.51973756e-02
 -1.29508702e-02  7.27783889e-02 -2.92377602e-02  4.10004548e-04
 -7.27999732e-02  7.35225305e-02 -3.55388187e-02 -2.51354817e-02
  3.98595631e-02 -7.19994232e-02  2.10516993e-02  1.04605816e-01
 -2.94946171e-02 -8.10663402e-02 -5.11522219e-02 -3.88816325e-03
  2.15115454e-02 -1.99262258e-02  1.28573654e-02 -6.91313669e-03
 -4.94945645e-02 -6.41008019e-02 -1.41691035e-02 -4.12137620e-02
 -6.75623417e-02 -1.89119279e-02  2.49290541e-02 -2.96633970e-02
  5.81166781e-02 -5.70107438e-02  3.54425646e-02  4.52658683e-02
 -7.68482462e-02 -3.46176103e-02  5.20046540e-02 -1.45308942e-01
 -7.31486082e-03 -3.18758413e-02 -1.48805240e-02 -4.09104861e-02
  2.59431247e-02 -6.41232356e-02 -4.46734317e-02  3.34370509e-02
  1.56137630e-01 -2.63866666e-03 -5.83651736e-02  1.07617222e-01
 -2.22573895e-02  1.70570128e-02  1.50221456e-02 -1.57974027e-02
 -4.11944278e-02 -8.84392038e-02  1.77244674e-02  1.17093325e-02
  1.22193042e-02 -7.06873136e-03  9.29541364e-02 -5.21070994e-02
  6.55326098e-02 -6.32334426e-02 -3.23255882e-02  1.79647673e-02
  7.15413764e-02  4.24959790e-03 -1.42274220e-02 -2.78596543e-02
 -3.75967771e-02  2.33813701e-03 -1.24364882e-03 -3.91537473e-02
  5.83998263e-02  2.82205883e-02 -7.66967908e-02  8.94793198e-02
  3.85941379e-02 -2.52992325e-02  4.70869280e-02  1.91226050e-01
 -2.07717381e-02  5.25664911e-02 -1.13676034e-01 -1.84558779e-02
 -6.80296635e-03 -3.46649401e-02 -3.63231041e-02 -5.23698097e-03
  2.21606903e-02  5.44490867e-05 -7.82308728e-02 -2.26146076e-02
  5.27908979e-03  1.62495840e-02  1.09869260e-02  1.48561383e-02
  1.39500573e-01 -8.15436170e-02 -7.38389567e-02 -4.67392132e-02
 -4.70905453e-02 -4.18295115e-02 -9.81084630e-02  7.31741562e-02
  2.53133681e-02 -6.59879074e-02 -5.70368208e-03 -5.57211579e-33
 -3.60236689e-02 -6.71105757e-02  9.03287828e-02  5.66231161e-02
 -5.28004356e-02  2.11957246e-02 -2.58772988e-02 -4.26854156e-02
  3.96507941e-02  7.59685552e-03 -1.54841994e-03 -1.45151373e-02
 -7.28385746e-02  3.75293009e-02  1.26638800e-01 -3.17501239e-02
 -3.39503102e-02 -3.49705890e-02  9.78368986e-03 -4.00683284e-02
 -3.40170600e-02 -2.81585641e-02 -5.22384532e-02  5.43373339e-02
  1.08368751e-02 -3.01967841e-02  5.09902872e-02 -1.04514612e-02
 -2.45615784e-02  2.52273250e-02  8.61447304e-02  8.48177895e-02
 -7.37610459e-02  1.29686603e-02 -1.92455314e-02 -3.63864824e-02
 -6.10596016e-02  4.24708948e-02 -2.62787882e-02 -1.73041392e-02
 -5.39123714e-02  1.91688421e-03 -5.79800382e-02  7.73337530e-03
  3.71160693e-02 -7.99147761e-04  1.79838482e-02 -1.22398604e-02
  1.06034549e-02 -4.22015451e-02 -4.70663607e-02  5.56428991e-02
 -4.98145185e-02 -2.68402640e-02  2.54878458e-02  4.94229607e-03
  6.56441301e-02 -8.80440027e-02 -9.32242349e-03  1.58920009e-02
 -1.41578633e-03  1.31097779e-01 -4.87660691e-02  4.58903201e-02
  1.04400262e-01  2.66095363e-02  6.36588410e-02  1.49942534e-02
  3.14726867e-02 -2.99647301e-02  2.02217028e-02 -4.14808057e-02
  1.45270927e-02  3.96846645e-02 -2.30471361e-02  1.57809164e-02
 -6.88521471e-03  1.40332791e-03 -3.62952128e-02  5.49958795e-02
 -4.21332978e-02 -1.17086880e-02 -2.19793674e-02 -6.20414354e-02
  2.21736962e-03 -3.71964229e-03 -2.47612670e-02 -9.67628509e-03
  7.42080202e-03  4.34576981e-02 -5.77940606e-03  6.66313525e-03
  2.72328872e-02 -3.49727124e-02 -6.56142682e-02  3.14645895e-33
  1.09393178e-02  3.25170048e-02 -1.97192188e-02  2.19352599e-02
 -3.76558106e-04 -4.86286953e-02 -7.35993497e-03  1.07036931e-02
  9.57945809e-02  1.29217371e-01 -6.19237497e-02  7.31460750e-02
  9.45756063e-02 -1.32908886e-02  3.67135368e-02 -3.41237038e-02
  9.18354932e-03  5.75912558e-02 -3.96092981e-02 -3.92990373e-02
 -5.12662940e-02 -4.70869280e-02  3.72802466e-02  1.69790499e-02
 -8.49820152e-02  5.46466783e-02 -9.21960995e-02 -2.96493713e-02
  7.06898421e-02 -3.55169736e-02 -1.65183265e-02  1.05418883e-01
 -4.22301404e-02  3.52311209e-02 -2.26922184e-02  3.76085006e-02
  3.27187628e-02  2.99328961e-03 -2.48505846e-02 -1.59115940e-02
 -9.29333456e-03 -4.73296419e-02  7.33585954e-02  6.56151846e-02
  1.63130481e-02 -6.94937306e-03 -4.85979691e-02  2.25522351e-02
  3.36373597e-02 -4.54320423e-02  1.08033799e-01  8.56010169e-02
 -4.45125811e-02  3.59510258e-02  6.98662400e-02  6.30282834e-02
  5.38665652e-02 -1.07228905e-02  1.67914275e-02  8.95270612e-03
  6.50654137e-02  6.89960793e-02 -8.05894509e-02  5.44816591e-02
 -1.05012089e-01  2.05840543e-02  2.62759044e-03  1.74792446e-02
  6.63980544e-02 -3.94092947e-02 -1.07516637e-02 -7.82206189e-03
 -6.57114238e-02 -3.52348685e-02 -1.08443439e-01 -2.21536998e-02
 -3.32501978e-02  8.97195712e-02  3.07587162e-02 -1.86818885e-03
 -2.12043449e-02  3.45546715e-02  7.55087938e-03  1.87940337e-02
  4.45252545e-02 -1.17251545e-01 -1.68662723e-02 -9.46245492e-02
  1.99276973e-02 -4.72733900e-02 -5.78265786e-02 -3.20362207e-03
 -1.27147853e-01  1.31719457e-02 -3.04598324e-02 -1.19493517e-08
  4.67641931e-03 -4.47406210e-02  5.23157939e-02 -2.85782269e-03
 -2.91659180e-02 -2.37885844e-02  6.64871931e-02  1.30100593e-01
  1.68028828e-02  7.11469427e-02  3.99089325e-03  4.46091481e-02
  5.95045313e-02  3.20710614e-02  1.75685100e-02 -2.72005349e-02
 -1.05131306e-02 -4.74207513e-02 -3.78597826e-02 -8.81875120e-03
  5.54702692e-02  1.71813574e-02 -4.27608239e-03  2.17462163e-02
 -1.11070145e-02 -1.53221618e-02  7.15392083e-02  1.32696573e-02
  3.84311415e-02  1.39276125e-02  2.27134153e-02  4.70850877e-02
 -7.09303319e-02 -2.36489903e-02 -6.00164123e-02 -7.24491924e-02
  3.65170352e-02 -6.15592673e-02 -2.59951837e-02 -4.16978374e-02
 -1.21531989e-02  5.99943362e-02 -2.31904238e-02  9.03758593e-03
  6.91594258e-02 -5.60587309e-02  7.75049161e-03  3.56948599e-02
 -5.59185259e-03  5.07639954e-03 -7.35345390e-03 -3.69453691e-02
  5.47187850e-02  1.83569323e-02  3.64365499e-03 -1.15846535e-02
 -1.05402190e-02  4.03815433e-02 -2.62166467e-02 -1.39888376e-02
  1.28721461e-01  5.93896247e-02  3.06126941e-02  5.73256984e-02]"
293,Chemical Safety,Social,environmental,7,0.4003,"[ 2.94234902e-02  5.93595803e-02  4.65510637e-02  4.03250083e-02
  9.25535038e-02 -4.37608361e-02  9.30055305e-02 -2.79142596e-02
 -1.56695694e-02  4.91698682e-02  1.46241812e-02 -1.21006437e-01
 -3.04237474e-02  2.63481140e-02 -5.10410545e-03  5.66044182e-04
 -7.13069737e-02 -1.85578596e-02 -6.89479485e-02  1.00896778e-02
 -7.30881914e-02  9.15194973e-02  1.85075719e-02 -1.07861124e-02
 -1.04230046e-01  7.77317882e-02 -1.16722183e-02  6.19202703e-02
  4.40182984e-02 -6.36527315e-02  4.63096276e-02  1.35795444e-01
  7.58200958e-02 -6.41590282e-02  5.18101733e-03  8.27746168e-02
  4.76177000e-02 -3.58480364e-02  3.94728780e-02  4.79152752e-03
 -6.42248020e-02 -5.28732948e-02  5.73270023e-03 -6.61196038e-02
 -5.77181280e-02 -3.58366966e-02  2.54371241e-02 -1.10082909e-01
 -1.62164196e-02 -5.05823903e-02  2.88065579e-02  1.76714119e-02
 -9.06714574e-02  5.17519133e-04  7.01938290e-04 -9.29394811e-02
  1.48020955e-02 -1.67082194e-02 -7.69444276e-03 -2.37072427e-02
  1.29866913e-01 -4.48093787e-02 -1.06099740e-01  5.26965670e-02
  1.06077030e-01  3.21223363e-02 -4.66013290e-02  1.00679733e-01
  4.32769656e-02 -8.55781808e-02  5.51436283e-02 -3.06917331e-03
 -5.08446479e-04 -6.10806197e-02  1.47830890e-02  1.89991184e-02
 -1.33283818e-02  1.00695121e-03  5.42332865e-02 -4.69316542e-02
  9.74845588e-02 -4.55856994e-02 -7.38610104e-02 -1.03121130e-02
  8.22287276e-02 -1.22798595e-03  2.66994629e-02 -1.85170900e-02
 -2.11907700e-02  4.93032858e-02 -4.16678488e-02 -4.92380261e-02
  9.53871235e-02  1.01665733e-02 -9.53693241e-02  7.97835737e-02
  1.98846236e-02 -7.00567737e-02  2.11661849e-02  1.90571442e-01
 -4.41129096e-02  1.80129707e-02 -9.12160203e-02  2.78086774e-02
 -2.22663675e-03 -6.64783344e-02 -1.42638823e-02  3.96965295e-02
  2.63188872e-02  1.02832941e-02 -7.21670091e-02 -3.38842161e-02
 -3.14766541e-02  4.17146832e-02  3.38467099e-02  1.50637059e-02
  7.41173998e-02 -6.19875714e-02  4.97951359e-02 -1.73714161e-02
 -4.86150756e-03 -9.07943211e-03 -3.00881285e-02  3.37274820e-02
  4.05693194e-03 -8.36046636e-02  6.07936783e-03 -5.46133059e-33
  3.68937552e-02 -6.70837611e-02  8.19897130e-02 -6.14337921e-02
  2.70767137e-02  6.24167882e-02 -3.54157872e-02 -2.46629119e-02
 -6.25555031e-03  3.03228237e-02  2.62551736e-02  5.26719168e-02
 -6.63965270e-02  5.44198900e-02  1.51424214e-01 -1.69193372e-02
 -1.07613273e-01  3.02188937e-02 -2.79522454e-03  2.57840939e-03
 -2.31366828e-02  3.09065972e-02 -3.88305336e-02  5.96017949e-02
  5.74983917e-02 -6.55676201e-02  6.48263842e-02 -4.32679802e-02
 -2.42338162e-02  9.78320092e-03  7.95183107e-02  3.53806205e-02
 -4.30563688e-02 -9.09336656e-03  4.24328409e-02 -1.84061099e-02
 -4.89720814e-02  5.78875653e-02 -3.62631120e-02 -4.35453393e-02
 -2.11544838e-02  1.16679142e-03  2.90663149e-02  2.98514627e-02
  4.84351553e-02 -1.15346564e-02  4.62590046e-02  1.45283109e-02
 -3.13730463e-02  2.48040687e-02 -3.81848253e-02  4.39743400e-02
 -3.34139131e-02 -2.91978735e-02  7.10950699e-03 -6.28487673e-03
  7.14248046e-02 -2.07667667e-02 -3.75941768e-02 -1.34372786e-02
  2.66693849e-02  1.77349672e-01 -4.04703915e-02 -1.09065333e-02
  9.64723155e-02 -2.10637096e-02  3.57884094e-02  2.08221413e-02
  1.89184286e-02 -1.02257086e-02 -4.16537523e-02 -2.44810022e-02
  1.49678420e-02  2.68920287e-02 -5.72762378e-02 -2.22617146e-02
 -4.49381471e-02 -6.30477024e-03 -5.67882247e-02  5.21987006e-02
 -5.18746749e-02  2.06683632e-02 -6.46070391e-02 -2.15132236e-02
 -2.18314901e-02  8.30346067e-03 -2.32080044e-03 -5.64337857e-02
  7.04839602e-02  8.00417513e-02 -1.94831546e-02  1.05452454e-02
  1.23503404e-02  8.06189026e-04 -8.49922374e-02  3.32247344e-33
 -1.85735766e-02 -2.25647986e-02 -4.15043049e-02  2.13459246e-02
 -2.93566715e-02 -5.32729775e-02 -6.15489706e-02  2.52235439e-02
  5.56211583e-02  5.93355298e-02 -9.94036123e-02  1.09323934e-01
  9.50791091e-02  4.64330539e-02  2.44705863e-02 -5.82904853e-02
 -5.44509403e-02  5.39419614e-02  4.67187812e-04 -2.82340664e-02
 -3.01829111e-02  3.58304172e-03 -2.40244046e-02  2.49637384e-02
 -6.24447279e-02  6.91333562e-02 -3.58158462e-02 -1.99585035e-02
  2.31184792e-02  2.03754120e-02 -3.67810205e-02  3.91935818e-02
 -3.18603255e-02  6.22534230e-02 -3.80355641e-02  1.37951430e-02
  1.48286228e-03 -5.35822138e-02 -2.48922370e-02  1.18764089e-02
  2.41450090e-02  3.80402547e-03  4.24854569e-02  4.07686904e-02
 -2.21768748e-02  3.47569399e-02 -6.22857995e-02  2.74870656e-02
  2.75618676e-02 -2.35495456e-02  5.66889420e-02  5.10428436e-02
 -4.61455546e-02 -3.86656709e-02  8.24475214e-02 -1.13750910e-02
  1.25306370e-02  2.43886728e-02  3.13695753e-03  1.14133731e-02
  1.18067406e-01  9.68590677e-02 -2.37297397e-02  8.32712799e-02
 -8.81650075e-02  1.56793278e-02 -1.53318569e-02  2.54108254e-02
 -7.41499737e-02 -4.78495434e-02  6.14365505e-04  1.58856902e-02
 -9.72765237e-02 -6.27395213e-02 -7.27646202e-02 -5.65639092e-03
 -4.07611169e-02  2.63616946e-02 -3.50487866e-02  1.26121175e-02
 -4.38694954e-02  1.26560610e-02 -2.79752761e-02  2.06409711e-02
 -8.20602477e-03 -5.72121702e-02 -4.79213670e-02 -6.67885095e-02
 -6.51913229e-03 -1.23094385e-02 -1.61633715e-02  1.16000120e-02
 -1.15032032e-01  6.93974122e-02 -2.27947086e-02 -1.28662272e-08
  3.06701579e-04 -3.14678922e-02  5.92299774e-02  1.93422288e-02
 -5.51463105e-03  3.05357785e-03  1.06795311e-01  3.02069914e-02
  2.86450852e-02  6.34947568e-02 -1.41160553e-02  1.62381586e-02
  4.34507988e-02  1.06191196e-01 -1.95824225e-02 -5.16445152e-02
  5.22762677e-03 -8.68638307e-02 -4.94096614e-02  3.82326473e-03
  1.86009724e-02 -2.43300740e-02 -1.30977361e-02  4.12851274e-02
 -4.11151126e-02 -5.73971123e-02  4.89011891e-02  2.53267400e-03
  5.12218811e-02  4.92720641e-02  5.69865890e-02  9.14535522e-02
 -4.55191880e-02 -2.23763175e-02 -7.83428103e-02 -8.71393904e-02
  1.15007497e-02 -2.33703554e-02 -6.29855245e-02 -4.31614779e-02
 -5.10893613e-02  5.08135511e-03 -9.50673874e-03 -1.15847383e-02
  5.10271825e-02 -6.70967847e-02  1.27111189e-02  2.78030541e-02
  2.24319287e-03  1.70373041e-02 -3.66397686e-02 -9.30932015e-02
  3.07124555e-02  3.35388035e-02  3.71334627e-02 -1.68844108e-02
 -1.33052943e-02  1.24371490e-02 -1.88337881e-02  1.88166779e-02
  8.02235529e-02  1.68495364e-02  4.61320505e-02  4.82950173e-02]"
294,Chemical Safety,Social,regulations,3,0.3949,"[-1.37668671e-02  3.70057784e-02 -3.92516181e-02 -4.90847789e-02
  4.17462252e-02  1.28681203e-02  3.90330218e-02 -1.86224841e-02
 -5.24892136e-02  7.08536524e-03  1.53295537e-02 -4.81803296e-03
 -3.43931317e-02  4.67960313e-02 -5.92295267e-03 -6.21640272e-02
  1.85948610e-02 -7.20228814e-03 -1.45375326e-01 -1.88604761e-02
  1.03472896e-01  1.91468075e-02 -2.15231031e-02  3.67338657e-02
 -9.95701626e-02  1.30569860e-02 -6.88975453e-02  1.04146916e-02
  6.95328265e-02 -6.60075471e-02  1.50289917e-02  6.00591674e-03
  8.55793804e-02 -3.34286466e-02  1.71415071e-04  1.87141337e-02
  4.55356911e-02 -6.84814081e-02  2.10846253e-02  9.24973190e-03
 -5.21839084e-03 -8.36805180e-02 -6.14777394e-02  2.11169980e-02
  4.07508798e-02  7.51563907e-02  4.44236360e-02 -5.12170643e-02
 -6.18753247e-02  1.75920930e-02  1.72735602e-02  3.93362716e-02
 -4.06089751e-03  4.35222536e-02  5.66044450e-02 -1.08053558e-01
 -2.12592948e-02 -4.88876961e-02  1.60805266e-02 -2.59067230e-02
  7.63867274e-02 -6.85846135e-02 -1.24297678e-01  3.41318659e-02
  2.32213270e-02 -4.21854062e-03 -9.93506089e-02  2.20775306e-02
  2.19063535e-02 -3.98914889e-02 -6.49698302e-02 -2.75329463e-02
 -1.97125804e-02  8.79896656e-02  3.59157380e-03 -3.16008329e-02
 -1.36949280e-02  5.69366068e-02  7.45645016e-02 -1.01927474e-01
 -3.10177263e-02 -5.86653389e-02  4.30900156e-02  2.07847380e-03
  2.68729795e-02  1.42862396e-02  1.32490732e-02  2.10293923e-02
  3.18287946e-02  5.53985499e-02  2.67640892e-02 -5.34496456e-02
  9.79918316e-02 -1.28577114e-04 -1.07902840e-01 -2.52809059e-02
 -3.01062539e-02 -6.41083643e-02  5.04950434e-02  2.14423388e-01
  1.22493424e-03  2.80552059e-02 -1.18816167e-01  3.97746749e-02
 -4.47193682e-02 -1.54403076e-02  2.69507430e-03  1.59833580e-02
  2.29751896e-02  6.71353415e-02 -1.16528803e-02  8.11482817e-02
  2.25398000e-02 -4.25110422e-02  3.93600650e-02  2.87107527e-02
 -2.02258825e-02  1.92864775e-03  8.37952122e-02  8.00472312e-03
 -3.71954441e-02  6.25904500e-02  1.71636064e-02 -4.78117019e-02
  8.92940462e-02 -8.86320695e-02 -1.29342690e-01 -6.59652165e-33
 -2.32906565e-02 -2.20373161e-02 -4.98837419e-02  5.57699949e-02
  2.77873565e-04 -3.02144384e-04 -5.51686510e-02  9.40711051e-03
 -3.74597982e-02  1.09391645e-01  4.73989733e-02  9.50816646e-03
 -2.35500261e-02 -3.39884423e-02  1.17307082e-01  1.31861093e-02
 -6.42506965e-03  3.48379128e-02  4.29442376e-02  4.47196104e-02
  3.85596976e-03 -9.78023782e-02 -2.25377232e-02  3.24582346e-02
  9.21743363e-03  1.41920242e-02 -2.51496620e-02 -3.80565636e-02
  9.94181260e-02  4.67762612e-02  1.90088358e-02 -1.40967760e-02
  1.11824811e-01 -2.36215983e-02  3.12528573e-02 -1.30262715e-03
 -7.06344619e-02 -2.76867347e-03  1.46587016e-02 -3.84912677e-02
 -3.54910307e-02 -4.10927758e-02 -4.00558598e-02  2.71329489e-02
 -1.13605559e-02  6.17034473e-02  4.60972115e-02 -4.09827456e-02
 -2.38103792e-03  5.01079150e-02 -2.73914658e-03  3.03538330e-02
 -4.53151092e-02 -7.76246861e-02  9.48501471e-03 -4.89678904e-02
 -4.48784232e-02 -1.16035408e-04 -5.07519320e-02  2.66992487e-02
  4.28849272e-02  1.35240376e-01 -4.65338305e-02  6.28709793e-02
  6.30346267e-03 -4.67980169e-02 -2.95293378e-03  1.49808172e-02
  4.58720736e-02 -9.24098343e-02 -7.71273375e-02  2.34914608e-02
 -2.09354907e-02  3.47978435e-02 -3.93678434e-02 -3.49563062e-02
  2.52835304e-02  4.88097407e-02 -3.04461867e-02 -8.48256573e-02
 -5.85305281e-02  6.33657053e-02  3.67594324e-02  3.80717739e-02
 -1.81475170e-02 -1.86278466e-02  5.19577153e-02  2.61086263e-02
 -4.19579782e-02  1.28766224e-02 -6.73416704e-02 -5.95281683e-02
  7.13852234e-03  2.66792346e-02  3.30789611e-02  3.25968734e-33
 -9.50840581e-03  1.69723516e-03 -2.03783941e-02 -1.68475639e-02
  1.88355111e-02  1.54306795e-02 -4.22555730e-02 -3.53428721e-02
  8.65919366e-02  3.23318355e-02 -3.50002907e-02 -5.38099296e-02
  7.09019527e-02  1.06314262e-02 -2.91092116e-02 -6.51591122e-02
 -4.05799709e-02 -1.46838995e-02 -5.69133088e-02 -4.48677968e-03
 -5.62290382e-03 -6.81484118e-03  2.17231847e-02  3.63922939e-02
 -9.97530594e-02  1.16663342e-02 -1.08237632e-01 -1.26417307e-02
  2.19919533e-02 -1.84578355e-02 -6.84502274e-02 -2.19693016e-02
 -5.31784780e-02  7.76213631e-02 -7.52510428e-02 -7.84793943e-02
  1.53468512e-02 -2.60347296e-02 -2.23762193e-03 -3.90340500e-02
  8.35431665e-02  3.11537087e-02  4.08860222e-02  1.02207854e-01
 -2.67961528e-02  2.47331080e-03  5.95446490e-02 -4.75645326e-02
  5.33303954e-02 -3.80123630e-02 -1.96812972e-02 -3.08712497e-02
  5.84613532e-02 -4.58176360e-02 -2.14288831e-02  3.63756977e-02
  3.17301862e-02 -4.01691422e-02  1.63095016e-02  2.50447039e-02
  5.94753586e-02  8.72161314e-02 -8.97427574e-02  1.01574861e-01
  7.23135006e-03 -8.14427622e-03 -4.23010439e-02  3.54279764e-02
  8.08221176e-02 -4.80013108e-03 -4.80468245e-03 -3.45807374e-02
 -1.29605353e-01  3.79536487e-02 -2.17703115e-02 -3.59764434e-02
 -7.26216938e-03 -4.69438918e-02 -6.83075041e-02  3.92786562e-02
 -6.96852431e-02  4.00418416e-03 -5.70693910e-02  8.77165049e-02
  7.22192600e-02 -3.41528608e-03  5.91815487e-02 -8.08501244e-02
  1.37558952e-02  2.32670028e-02 -2.70232242e-02  4.86638360e-02
 -3.02216094e-02  4.83644344e-02 -6.09035082e-02 -1.30114222e-08
 -2.78314445e-02 -4.45132144e-02 -2.12802291e-02  1.96217559e-02
 -5.16965240e-02  1.05997436e-02 -1.04612792e-02 -1.35486685e-02
  3.29010142e-03  8.33059475e-02  1.29773216e-02  4.97439764e-02
  8.11272953e-03  3.14493082e-03  5.18515799e-03 -2.36006379e-02
  1.06524704e-02  6.77156895e-02 -4.64488156e-02  9.47631821e-02
 -3.70842381e-03 -1.74680408e-02  2.82405484e-02  2.74669398e-02
 -5.88039821e-03 -3.45301479e-02  5.60135394e-02  5.89562543e-02
  4.29850742e-02  1.31039634e-01  4.17617820e-02  1.16657861e-01
  2.69968100e-02 -2.22496223e-02 -1.01828940e-01 -8.39024335e-02
 -2.89107785e-02 -1.40308654e-02  4.61165272e-02 -3.25600430e-02
 -7.62976110e-02 -2.21224036e-02  5.86931296e-02  4.91644032e-02
  3.97027545e-02  4.17550616e-02 -3.36247571e-02 -7.36592384e-03
  3.84225398e-02 -1.52405920e-02 -1.12363445e-02 -2.36193947e-02
  9.14809182e-02  2.91752927e-02  3.49343345e-02  2.29694117e-02
  9.39190562e-04 -2.78747845e-02 -5.84949180e-02 -1.48911458e-02
  5.22434115e-02  9.19959247e-02  9.12347287e-02 -3.99964899e-02]"
295,Chemical Safety,Social,risk,4,0.3906,"[-6.69159112e-04  7.49283433e-02 -6.35853857e-02  2.86411401e-02
  7.55341351e-02  8.00967291e-02  1.19539931e-01  7.10849017e-02
  1.88079868e-02  2.57967580e-02  3.91368456e-02 -6.60719536e-03
  5.93567379e-02  1.89637952e-03 -5.21393679e-02 -4.34090458e-02
 -3.39976400e-02 -2.79848147e-02 -1.11524135e-01  6.56397194e-02
 -1.91511419e-02 -2.75303535e-02 -1.19463103e-02  1.11290989e-02
 -1.41612336e-03  1.61985960e-02  8.96383356e-03  9.15343463e-02
  2.25999057e-02 -8.95883739e-02  8.61687493e-03  3.41045856e-02
  6.02771118e-02 -5.78434207e-02 -7.04240203e-02  4.54232953e-02
 -2.60656383e-02 -8.12439341e-03  5.65467030e-02 -2.26097144e-02
 -8.28685705e-03 -5.73073216e-02  1.77354291e-02  4.06302586e-02
 -7.70167485e-02 -5.08961193e-02  5.08071855e-03 -8.38921070e-02
  4.97697517e-02 -1.54266357e-02 -6.94260513e-03 -5.01648821e-02
 -3.15173268e-02 -7.81013072e-02  1.88134834e-02 -8.24415088e-02
 -7.12411478e-02 -5.28994985e-02 -4.77348007e-02 -2.33162474e-02
  8.69855359e-02 -5.64830676e-02 -4.78720702e-02  1.69757158e-02
  5.41796423e-02 -4.24308963e-02  1.61360402e-03  6.77984729e-02
 -1.81098692e-02  2.88412143e-02  4.06257845e-02 -5.09167649e-02
 -9.96935740e-02 -1.86857935e-02  6.70203418e-02  1.06530096e-02
  4.20766063e-02 -6.12191483e-02  2.59672254e-02 -1.21517833e-02
  2.85296738e-02 -1.72209275e-05  6.05425127e-02  3.31112044e-03
  1.09436223e-02  3.64514552e-02  3.02060898e-02 -4.84239161e-02
  3.69031839e-02  6.84373314e-03 -2.53389422e-02 -1.09263472e-01
  7.78626204e-02  7.00408593e-02 -3.15561481e-02  4.20142487e-02
 -9.52097997e-02 -8.74507204e-02 -6.67511150e-02  2.05061719e-01
 -2.02915110e-02  7.58301374e-03 -5.65414801e-02  6.51195571e-02
 -3.95880938e-02 -7.27591813e-02 -4.59421426e-02 -5.39680272e-02
  6.72891270e-03  3.12453024e-02  2.40405686e-02  5.09932600e-02
  1.03436587e-02  3.65303010e-02 -1.56931039e-02  3.53811607e-02
 -7.05893412e-02 -4.02889661e-02 -2.20333971e-02  2.31640898e-02
  1.61083844e-02  2.35444936e-03  3.16962227e-02  9.96912457e-03
 -1.11287437e-01 -9.14669558e-02  1.69451237e-02 -5.14808228e-33
  5.22712916e-02 -9.10168365e-02  1.40096189e-03 -3.62800620e-03
  1.98452994e-02  1.34152425e-02 -3.59657686e-03 -3.08365878e-02
 -3.99379656e-02 -4.23774449e-03  3.73341292e-02 -2.67838705e-02
 -1.37974666e-02 -5.63407578e-02  6.84606582e-02  3.83455567e-02
 -4.21713330e-02  4.65083905e-02  9.87137482e-03 -4.99813370e-02
 -2.10347641e-02 -4.33896743e-02  3.96505445e-02  1.14845764e-02
 -1.32758021e-02 -3.84527743e-02 -5.18272119e-03 -7.21317232e-02
  7.12414384e-02  2.80131772e-02 -3.92376445e-02  9.27617699e-02
 -2.96989419e-02 -1.11352056e-01  1.41629530e-03  8.52064416e-02
 -8.93301219e-02 -2.47071795e-02 -2.63814740e-02 -3.66398282e-02
 -1.65736619e-02  2.56821085e-02  2.94609257e-04  8.62820446e-02
  6.35427758e-02  8.87608901e-03  2.98318900e-02 -2.79614776e-02
 -1.53525397e-01 -2.32956372e-02 -9.53010544e-02 -3.40209268e-02
 -5.26286401e-02  3.24275754e-02 -1.61466133e-02  6.87489379e-03
  2.73551419e-02  1.68418977e-02 -8.29331949e-02 -3.30454744e-02
  8.69207270e-03  3.53472717e-02 -1.77798979e-02  3.12806070e-02
 -2.05328632e-02  1.16169890e-02  6.56582192e-02 -5.75649254e-02
 -6.85978588e-03  2.47778706e-02 -7.12562427e-02 -3.74374688e-02
  7.32290884e-03 -5.50144650e-02 -3.30883674e-02  1.81657933e-02
 -6.95581036e-03  4.97915596e-03  6.65735155e-02 -1.25059048e-02
 -5.64107634e-02  6.65947935e-03  2.33021714e-02  5.64617217e-02
  1.54706277e-02  5.63210584e-02  3.65019552e-02 -5.59641533e-02
 -6.27924204e-02  8.36116597e-02  1.14248293e-02 -2.49427054e-02
  1.38797104e-01  3.75851467e-02 -2.82509699e-02  3.46523576e-33
 -1.40140459e-01  2.56277900e-02 -4.78905290e-02  3.80821042e-02
  2.09476072e-02 -5.54537661e-02  2.64286902e-02 -3.55637483e-02
  3.53733040e-02  5.41824847e-02 -1.18042551e-01  3.98915559e-02
  7.60780126e-02  1.75692700e-02  2.79510096e-02 -5.72733954e-03
  3.59962992e-02  1.87936332e-02 -4.80088517e-02 -7.84636959e-02
  4.75085489e-02 -2.19401885e-02 -3.23207565e-02  7.05730915e-02
 -4.68214452e-02  3.07796225e-02 -2.22584531e-02 -2.40626577e-02
 -6.29908815e-02  4.56154958e-04 -1.00239748e-02  7.61652887e-02
  3.49135622e-02  1.00330956e-01 -4.15293016e-02  7.50113875e-02
  5.38981371e-02 -6.66484833e-02 -8.46138503e-03  3.32161337e-02
  5.40646166e-02  2.44262908e-02  2.49151327e-02 -4.77175526e-02
 -2.37365551e-02  2.95521747e-02  1.14404880e-01  7.59017700e-03
  8.65725353e-02  4.28376608e-02  1.45031521e-02  4.25085388e-02
 -2.47412529e-02  3.07834335e-02 -5.08771911e-02 -5.08587845e-02
 -2.57193092e-02 -2.80262884e-02  3.93142477e-02  1.18573949e-01
  4.48672043e-04  1.14056572e-01 -2.72313207e-02  9.68011990e-02
 -5.17789200e-02  6.73337579e-02 -1.14177510e-01 -3.48937176e-02
  5.44633530e-02 -2.69647986e-02  7.05680177e-02  2.04557460e-02
 -2.93839667e-02 -2.77099032e-02 -6.93803206e-02 -7.55812153e-02
 -2.99294908e-02  4.58913930e-02 -1.90931987e-02 -2.49438807e-02
 -2.43047737e-02 -2.27106456e-02  1.73293892e-02 -1.00286103e-04
  2.44453941e-02  5.32404557e-02  4.00113128e-02 -2.49447338e-02
 -2.03396399e-02 -2.04067044e-02 -5.66217601e-02  4.95426469e-02
 -5.62655227e-03  2.09291540e-02 -3.77801768e-02 -1.21028192e-08
  5.36342897e-02 -9.56929196e-03  9.78784412e-02 -2.74206679e-02
  7.40651414e-02  6.94729481e-03 -4.89192978e-02  1.33919446e-02
 -7.86264194e-04  9.06453952e-02  5.95679693e-02  5.01920246e-02
  3.33644599e-02  2.67787874e-02 -3.10404096e-02  5.39087541e-02
 -6.61045015e-02  5.84662594e-02 -3.91367339e-02  6.15831167e-02
  8.53827074e-02  1.30953721e-03  3.04226036e-04 -1.17634162e-02
  1.34499453e-03 -2.26438679e-02  4.91409078e-02  1.04882747e-01
  7.07349926e-03  6.65272549e-02 -1.24952560e-02  4.81558498e-03
  1.47804376e-02  5.70442602e-02 -4.83548343e-02 -2.74622813e-02
  6.23126142e-02 -3.61787155e-02  4.87702228e-02  3.24875973e-02
  5.62438779e-02 -3.64557505e-02  8.07875693e-02  2.36606393e-02
 -5.26452698e-02 -2.04470172e-03 -6.19666949e-02 -1.29268477e-02
  8.58703703e-02 -1.69610027e-02 -5.68632148e-02 -1.57066714e-02
  1.70014743e-02  1.00697204e-01  4.98373955e-02 -2.03804504e-02
 -1.35350646e-02  3.05410530e-02 -1.89258624e-02  3.40573564e-02
  1.92059446e-02 -7.45701790e-02  2.41847914e-02 -1.48231620e-02]"
296,Chemical Safety,Social,environmentally,1,0.3849,"[ 8.41795560e-03  1.24931827e-01  8.03253800e-02  2.45253276e-02
  7.93462992e-02 -4.17729281e-02  6.46296144e-02 -1.54521549e-02
  1.11508146e-02  3.99401635e-02  1.51944198e-02 -9.23864841e-02
 -1.52761154e-02  3.75933051e-02 -1.78697202e-02  2.73128180e-03
 -6.80848435e-02 -1.23030525e-02 -1.35031894e-01  1.16881318e-02
 -9.42542404e-02  2.83009876e-02  2.89525837e-02  1.23692630e-03
 -7.32308701e-02  8.87071714e-02  9.96910594e-03  4.91764396e-02
  2.58818921e-02 -5.29144071e-02  2.81450301e-02  9.54565406e-02
  1.68870147e-02 -3.89022045e-02 -8.39521922e-03  6.40441924e-02
  5.76490909e-02 -4.75808494e-02  1.53394612e-02 -8.94675497e-03
 -7.07191080e-02 -8.08555782e-02 -3.62953506e-02 -4.86333035e-02
 -2.02300176e-02 -4.46801037e-02  1.70848668e-02 -5.79954162e-02
 -2.02409867e-02 -6.05678745e-02  6.37867376e-02  1.05568282e-02
 -4.61683050e-02 -9.33001935e-03 -2.69282274e-02 -6.97162673e-02
  4.12109718e-02 -5.60729019e-02  1.68788526e-03 -2.53934432e-02
  9.71883088e-02 -6.91710711e-02 -1.03627771e-01  2.94331331e-02
  8.39593858e-02  4.74121571e-02 -3.88035253e-02  1.00951426e-01
  2.67835683e-03 -6.60227984e-02  2.52205022e-02  4.58763586e-03
  1.05129527e-02 -5.14106415e-02  1.65117905e-02  2.74140928e-02
  4.16390523e-02  2.40963437e-02  5.16133495e-02 -3.27018462e-02
  7.63939247e-02 -3.82773727e-02 -2.49186959e-02 -1.57122966e-02
  5.85455783e-02  1.66997090e-02 -2.73325434e-03 -3.24183218e-02
 -8.96017998e-03  4.10278253e-02 -3.39407809e-02 -5.21334633e-03
  1.15246862e-01 -7.22489646e-03 -1.21311970e-01  4.39314097e-02
 -2.64507812e-02 -4.37832586e-02  1.86634567e-02  1.97473064e-01
 -3.85049582e-02  5.96512370e-02 -1.00554243e-01 -1.98782533e-02
 -2.00453326e-02 -3.17307897e-02 -3.46327312e-02  6.50811940e-02
  2.59036329e-02 -3.18647735e-02 -9.37932879e-02 -6.96717016e-03
 -4.14293557e-02  9.98071656e-02 -7.26916594e-03  2.32054330e-02
  8.29538181e-02 -3.37798037e-02  5.70683107e-02 -1.62292048e-02
  2.57706363e-02 -2.25382205e-02  1.15194097e-02  4.11961451e-02
  5.43339970e-03 -1.22215502e-01  4.22485322e-02 -6.32743483e-33
 -1.24236690e-02 -3.43979001e-02  9.82970670e-02 -7.82631114e-02
  6.65832078e-03  6.92618191e-02 -4.27295752e-02 -5.55733172e-03
 -1.93051100e-02  1.33670345e-02  5.19310907e-02  7.58323148e-02
 -3.49604823e-02  3.72340456e-02  1.25400066e-01 -4.55183350e-02
 -1.03530437e-01 -2.01367354e-03 -1.20276865e-02 -1.60023719e-02
 -1.36747593e-02  4.39650752e-02 -1.31169073e-02  6.62781075e-02
  3.99427488e-02 -8.80176201e-02  7.71675780e-02  2.21562851e-02
  3.33470516e-02  2.22038419e-04  5.97628132e-02  4.99781705e-02
 -3.25430408e-02 -3.18328515e-02  3.30632925e-02  3.47457193e-02
 -7.91298747e-02  4.64484431e-02 -1.74496640e-02  2.62050936e-03
 -1.95549447e-02 -1.93485878e-02 -4.10454988e-04 -1.09937065e-03
  5.64147271e-02 -1.49604175e-02  6.66694641e-02  2.12246906e-02
 -4.77088653e-02 -1.20670479e-02 -4.03557755e-02  6.30877614e-02
 -7.62714148e-02 -5.24078347e-02 -6.08732738e-03 -2.99450606e-02
  7.57885948e-02 -3.12770717e-02 -4.11605798e-02 -5.60339168e-02
 -3.19557898e-02  1.58047453e-01 -4.25735787e-02 -2.55826544e-02
  7.40225539e-02 -2.16442738e-02  1.40673630e-02  5.60982898e-02
 -3.50379422e-02 -1.30118579e-02 -2.03309022e-03 -5.38170934e-02
  3.03965751e-02  2.11555492e-02 -4.65331599e-02 -3.98085006e-02
  8.93663429e-03 -1.81602896e-03 -6.24714512e-03  6.39621466e-02
 -7.04901814e-02  4.03555334e-02 -1.12110106e-02 -4.84533533e-02
  1.45275798e-02 -3.07466816e-02  1.78928096e-02 -1.84036065e-02
  6.50404096e-02  5.08161448e-02  4.40139696e-03  3.15287113e-02
  5.58487438e-02 -3.50195169e-02 -9.57863629e-02  3.10305089e-33
  1.73052289e-02 -7.27206143e-03 -5.12308739e-02  6.27800152e-02
 -2.55618431e-02 -6.23423271e-02 -6.49525821e-02  3.95487025e-02
  2.06807703e-02  3.49196233e-02 -6.76320717e-02  1.17034450e-01
  7.48484284e-02  3.18603553e-02  4.56847511e-02 -2.94998102e-03
 -1.40905343e-02  4.28062975e-02 -2.98109073e-02 -3.65253426e-02
 -8.20733979e-03 -2.17134040e-02  5.12563661e-02  8.34508613e-02
 -7.90779069e-02  4.86647226e-02 -2.30536312e-02 -2.06884518e-02
  2.39535253e-02  1.39190617e-03 -4.44948040e-02  1.68381128e-02
 -4.82213423e-02  2.75233518e-02 -1.61756370e-02  4.26372280e-03
 -3.39422971e-02 -4.59293202e-02 -3.57614201e-03  4.41634394e-02
 -6.32687146e-03 -1.83621589e-02 -1.65332016e-02  2.60096937e-02
 -4.35513295e-02  4.11483161e-02 -7.78587759e-02  4.41770107e-02
  3.49924713e-02  1.02673611e-02  4.17899564e-02  5.18142954e-02
 -6.10631555e-02 -4.11970131e-02  2.77655665e-02 -1.66404005e-02
  5.18687768e-03  4.49243002e-02 -3.48460078e-02  1.01265861e-02
  1.07797869e-01  9.83127430e-02 -3.75204167e-04  8.08056965e-02
 -9.53243673e-02 -1.47328824e-02  1.43780466e-02 -1.19348280e-02
 -2.98011191e-02 -6.49639815e-02  1.94449425e-02  1.02034975e-02
 -1.09379098e-01 -5.24507575e-02 -1.04552463e-01 -3.28081404e-03
 -1.87670011e-02 -1.67606231e-02 -8.29121843e-02 -1.05998409e-03
 -5.60257249e-02  6.44858042e-03 -2.21749097e-02  3.18032280e-02
 -4.50259307e-03 -7.61502609e-02 -5.18955700e-02 -9.86995548e-02
 -2.83977948e-02  4.46897261e-02 -2.39000302e-02 -2.54403427e-02
 -7.19771236e-02  1.30759910e-01 -1.11361220e-02 -1.37753400e-08
  1.41333202e-02 -3.55283245e-02  7.74168596e-02  2.52260547e-02
 -3.08769848e-02 -3.34784226e-03  9.63913426e-02  3.28310803e-02
  2.91971788e-02  5.49014919e-02  1.10261003e-03  4.46566567e-03
  3.67313586e-02  1.07249022e-01  1.90721161e-03 -3.98320556e-02
  3.41808833e-02 -6.56529292e-02 -4.81333546e-02  3.85969356e-02
 -3.80542837e-02 -3.52188349e-02  1.42804533e-02  8.45834464e-02
 -5.69670647e-03 -6.72160089e-03  8.13937858e-02  3.27026262e-03
  2.94867828e-02  5.43959700e-02  2.58495957e-02  6.71447515e-02
 -2.45625321e-02 -1.64845295e-03 -8.29644948e-02 -7.90010616e-02
 -1.33639127e-02  2.04432029e-02 -6.62108958e-02 -1.78385135e-02
 -3.22915986e-02  4.38490175e-02 -5.29868864e-02  1.24783963e-02
  4.08829376e-02 -1.12866662e-01 -4.53029014e-03  7.70842209e-02
 -1.41113466e-02  1.11722462e-02  1.71338227e-02 -9.25147608e-02
  9.77493078e-03  6.10512728e-03  2.88824029e-02  1.23684602e-02
  1.55405595e-03  2.91493516e-02 -2.06545778e-02  2.62596961e-02
  8.86137933e-02 -4.09259349e-02  6.79454878e-02 -7.41952145e-03]"
297,Chemical Safety,Social,regulatory,3,0.3822,"[-9.97645035e-03 -9.06596426e-03 -1.74138173e-02 -3.02671343e-02
  9.93731245e-02  7.16240630e-02  1.24618419e-01  3.93865258e-02
  2.61369701e-02  1.58187430e-02 -6.51265122e-03  2.48919372e-02
 -4.90032434e-02  1.46624595e-02 -1.50841344e-02 -2.04312019e-02
  2.18288973e-03  4.98171954e-04 -1.22051507e-01 -5.80672920e-02
  3.94202434e-02  4.23731767e-02 -3.08269002e-02  4.15358730e-02
 -5.88516369e-02 -2.10941937e-02 -7.37239346e-02 -3.07179894e-03
  5.52612804e-02 -6.64192438e-02 -3.59076411e-02  3.79074961e-02
  7.15511665e-02 -4.89381775e-02  3.04516256e-02 -1.59203522e-02
  5.45917079e-03 -5.30193597e-02  3.09923720e-02 -9.60624660e-04
  1.89085230e-02 -9.36768353e-02 -7.73733854e-02  3.55706513e-02
 -1.70927308e-02  2.95548071e-03  5.18143810e-02 -2.46750508e-02
 -7.48772994e-02  3.19140591e-02 -3.21255773e-02 -3.19898650e-02
 -2.78396979e-02 -3.67736816e-02  5.46405278e-02 -9.07142535e-02
 -3.19360197e-02 -9.48313400e-02  4.18738239e-02 -2.43824404e-02
  4.81284484e-02 -8.05793628e-02 -1.04366668e-01  5.01812734e-02
  6.03373758e-02  1.56159950e-02 -4.20273766e-02 -1.91498026e-02
  3.38836983e-02 -6.24713674e-02 -5.18401898e-02 -1.08888894e-01
 -2.18901075e-02  3.98197807e-02  2.29085851e-02 -2.67149918e-02
 -4.90831211e-04  4.14594151e-02  1.41960025e-01 -5.34242131e-02
  6.01818934e-02 -7.87476301e-02  2.76584961e-02 -6.57294551e-03
  1.85818804e-04 -2.50982847e-02 -4.57444228e-03 -2.86864936e-02
  1.50217878e-04  5.32694459e-02 -1.97765548e-02 -3.00592855e-02
  1.62323967e-01 -2.97664553e-02 -6.70668408e-02  4.47748927e-03
 -5.21795861e-02 -7.06397370e-02  5.70862740e-02  2.20842659e-01
 -1.70878824e-02  5.50549105e-02 -1.53205261e-01  5.24608493e-02
 -8.26187879e-02 -4.53055464e-02 -3.43822353e-02  2.68168282e-02
  5.08952327e-02  9.20269936e-02 -6.05710633e-02  5.57115301e-02
  5.44294119e-02 -1.90273002e-02 -1.90430749e-02  1.01473659e-01
  1.02089243e-02  6.40584063e-03  9.58025455e-02  6.33451762e-03
 -7.31373653e-02  1.28486529e-02 -3.44053768e-02 -3.40816565e-02
  6.11447133e-02 -1.37074078e-02 -5.36150821e-02 -6.80450113e-33
 -5.27859256e-02 -2.56764349e-02 -8.87831300e-03  4.71481238e-04
 -4.52845618e-02  4.07275185e-02 -3.45634036e-02 -4.84045334e-02
 -8.54177326e-02  8.42931792e-02 -1.32345855e-02 -2.96392739e-02
 -5.39471358e-02  5.57765551e-02  5.10977730e-02 -3.70893590e-02
 -2.98460424e-02  1.74726564e-02  6.17285147e-02  2.91826092e-02
 -3.13180909e-02 -2.02209167e-02 -5.55206835e-02  1.77268647e-02
  4.25272854e-03 -4.06951196e-02 -7.35223219e-02 -1.72773600e-02
  6.89833835e-02  4.08028774e-02 -4.56112321e-05  1.21867061e-02
  8.10123086e-02 -1.19954422e-02 -2.79653724e-03 -4.11140285e-02
 -2.43100785e-02 -3.09189260e-02 -3.30999531e-02 -8.00117478e-03
  1.46700665e-02  1.62031148e-02 -6.66878670e-02 -1.01887831e-03
  1.53540904e-02  4.36751470e-02 -5.55907115e-02 -9.75071266e-03
  1.70566291e-02  1.08693615e-02 -8.20457842e-03  7.71532357e-02
  1.12932017e-02 -9.15887803e-02  2.90672909e-02 -2.71214005e-02
 -6.58832863e-02 -3.54068330e-03 -6.92627430e-02  1.64937638e-02
 -2.76141497e-03  9.48145017e-02 -5.11711203e-02  7.22853169e-02
  4.05178331e-02  3.49751748e-02 -2.75455154e-02 -4.33896808e-03
  2.40981784e-02 -1.75798479e-02 -6.45322725e-02  2.38808952e-02
  1.25804693e-02  3.85776046e-03 -1.02942279e-02 -7.12618232e-02
 -7.96842352e-02  6.94492310e-02 -5.09782210e-02 -1.76320609e-03
 -2.46957839e-02  5.85428476e-02 -2.84494320e-03  7.50678033e-02
  2.08136179e-02 -2.99414098e-02  5.84950671e-03  2.23884615e-03
  4.31789197e-02  1.52081987e-02 -9.09825861e-02 -8.45511723e-03
  1.85035951e-02  9.43536982e-02  6.82977811e-02  3.53001137e-33
 -5.60234375e-02  3.51531524e-03 -2.22677961e-02  6.39746804e-03
 -1.20526012e-02  3.34494635e-02 -1.28590653e-03 -7.02321604e-02
  6.95566833e-02  3.70836817e-02  5.82305063e-03 -2.34888867e-02
  2.51934659e-02  1.20071600e-04 -7.38705508e-03 -5.67935444e-02
 -5.79326674e-02 -1.08637372e-02 -4.48353067e-02  2.27470528e-02
  1.34667419e-02 -4.00522910e-02  9.80333146e-03  5.32436632e-02
 -1.86730251e-02  1.64569709e-02 -4.35194634e-02  5.75261191e-02
  5.44754453e-02  2.69166045e-02 -5.98795488e-02  3.67200971e-02
 -4.28444222e-02  4.33837473e-02 -8.90816599e-02 -1.58551000e-02
  3.69347483e-02  3.74240950e-02 -3.11504025e-02 -4.33019102e-02
  5.33030741e-02 -3.29284999e-03 -1.59227680e-02  4.67986502e-02
  3.09771691e-02 -3.04702315e-02  9.35745537e-02 -5.23414649e-02
  1.94781329e-02  1.54366000e-02 -5.22119142e-02  4.17287983e-02
  3.25454473e-02 -2.79522454e-03 -2.67053060e-02  2.46130992e-02
  1.13339677e-01 -3.03391665e-02 -4.47125989e-04  3.05030886e-02
  2.34314818e-02  1.14252217e-01 -3.01279239e-02  4.88294326e-02
  4.11119759e-02  1.32784462e-02  1.02613047e-02 -1.65685674e-03
  9.12403911e-02 -5.54686002e-02  3.51365581e-02 -2.12830156e-02
 -1.29190326e-01  9.61971562e-03 -1.38883824e-02  2.51433924e-02
 -8.44543055e-02 -6.74551651e-02 -7.61230141e-02  9.32770595e-02
 -5.35202399e-02  1.69121679e-02 -4.66256542e-03  4.22406159e-02
  6.40583709e-02 -1.59821492e-02  3.83298099e-02 -6.21129349e-02
  1.66021362e-02 -1.80928670e-02 -4.20991965e-02 -5.62124932e-03
 -5.38002364e-02 -4.24261652e-02 -4.34000380e-02 -1.27351205e-08
  1.43202150e-03 -6.23774044e-02  1.01753185e-02  2.26438325e-02
  4.26472677e-03  3.81543674e-02 -2.76581347e-02 -3.22950445e-02
  1.63466074e-02  4.69361767e-02  3.07409912e-02  5.76097332e-02
 -3.70877385e-02  2.24409569e-02  6.61175698e-02 -3.53327096e-02
 -1.43711939e-02  7.98083916e-02 -3.48434113e-02  6.30711019e-02
 -6.79878239e-03  3.03125624e-02  5.42327538e-02  1.90793052e-02
 -5.48045477e-03 -3.11501473e-02  9.94896963e-02  6.52166978e-02
  6.67268932e-02  7.73495510e-02  6.90003484e-02  8.01108032e-02
  7.90829072e-04 -4.05813232e-02 -1.36894077e-01 -9.89990309e-02
  5.81168756e-03 -1.26706762e-02  4.60431213e-03 -2.18206923e-02
 -3.34473215e-02 -1.68911472e-03  1.46986395e-02  3.61509100e-02
  1.17296297e-02  2.79972199e-02  2.61069764e-03 -2.00117622e-02
  8.11552778e-02 -2.37036254e-02  4.08365056e-02 -4.53011207e-02
  1.03745550e-01  1.98520022e-03  2.15771012e-02 -8.46102089e-03
 -5.07961884e-02 -6.02535112e-03 -9.67370123e-02 -1.72742065e-02
  5.49326502e-02  6.65687025e-02  1.27078265e-01 -1.05723076e-01]"
298,Chemical Safety,Social,perfluorinated,1,0.3806,"[ 3.57234431e-03 -7.31096044e-02 -2.75807567e-02  6.69152662e-02
  3.64175290e-02 -6.21266151e-03  1.17617778e-01  7.61343539e-02
  2.96809748e-02 -4.20651957e-02  5.63825853e-02 -5.19607402e-02
 -6.11849353e-02  4.04238999e-02 -1.06497571e-01  4.20417599e-02
  2.02566870e-02  1.05368104e-02 -8.98969844e-02  8.24273843e-03
 -4.24722247e-02 -1.03170918e-02 -1.00960964e-02  2.75186878e-02
 -2.60116011e-02  1.18357643e-01 -4.88118827e-02  4.07275977e-03
  1.25845103e-02 -6.02986924e-02  2.89339647e-02  6.28997087e-02
 -1.00563671e-02 -6.22423664e-02  3.38986851e-02  5.21651609e-03
 -2.80782636e-02 -4.61365795e-03 -3.17187048e-02 -2.27296408e-02
 -8.99783708e-03 -1.23817250e-01  4.52693477e-02  1.90759485e-03
  3.80335078e-02  1.18290884e-02  6.91867694e-02  2.43352465e-02
  3.95863578e-02 -1.29616843e-03 -1.38402199e-02 -6.82858750e-02
 -4.28890623e-02 -4.85493205e-02 -3.67516652e-02 -1.64483674e-02
 -3.75179201e-02 -6.26605470e-03 -6.37973025e-02  2.23365817e-02
 -6.59342036e-02 -3.55835818e-03  9.10070818e-03  2.43885703e-02
  5.92422336e-02 -2.41916231e-03 -1.56102004e-02 -5.94456680e-02
  3.10181398e-02  2.24688035e-02  3.69700007e-02  2.17243452e-02
  5.70050478e-02 -4.62583341e-02  5.07852584e-02  4.02703360e-02
  2.88180392e-02 -7.71433040e-02  7.98040777e-02  4.06785868e-03
  9.04951543e-02 -1.98131949e-02  3.22106108e-02  4.54623140e-02
  3.47110182e-02  1.56112239e-02  7.81900212e-02 -4.96251620e-02
 -4.91622835e-02  3.36900316e-02 -8.38295966e-02  6.28632307e-02
 -3.77421230e-02 -1.12864031e-02 -1.72926322e-01  2.95875892e-02
 -9.66122672e-02 -3.85723785e-02 -3.93915437e-02  8.34583715e-02
 -4.16732393e-02  2.09505688e-02 -3.34087014e-02 -9.01354942e-03
 -1.76409017e-02 -1.37965670e-02 -3.77000012e-02  3.71120945e-02
 -1.87089317e-03  1.94430053e-02 -7.27439225e-02  7.87630677e-02
 -3.48845706e-03 -1.42318700e-02  6.08210452e-03  3.04689948e-02
  1.23500489e-02 -3.18360589e-02  2.25615017e-02  1.76318623e-02
 -3.42145488e-02 -2.68104896e-02 -2.10867357e-02  4.62731570e-02
 -5.50154448e-02 -7.47866482e-02  4.08412479e-02  4.10918433e-34
  3.44316065e-02  5.89318797e-02  5.06817959e-02  3.69662493e-02
 -1.30360639e-02 -1.54454506e-03 -4.68874089e-02 -3.70528139e-02
  3.08988113e-02 -2.18974277e-02 -8.69591627e-03 -5.58996061e-03
 -5.72402701e-02  1.28707814e-03  7.31088454e-03 -9.30860713e-02
  2.26892699e-02  3.84707712e-02  2.68918723e-02 -4.62313481e-02
 -5.21611981e-03  1.62688985e-01 -4.07719836e-02 -9.92649421e-02
 -4.32072841e-02  2.92500891e-02 -2.22720392e-03  2.05445606e-02
  1.11412704e-02  2.71931123e-02  4.67486680e-02  6.08277172e-02
 -9.32358019e-03 -5.85042126e-02  7.73533667e-03 -2.59222072e-02
 -8.22099373e-02 -6.97070807e-02  2.28769649e-02  6.55247495e-02
 -2.12322045e-02  5.76922782e-02  5.86709334e-03  1.93815399e-02
  4.62508164e-02 -1.10526205e-04 -3.49978656e-02  1.16815910e-01
  1.97140668e-02  4.67069894e-02  2.02932325e-03  2.58918060e-03
 -2.10614337e-04 -1.43200029e-02 -5.71794016e-03  2.61363089e-02
  3.13085946e-03 -1.88297126e-02  2.75072758e-03  5.97153604e-02
  1.92007124e-02  6.65029660e-02 -9.90313441e-02 -3.86563577e-02
 -5.38977571e-02 -5.94055764e-02 -7.54707726e-03 -2.17794199e-02
 -1.33907364e-03 -3.44460532e-02 -5.64626120e-02 -5.72860204e-02
  5.76190799e-02  2.27986500e-02 -1.69421602e-02 -5.77896982e-02
  1.31165143e-02  6.32169768e-02  4.19318825e-02 -9.47750062e-02
 -3.00340762e-04 -5.35138585e-02  1.01934634e-02  2.42075063e-02
 -1.09425433e-01  3.34880427e-02 -6.38755038e-02 -2.74776621e-03
  7.04595968e-02 -1.84127409e-02  1.29279923e-02 -5.95257655e-02
  5.52588515e-02 -7.04346523e-02 -4.63450439e-02  1.51459491e-35
 -2.96671744e-02 -3.89768891e-02 -6.81599677e-02  7.41427913e-02
  8.08481723e-02  1.57248843e-02 -5.41642169e-03 -1.66872796e-03
  6.25467449e-02  5.01608178e-02 -9.78132617e-03 -5.09537943e-02
 -1.23386842e-03 -8.32330808e-02 -6.28714487e-02  7.08842203e-02
  1.00875966e-01  5.83007559e-02 -2.47003064e-02  3.63785736e-02
 -8.81110430e-02  1.84912235e-02  3.76955643e-02  1.22329868e-01
 -1.77613203e-03  5.38114756e-02  1.39012858e-01 -5.98562099e-02
 -4.22383100e-02  1.60945989e-02  6.74131000e-03 -2.64865533e-02
 -6.11566100e-03 -1.51647506e-02 -4.99163866e-02 -6.42037019e-02
  4.74287234e-02 -6.75845891e-03 -7.70528018e-02 -4.89313602e-02
  9.83106438e-03  4.09585051e-02 -2.42722873e-02  9.17483196e-02
 -3.07050608e-02  5.96698038e-02 -1.17005676e-01 -2.43119691e-02
  9.93983895e-02  7.20635848e-03 -9.53825414e-02 -4.63895388e-02
 -2.39500846e-03 -5.59241250e-02 -2.52337363e-02 -1.37987081e-02
  1.03368632e-01 -5.77706173e-02  2.37159580e-02  1.52220335e-02
 -3.08285616e-02 -1.43517293e-02  3.53846513e-02 -6.40744716e-02
  6.19157813e-02  1.52163170e-02 -4.81375381e-02  2.30298564e-02
  4.41116057e-02  3.01818680e-02  1.02236576e-01  6.62350729e-02
 -7.64702819e-03  7.36621674e-03 -7.63199627e-02 -9.82074440e-03
  3.65784317e-02 -8.04679766e-02  3.72601822e-02  1.79614022e-03
 -1.37252007e-02 -3.57586257e-02 -7.72647560e-02 -2.79130172e-02
 -4.02227715e-02 -8.41419697e-02  8.87363181e-02 -4.74096723e-02
 -4.96436246e-02  1.91343501e-02  6.00254647e-02  7.75641203e-02
  5.08022383e-02  1.81313027e-02  7.78326765e-02 -1.32975764e-08
 -1.18260290e-02  1.03415297e-02 -3.56209115e-03  6.01595044e-02
  1.51872505e-02  1.53103778e-02  6.06899299e-02 -1.89884249e-02
  3.79715040e-02 -3.42745036e-02 -3.06920838e-02  1.23740241e-01
  7.01763928e-02 -1.33876037e-02  2.85265166e-02  1.04311276e-02
  1.24645643e-02 -4.18295823e-02 -6.25672638e-02  3.55700441e-02
 -7.30601326e-02  7.22143725e-02 -7.66910566e-03 -1.10786647e-01
  5.87891380e-04 -3.74251232e-03  1.27095893e-01  1.03435889e-01
  3.08736488e-02  9.22984034e-02 -5.09706400e-02 -1.97918881e-02
 -5.84685095e-02 -5.43932803e-02 -9.72221512e-03  4.06329222e-02
  7.29996264e-02 -3.05315796e-02 -8.07173476e-02  1.57367066e-02
  6.51352631e-04  7.31868818e-02  6.26232922e-02  1.22991120e-02
  7.69540146e-02 -7.20779411e-03 -5.25941178e-02  2.98614856e-02
  9.16100200e-03  3.52540761e-02  6.00070395e-02 -2.19067112e-02
 -7.39243701e-02  4.16776314e-02 -1.97405703e-02 -5.14976494e-03
 -2.72728130e-02  1.72094367e-02 -4.48189452e-02 -2.10831985e-02
  4.34503052e-03 -3.86980432e-03  1.22554317e-01  3.42727304e-02]"
299,Chemical Safety,Social,protection,2,0.3656,"[-9.75529402e-02  1.56477854e-01  1.42438402e-02  2.53251772e-02
  1.01619817e-01  1.07075833e-01  1.71323821e-01  3.52011323e-02
  1.17404119e-03  3.32761668e-02  7.32554197e-02  1.59114618e-02
  6.67962357e-02 -1.78143457e-02 -2.03703903e-02 -2.80623231e-02
  6.85456246e-02  9.99524537e-03 -1.50496706e-01 -2.54489668e-03
 -6.99724704e-02  9.61180124e-03 -1.15226638e-02  1.01639284e-02
 -1.08373038e-01  5.56497686e-02 -2.30137315e-02  4.16711234e-02
  6.64631277e-02 -1.01062350e-01 -1.48595497e-02 -8.15754384e-02
  3.99838202e-02  2.28628758e-02 -1.41384825e-01  2.37039523e-03
  3.89491469e-02 -4.48163822e-02 -3.81051330e-03 -7.60900155e-02
 -7.35605881e-02 -3.98315936e-02 -2.43446082e-02  1.14961071e-02
 -2.71595344e-02  5.03952950e-02  6.87524229e-02  1.14549100e-02
  5.64759821e-02 -3.85155715e-02  4.09916788e-02  4.82629500e-02
 -3.38844061e-02  3.08204349e-02  2.30098888e-02 -6.91522881e-02
 -4.16932367e-02 -1.02336630e-02 -4.16923948e-02  4.02657241e-02
  4.33359668e-02  7.81980716e-03 -4.09901850e-02  5.75435571e-02
  2.35738204e-04 -7.54737556e-02 -1.68993603e-02  4.85692509e-02
  3.66366841e-02  1.10973567e-01  9.83045320e-04  1.87999438e-02
 -1.12859830e-02 -1.10021718e-02  5.00197411e-02  5.16800256e-03
 -2.26830468e-02 -1.02626145e-01  5.51060028e-02 -4.35235873e-02
  5.95995337e-02 -1.30996108e-02  2.67457347e-02  3.62121686e-02
  4.53167455e-03  4.97368835e-02  6.76593482e-02 -7.13469833e-02
  3.68404784e-03  8.22397135e-03  2.29835361e-02 -4.19977494e-02
  6.98109493e-02  4.23528142e-02 -6.54232129e-02 -3.84042487e-02
 -3.56890820e-02 -4.36199680e-02 -8.33938420e-02  2.32245237e-01
  3.88980359e-02 -4.77823429e-02  7.35321315e-03  6.34828210e-03
 -3.59055325e-02 -6.68841526e-02  4.60599223e-03 -3.93613726e-02
 -1.71512850e-02  5.79311438e-02  2.85750218e-02  4.03763875e-02
 -6.31763265e-02  3.28203253e-02 -2.33539920e-02  2.35344353e-03
 -3.60849686e-02 -1.03586782e-02  7.71719664e-02  4.23207617e-04
  6.51405081e-02  4.74766421e-05  7.69844502e-02 -2.26118276e-03
 -3.66469361e-02 -8.43756869e-02 -6.15748111e-03 -5.56810919e-33
  4.62818108e-02 -5.57354465e-02 -2.93816049e-02 -2.54350100e-02
 -1.37773594e-02 -2.47831503e-03 -1.90730020e-02 -3.25455293e-02
 -4.64241393e-02  7.76896849e-02 -2.35843081e-02 -1.78220980e-02
  5.97692886e-03 -2.39431318e-02  1.01458564e-01  6.99766576e-02
 -5.22757471e-02  2.66252533e-02 -4.85456316e-03 -8.57422687e-03
 -3.48992571e-02 -4.14597318e-02  4.42505851e-02  7.98932984e-02
 -3.74856405e-02 -3.82454544e-02  2.05156524e-02 -5.76268844e-02
  2.91397162e-02  5.68608493e-02 -7.28124231e-02  8.18610713e-02
 -1.93952657e-02  3.44715156e-02  1.51519962e-02  1.26851335e-01
 -3.84150334e-02 -1.11783817e-01 -1.12720737e-02 -4.75306101e-02
 -5.03589958e-02 -2.03102753e-02  2.85625318e-03  1.74683915e-03
  4.83498275e-02 -1.86700877e-02 -7.13444427e-02 -3.54064517e-02
 -1.45099714e-01 -8.24787747e-03 -2.91242115e-02 -1.47567014e-03
 -3.82997207e-02 -2.83390954e-02 -8.45595896e-02  6.70963293e-03
 -6.24817051e-03  3.57822195e-04 -7.85233732e-03  2.89244093e-02
  1.39726708e-02  1.73409265e-02  6.76471181e-03 -1.27290199e-02
 -1.94441415e-02 -9.41591263e-02  5.29083386e-02 -8.53932798e-02
  1.85960773e-02 -2.52617374e-02 -1.11556150e-01 -3.71793844e-02
  5.05852439e-02 -8.50654207e-03 -7.56995976e-02 -1.25353076e-02
  4.45462577e-02  3.86879854e-02  2.53185686e-02 -5.03223687e-02
 -7.17052370e-02 -3.05082500e-02 -2.39463130e-04  4.95388433e-02
  1.99100561e-03  9.92970262e-03  2.61418261e-02 -3.45888883e-02
 -2.89262161e-02 -2.76477053e-03  2.63550039e-03 -3.95821482e-02
  5.79474382e-02  3.19636241e-02 -8.21816921e-03  4.32435021e-33
 -2.74416488e-02 -2.87179369e-02 -1.03759253e-03  4.28488068e-02
 -8.39125365e-02 -3.29249650e-02 -1.65685359e-02  8.33088532e-04
 -6.56862259e-02 -8.88240233e-04 -5.13233021e-02  7.98711181e-03
  7.67386928e-02  8.01767223e-03  3.82082127e-02 -4.71763238e-02
  2.15194300e-02 -9.19072423e-03  2.24721548e-03 -4.60266098e-02
 -5.84363611e-03  2.50140745e-02  8.39880109e-03  6.02954999e-02
 -6.21677525e-02  1.59140828e-03 -5.70946522e-02  1.00049016e-03
  5.81598580e-02  4.06345651e-02  4.35462072e-02 -2.55507920e-02
 -6.58552274e-02  4.48007882e-02 -7.42596686e-02  2.96098553e-02
  1.24393955e-01  5.05404361e-02 -4.05138470e-02 -4.74522859e-02
  4.24911343e-02  3.84298600e-02 -7.44897407e-04  4.07418273e-02
 -1.65154915e-02  2.64249537e-02  5.65503500e-02  1.72665659e-02
  3.64267714e-02  4.20385273e-03  2.55596209e-02 -2.53848210e-02
  3.43178250e-02 -1.34424986e-02 -3.00269574e-02 -4.93679941e-02
  4.37569246e-02 -7.81108905e-03 -2.07664240e-02  2.98465583e-02
  9.73835215e-03  7.20250830e-02 -2.88373157e-02  5.06618954e-02
 -2.86156461e-02  3.59688587e-02 -6.11557104e-02  5.03251664e-02
  5.48707359e-02 -1.47280684e-02  1.68809444e-02  7.17316801e-03
 -1.98011808e-02 -2.29562894e-02 -7.97173157e-02 -5.53993881e-02
 -8.17014277e-02 -4.82720882e-02 -6.35539144e-02  7.51181021e-02
 -4.46075723e-02 -1.04658283e-01 -7.38807917e-02  1.92144364e-02
  4.69929092e-02 -5.44243716e-02  8.16074535e-02 -3.20319533e-02
  1.88520029e-02 -3.21195312e-02 -5.00181615e-02  5.96998036e-02
 -1.46394461e-01  2.58651804e-02 -4.89755645e-02 -1.25496342e-08
  3.70997526e-02  2.38879323e-02 -3.09917587e-03 -6.03107847e-02
  2.97401492e-02  2.88320892e-02 -2.81070415e-02 -6.51013330e-02
  2.13800017e-02  3.69487703e-02  8.61813799e-02 -3.79975960e-02
  5.61647303e-02  1.73463486e-02  1.95339806e-02  4.58175316e-02
 -4.12321202e-02  4.06814702e-02 -6.33819699e-02  2.92685665e-02
  2.47978680e-02 -5.99685730e-03 -8.43694061e-03  4.99140583e-02
  5.75636933e-03  2.89190933e-02  5.86142726e-02 -9.91047639e-03
  1.61118098e-02  7.78239071e-02 -2.92922650e-02  2.14850120e-02
  1.74363628e-02  1.94802675e-02  8.91769025e-03  7.38227442e-02
  4.32818495e-02 -9.05689783e-03  5.25567196e-02  2.98445038e-02
 -1.21937906e-02 -3.84782292e-02  1.11477613e-01  3.18454914e-02
 -4.14055889e-04 -1.06408086e-03  8.25463049e-03 -2.34711654e-02
 -1.93597768e-02  6.47378340e-02  8.36710387e-04  2.76345834e-02
  4.20883596e-02  1.37311861e-01 -1.28830066e-02  8.96464102e-03
  5.92996627e-02 -6.53807539e-03  5.19588217e-02  5.13749532e-02
  1.56871714e-02 -4.91175205e-02  1.07738964e-01  4.61376421e-02]"
300,Responsible Investment,Social,invest,2,0.6548,"[ 9.33816209e-02 -7.52421445e-04 -5.86248152e-02  4.18101400e-02
 -3.33550349e-02 -1.39370654e-02  1.14004411e-01  3.33945602e-02
  3.96719053e-02  7.38973245e-02  3.91746834e-02 -7.43525429e-03
 -5.02794348e-02 -2.75028404e-02 -5.24682030e-02 -4.70516346e-02
 -8.55501220e-02  1.41916005e-03 -8.87931809e-02  2.62890570e-03
 -5.50175682e-02 -9.10949633e-02 -5.44992695e-03  5.94325177e-03
  7.98752755e-02  6.54032379e-02  3.41580436e-03  3.27612162e-02
  1.03830416e-02 -5.61163239e-02  5.22498265e-02  1.61298346e-02
  3.02751288e-02 -4.35908623e-02 -3.04279160e-02  5.24924211e-02
 -1.51623879e-02  1.81763154e-02  1.30307814e-02 -5.15114702e-03
 -2.42776964e-02 -3.75207216e-02  3.06576733e-02 -3.40436623e-02
 -1.27280653e-02 -1.59507450e-02 -2.00972930e-02  7.45111555e-02
  7.48583823e-02  1.07339751e-02 -5.88385575e-02  2.85091752e-04
 -3.56392078e-02 -4.63801576e-03 -7.09547028e-02  5.80362277e-04
 -4.15568501e-02  6.46467507e-02  7.16909990e-02 -3.67937833e-02
  8.33169520e-02  9.92490328e-04  6.50393814e-02  2.42518764e-02
  2.24065483e-02 -1.55546172e-02 -5.73571073e-03  7.09798485e-02
 -7.54538924e-02 -8.94694310e-03  8.84405300e-02 -5.26830666e-02
 -1.79899216e-01 -8.05875361e-02 -5.50324246e-02 -1.91973150e-02
  8.56061578e-02  3.67436907e-03  8.37223828e-02 -1.79350078e-02
  1.37945246e-02  2.27948930e-02 -1.93133987e-02 -6.98803291e-02
 -3.30135785e-02  6.27676249e-02  6.32355660e-02  6.31644949e-02
  7.27180019e-02 -1.13697047e-03 -7.55341025e-03 -6.08065398e-03
  6.36212574e-03 -3.36119048e-02 -3.51323299e-02 -1.51909040e-02
 -5.27248392e-03 -4.25584279e-02 -1.06561832e-01  2.17392966e-01
  6.96954653e-02 -3.52510102e-02 -3.73417176e-02 -1.55556872e-02
 -2.58014891e-02 -1.59699041e-02  1.56540349e-02 -1.33906715e-02
  5.72629496e-02 -2.47436743e-02 -1.02125064e-01  5.22295497e-02
  8.77350103e-03  3.32193151e-02 -1.89031623e-02  3.83260548e-02
 -2.06078012e-02 -3.00722551e-02  6.82125837e-02  1.21502075e-02
  4.46765460e-02  1.78238600e-02 -5.06928936e-02  1.24718749e-03
 -6.58723712e-02 -1.03628144e-01 -2.42179129e-02 -4.21551670e-33
 -7.58508146e-02 -2.15219241e-02 -7.12048355e-03  7.10510164e-02
 -5.24611846e-02 -7.53840758e-03  6.22974746e-02 -2.17643753e-02
 -1.30666360e-01 -3.31075899e-02 -3.09408456e-02  4.83854711e-02
 -5.97557798e-02  7.85631910e-02  3.24657708e-02 -1.47510292e-02
  9.31603927e-03  4.57317904e-02  1.26439124e-01 -9.67482552e-02
  2.63923965e-02 -2.73284428e-02  1.98366139e-02  3.53094237e-03
  6.32007197e-02 -8.72241557e-02 -2.00469680e-02 -8.27700868e-02
  6.12065420e-02  2.29633730e-02  6.59693927e-02  3.40279154e-02
 -6.67885244e-02 -5.56853674e-02 -3.29611078e-02 -1.16788065e-02
 -3.03298817e-03  1.27304029e-02 -1.09583866e-02 -2.65840478e-02
 -4.88540716e-02  2.56069005e-02 -7.48905092e-02  6.99360436e-03
 -4.06283606e-03  8.00846517e-02  7.90926665e-02  3.60742472e-02
 -4.01011370e-02  2.26303819e-04 -4.76897284e-02 -2.65663546e-02
 -6.66799322e-02 -2.97549516e-02  3.27633275e-03 -5.03671318e-02
 -3.46241938e-03 -4.83834557e-02 -8.02214891e-02 -6.66628331e-02
  5.54684177e-02 -2.56002694e-02 -9.40211117e-02  8.30897689e-02
 -9.34827253e-02  1.07727736e-01  3.26895341e-03  4.55570966e-02
 -5.21415519e-03  6.84331581e-02 -6.42011911e-02 -4.79998514e-02
  1.22292109e-01 -2.45930851e-02  3.75404442e-03 -2.47947294e-02
 -7.82395750e-02  3.28551754e-02 -1.16386404e-03  4.63657044e-02
  5.78121394e-02 -4.74382974e-02 -2.01996528e-02  4.61192578e-02
  3.48867662e-02  3.95329706e-02 -7.99681433e-03  8.19533411e-03
  5.52478395e-02 -9.19576269e-03 -6.19124211e-02 -8.36681575e-03
  7.21595958e-02 -1.56517960e-02 -1.89353731e-02  2.49270777e-33
 -4.92342152e-02 -3.33822370e-02  4.99609187e-02  4.50902432e-02
 -3.26580815e-02  2.04760581e-02  3.99959497e-02 -2.64896993e-02
  3.55787352e-02  3.82987782e-02 -5.26263788e-02 -3.73480767e-02
  7.54201263e-02  1.49329705e-02 -3.76130119e-02 -1.11090846e-01
  6.18157089e-02  2.03937665e-03 -1.46706018e-03 -1.76299363e-02
 -1.74825322e-02 -5.31449057e-02  5.88661171e-02  7.23377094e-02
  2.09533144e-03  1.52168376e-02  9.10531450e-03  8.89425799e-02
 -5.13148420e-02  2.00355556e-02  8.58969614e-03  6.01448305e-02
 -1.34322708e-02  5.91814378e-03 -7.07831681e-02  6.18025772e-02
  6.50965050e-02 -3.46066281e-02 -5.82910255e-02  2.62398310e-02
  6.01455383e-02  1.97942946e-02  9.66868550e-02  3.13481614e-02
  1.39407143e-02 -3.08220908e-02 -1.24724712e-02  4.05491367e-02
  7.72268474e-02  9.03254404e-05 -1.82346739e-02  1.46336318e-03
  3.58780995e-02 -3.54353115e-02 -1.22149587e-02  6.70739561e-02
  6.77563017e-03 -2.27831490e-02 -3.48673835e-02  4.96869870e-02
 -4.85448241e-02  5.81372306e-02  1.13022560e-02  1.14664704e-01
 -7.48691335e-02 -2.82740761e-02 -2.99917869e-02 -3.08686476e-02
  6.03332072e-02 -6.83200285e-02  7.79225677e-02 -1.11365747e-02
 -1.27008250e-02 -5.34905493e-02 -5.75327268e-03  3.25127766e-02
 -2.35933159e-02 -1.65515486e-02  2.52674669e-02  2.80673616e-02
  4.11262299e-04  4.83887270e-02  5.01465797e-02 -5.33675402e-03
 -1.84451900e-02  3.06582563e-02 -3.01284492e-02 -5.03259338e-03
 -3.57899889e-02 -6.61929548e-02 -4.31901217e-02  6.40302598e-02
  1.87876169e-02 -7.45602883e-05 -3.56103182e-02 -1.15807595e-08
 -2.74135508e-02 -5.16105443e-02  9.62386653e-02 -1.88005231e-02
  3.09202056e-02 -4.84166779e-02  2.48112082e-02  3.03492486e-03
  5.64568304e-02  3.38579565e-02 -1.61923878e-02  1.03533547e-02
 -5.16669974e-02  1.38471359e-02 -2.92679910e-02 -4.73798588e-02
 -5.32766469e-02 -1.16753755e-02 -9.54999588e-03  2.85190949e-03
  1.19457394e-01 -6.07373938e-03  8.87004063e-02  1.12948697e-02
  1.03235999e-02 -3.64671312e-02  7.23369271e-02  6.15699030e-02
 -2.01514307e-02  9.32018235e-02 -2.29277387e-02  3.23069207e-02
  2.05079056e-02  8.89127981e-03 -9.07407627e-02 -2.05324255e-02
  1.01356946e-01  3.12832445e-02  2.16822978e-02 -4.12675506e-03
 -3.44235115e-02 -5.10558765e-03  3.13526578e-02 -7.11697489e-02
 -7.25309625e-02  4.43419404e-02 -5.12888506e-02 -8.05035084e-02
  8.57766867e-02 -9.22600105e-02  5.99677814e-03 -8.81534629e-03
  4.88344170e-02  2.31487155e-02  2.00869446e-03  2.84933560e-02
 -5.27603179e-02  3.81535031e-02 -6.03262894e-02 -1.93034224e-02
  5.28450459e-02 -1.37307599e-01 -1.11831017e-02  6.19739993e-03]"
301,Responsible Investment,Social,investing,1,0.621,"[ 7.55818114e-02  2.02089082e-02 -8.87748748e-02  4.85692918e-02
 -3.35649811e-02 -6.53105555e-04  1.13076411e-01 -3.56501387e-03
  2.11218111e-02  7.48120546e-02  7.53673026e-03  1.99860092e-02
 -7.07095042e-02 -2.48564649e-02 -5.72795831e-02 -5.39101698e-02
 -7.93751553e-02  4.74555418e-03 -9.95654166e-02 -3.52828354e-02
 -7.77608380e-02 -1.09179370e-01 -8.85513518e-03 -4.80964826e-03
  1.15111277e-01  6.22086376e-02 -1.02569880e-02  3.95018235e-02
  3.17860307e-04 -5.21520227e-02  8.14357400e-03  1.67610440e-02
  3.48460674e-02 -8.50855373e-03 -7.84101114e-02  2.42905412e-02
  2.54752561e-02  3.36810686e-02  2.61401720e-02  1.03441952e-02
 -4.25186306e-02 -4.27744091e-02  1.61121450e-02 -2.73884926e-02
 -1.37766693e-02 -3.64587419e-02  5.80015033e-03  4.17904519e-02
  7.08402544e-02 -1.26479715e-02 -4.57527712e-02  1.51178371e-02
 -6.02170676e-02  1.41578680e-03 -5.27647845e-02  1.30576752e-02
 -4.39602993e-02  5.30411378e-02  6.27166703e-02 -4.10225727e-02
  6.05448335e-02 -2.87914090e-03  5.12173101e-02  3.73305194e-02
  3.98879908e-02 -3.98348048e-02 -2.34048609e-02  8.56182501e-02
 -8.56020525e-02 -8.12022202e-03  8.19397271e-02 -4.38875407e-02
 -1.54134065e-01 -5.17193042e-02 -1.19182970e-02 -1.76317561e-02
  7.14635402e-02  1.09545402e-02  8.16262439e-02 -1.54730706e-02
  4.80123311e-02  6.57451921e-04 -3.57636660e-02 -3.92913371e-02
  3.39900632e-03  3.26858684e-02  6.08535111e-02  5.76660112e-02
  7.14708939e-02  8.47600680e-03  5.89440716e-03 -1.99923255e-02
  2.84188834e-04 -1.48837194e-02 -4.45349775e-02  4.47503105e-02
 -4.72232290e-02 -5.54155521e-02 -9.62143466e-02  2.05283821e-01
  6.67210817e-02 -7.27725402e-02 -9.00347903e-03 -1.87457390e-02
 -8.33618827e-03 -6.91017956e-02  1.44229243e-02 -2.27306876e-02
  5.68705983e-02 -8.26202612e-03 -7.50793070e-02  7.12153018e-02
 -2.89076532e-04  3.45740244e-02 -4.36916649e-02  7.57175907e-02
  1.59921346e-03 -1.86400190e-02  6.58461973e-02  7.21561164e-02
  2.30217017e-02  2.03104373e-02 -3.67050059e-02  2.07123011e-02
 -7.56900087e-02 -9.93935168e-02 -3.97376195e-02 -4.54081786e-33
 -8.49711969e-02 -5.73407859e-02 -2.17329618e-02  8.27304646e-02
 -4.87467311e-02  2.68043485e-03  5.32794967e-02 -4.29220349e-02
 -7.71684051e-02 -3.61380503e-02  4.59927507e-03  5.57889566e-02
 -4.82386462e-02  1.09626532e-01  7.92714283e-02 -2.37464868e-02
 -4.53605950e-02  7.79357925e-02  9.26509723e-02 -6.59272447e-02
  2.88848579e-02 -2.22793035e-02  2.50928160e-02  4.16872976e-03
  4.17629145e-02 -6.83880746e-02 -3.35281603e-02 -1.28473759e-01
  3.94219980e-02  2.40595713e-02  5.59360981e-02  6.39446154e-02
 -8.60964060e-02 -5.99362440e-02 -3.53525244e-02 -3.02976184e-02
  9.74128023e-03 -1.59898270e-02 -1.63675938e-03 -1.69766229e-02
 -8.51480812e-02  5.61127672e-03 -2.91262083e-02  1.91146473e-03
 -9.24155116e-03  7.00019225e-02  6.07634485e-02  3.83045115e-02
 -8.78508538e-02  1.44170481e-03 -4.99366187e-02 -8.05100054e-03
 -1.65769700e-02 -5.41591719e-02  1.16490284e-02 -3.42570134e-02
  3.43593862e-03 -6.92194775e-02 -1.18750826e-01 -5.07937334e-02
  3.14290226e-02 -5.90911368e-03 -7.92204142e-02  4.14075926e-02
 -1.17667176e-01  1.07372321e-01  9.40480735e-03  5.57121672e-02
 -4.23657615e-03  4.99263555e-02 -4.15096991e-02 -4.75006290e-02
  6.15950003e-02 -4.13300470e-02  1.71853080e-02  1.66177414e-02
 -3.14083993e-02  4.55685966e-02  9.89456475e-03  2.35262625e-02
  6.56514019e-02 -2.27404609e-02 -2.02335287e-02  2.97523625e-02
  3.36362645e-02  3.63142528e-02 -7.79763144e-03  9.52449720e-03
  6.82492703e-02 -2.07702373e-03 -4.66379039e-02 -2.69988552e-02
  2.75559388e-02  6.76557794e-03 -5.34174778e-03  2.10140939e-33
 -7.89179802e-02 -8.75544641e-03  4.61326651e-02  4.33836728e-02
  4.06478718e-03 -7.74390809e-03  3.52772586e-02 -6.33712485e-02
  5.92073426e-02  6.26205280e-02 -5.94125316e-02 -8.17409810e-03
  5.20932972e-02  3.49567980e-02 -6.84196576e-02 -1.29409775e-01
  4.49867807e-02 -2.19220463e-02  1.16446177e-02 -5.26201315e-02
 -6.08248496e-03 -4.26480398e-02  3.31792422e-02  2.06659045e-02
  1.06679993e-02  1.44255720e-02 -4.25144844e-02  9.70725641e-02
 -2.71523204e-02 -1.92923262e-03 -2.57565454e-02  6.74567074e-02
  1.82374567e-02 -1.51170548e-02 -5.72508499e-02  7.09353089e-02
  8.46362859e-02 -1.67541262e-02 -5.88841364e-02  1.11741740e-02
  9.76103619e-02 -1.45639386e-02  6.91698790e-02  2.74336189e-02
  9.15007666e-03 -2.02033259e-02  9.55624320e-03  6.09470345e-02
  9.95970517e-02  1.26043996e-02 -1.26043446e-02  2.70411223e-02
  3.97939570e-02 -1.02410242e-02 -2.74029784e-02  4.16893326e-02
 -1.33404005e-02 -2.13163495e-02 -5.80305532e-02  7.45204985e-02
 -7.22106323e-02  6.59920871e-02  2.07563564e-02  1.29965618e-01
 -9.01925862e-02 -9.90830921e-03 -3.59821394e-02 -5.36567792e-02
  1.95453106e-03 -7.93704018e-02  7.81368464e-02 -1.15805808e-02
  2.86221248e-03 -2.37162933e-02 -2.54310779e-02  5.58051057e-02
 -1.87287235e-03  1.01555269e-02  2.11386438e-02  3.16886976e-02
 -2.92245708e-02  1.19771967e-02  1.68840345e-02  6.88802451e-03
 -2.39516348e-02  2.14323513e-02 -1.47370268e-02  4.86447150e-03
 -1.85472835e-02 -8.76826793e-02 -5.70524558e-02  2.62587089e-02
  1.27648748e-02 -7.25078024e-03 -5.08050881e-02 -1.21111228e-08
 -9.57068894e-03 -6.69509843e-02  8.28521550e-02 -2.05966830e-02
  1.39359999e-02 -1.68588720e-02  4.69685122e-02 -4.94855782e-03
  4.91484441e-02  5.99111430e-02 -7.93654006e-03  4.04684208e-02
 -3.02966740e-02  3.07019651e-02 -5.90966493e-02 -4.88125980e-02
 -4.61000130e-02 -1.49593269e-02 -1.55342650e-02  2.02370938e-04
  1.32079974e-01 -1.05443066e-02  6.96575269e-02  3.32576185e-02
  4.92910076e-05 -3.21422741e-02  8.37824568e-02  4.95522134e-02
  4.74892650e-03  8.17996189e-02  7.54781591e-04  2.69519910e-02
  6.07083440e-02  2.17926502e-02 -7.44149759e-02 -3.15472856e-02
  9.64557678e-02  2.88172923e-02  3.04543264e-02 -5.70307896e-02
 -4.02595997e-02 -1.20229246e-02  4.12785485e-02 -6.81790188e-02
 -1.98084824e-02  1.20523013e-02 -4.68583480e-02 -5.25284261e-02
  7.01261684e-02 -9.68191773e-02  2.42814105e-02 -1.44004298e-03
  4.22335751e-02 -1.34410746e-02 -7.36959139e-03  4.12942432e-02
 -5.01749814e-02  4.52343635e-02 -5.13056554e-02 -1.45509746e-02
  4.09147888e-02 -1.30483940e-01 -1.64166484e-02  3.87085192e-02]"
302,Responsible Investment,Social,responsible,4,0.5772,"[-2.20888406e-02  5.17534241e-02 -7.58639630e-03  2.87946574e-02
 -2.37330552e-02  1.46341119e-02  5.15274853e-02  2.93828584e-02
  8.96518119e-04  4.00558636e-02  4.56378050e-02 -8.27800184e-02
  8.93150363e-03 -1.59900710e-02 -4.79394943e-02 -5.00112772e-02
 -4.22473513e-02 -3.71765420e-02 -1.17050529e-01 -3.49849313e-02
 -7.35968351e-02  3.91715840e-02  6.44763559e-02  2.62642577e-02
 -1.01218656e-01  2.22353972e-02 -1.50048593e-02 -3.61341285e-04
  4.33323756e-02 -7.77565539e-02  1.89529639e-02 -5.51599599e-02
  8.80730525e-02 -5.33833429e-02 -1.21832758e-01  2.26343758e-02
  3.54468599e-02 -1.78515241e-02  2.24319454e-02 -3.75084169e-02
  1.78911444e-02 -3.46263200e-02 -4.09002677e-02 -8.10099579e-03
  6.39968039e-03  2.78530959e-02  8.36662874e-02 -1.32443290e-02
 -6.13562278e-02 -2.73115523e-02 -2.37002838e-02 -1.37338191e-02
 -4.25394401e-02  4.07340527e-02 -3.15574631e-02 -4.21596318e-02
  4.31178622e-02 -6.66091219e-02  2.67030634e-02 -1.90727171e-02
 -2.76359497e-03  5.40270433e-02 -8.40447322e-02  4.09803279e-02
  3.06983963e-02  3.74937393e-02  5.01486287e-03  1.31011885e-02
  4.97189118e-04  1.99861005e-02  7.72180632e-02  1.41545795e-02
 -6.20299252e-03  6.71544997e-03  3.12705114e-02 -1.51343513e-02
  1.18295290e-02 -2.26036124e-02  6.25209734e-02  1.41252857e-02
  7.36468881e-02  4.52824421e-02 -1.82756074e-02  6.41090572e-02
  1.76990349e-02 -6.35588095e-02  2.15332843e-02  1.93942450e-02
  2.91766077e-02  1.88195202e-02 -4.01512496e-02 -4.66037989e-02
  1.92996189e-01 -3.34060416e-02 -1.14223376e-01  2.92045847e-02
 -1.44834453e-02 -1.54898129e-02 -6.69525340e-02  2.02807471e-01
  2.63263043e-02  4.56642881e-02 -6.93426430e-02  9.92386695e-03
 -4.29249853e-02  2.90846229e-02  2.08506957e-02  3.54947075e-02
 -4.66959178e-02  1.57177001e-02 -1.98567752e-02 -5.70303015e-03
 -7.64750913e-02  8.33363384e-02  9.30704102e-02  3.54328528e-02
 -3.27238850e-02  1.62147675e-02  6.62128106e-02 -1.24873891e-01
  1.71310995e-02  6.57932982e-02  5.69302402e-03 -2.19932036e-03
 -7.50492364e-02 -4.55135815e-02  2.66504684e-03 -6.01973192e-33
  4.83164974e-02  2.78007369e-02  1.36644421e-02 -1.64178777e-02
  1.81751810e-02  7.79032409e-02 -3.86900343e-02  9.56237409e-03
 -2.73760241e-02  8.01398978e-02  3.28816958e-02 -8.25098678e-02
 -6.12806641e-02 -1.67367924e-02  1.38521530e-02  5.02479672e-02
 -6.41520247e-02  6.51090145e-02 -6.50708377e-02  3.21987234e-02
 -4.34488468e-02  4.21771035e-02 -2.00537717e-04  4.27250154e-02
 -7.33171497e-03 -4.62464150e-03  4.59392481e-02  1.15335528e-02
  3.57173868e-02 -1.55162311e-03  2.23355927e-02 -1.30862929e-02
  6.93337619e-03  2.38596257e-02 -8.74966662e-03 -4.34979871e-02
 -1.28250822e-01 -3.99770103e-02 -3.82124037e-02 -4.34773639e-02
  3.47993895e-02  8.06625839e-03  2.97419517e-03  3.40640657e-02
 -8.01216718e-03 -4.81863543e-02 -6.79369317e-03 -3.21312584e-02
 -2.33953502e-02  9.35666934e-02 -2.27827188e-02  3.28053832e-02
 -1.27799502e-02 -5.93633130e-02 -1.02309068e-03 -5.41379210e-03
  1.13235064e-01 -5.69637818e-03 -4.44707833e-02 -2.08952967e-02
  6.38056248e-02 -2.86317468e-02 -9.79598016e-02  1.01220600e-01
  7.41952807e-02 -2.02327352e-02  4.85922210e-02 -5.31547144e-02
  3.77759971e-02 -1.47311538e-02 -8.47131759e-02  1.20578371e-02
  3.64308842e-02  1.21103283e-02 -6.36770725e-02  5.86039536e-02
 -1.13987580e-01 -6.12873845e-02 -3.49636711e-02  3.40163745e-02
 -7.93484375e-02 -1.45847062e-02  2.11400678e-03  6.32189736e-02
 -1.35220692e-03  1.83005948e-02 -1.38895819e-02  2.55532283e-02
  6.76148906e-02  7.72803500e-02  2.00732611e-02 -1.35992076e-02
  3.24712060e-02  5.91664575e-02 -5.33822365e-02  4.52283537e-33
 -2.13558320e-02 -3.76387499e-02 -2.42008828e-02  3.04936729e-02
  3.88058722e-02 -2.74497201e-03 -3.07469312e-02 -6.58332855e-02
  5.52040413e-02  6.43138215e-03 -7.67917112e-02 -2.84729935e-02
  3.20182443e-02  5.25376685e-02  1.05446137e-01 -4.42392379e-02
  6.99749812e-02 -4.82770018e-02 -5.20622134e-02 -9.67733469e-03
 -2.22210940e-02 -5.72849363e-02  2.90649924e-02  3.66767570e-02
 -9.49194804e-02  2.04705708e-02  4.71374243e-02  4.43660934e-03
 -1.93904026e-03  4.57581989e-02 -4.08610469e-03 -5.33861704e-02
 -2.95290053e-02 -1.67347454e-02 -4.72774878e-02  2.86948364e-02
  1.42429657e-02  2.69212965e-02 -3.96313779e-02  1.40403593e-02
  4.56010140e-02  4.92648110e-02 -6.01931252e-02  1.13823302e-01
 -3.31540070e-02  8.62928852e-03 -2.67067291e-02  9.31765977e-03
  8.30928236e-03  5.09207770e-02 -1.04551427e-01 -3.63108553e-02
  2.94116326e-03 -6.78353244e-03  5.98823279e-02  2.86893323e-02
  4.60156687e-02 -1.28761511e-02  5.99988513e-02 -2.13883575e-02
 -3.07214679e-03  6.48398399e-02  6.17352128e-03  3.73798274e-02
 -1.35659641e-02  2.41452567e-02 -5.74313626e-02 -2.49422491e-02
  4.83554937e-02  4.01165187e-02  6.29887059e-02 -2.15569660e-02
 -6.01736009e-02 -1.14684284e-01 -5.86090945e-02 -5.81231751e-02
 -1.07791536e-01  2.77769212e-02 -4.20674868e-02 -2.86506284e-02
  4.61993106e-02 -6.39685094e-02  2.83674877e-02  2.32178513e-02
 -5.56060709e-02 -5.22421040e-02  7.51287565e-02 -2.33921111e-02
  2.46675278e-04 -1.90655305e-03  2.86582336e-02  8.78239349e-02
 -5.76401502e-02  5.10859936e-02 -2.92492956e-02 -1.28484308e-08
  1.58310998e-02  7.36321732e-02 -7.14662820e-02  1.59139577e-02
  6.15753382e-02 -3.82396132e-02 -1.21608237e-02 -1.97739732e-02
  3.77301569e-03  6.87149614e-02  1.71397738e-02 -9.61949304e-02
  7.45047331e-02  2.55504753e-02  7.85946921e-02 -6.00607321e-02
  1.82419037e-03  9.98791456e-02 -7.59640485e-02  4.83469851e-03
  8.01593289e-02  1.48662226e-03 -3.18465680e-02  2.48057730e-02
 -4.51307511e-03 -7.06339628e-02 -3.35611776e-02  9.39120874e-02
 -1.98847428e-02  1.06235147e-01  4.30571986e-03  4.40480672e-02
 -3.16953063e-02 -8.42711776e-02  1.51700880e-02 -7.10667595e-02
  3.02584488e-02 -3.57680880e-02  4.57399674e-02 -4.57151942e-02
 -4.38563935e-02  6.01180159e-02  4.78888638e-02  5.17761596e-02
  5.16961440e-02  2.04765517e-02 -1.10883145e-02  5.40905818e-02
  5.69814583e-03  1.85742993e-02 -1.23600140e-01 -1.32501882e-03
  8.23883116e-02  9.29252207e-02  4.03754003e-02 -1.13222301e-02
  7.19142631e-02 -3.53749096e-02 -7.70921707e-02  1.00373477e-03
  1.33866847e-01  2.17488389e-02  9.17013213e-02 -2.67658141e-02]"
303,Responsible Investment,Social,responsibility,5,0.5529,"[-6.18788935e-02  9.33703631e-02 -1.38944518e-02 -2.19534859e-02
 -8.63631349e-03  1.48277348e-02  7.11837858e-02  2.85979435e-02
  8.66889767e-03  1.81844365e-02  4.68250439e-02 -3.32650505e-02
  7.72749307e-03 -1.02621783e-02 -4.11106981e-02 -1.75342225e-02
 -4.23266217e-02 -3.65943201e-02 -1.42011717e-01 -6.86027249e-03
 -3.57966498e-02 -7.67466379e-04  5.40565848e-02  3.29964198e-02
 -1.26581013e-01  4.58707511e-02  4.65333840e-04 -5.39566483e-03
  4.67927381e-02 -9.02076662e-02  4.46730442e-02 -4.00636680e-02
  6.36041388e-02 -2.10727435e-02 -1.04850955e-01  8.50612223e-02
  8.96262191e-03 -3.39838192e-02  1.73976794e-02 -4.11719754e-02
  5.02189510e-02 -4.18673232e-02 -7.24819452e-02 -5.91981784e-02
  3.14723998e-02  6.02511084e-03  1.01914734e-01 -4.81297029e-03
 -3.70333903e-02 -5.00208652e-03 -2.81668194e-02  1.61607862e-02
 -3.41241509e-02  2.54373383e-02 -3.36885527e-02 -4.59551066e-02
  1.57379676e-02 -6.08524345e-02  5.28666452e-02 -2.59286296e-02
  2.37332359e-02  2.94288062e-02 -7.62487054e-02  3.67735103e-02
  5.24454378e-02  1.44569222e-02  3.04895807e-02  2.70803571e-02
 -1.30369766e-02  8.61484651e-03  1.74460281e-02  2.59860288e-02
  1.89670417e-02  3.02563794e-02  4.74532507e-02 -5.92489615e-02
 -1.77085754e-02 -1.45631060e-02  6.68018162e-02  1.32365385e-02
  7.59290233e-02  3.20103392e-02 -8.24978342e-05  6.33264780e-02
  9.34031443e-04 -4.19705808e-02  2.26984210e-02  9.60841216e-03
  3.47703584e-02  1.70819703e-02 -7.77838901e-02 -9.84904468e-02
  1.29198521e-01  5.13741747e-03 -1.16526827e-01  3.76992486e-02
 -4.04940881e-02 -2.49295551e-02 -7.66130984e-02  2.03133300e-01
  1.61934253e-02  1.91101879e-02 -5.17004319e-02 -1.22140693e-02
 -5.82044758e-02 -1.93446595e-02 -3.24157514e-02  3.61247137e-02
 -4.05471139e-02  2.52348874e-02  2.77600391e-03 -1.43869093e-03
 -1.03259586e-01  6.75741062e-02  1.04627587e-01  2.44782399e-02
 -4.61174957e-02  1.83690041e-02  3.04792430e-02 -1.16515443e-01
  2.98079476e-03  8.87777805e-02  3.64503488e-02 -1.24464661e-03
 -7.30391741e-02 -8.32440630e-02  5.59606962e-03 -7.00737750e-33
  8.15879740e-03  1.90599672e-02  1.14541035e-02 -1.03019420e-02
  1.67643409e-02  5.00897244e-02 -1.39388936e-02  4.45914827e-03
  1.38538629e-02  7.62012228e-02  4.30292748e-02 -6.97264001e-02
 -1.14846136e-02 -3.50863487e-02  2.33789422e-02  5.86001649e-02
 -6.86072409e-02  6.48910105e-02 -4.62469971e-03  2.73243748e-02
 -2.71945652e-02  4.90732752e-02  1.67755522e-02 -5.23679284e-03
  5.17441891e-03  9.39243357e-04  1.90576743e-02 -9.24732350e-03
 -3.48983333e-02 -9.49419045e-04  5.19670732e-02 -1.09900460e-02
 -2.10864320e-02 -3.10991034e-02  1.78973731e-02 -4.81404848e-02
 -8.30947086e-02 -4.94877771e-02 -3.22096348e-02 -3.52987051e-02
  5.94213125e-05  2.78428253e-02 -2.50221957e-02  8.05182979e-02
  2.55862530e-02 -4.61102761e-02  1.03354007e-02 -2.23204065e-02
 -6.16164245e-02  8.31736550e-02  1.80241605e-03  8.81070178e-03
 -5.13702957e-03 -8.87682363e-02 -1.72847006e-02 -1.34286107e-02
  7.88136572e-02 -8.20452441e-03 -6.56858906e-02 -4.78972755e-02
  9.06590894e-02 -9.75409448e-02 -1.21135309e-01  1.09667242e-01
  4.39189970e-02  1.13569032e-02  1.43451365e-02 -4.78270045e-03
  4.12829705e-02 -4.41399105e-02 -5.59622943e-02 -2.36790348e-02
  5.61568998e-02  1.53187905e-02 -6.01392314e-02  6.10657446e-02
 -6.51346967e-02 -7.01276958e-02 -1.31655056e-02  3.42032462e-02
 -6.49637729e-02  1.56187974e-02 -9.61185154e-03  4.18979190e-02
  2.27993969e-02  1.99941993e-02  8.07084981e-03  5.42222196e-03
  6.27219230e-02  6.68941438e-02 -2.11163890e-02  3.82471411e-03
 -9.19109397e-03  1.42750358e-02 -2.77055278e-02  5.15054311e-33
 -1.61343124e-02 -1.29219247e-02 -1.87584199e-02  3.43717784e-02
  5.97746558e-02  7.65086710e-03 -3.39035154e-03 -6.53530657e-02
  6.29486889e-02  8.33030045e-02 -1.20420001e-01 -2.09482592e-02
  4.01219651e-02  2.50771288e-02  8.73337965e-03 -5.83444610e-02
  6.56719431e-02 -1.53643750e-02 -4.19636630e-02 -1.74869541e-02
 -5.01620164e-03  3.15300538e-04 -9.86210164e-03  4.37423512e-02
 -8.52812901e-02  6.27581328e-02  6.16592243e-02 -1.86799616e-02
  5.45995571e-02 -2.41321418e-02 -9.35453398e-04 -4.19710428e-02
 -3.14347707e-02 -3.50543149e-02 -3.55482027e-02  1.57445595e-02
  3.03627644e-02  6.54217154e-02 -1.67472884e-02  1.04566002e-02
  3.84547301e-02  3.96199450e-02 -9.70972627e-02  9.41782445e-02
 -6.82137161e-02  1.40376603e-02  2.20654123e-02 -3.11848242e-04
  3.56603414e-02  1.87239666e-02 -1.08187817e-01 -3.04401331e-02
 -5.45946124e-04  1.48813678e-02  4.41244841e-02  3.81315276e-02
  2.54820287e-02 -1.64031126e-02  3.88731621e-02  2.31931563e-02
  2.24601366e-02  7.36061707e-02 -1.49060264e-02  6.57266974e-02
 -2.66889594e-02  3.57182249e-02 -7.75166899e-02 -2.90455930e-02
  5.48603460e-02  1.71322655e-02  1.26624376e-01 -2.55601574e-02
 -6.16271570e-02 -9.37138423e-02 -6.97197989e-02 -4.24274839e-02
 -1.08595602e-01  4.30367701e-02 -4.50345650e-02  1.09377550e-02
  3.96257117e-02 -1.23722345e-01  1.41246850e-02 -1.21031133e-02
 -3.55928130e-02 -1.17563931e-02  1.02097213e-01 -2.30382700e-02
  3.29661779e-02  1.03361784e-02  8.86945706e-03  7.82392621e-02
 -6.03940152e-02  5.84864542e-02 -6.35359203e-03 -1.31345965e-08
  1.33288661e-02  6.18795156e-02  2.25839624e-03  1.08397240e-03
  3.86981703e-02 -4.14886922e-02 -2.88170800e-02 -5.64491041e-02
 -5.97053254e-03  9.29914713e-02  3.25615406e-02 -5.23072667e-02
  7.33933151e-02  1.06317876e-02  6.80481717e-02 -3.68773118e-02
  4.72971387e-02  6.02456443e-02 -5.68409115e-02  3.01171523e-02
  7.98044428e-02 -1.00168502e-02 -2.67198719e-02  8.35480727e-03
  3.01267556e-03 -6.21964410e-02 -1.19142924e-02  1.27317652e-01
 -3.51173691e-02  7.23534003e-02  3.08639044e-03  5.59388585e-02
 -1.40570896e-02 -6.87164590e-02 -8.65393784e-03 -9.78737548e-02
  3.48880924e-02  6.75873784e-03  4.69238609e-02 -5.61340973e-02
 -4.27902341e-02  5.84175102e-02  6.06789775e-02  6.71690553e-02
  1.67364124e-02  4.56249528e-02 -6.34517968e-02  5.39165549e-02
  9.80252167e-04  1.40532898e-03 -1.21676631e-01  8.29042983e-04
  4.49849144e-02  1.19701356e-01  3.54034752e-02  2.11574230e-02
  2.63302345e-02 -5.37442006e-02 -9.54384431e-02  2.16222554e-03
  1.34700298e-01  5.82613423e-02  2.58718878e-02 -4.86367568e-02]"
304,Responsible Investment,Social,incorporate,1,0.4612,"[ 4.67606299e-02 -3.67303495e-03 -1.19932331e-02 -1.04654012e-02
 -4.91849072e-02  2.89358180e-02  6.95430189e-02  3.42616886e-02
 -1.24416826e-02 -8.63600709e-03  1.06238343e-01  2.87227146e-02
 -1.15941819e-02  2.69781565e-03  5.85504994e-02  6.09330423e-02
  6.06406890e-02  3.49994972e-02 -4.93242145e-02 -2.96886191e-02
 -7.76240677e-02 -2.05835607e-02 -5.88733470e-03  4.84620631e-02
  8.58119577e-02  3.36946943e-03 -5.52682318e-02  3.02457660e-02
  2.82005724e-02 -6.33313805e-02  2.95613855e-02  5.36250919e-02
  3.84706743e-02  5.03328582e-03  6.54717311e-02  4.97010350e-02
 -8.09589587e-03  2.19143238e-02  2.14880761e-02 -2.10026093e-02
 -3.07304841e-02 -3.64075452e-02 -2.22126469e-02  1.29660247e-02
 -2.92483661e-02 -6.78799972e-02  4.76039946e-03  7.41328746e-02
  3.23986784e-02  3.66806164e-02 -2.77016647e-02 -4.64992374e-02
 -6.92423386e-03 -1.01587269e-02 -4.77161221e-02  2.89350003e-02
 -5.20116389e-02  1.05955750e-02  2.67164763e-02 -6.02374040e-02
 -8.01122573e-04  3.92138474e-02  1.09899854e-02  6.45926222e-02
  4.72173244e-02  1.12072546e-02 -2.37069800e-02  7.60902986e-02
 -9.94385257e-02 -6.58385605e-02  5.73350936e-02 -3.09672877e-02
 -4.80361171e-02  1.82671566e-02 -1.00340871e-02 -3.85472514e-02
  1.84690133e-02  5.21687455e-02  7.97598064e-02 -7.01550245e-02
  6.48327097e-02  1.40683010e-01 -2.54442748e-02 -1.77281145e-02
 -3.03772502e-02  5.56602143e-02  1.25950903e-01  6.56117573e-02
 -1.61931999e-02  7.21452897e-03 -2.48941556e-02 -6.60718307e-02
  2.19473932e-02 -8.58635083e-02  1.18984804e-02 -2.29115039e-02
 -5.02171740e-02 -4.52404432e-02  1.13465972e-02  2.19443321e-01
 -6.49754107e-02 -4.73120995e-02 -4.50499021e-02 -6.54269308e-02
 -3.68959531e-02 -6.76918104e-02 -5.64724281e-02 -8.59548710e-03
  5.60161024e-02  5.76369092e-02 -3.46103162e-02  1.01926951e-02
 -7.93407038e-02 -1.56305160e-03 -2.74373475e-03  4.98402379e-02
 -1.18128546e-02 -3.81073654e-02  1.07182279e-01 -5.44680059e-02
  7.98361655e-03  1.03129640e-01 -3.37695852e-02  1.86313801e-02
 -6.95931390e-02 -7.96118379e-02 -5.85203357e-02 -5.16321090e-33
 -8.20879489e-02  1.40515817e-02 -2.81171780e-02  1.77607104e-01
  4.58662547e-02 -2.69314721e-02  2.26821844e-02  3.11955605e-02
 -1.33830279e-01  5.25521953e-03 -8.86411220e-03  6.99053705e-02
 -6.91809226e-03  6.72463626e-02  5.32688946e-02  2.86032129e-02
 -1.77133810e-02  1.20261326e-01  4.34234217e-02 -2.93300617e-02
 -7.36654401e-02  3.93260121e-02 -9.62803792e-03  6.49983063e-02
 -1.89407580e-02 -1.05228275e-02 -1.33104427e-02  9.13983583e-03
 -6.44970685e-03  2.95820404e-02  4.62587625e-02 -3.94008160e-02
  1.75418742e-02 -2.61569656e-02  5.19463643e-02 -2.06973944e-02
 -3.95970531e-02 -7.51088336e-02  1.30897760e-02  3.39674875e-02
 -1.58602763e-02 -1.23192109e-02 -1.67623174e-03 -2.23997161e-02
 -7.58386450e-03  2.78689675e-02  9.63731110e-02  2.05726661e-02
  1.53723910e-01  1.23777194e-02  1.16992164e-02 -7.84627162e-03
 -1.27962464e-02 -1.17997378e-02  2.53047384e-02 -5.49296439e-02
 -3.98069732e-02 -1.14798397e-01  1.63006261e-02 -6.83822259e-02
 -2.77203303e-02  5.07780537e-02 -1.14217512e-01  1.06454521e-01
 -4.37404448e-03 -4.23102863e-02  3.30013558e-02  8.05714540e-03
  1.05937921e-01 -5.84071353e-02 -6.06285520e-02 -2.62972694e-02
 -3.53103578e-02  1.78791408e-03 -4.59405184e-02 -4.37326021e-02
 -7.14482665e-02  5.48288114e-02  1.29332831e-02  3.86026725e-02
  5.27412118e-03 -3.96461710e-02  2.63606571e-03  3.81841920e-02
  6.83408007e-02  5.34707867e-02  5.44084311e-02  1.67729650e-02
 -5.05615659e-02  7.17289150e-02 -2.24024765e-02  1.25564598e-02
 -4.95442515e-03  5.45449145e-02  4.77298722e-02  3.34457530e-33
  1.94373820e-02  9.62542463e-03  1.12106144e-01 -8.70021209e-02
  2.56917402e-02  1.05790207e-02 -5.84817957e-03 -1.05196819e-01
  3.17260809e-02  2.99207214e-03 -7.05556199e-02 -1.74309369e-02
  2.90734246e-02 -1.50552327e-02 -8.51406679e-02 -3.39429677e-02
  5.65550141e-02 -2.49555763e-02  1.17296753e-02 -2.00726907e-03
 -1.96131226e-02 -6.11867011e-02  1.67636693e-01  1.76326875e-02
  1.44816050e-02  1.65688358e-02 -4.48245890e-02  4.09750976e-02
  3.02474573e-02  1.07194381e-02 -4.65011001e-02  1.36655606e-02
 -1.02068178e-01 -9.45880823e-03 -8.79203230e-02 -2.45682243e-02
 -4.24877591e-02 -2.12590909e-03 -2.85867285e-02 -7.23894984e-02
  4.87623587e-02  2.73315627e-02 -4.07640822e-03  8.70308205e-02
 -3.00483480e-02 -3.71463560e-02  1.46659976e-02 -3.17743197e-02
  1.58237629e-02  1.25104832e-02 -7.01170117e-02  5.17707737e-03
 -2.86753848e-02 -8.17741007e-02 -4.09370176e-02  8.17846358e-02
  1.36118695e-01 -6.97967336e-02 -2.54542846e-03 -1.44394096e-02
  3.91432345e-02  6.79545328e-02  5.02561629e-02 -1.16276927e-02
 -1.33533888e-02 -3.31990211e-03 -2.06657667e-02  5.04972897e-02
 -1.58945080e-02 -2.87585636e-03  1.09422635e-02 -1.47923715e-02
 -5.72773591e-02 -8.58082175e-02 -2.40137894e-02  4.28977758e-02
  5.64472452e-02 -3.38285929e-03 -1.01152211e-02 -1.50037752e-02
 -6.04499802e-02 -2.99010687e-02  2.00621765e-02  2.08548177e-03
 -1.13362102e-02 -1.03503488e-01  6.32810686e-03 -3.45152542e-02
 -1.25695299e-02  4.02753092e-02 -5.70282638e-02  5.90396002e-02
  2.01975498e-02  6.97754920e-02 -3.72536890e-02 -1.21113697e-08
 -8.22242945e-02  2.19540168e-02 -1.48869539e-02 -1.20174391e-02
  2.43240464e-02 -4.51426096e-02 -2.75366474e-02  7.14769401e-03
  2.93425508e-02  2.75909342e-03 -1.31493937e-02 -4.02500574e-03
 -5.25677800e-02  9.16313939e-03 -1.59385242e-02 -4.42253239e-02
 -8.12904760e-02  4.80662920e-02 -4.96233702e-02 -2.06504129e-02
  1.65787786e-02  2.74585001e-02  4.90294509e-02 -3.02250031e-02
  2.38822456e-02  3.91854942e-02 -3.84950377e-02  6.22544251e-02
  7.58469477e-03  7.30235055e-02  6.09058402e-02  7.34156743e-02
 -7.01830387e-02  8.40579532e-03 -7.67989084e-02 -1.11847550e-01
  6.44700378e-02  5.63019514e-02  3.20556201e-02 -1.95430219e-02
 -3.56527977e-02  7.09652826e-02  5.37463799e-02  7.05518248e-03
 -3.41315977e-02 -4.93875816e-02 -7.98868686e-02 -5.77061996e-02
  3.20990644e-02 -3.47246751e-02  4.76697870e-02  1.71061382e-02
  6.40281709e-03  6.13631774e-03  1.49666592e-02 -1.62969753e-02
  2.75594871e-02 -3.13218171e-03 -4.48715016e-02 -4.18674685e-02
 -2.83626579e-02 -4.65824753e-02  8.63860771e-02  3.12427953e-02]"
305,Responsible Investment,Social,expenditures,3,0.4107,"[ 9.85795632e-03  3.28268521e-02 -2.95742881e-02  2.80028936e-02
  1.18415300e-02 -1.19080348e-02  9.60832909e-02 -1.02200443e-02
 -5.97354444e-03  8.80892277e-02  4.83609475e-02 -5.40471189e-02
 -1.66154895e-02 -1.94049459e-02 -5.24271317e-02 -5.38582057e-02
  4.18945774e-02 -5.03324978e-02 -6.91086706e-03  1.27186282e-02
  5.50823919e-02 -3.68857570e-02  1.13523956e-02  2.53601559e-02
  6.78067748e-03  3.62775065e-02 -6.07219618e-03 -3.95283438e-02
  3.47461924e-02 -2.00169850e-02  2.56124157e-02  6.67448938e-02
  5.73365092e-02 -5.32593206e-02  3.98949906e-02 -5.86659275e-03
  3.83595899e-02  2.99381241e-02 -3.12582329e-02  4.88237888e-02
 -4.27977517e-02 -3.73580493e-02 -3.95656712e-02  1.89140961e-02
  1.56091973e-02 -3.27735990e-02 -1.07228346e-02  4.27167714e-02
 -1.00575835e-02  8.43380168e-02  5.31141758e-02 -2.91997939e-03
  7.77865993e-03 -3.28267738e-02  6.48432374e-02 -5.76399565e-02
  4.79730777e-02 -1.94427427e-02  8.63349158e-03  8.36841669e-03
 -6.22292347e-02  2.17761081e-02 -2.54385453e-02  4.45976816e-02
  7.32688382e-02  2.30064783e-02 -9.89948772e-03  5.15319854e-02
 -1.11889742e-01  4.86224927e-02  3.63465701e-03  1.28916679e-02
 -3.46947424e-02 -6.44462183e-02  1.14098918e-02 -5.16721122e-02
  1.27903506e-01  8.68755579e-02  5.24674244e-02 -5.12210205e-02
  7.44940937e-02 -5.18966606e-03 -6.95879534e-02 -4.98758908e-03
  4.08470854e-02  1.88597031e-02  4.28315345e-03 -3.47349234e-02
  2.59918384e-02 -2.20366307e-02  3.70382816e-02  5.39739523e-03
  7.84424786e-03 -2.69169323e-02 -5.74195236e-02  1.29789887e-02
 -1.86865255e-02 -3.07658501e-02 -6.47206418e-03  1.83064044e-01
 -5.66116208e-03 -1.15486083e-03  9.06393379e-02 -3.18950182e-03
 -5.79765253e-02 -5.05619422e-02  1.23372069e-02  7.38502741e-02
  2.94840392e-02  5.72333895e-02 -9.06007597e-04 -3.98683399e-02
 -2.35432002e-04  1.10446494e-02  3.38443704e-02 -1.20466594e-02
  2.84415372e-02 -4.74839322e-02  6.41971752e-02  4.77162860e-02
  2.54380424e-02  9.03834403e-03 -6.11212961e-02 -1.23482980e-02
 -1.01493783e-01 -1.13752604e-01 -6.62005916e-02 -5.76845898e-33
 -4.18725945e-02 -4.64336760e-02  2.85351295e-02 -2.18113847e-02
 -1.15166090e-01 -1.73818544e-02  1.88320000e-02  2.60607023e-02
  4.59588878e-03 -5.25346734e-02 -8.88028927e-03  8.77191797e-02
 -2.67466195e-02  7.05521926e-02  1.30074412e-01 -2.05298252e-02
 -9.71047580e-03  1.50803015e-01  3.10254786e-02 -6.54956209e-04
 -4.81322370e-02 -3.97173576e-02  6.27964810e-02  1.89708080e-03
  4.35624793e-02 -4.65727411e-02  2.95411851e-02 -3.66285890e-02
  6.41197562e-02  1.94234811e-02  9.82647315e-02  3.75848934e-02
  2.55537201e-02 -3.22166607e-02 -1.30924210e-02 -1.28140626e-02
  7.11820181e-03  4.04982790e-02 -1.73751377e-02 -4.76136617e-02
 -4.41419072e-02 -2.22317614e-02  6.33731931e-02  4.50080186e-02
 -7.94270113e-02  9.58858058e-03  8.01177025e-02  6.65671017e-04
 -5.94283566e-02  2.62850635e-02 -4.59406003e-02 -3.13967504e-02
 -1.03202462e-01 -2.73886044e-02 -5.61910160e-02 -4.98490930e-02
  1.16384169e-02 -2.47558746e-02 -2.48584663e-03 -3.30602303e-02
 -3.02660279e-02 -7.42927194e-02 -8.29668529e-03  4.43981141e-02
 -8.22054688e-03  5.63351959e-02  3.28861699e-02  1.52806821e-03
  3.53889540e-02  6.00802654e-04 -7.54302219e-02 -3.81928124e-02
  4.17021252e-02  4.02111970e-02  1.80626120e-02  4.58733849e-02
  4.18197513e-02  1.88721009e-02 -7.10905492e-02  4.98866960e-02
 -1.03263624e-01 -4.19797301e-02  2.67890245e-02 -4.47232611e-02
  4.63125780e-02  1.34371882e-02  3.85331474e-02  1.90969309e-04
  7.06570037e-03  3.28697031e-03  8.67910124e-03  1.00641986e-02
 -5.38763590e-02 -4.40838560e-02  3.75293754e-02  3.34383841e-33
 -1.21705728e-02  1.19898424e-01  3.86834815e-02 -1.94175579e-02
 -4.41757205e-04  9.56179760e-03 -3.45652178e-02 -5.01258112e-02
  1.98585913e-02  2.59631220e-02 -1.25846580e-01  2.22603325e-03
 -9.73333139e-03  8.49972442e-02 -1.84520446e-02 -4.89709936e-02
  1.11271620e-01 -2.39984132e-02  1.38800023e-02 -5.03062271e-02
 -7.99955428e-02 -8.42334330e-03  7.63731748e-02 -7.88422972e-02
 -5.74688427e-02  7.06041902e-02 -1.21748887e-01 -3.49684479e-03
  1.36131002e-02  2.93225609e-03 -2.12979242e-02 -3.91326882e-02
 -8.71796981e-02  3.30839418e-02 -1.02727436e-01  4.35126089e-02
 -4.65709629e-04  8.90744179e-02 -1.24624958e-02 -1.33754490e-02
  4.74392138e-02 -4.20640074e-02 -3.79267358e-03  6.87591285e-02
  1.48260742e-02 -7.62498453e-02 -9.82410461e-02 -2.76253112e-02
  6.94483668e-02 -8.36322010e-02  1.36283357e-02 -6.64596073e-03
 -2.59837862e-02  1.75732858e-02 -7.99033940e-02  6.82004988e-02
  4.77882065e-02 -7.31041702e-03  3.01640406e-02 -2.32562907e-02
 -3.98556888e-02  5.56756556e-02 -8.89396369e-02  3.39397304e-02
 -8.41998383e-02 -5.31910453e-03  4.05329689e-02 -1.08819418e-01
  6.35409206e-02 -4.42776866e-02 -6.68775197e-03  6.18419237e-02
 -4.35632169e-02 -6.42940924e-02 -4.27416414e-02  1.03978008e-01
 -6.21332321e-03  4.41883579e-02  6.44936934e-02  5.85211627e-03
  3.38307619e-02 -1.39257563e-02  4.18283939e-02 -8.31344873e-02
 -1.11497179e-01 -7.20306635e-02  5.86513244e-02 -7.66580552e-02
 -9.40971971e-02  4.66760248e-02 -7.21699223e-02  4.86251861e-02
  1.04974946e-02  1.02373250e-02  1.09603144e-02 -1.17485017e-08
  2.66190562e-02  1.15911048e-02  3.39460224e-02  3.27599235e-02
  3.80527899e-02 -1.20571084e-01  2.80908253e-02  1.01934321e-01
 -2.73035113e-02  1.05105534e-01 -1.78012380e-03  1.24447914e-02
  7.84928575e-02  4.19122986e-02 -6.26685992e-02  3.77343521e-02
 -6.03504479e-02 -1.84225831e-02 -6.23842776e-02 -3.51103917e-02
  3.59853283e-02  1.70494039e-02 -2.89054103e-02  4.71006595e-02
  1.23077957e-02  1.87065601e-02  1.00602461e-02  2.94898041e-02
 -1.02568427e-02  3.28099765e-02  5.45460954e-02  2.76584253e-02
 -2.53206957e-02 -7.62922242e-02 -3.35513838e-02 -1.25674784e-01
 -6.00993522e-02  4.27366188e-03  4.96362150e-02 -3.69093614e-03
  4.77927411e-03 -3.85139929e-03  1.46218427e-02 -4.03930619e-03
  1.14761703e-01 -8.89729522e-03 -1.43341646e-01 -3.15231867e-02
 -3.44743989e-02 -1.15025304e-01  6.33109873e-03  3.16353403e-02
  2.94799171e-02  1.94880459e-02  1.28983632e-02 -2.19481792e-02
  6.30342364e-02  8.22948385e-03 -6.11255839e-02  1.73262060e-02
  4.21375148e-02 -5.10391667e-02  8.02907124e-02 -7.62022194e-03]"
306,Responsible Investment,Social,risk,4,0.401,"[-6.69159112e-04  7.49283433e-02 -6.35853857e-02  2.86411401e-02
  7.55341351e-02  8.00967291e-02  1.19539931e-01  7.10849017e-02
  1.88079868e-02  2.57967580e-02  3.91368456e-02 -6.60719536e-03
  5.93567379e-02  1.89637952e-03 -5.21393679e-02 -4.34090458e-02
 -3.39976400e-02 -2.79848147e-02 -1.11524135e-01  6.56397194e-02
 -1.91511419e-02 -2.75303535e-02 -1.19463103e-02  1.11290989e-02
 -1.41612336e-03  1.61985960e-02  8.96383356e-03  9.15343463e-02
  2.25999057e-02 -8.95883739e-02  8.61687493e-03  3.41045856e-02
  6.02771118e-02 -5.78434207e-02 -7.04240203e-02  4.54232953e-02
 -2.60656383e-02 -8.12439341e-03  5.65467030e-02 -2.26097144e-02
 -8.28685705e-03 -5.73073216e-02  1.77354291e-02  4.06302586e-02
 -7.70167485e-02 -5.08961193e-02  5.08071855e-03 -8.38921070e-02
  4.97697517e-02 -1.54266357e-02 -6.94260513e-03 -5.01648821e-02
 -3.15173268e-02 -7.81013072e-02  1.88134834e-02 -8.24415088e-02
 -7.12411478e-02 -5.28994985e-02 -4.77348007e-02 -2.33162474e-02
  8.69855359e-02 -5.64830676e-02 -4.78720702e-02  1.69757158e-02
  5.41796423e-02 -4.24308963e-02  1.61360402e-03  6.77984729e-02
 -1.81098692e-02  2.88412143e-02  4.06257845e-02 -5.09167649e-02
 -9.96935740e-02 -1.86857935e-02  6.70203418e-02  1.06530096e-02
  4.20766063e-02 -6.12191483e-02  2.59672254e-02 -1.21517833e-02
  2.85296738e-02 -1.72209275e-05  6.05425127e-02  3.31112044e-03
  1.09436223e-02  3.64514552e-02  3.02060898e-02 -4.84239161e-02
  3.69031839e-02  6.84373314e-03 -2.53389422e-02 -1.09263472e-01
  7.78626204e-02  7.00408593e-02 -3.15561481e-02  4.20142487e-02
 -9.52097997e-02 -8.74507204e-02 -6.67511150e-02  2.05061719e-01
 -2.02915110e-02  7.58301374e-03 -5.65414801e-02  6.51195571e-02
 -3.95880938e-02 -7.27591813e-02 -4.59421426e-02 -5.39680272e-02
  6.72891270e-03  3.12453024e-02  2.40405686e-02  5.09932600e-02
  1.03436587e-02  3.65303010e-02 -1.56931039e-02  3.53811607e-02
 -7.05893412e-02 -4.02889661e-02 -2.20333971e-02  2.31640898e-02
  1.61083844e-02  2.35444936e-03  3.16962227e-02  9.96912457e-03
 -1.11287437e-01 -9.14669558e-02  1.69451237e-02 -5.14808228e-33
  5.22712916e-02 -9.10168365e-02  1.40096189e-03 -3.62800620e-03
  1.98452994e-02  1.34152425e-02 -3.59657686e-03 -3.08365878e-02
 -3.99379656e-02 -4.23774449e-03  3.73341292e-02 -2.67838705e-02
 -1.37974666e-02 -5.63407578e-02  6.84606582e-02  3.83455567e-02
 -4.21713330e-02  4.65083905e-02  9.87137482e-03 -4.99813370e-02
 -2.10347641e-02 -4.33896743e-02  3.96505445e-02  1.14845764e-02
 -1.32758021e-02 -3.84527743e-02 -5.18272119e-03 -7.21317232e-02
  7.12414384e-02  2.80131772e-02 -3.92376445e-02  9.27617699e-02
 -2.96989419e-02 -1.11352056e-01  1.41629530e-03  8.52064416e-02
 -8.93301219e-02 -2.47071795e-02 -2.63814740e-02 -3.66398282e-02
 -1.65736619e-02  2.56821085e-02  2.94609257e-04  8.62820446e-02
  6.35427758e-02  8.87608901e-03  2.98318900e-02 -2.79614776e-02
 -1.53525397e-01 -2.32956372e-02 -9.53010544e-02 -3.40209268e-02
 -5.26286401e-02  3.24275754e-02 -1.61466133e-02  6.87489379e-03
  2.73551419e-02  1.68418977e-02 -8.29331949e-02 -3.30454744e-02
  8.69207270e-03  3.53472717e-02 -1.77798979e-02  3.12806070e-02
 -2.05328632e-02  1.16169890e-02  6.56582192e-02 -5.75649254e-02
 -6.85978588e-03  2.47778706e-02 -7.12562427e-02 -3.74374688e-02
  7.32290884e-03 -5.50144650e-02 -3.30883674e-02  1.81657933e-02
 -6.95581036e-03  4.97915596e-03  6.65735155e-02 -1.25059048e-02
 -5.64107634e-02  6.65947935e-03  2.33021714e-02  5.64617217e-02
  1.54706277e-02  5.63210584e-02  3.65019552e-02 -5.59641533e-02
 -6.27924204e-02  8.36116597e-02  1.14248293e-02 -2.49427054e-02
  1.38797104e-01  3.75851467e-02 -2.82509699e-02  3.46523576e-33
 -1.40140459e-01  2.56277900e-02 -4.78905290e-02  3.80821042e-02
  2.09476072e-02 -5.54537661e-02  2.64286902e-02 -3.55637483e-02
  3.53733040e-02  5.41824847e-02 -1.18042551e-01  3.98915559e-02
  7.60780126e-02  1.75692700e-02  2.79510096e-02 -5.72733954e-03
  3.59962992e-02  1.87936332e-02 -4.80088517e-02 -7.84636959e-02
  4.75085489e-02 -2.19401885e-02 -3.23207565e-02  7.05730915e-02
 -4.68214452e-02  3.07796225e-02 -2.22584531e-02 -2.40626577e-02
 -6.29908815e-02  4.56154958e-04 -1.00239748e-02  7.61652887e-02
  3.49135622e-02  1.00330956e-01 -4.15293016e-02  7.50113875e-02
  5.38981371e-02 -6.66484833e-02 -8.46138503e-03  3.32161337e-02
  5.40646166e-02  2.44262908e-02  2.49151327e-02 -4.77175526e-02
 -2.37365551e-02  2.95521747e-02  1.14404880e-01  7.59017700e-03
  8.65725353e-02  4.28376608e-02  1.45031521e-02  4.25085388e-02
 -2.47412529e-02  3.07834335e-02 -5.08771911e-02 -5.08587845e-02
 -2.57193092e-02 -2.80262884e-02  3.93142477e-02  1.18573949e-01
  4.48672043e-04  1.14056572e-01 -2.72313207e-02  9.68011990e-02
 -5.17789200e-02  6.73337579e-02 -1.14177510e-01 -3.48937176e-02
  5.44633530e-02 -2.69647986e-02  7.05680177e-02  2.04557460e-02
 -2.93839667e-02 -2.77099032e-02 -6.93803206e-02 -7.55812153e-02
 -2.99294908e-02  4.58913930e-02 -1.90931987e-02 -2.49438807e-02
 -2.43047737e-02 -2.27106456e-02  1.73293892e-02 -1.00286103e-04
  2.44453941e-02  5.32404557e-02  4.00113128e-02 -2.49447338e-02
 -2.03396399e-02 -2.04067044e-02 -5.66217601e-02  4.95426469e-02
 -5.62655227e-03  2.09291540e-02 -3.77801768e-02 -1.21028192e-08
  5.36342897e-02 -9.56929196e-03  9.78784412e-02 -2.74206679e-02
  7.40651414e-02  6.94729481e-03 -4.89192978e-02  1.33919446e-02
 -7.86264194e-04  9.06453952e-02  5.95679693e-02  5.01920246e-02
  3.33644599e-02  2.67787874e-02 -3.10404096e-02  5.39087541e-02
 -6.61045015e-02  5.84662594e-02 -3.91367339e-02  6.15831167e-02
  8.53827074e-02  1.30953721e-03  3.04226036e-04 -1.17634162e-02
  1.34499453e-03 -2.26438679e-02  4.91409078e-02  1.04882747e-01
  7.07349926e-03  6.65272549e-02 -1.24952560e-02  4.81558498e-03
  1.47804376e-02  5.70442602e-02 -4.83548343e-02 -2.74622813e-02
  6.23126142e-02 -3.61787155e-02  4.87702228e-02  3.24875973e-02
  5.62438779e-02 -3.64557505e-02  8.07875693e-02  2.36606393e-02
 -5.26452698e-02 -2.04470172e-03 -6.19666949e-02 -1.29268477e-02
  8.58703703e-02 -1.69610027e-02 -5.68632148e-02 -1.57066714e-02
  1.70014743e-02  1.00697204e-01  4.98373955e-02 -2.03804504e-02
 -1.35350646e-02  3.05410530e-02 -1.89258624e-02  3.40573564e-02
  1.92059446e-02 -7.45701790e-02  2.41847914e-02 -1.48231620e-02]"
307,Responsible Investment,Social,firms,2,0.3912,"[ 4.55427170e-02 -5.14474399e-02 -3.40151824e-02 -9.43096727e-03
 -4.15626019e-02  4.47876528e-02  6.03061393e-02  4.33390774e-03
  2.01840922e-02 -3.88038382e-02  3.06166727e-02  1.82030071e-02
 -6.06387705e-02  2.86878776e-02 -3.18709924e-03 -9.61131509e-03
 -4.67724390e-02  1.33355828e-02 -3.20002772e-02 -6.41568303e-02
 -6.87891096e-02 -1.06863007e-01 -6.15978017e-02  1.35635929e-02
  2.71833725e-02  2.21176259e-02 -2.53875721e-02  2.58393567e-02
 -1.66780315e-02 -1.16502255e-01 -5.99313453e-02  4.60610241e-02
  6.41061366e-02 -3.74410010e-04  1.86312466e-03  5.29763103e-02
 -4.40685265e-02  2.03403598e-03  2.75597237e-02  2.33062468e-02
 -2.26125252e-02 -3.46142054e-02 -3.47672552e-02 -1.82661712e-02
  1.09179160e-02 -2.89459266e-02  4.33661155e-02  6.30058572e-02
  8.77029542e-03  2.16288734e-02 -3.04527786e-02 -4.76652086e-02
 -7.58213922e-03  2.71017682e-02 -3.68350223e-02 -2.00231895e-02
 -3.48318666e-02 -8.15289561e-03 -1.08946743e-03 -5.75427413e-02
  5.88012077e-02 -3.90327945e-02 -2.43389811e-02  2.62936559e-02
  5.58584519e-02  1.90035179e-02 -5.00808470e-02  9.58415493e-02
 -1.36714175e-01 -3.70485969e-02  6.86904714e-02 -1.03487350e-01
 -4.48155478e-02  1.99236628e-02 -2.46917624e-02  4.02205018e-03
 -2.68966192e-03  6.00860380e-02  7.57404417e-02 -8.12004879e-02
  1.07327141e-02 -1.72388330e-02 -5.17235659e-02  2.62726452e-02
 -7.46765360e-02 -1.06444191e-02  4.69109677e-02  2.99845380e-03
  3.30180041e-02  5.08459844e-02 -5.93606010e-02 -2.09096577e-02
  8.31821095e-03  1.34381037e-02 -3.34463492e-02  6.32172748e-02
  4.70498856e-03 -1.95212439e-02  1.68671403e-02  2.29769811e-01
  1.99089348e-02  1.97528955e-02 -5.09265810e-02  5.47364689e-02
 -8.49010646e-02 -5.53447418e-02 -4.99398597e-02  4.01396826e-02
  8.20454210e-02  4.82567437e-02 -3.82714383e-02  7.69628361e-02
 -8.75141844e-02 -1.01342071e-02 -4.74271365e-02 -6.31937683e-02
 -4.16434519e-02  8.04717094e-02  7.48356208e-02 -3.44967209e-02
 -1.20806862e-02  1.11907534e-01 -7.69639537e-02 -4.72197868e-03
 -5.34469560e-02  7.93040358e-03 -8.92541930e-02 -5.22009050e-33
 -1.73799333e-03  1.16855754e-02  2.92795128e-03  7.31880739e-02
 -3.73716839e-02  2.27270331e-02 -9.09868535e-03  6.17220253e-02
 -6.00792319e-02  6.06682524e-02 -8.92991722e-02  3.00498866e-03
  4.16124538e-02 -4.36063111e-02  1.18855163e-01 -1.88476071e-02
  3.16899866e-02  2.40130667e-02  2.26543918e-02 -8.03738162e-02
 -9.40726995e-02  7.32695833e-02 -1.79301389e-02  6.77540526e-02
 -2.03620102e-02 -1.12969160e-01 -1.09761199e-02  1.19692795e-02
  2.58247908e-02  3.70976776e-02  8.55262727e-02  5.09210601e-02
  1.08178454e-02 -4.81521990e-03 -3.14412564e-02  4.46261056e-02
 -4.36119512e-02 -7.54537508e-02  2.78401189e-02  4.31316383e-02
 -4.42918204e-02  6.91412017e-04 -3.96299250e-02  2.08835155e-02
 -1.80608425e-02  5.00367656e-02 -2.91731339e-02  1.62233738e-03
  3.94768789e-02  1.05265360e-02 -4.63402942e-02  1.26570817e-02
 -1.84943285e-02 -5.69864064e-02  1.27205908e-01 -1.52173173e-02
 -3.08101419e-02 -3.47527005e-02  8.07651319e-03 -9.51236393e-03
 -1.35060465e-02  1.27658099e-01 -3.07066254e-02 -1.91218071e-02
 -6.59699664e-02  8.11195895e-02  6.91454560e-02  2.14748010e-02
  2.32779682e-02 -1.04592126e-02 -3.99722941e-02 -2.56377775e-02
  9.45202634e-02  1.17620630e-02 -4.17207591e-02  2.14338768e-02
 -5.39247170e-02  7.21156001e-02  5.38352458e-03  3.36622708e-02
  1.59518924e-02  2.50353329e-02 -1.34082732e-03  5.00747599e-02
  2.89316829e-02 -3.78625980e-03  7.45018125e-02 -7.03310519e-02
  2.92709973e-02  7.35925287e-02 -1.78506792e-01 -8.74868408e-03
 -7.67484482e-04  9.81435627e-02 -9.95948631e-03  3.39563914e-33
 -2.83696572e-03 -4.52760160e-02 -2.67290659e-02  2.41584890e-02
 -1.05569779e-03  1.16199162e-02  3.28144878e-02 -2.79623568e-02
  2.36465894e-02  6.48631155e-02 -9.22463611e-02 -3.86533961e-02
  4.59448658e-02  1.43250041e-02 -3.94890495e-02 -4.08756994e-02
  8.43398720e-02 -4.14283238e-02 -3.06444205e-02  6.94255903e-03
  5.48886042e-03 -5.45188896e-02  4.74500693e-02  5.23827560e-02
 -3.94843072e-02  6.04419969e-02 -3.90260071e-02 -4.50921990e-02
 -4.33083847e-02 -9.83737223e-03  9.31381248e-03 -1.70075707e-02
 -9.39343199e-02  1.01131693e-01 -5.49597219e-02  7.08925501e-02
 -2.24239696e-02  2.18746644e-02  2.09636497e-03 -6.80170357e-02
  3.40028107e-02 -5.24624959e-02  4.47245166e-02  1.14533700e-01
  8.68039206e-04 -5.69254160e-02  3.89965661e-02 -4.19518799e-02
  6.99397102e-02 -1.82337947e-02 -6.35879040e-02  7.57662132e-02
 -4.06671911e-02 -8.86590686e-03 -6.91974908e-02  3.73449288e-02
  1.58025175e-02 -3.00007015e-02 -3.29663157e-02  2.28386801e-02
  1.30321342e-03  6.76624700e-02  4.12401855e-02  1.12349711e-01
 -4.60155495e-02  5.89729063e-02  2.12330488e-03 -5.00058383e-03
  3.49787809e-02 -4.81280014e-02  8.80051926e-02 -2.36633047e-02
 -5.57372086e-02  3.70071307e-02 -3.63425873e-02  2.86801606e-02
 -6.54677376e-02 -5.49690165e-02 -4.52899896e-02  1.88354272e-02
  9.59330946e-02 -2.21462492e-02  9.49342642e-03  9.64148119e-02
 -6.91738576e-02  1.68696493e-02  6.42221943e-02 -5.43826744e-02
  1.38296392e-02 -5.67176845e-03 -1.56909153e-02 -2.57443488e-02
 -1.10849421e-02  3.78224142e-02  5.32321073e-02 -1.31556810e-08
 -3.96272168e-02 -2.67867278e-02  8.16089436e-02 -4.95273946e-03
  4.71192552e-03 -1.12963453e-01  8.10904894e-03  3.29167694e-02
  9.43497289e-03  4.45135236e-02 -5.39761037e-02 -3.07178944e-02
 -3.04075815e-02  8.47727060e-02 -4.03629895e-03  9.92445202e-05
 -6.12455979e-02  2.92764045e-02 -1.70905888e-02 -1.85605753e-02
  1.25050936e-02  7.80003443e-02  5.04293777e-02  1.26133496e-02
  2.08903756e-02 -3.16495337e-02  3.31244096e-02 -2.85800304e-02
  2.72897743e-02  8.39126185e-02  2.32564621e-02  6.11258745e-02
  4.51042354e-02 -5.57739399e-02 -3.56391110e-02 -4.95199412e-02
  6.22495152e-02 -2.18533422e-03 -2.66088918e-02 -7.98161924e-02
 -6.77721500e-02 -1.11135263e-02 -9.64735728e-03 -4.01376048e-03
  2.19813995e-02 -7.41492063e-02 -6.22253753e-02  4.35870364e-02
  3.98195162e-02 -6.36451542e-02  3.45861875e-02  2.96285246e-02
  3.18762958e-02  3.62924226e-02 -3.23327333e-02 -7.45469034e-02
  3.14335823e-02 -2.78825462e-02 -8.19126442e-02  6.34314911e-03
  3.69614139e-02 -9.48778167e-02  1.21575281e-01  4.23201993e-02]"
308,Responsible Investment,Social,asset,1,0.3907,"[ 2.76875924e-02  1.01640761e-01 -4.87596504e-02 -1.65829808e-02
  2.76473146e-02 -4.25639227e-02  1.97412089e-01  2.33857650e-02
  3.66813727e-02 -1.76951233e-02  2.92166099e-02 -2.66239941e-02
  4.25624382e-03  5.69028128e-03  1.63072031e-02 -3.05346120e-02
  3.09258024e-03  2.33794656e-02 -9.38708261e-02  7.81777799e-02
 -6.89492598e-02 -1.18692862e-02  1.91566404e-02 -1.27120167e-02
  3.40276696e-02 -6.53190352e-03  2.22139917e-02  2.87635326e-02
  3.67311798e-02 -1.38796389e-01  6.72265887e-02  3.40962484e-02
  6.79879962e-03 -1.15779033e-02  4.93681319e-02  7.51050040e-02
  2.61986093e-03  9.03525203e-03 -3.44883315e-02  2.00420860e-02
  6.36370061e-03 -5.11138327e-02  2.29022349e-03 -3.93846333e-02
  3.77767123e-02 -2.27891468e-02  4.96785082e-02  5.27487323e-03
  4.41733897e-02  4.35028523e-02 -7.63399005e-02 -3.94313857e-02
 -8.49089622e-02  1.99888274e-03 -1.41610382e-02  6.54338002e-02
 -1.02076326e-02  4.75986041e-02 -7.87598826e-03 -1.15668168e-02
  6.46233484e-02 -3.97800934e-03 -7.05278339e-03  2.95811351e-02
  1.19819038e-01  1.60868205e-02  8.48139264e-03  1.85441878e-02
 -1.20234519e-01 -5.03714494e-02  1.09393395e-01 -6.94109425e-02
 -5.23867048e-02 -5.42585067e-02  3.82330194e-02 -3.67512926e-02
  5.88652082e-02 -6.44532265e-03  4.73235287e-02 -7.95309246e-02
 -2.18639467e-02 -7.14484379e-02 -1.76234636e-02  3.90805751e-02
  2.83187367e-02  5.70544340e-02 -1.55647693e-03  2.67135780e-02
  9.88103729e-03  9.78502538e-03 -4.86492887e-02 -4.78878915e-02
  1.11625873e-01  5.13495430e-02 -1.86489299e-02  5.20080663e-02
 -1.22062583e-02 -5.45900278e-02 -5.89037202e-02  2.49672353e-01
 -6.29568566e-03  5.34931310e-02  5.57046011e-02  3.36841010e-02
 -1.00431889e-01 -5.13025327e-03  3.95267271e-03  3.29872556e-02
  1.44365719e-02 -1.36973162e-03 -5.89423478e-02  5.85157331e-03
 -8.04131255e-02 -2.01920848e-02  3.24819274e-02 -2.57958639e-02
 -4.17945050e-02 -1.96402874e-02  3.69681194e-02 -4.79817912e-02
  1.00166425e-01  5.98020777e-02 -1.33132832e-02  4.94009182e-02
 -7.97875747e-02 -8.18321407e-02 -1.68122991e-03 -5.03418313e-33
 -3.33694443e-02 -1.74813252e-02  3.54621299e-02  3.60366367e-02
 -7.94243589e-02 -1.94559321e-02 -1.80049967e-02 -5.22781443e-03
 -8.23502466e-02  5.51603884e-02  2.79823430e-02  8.71701762e-02
 -4.36617509e-02  3.79878506e-02  8.51172656e-02  2.25156490e-02
 -5.58058582e-02  1.10110313e-01  1.24344632e-01 -2.45704371e-02
 -3.72852832e-02  6.21721633e-02 -2.19312441e-02  2.98114773e-02
 -1.25270733e-03 -3.52836587e-02  1.67045556e-02 -5.47661744e-02
 -2.69089676e-02  4.29312736e-02 -2.52053537e-03  3.86072025e-02
  2.95974649e-02 -5.72589114e-02 -3.70903872e-02 -2.25634687e-02
 -9.16804746e-02 -1.78342126e-02  2.31783092e-03  3.95895503e-02
  7.84064922e-03 -2.50034332e-02 -4.39574905e-02  3.00649405e-02
 -1.12147657e-02  9.36966483e-03  1.04389690e-01  2.61838976e-02
 -2.40831692e-02  4.15257551e-03  2.38076202e-03 -2.81948014e-03
 -2.22388301e-02  3.79161048e-03 -3.96270491e-02 -2.39401534e-02
 -2.97306571e-02  7.30021611e-06 -6.12171963e-02 -7.07691610e-02
  1.04612097e-01  5.16479388e-02 -3.02653648e-02  4.80635557e-03
 -7.56435394e-02  4.34551947e-02  4.53276560e-02  4.09028158e-02
  3.19683328e-02 -4.23539197e-03 -1.20004103e-01 -2.35839151e-02
  1.27432197e-01  2.57829558e-02  2.27419399e-02 -1.50597906e-02
 -3.93838696e-02  4.83561009e-02 -6.30468652e-02  6.40327930e-02
 -7.09207803e-02  2.08715294e-02 -6.05318509e-03  6.65010214e-02
 -2.91609596e-02  4.10781875e-02  3.96339148e-02 -1.11730359e-01
  1.90082286e-02  1.48384701e-02 -4.09332961e-02 -1.27772044e-03
 -2.77159158e-02  3.40679847e-02 -2.17778012e-02  4.29197526e-33
 -2.74220631e-02 -4.72693816e-02 -5.37162088e-02  9.10634324e-02
  3.92743051e-02 -7.76669756e-02  6.77224249e-02  2.32974486e-03
 -5.47605716e-02  4.70734052e-02 -1.08784046e-02 -8.42246264e-02
 -2.79009435e-02 -5.37657216e-02  1.24981338e-02  2.53486987e-02
  7.95983449e-02 -7.45922253e-02 -5.07965358e-03 -8.67500808e-03
 -4.60713506e-02  2.87203584e-02  1.18635334e-01  2.85756793e-02
 -4.41416427e-02  9.35400277e-02 -1.29337450e-02 -4.61263172e-02
  1.21026975e-03  1.53075205e-02 -1.53728621e-02  1.54669825e-02
  1.66219678e-02 -1.42017072e-02 -4.80273739e-02  3.31795402e-02
  1.43804718e-02 -4.05675918e-02 -2.09512636e-02  2.02254802e-02
  4.93636131e-02 -3.29817571e-02  6.91276565e-02  1.12697445e-01
  3.43663990e-02 -4.27129827e-02  6.30853027e-02  5.50675532e-03
  1.07600197e-01  1.15169939e-02  3.71537320e-02  3.11115105e-02
  8.53514392e-03 -5.00374734e-02 -3.03443819e-02  4.46211956e-02
  5.39568439e-02 -9.77040827e-03 -4.20759059e-03  3.93976346e-02
  2.38117538e-02  6.31038696e-02 -4.11944389e-02  8.40299278e-02
 -6.92690760e-02 -2.07126103e-02 -7.45891184e-02 -3.45371403e-02
 -5.37839420e-02 -1.49470801e-02  4.20911349e-02 -2.41363086e-02
  1.90721452e-02  2.84324028e-02 -5.59696406e-02 -3.10258772e-02
 -1.60957929e-02 -2.72232685e-02  4.48213331e-02 -4.66667600e-02
 -9.89351571e-02 -3.86539698e-02 -9.39555615e-02  5.23884706e-02
 -1.72577444e-02  3.94350290e-03 -9.04857218e-02 -3.80516499e-02
  5.63800475e-03 -6.16345294e-02 -7.11580962e-02  4.64621112e-02
 -1.31299458e-02  8.11922178e-02 -4.66902442e-02 -1.21656072e-08
 -2.04300005e-02  2.89688818e-02  2.87208669e-02 -4.51964214e-02
  2.24027280e-02 -1.28638856e-02 -4.02129851e-02  1.58238877e-02
  4.10369970e-02  9.23637748e-02  5.56381159e-02 -5.66108823e-02
 -1.86709221e-02  5.20635210e-02 -4.09886651e-02 -4.03762162e-02
 -2.62907483e-02 -2.61871064e-05 -4.07797582e-02 -1.01329148e-01
  9.94092599e-02 -9.03626997e-03  2.28397660e-02 -7.80026317e-02
 -4.37495150e-02 -4.40053158e-02 -4.01025712e-02  4.93548214e-02
  1.14769477e-03  3.24682938e-03 -2.10438520e-02  4.03902717e-02
  8.92701093e-03 -2.05599070e-02  1.89701654e-02  1.12119354e-02
  3.27288099e-02  2.88119614e-02 -2.23252475e-02  6.74959868e-02
 -3.54980454e-02 -6.89668134e-02  4.17638943e-02 -1.47302356e-02
 -1.85345486e-03  1.07395034e-02 -5.59280887e-02  1.86226778e-02
  1.79636274e-02 -3.15039009e-02 -4.57505556e-03 -4.81952541e-02
 -1.55814514e-02  5.78598194e-02  3.00119258e-02 -3.85642312e-02
  5.21316975e-02 -9.12662596e-03 -6.64661750e-02  9.27925669e-03
  1.18455723e-01 -7.22152442e-02 -5.68164773e-02  1.61110442e-02]"
309,Responsible Investment,Social,expense,1,0.3899,"[-1.63565744e-02  1.22137539e-01 -2.57996563e-02  3.27599235e-02
  6.83242306e-02  1.40004624e-02  1.66929260e-01  7.60759460e-04
  2.43970901e-02  3.34730409e-02  4.63297591e-02 -5.17470390e-02
 -5.08533008e-02  1.05642397e-02 -9.97797549e-02 -7.50976577e-02
  3.29526626e-02 -1.19980704e-03 -7.73569420e-02  4.89019752e-02
 -1.59396175e-02 -1.36765861e-03  2.27577947e-02  4.96757068e-02
  2.71918550e-02  2.70599965e-02  1.46996500e-02  6.13175472e-03
  7.20709702e-03 -7.57102221e-02  2.06321813e-02 -4.27430943e-02
  1.42624564e-02 -4.23899032e-02  4.78102230e-02  4.64664288e-02
 -5.71578089e-03  2.42416412e-02  5.97849395e-03  2.25499924e-02
 -7.64634013e-02 -2.54862290e-02 -2.32539140e-02 -1.34546617e-02
  5.91235841e-03 -2.69560460e-02 -1.85616850e-03  2.02831738e-02
  1.25986533e-02  9.10045579e-02  6.37499318e-02 -4.78063943e-03
 -1.75113212e-02 -3.37936394e-02  1.79736875e-02 -3.10974903e-02
  2.50115357e-02 -4.80035096e-02 -3.43269184e-02 -4.56890762e-02
 -4.87143435e-02  1.90160461e-02 -4.99953665e-02  3.73783000e-02
  6.97859749e-02  4.70597483e-03  3.69818462e-03  4.24409546e-02
 -1.32664770e-01  1.60668492e-02 -5.36833704e-02 -1.48961898e-02
 -4.59607914e-02 -3.28484038e-03  4.21848111e-02  1.58316223e-03
  1.23638295e-01  4.52016965e-02  1.96552183e-02 -1.93706118e-02
  4.20274436e-02  3.36726382e-02 -1.93612352e-02  1.57692283e-02
  5.33955880e-02  8.54628440e-03  1.03627564e-02  6.62570354e-03
  1.98306795e-02 -1.75112411e-02  3.39863673e-02 -6.92313984e-02
  3.87494862e-02 -2.94147376e-02  1.68389063e-02  1.80219002e-02
  4.83108778e-03  1.94627605e-02 -8.06125998e-03  1.98196709e-01
  2.67550573e-02  3.62094380e-02  7.45547786e-02  1.26445084e-03
 -2.52007544e-02 -2.99397483e-02  5.35278283e-02  5.80843836e-02
  4.70068492e-02  1.10540800e-02 -3.19636837e-02 -3.84777300e-02
 -4.01170552e-02 -8.05440079e-03  5.39653264e-02  4.43705022e-02
 -6.22379370e-02 -1.50913897e-03  1.00429356e-01 -2.37406678e-02
  5.37673570e-03  1.94806512e-02 -8.19076225e-03 -8.18897411e-03
 -1.40974283e-01 -1.45608738e-01 -3.25344391e-02 -4.58602591e-33
 -2.56209541e-02 -2.07224861e-02 -1.28076319e-02 -3.59212942e-02
 -6.07440099e-02 -2.95109209e-02 -1.83222874e-03  1.37613937e-02
 -5.94907291e-02  2.28315704e-02  8.05824436e-03  1.00406803e-01
 -2.92734113e-02 -3.13319708e-03  9.25004482e-02  2.37428863e-02
  1.61549449e-02  1.50664866e-01  7.20424056e-02 -3.29120792e-02
 -2.79599484e-02 -3.71849686e-02  5.61105981e-02  1.59463584e-02
  1.43072475e-02 -3.47601995e-02  2.01945640e-02 -7.19791427e-02
  4.18083221e-02 -4.64510609e-04  3.01564392e-02  3.29763666e-02
  6.51572794e-02 -1.90885067e-02 -5.70510980e-03  1.47756916e-02
 -3.30419652e-02 -8.46527424e-03  2.12832410e-02 -4.02331613e-02
 -3.07414215e-02 -3.74483392e-02  6.73258351e-03 -4.03363141e-04
 -5.72063550e-02 -4.83943382e-03  1.39663965e-01 -1.64686388e-03
 -8.32640305e-02  2.63123307e-02 -4.88888547e-02 -4.10292782e-02
 -6.79416060e-02 -2.32733916e-02 -3.77232470e-02 -8.45339224e-02
  4.98535447e-02 -3.04846019e-02  2.54601259e-02 -7.09829181e-02
  3.19979750e-02  6.22442784e-03 -5.07050706e-03 -6.28247531e-03
 -4.62354794e-02 -4.69665565e-02  8.69558100e-03 -1.03714662e-02
  4.67853062e-02 -2.92222835e-02 -9.35008228e-02 -3.29899602e-02
  7.16703162e-02  3.46073247e-02  1.88855436e-02  7.09749386e-02
 -2.26736385e-02 -2.99675297e-02 -6.53950172e-03  3.87309231e-02
 -7.47596920e-02 -5.53179942e-02  1.05524752e-02  4.31521684e-02
  1.91366095e-02  1.78157929e-02  2.93569528e-02 -2.26296503e-02
 -2.24195775e-02  2.41286270e-02  1.67030829e-03  5.09674521e-03
 -4.21557091e-02 -5.60809523e-02  5.63131943e-02  3.09865968e-33
  2.54482329e-02  3.72876227e-02  4.10644114e-02 -8.73378292e-03
 -1.73228011e-02  8.45905673e-03 -2.20703594e-02 -6.42618835e-02
  1.45401922e-04  6.98277131e-02 -1.52567521e-01  1.72348600e-02
 -4.07529809e-02  1.07117267e-02  3.87516171e-02 -6.31802157e-02
  6.12586290e-02 -5.03634773e-02 -1.81386690e-03 -5.75728975e-02
 -4.78130504e-02  9.23388004e-02  9.47149694e-02 -7.19401166e-02
 -7.58740157e-02  6.27736002e-02 -3.36614884e-02 -7.84296915e-03
 -4.84051332e-02  3.55000794e-02 -2.47250721e-02 -1.87673848e-02
 -2.02075616e-02  4.96611968e-02 -6.25531524e-02  2.15245672e-02
 -2.23159995e-02  1.06947944e-01 -4.07849159e-03 -2.17887498e-02
  3.85074057e-02 -2.88848188e-02  5.31292297e-02  5.56307957e-02
  4.44942415e-02 -8.34125504e-02 -9.12485868e-02 -8.48962069e-02
  1.05040178e-01 -4.66191657e-02  7.53259228e-04 -2.52553690e-02
  6.12343429e-03  4.00832901e-03 -1.20761685e-01  8.35846588e-02
  1.59626398e-02 -4.00771312e-02  3.24736312e-02 -1.44320242e-02
  1.07626142e-02  7.65349716e-02 -1.07929194e-02  5.44561148e-02
 -9.19575915e-02  9.35977232e-03  4.72733229e-02 -8.37110654e-02
  2.45724581e-02  1.04822377e-02 -2.63196845e-02  4.48610354e-03
 -7.43426830e-02 -9.99499299e-03 -8.25341418e-03  8.78227577e-02
 -4.38300456e-04  1.81830097e-02  3.52115147e-02 -4.53571742e-03
  3.86100188e-02 -4.36400101e-02  5.37416199e-04 -3.64524536e-02
 -7.32007697e-02 -1.07413799e-01  1.01969540e-02 -3.10715437e-02
 -4.83687557e-02  1.83014050e-02 -2.81118173e-02  4.25008824e-03
 -3.49301449e-03  9.26390141e-02 -1.93841029e-02 -1.21413830e-08
 -5.70780365e-03  2.92445868e-02  8.53143632e-02  1.93981901e-02
 -7.51081016e-03 -1.28185093e-01  3.39011066e-02  1.39226839e-01
  1.66194662e-02  1.11576900e-01  2.11559236e-02 -2.97672488e-02
  1.25690801e-02  7.01404437e-02 -5.00777364e-02  2.27498058e-02
 -6.93194009e-03 -2.62068156e-02 -4.89056632e-02  1.85109396e-02
 -3.45810986e-05  8.91911145e-03 -1.20909242e-02  6.08715303e-02
  2.89238291e-03 -5.83644733e-02  1.96797755e-02  1.30579025e-01
  1.64106041e-02 -1.55909834e-02  5.30366674e-02  6.83815926e-02
  2.46365797e-02 -2.73051877e-02 -7.35626668e-02 -1.04315706e-01
 -8.12849328e-02  1.01146484e-02  1.34786181e-02  8.58510062e-02
  2.05497677e-03  3.46397806e-04  4.56634685e-02  1.14546455e-02
  3.14598419e-02  1.04331216e-02 -1.60954252e-01 -3.93029824e-02
 -7.70105422e-02 -3.06337755e-02 -8.84746946e-03  2.03623325e-02
  6.17743470e-02  2.82977838e-02 -1.12683754e-02  3.76186194e-03
  6.69868514e-02  3.57781909e-02 -5.97681552e-02  3.78981568e-02
  8.83718207e-02 -6.61034882e-02  2.66110338e-02 -5.52146211e-02]"
310,Responsible Investment,Social,saving,1,0.3829,"[ 1.28193591e-02  9.01396871e-02 -5.95774911e-02  4.10122611e-02
  3.77850719e-02  8.08119103e-02  2.15103254e-02  4.18466516e-02
  1.15312710e-02  4.70526628e-02 -2.81032640e-03 -2.22401246e-02
 -1.59042664e-02 -5.44108972e-02 -5.37615530e-02 -3.43250297e-02
 -5.11388630e-02  2.41313800e-02 -1.71733439e-01 -9.26443003e-03
 -5.08554205e-02 -6.95291162e-02  2.66286526e-02  2.76991948e-02
  2.41136421e-02  4.84551974e-02  1.47649543e-02  9.03618615e-03
  8.53747874e-02 -7.60893449e-02  1.50939031e-02 -4.18228246e-02
  3.87845747e-02 -5.02040982e-02  1.33676268e-02  6.75254911e-02
 -9.30350646e-03  5.50547726e-02  2.80364975e-02 -4.76325117e-02
 -4.47468609e-02 -1.14934288e-01  1.98594742e-02  5.80723397e-03
 -1.92248039e-02  6.54059723e-02  1.95828918e-02  1.48604326e-02
  5.32440804e-02  2.13313922e-02  1.08996304e-02  2.46465839e-02
 -8.69955644e-02 -2.94385571e-03  2.67515350e-02  4.84546460e-02
  2.30360217e-02  4.22319770e-02 -5.50154485e-02 -1.75898448e-02
  8.23444128e-03  2.06828546e-02 -5.68939187e-02  3.83753106e-02
 -6.72537237e-02  8.14999267e-02 -9.87519417e-03  3.61359231e-02
  1.24912877e-02 -1.06668146e-02 -7.92099629e-03  5.82990386e-02
 -8.64394009e-02 -1.20518748e-02  4.75028679e-02 -1.69513561e-02
  9.40646231e-02 -3.57020572e-02  3.28575484e-02  3.32377255e-02
  4.81636301e-02 -6.66415766e-02 -4.14560214e-02 -8.86222348e-03
  6.30450547e-02  2.26998478e-02  9.22996998e-02 -1.27187548e-02
  3.42185535e-02 -5.03677391e-02 -5.08448556e-02  2.54416447e-02
  1.23163410e-01 -2.37362273e-02 -1.29557788e-01  2.19805278e-02
  4.20304909e-02  2.91859433e-02 -2.85407808e-02  2.28793398e-01
  9.93774682e-02  3.03588156e-02  3.32172178e-02  7.08746910e-03
  3.27687338e-02 -1.07893005e-01  4.93468195e-02 -1.01814959e-02
  5.49373999e-02  4.08548443e-03 -1.17850974e-02  7.22638741e-02
 -6.37588426e-02  6.97181374e-02  4.28382866e-02 -3.61709669e-02
 -1.43212676e-01  3.89514789e-02  3.51978727e-02  5.60320690e-02
  9.09814090e-02  4.01216075e-02  1.25902966e-02  5.21293432e-02
 -1.06656365e-02 -1.47129685e-01  5.78892082e-02 -4.05468115e-33
  6.68944493e-02  1.91541563e-03  4.25229259e-02  4.65989225e-02
 -3.10006868e-02 -1.35200284e-02 -2.68421825e-02 -6.52911561e-03
 -2.00796165e-02  2.26258463e-03 -7.67456088e-03 -2.95571126e-02
 -3.76068316e-02  3.45146358e-02  4.51692455e-02  5.60966460e-03
 -2.61786170e-02 -1.63467079e-02  2.54418012e-02  2.83931158e-02
 -1.49365515e-02  2.25438084e-02 -1.33312056e-02  2.87290085e-02
 -9.40236542e-03 -1.69621687e-02  5.41134039e-03 -4.88321409e-02
  2.32451893e-02  4.44351956e-02 -5.54163530e-02 -2.90595703e-02
  1.63404401e-02 -1.00835204e-01 -8.17138795e-03  1.11714425e-02
  2.14186814e-02 -4.08262759e-02 -3.33817676e-02 -1.02539018e-01
 -3.03982124e-02  6.89915046e-02  2.74858382e-02  1.17910681e-02
  1.98119972e-03 -7.39972368e-02 -5.48927812e-03  2.99197137e-02
 -5.61854504e-02  8.37757513e-02 -6.68516755e-02 -2.02965699e-02
 -4.18610647e-02 -3.56874764e-02 -9.60926563e-02 -8.33703578e-02
  2.94745732e-02 -8.24384317e-02  3.40778343e-02 -7.35843703e-02
  8.96031633e-02 -1.20186731e-02 -4.12689745e-02 -5.20642032e-04
 -3.48916277e-02  3.38718742e-02  3.36056836e-02 -6.40771315e-02
 -3.94263584e-03  8.15767702e-03 -1.22506574e-01 -5.04612364e-02
  7.95629993e-03 -1.21740606e-02  1.38078947e-02 -2.31697783e-02
 -2.92792413e-02  4.34396882e-03 -4.95819412e-02 -8.98757577e-03
  1.62108764e-02 -3.67749520e-02 -6.36532679e-02 -2.71131769e-02
  9.10348445e-02 -2.24743523e-02  2.56728102e-02 -5.18997572e-02
 -7.44713377e-03  3.56525593e-02 -3.17344186e-03  6.24379981e-03
  6.05869778e-02 -4.75847386e-02 -3.62041257e-02  3.81443582e-33
 -3.31507325e-02 -4.63182330e-02 -4.85873930e-02  7.76922032e-02
 -3.42342779e-02  2.12158766e-02  1.27590429e-02 -2.25426182e-02
 -5.05968630e-02 -4.77962475e-03 -1.07488804e-01 -4.20410885e-03
  6.52046055e-02  1.72865111e-02  3.31247933e-02 -3.37244980e-02
  2.76811421e-02 -7.56579116e-02 -4.92763817e-02 -6.00098632e-02
 -5.52592874e-02 -3.36683616e-02  5.53290918e-02  3.10450979e-02
  4.37862985e-03  4.32345234e-02 -3.33338045e-02  7.54893720e-02
 -2.46688388e-02 -3.31902727e-02 -9.58545879e-03 -9.64941271e-03
 -7.00951740e-02 -1.61548518e-02 -4.18572836e-02  6.55684248e-03
  4.47380468e-02  3.12468532e-04 -6.25898764e-02  8.01087022e-02
  8.77527818e-02 -2.26718802e-02 -1.91852218e-03  7.05798119e-02
  6.69820011e-02  1.71104409e-02 -8.61294847e-03  6.66204467e-02
  5.20087890e-02  7.71634132e-02  9.27313045e-03 -2.18692422e-02
 -9.85667706e-02 -4.05835956e-02  7.12878928e-02 -3.09859077e-03
  1.64333601e-02 -4.62720804e-02  5.09675732e-03 -1.92187019e-02
 -6.18098676e-02  5.10810092e-02  8.69840500e-04  4.57737930e-02
 -6.10501245e-02 -3.64332683e-02  2.88193207e-02  3.10773831e-02
  3.95659124e-04  8.97144061e-03 -5.59263267e-02 -1.95290931e-02
 -4.54357825e-02 -6.53243139e-02 -3.28918137e-02 -4.83754203e-02
 -9.97958779e-02 -6.21160679e-03  2.52479911e-02 -1.11842097e-03
 -1.35123851e-02  1.39493514e-02  3.54106119e-03  1.39998458e-02
 -1.97593868e-02 -3.88617516e-02  5.88288456e-02 -8.24463461e-03
 -1.30285984e-02 -2.98325121e-02 -1.16546238e-02  1.27392530e-01
  2.42609102e-02  3.97395827e-02 -2.46869680e-02 -1.23568622e-08
 -3.08179539e-02  4.40493450e-02 -5.23234233e-02  8.33091363e-02
  7.57229887e-03 -9.92145017e-02  8.14318005e-03 -1.89775098e-02
  3.16683613e-02  3.20252664e-02  7.91454911e-02 -1.65370002e-03
 -3.65598388e-02  2.52894852e-02 -3.26773562e-02 -1.86983552e-02
  6.38967156e-02 -5.70724308e-02 -2.83457339e-02  5.84985316e-03
  4.99253683e-02 -2.84833331e-02  1.09740281e-02 -7.16623617e-03
  7.66000897e-02 -4.95116003e-02  9.93249416e-02  1.73506066e-01
  2.42698081e-02  2.66070515e-02  1.80888828e-02  3.63516435e-02
  1.61183700e-02  1.91348158e-02 -3.25715542e-02  7.06486451e-03
  6.54410347e-02  5.61806969e-02  1.05082169e-01  7.87812634e-04
  6.44991919e-02 -2.55131852e-02 -1.87562536e-02 -7.29668839e-03
 -3.19906585e-02 -7.70229893e-03  5.26375882e-02 -1.34537080e-02
  5.55291399e-02  2.28108093e-02 -1.13882713e-01 -7.02881720e-03
  1.18326105e-01  8.76848176e-02  7.45815486e-02 -7.34468549e-02
 -1.75058972e-02  1.59711037e-02  7.62883350e-02  4.90692351e-03
  9.35217068e-02 -3.10168043e-02  4.62733302e-03  7.78369885e-03]"
311,Responsible Investment,Social,business,5,0.381,"[-6.72328845e-03  5.95008731e-02 -3.12834457e-02 -1.46559514e-02
 -9.14382264e-02 -1.31095815e-02  1.14547506e-01  5.72272856e-03
  5.11534102e-02 -5.07223271e-02 -9.78785611e-05  3.20675946e-03
 -2.00384595e-02 -1.96989495e-02  4.88182623e-03 -3.88164669e-02
 -1.88203622e-02 -3.03307027e-02 -9.81239900e-02 -4.50929590e-02
 -1.13528930e-01  2.11118199e-02 -7.11427480e-02  1.19624976e-02
 -2.54580490e-02  6.51033372e-02 -2.01934148e-02  2.70911288e-02
  2.46974360e-02 -1.15710869e-01 -6.60479162e-03  4.44966964e-02
  1.04822583e-01  2.31086556e-02  5.38772764e-03  1.97690092e-02
 -4.89035482e-03 -3.28214057e-02  9.61310938e-02  1.42211253e-02
  8.04580189e-03 -9.45822820e-02 -9.43628997e-02 -2.69667339e-02
  1.24407895e-02  8.23658425e-03  3.05997636e-02  1.95940807e-02
  6.66870475e-02  3.83578241e-02 -4.17516716e-02 -1.10838041e-02
 -2.62214355e-02  3.54201272e-02  6.33814139e-03 -3.23167699e-03
 -6.00727051e-02  1.70497305e-03  1.11178984e-03 -6.11388050e-02
  8.43082815e-02 -5.23603102e-03  5.34569612e-03  2.75304466e-02
  5.31865060e-02  4.37809154e-02 -6.42373264e-02  7.15777129e-02
 -1.18367940e-01 -4.46073636e-02  8.37187245e-02 -5.19884117e-02
 -7.00210929e-02  5.18757477e-02  4.05245088e-02 -7.76389167e-02
  5.79783469e-02 -2.99022812e-03  5.68272024e-02 -2.01509651e-02
  3.84919122e-02  1.29799927e-02 -9.68651548e-02  6.29304126e-02
 -7.47640058e-02 -3.63083333e-02  2.30353791e-02  5.94456606e-02
  6.43917695e-02  1.36421714e-02 -4.56992015e-02 -5.03942482e-02
  2.41248813e-02 -1.00576524e-02 -7.22754002e-02  2.96641663e-02
 -2.66810730e-02 -6.11667112e-02  1.63142737e-02  2.69207478e-01
  2.30495986e-02  7.11534992e-02  2.09855549e-02 -7.75647210e-03
 -5.02380095e-02 -2.65977755e-02 -2.19228733e-02  7.09413961e-02
 -3.51571920e-03 -3.04035507e-02 -4.89510074e-02  1.23466114e-02
 -5.19865006e-02  1.44284070e-02  2.46115611e-03 -2.09934060e-02
  9.52104665e-03  2.19688732e-02  7.95353428e-02 -2.67094094e-03
  1.41171627e-02  1.10985354e-01 -2.59088501e-02 -4.15771939e-02
 -1.00756995e-01 -9.91118178e-02 -2.10773684e-02 -5.26287629e-33
 -1.95315555e-02 -5.62942363e-02  2.68325657e-02  8.00702870e-02
  1.44257732e-02  5.52247949e-02 -3.29193077e-03 -9.61289916e-04
 -5.89947589e-02  1.14519581e-01 -8.71033408e-03  7.24855810e-02
  3.09660900e-02  2.35705916e-02  1.34438783e-01  4.04674187e-02
 -2.02558786e-02  4.27438095e-02  2.88681891e-02 -3.37164178e-02
 -2.31856247e-03 -1.26010710e-02 -2.01893784e-02  4.21781018e-02
  1.25602465e-02 -2.90447921e-02  1.20264366e-02 -6.64832117e-03
  6.93591982e-02 -4.72723693e-03  1.00143358e-01  1.28670819e-02
 -3.37249693e-03 -6.44557364e-03 -4.14984077e-02 -5.18122725e-02
 -3.44035588e-02 -9.13646817e-02  9.78476647e-03 -5.21974191e-02
 -1.07853867e-01  8.52124579e-03 -4.92977351e-02  2.79037300e-02
 -3.73868942e-02  8.25425088e-02  4.15625535e-02  1.23083591e-02
 -2.42179679e-03  9.60745476e-03  8.55997298e-03 -1.43610081e-02
 -9.50097479e-03 -1.81244221e-02  2.62699258e-02 -7.29391724e-02
 -8.80723912e-03 -7.34148100e-02 -3.64239030e-02 -9.64478124e-03
  1.08777381e-01  7.40861297e-02 -5.06748483e-02  5.09435497e-02
 -3.20411026e-02 -2.18132487e-03  2.45174617e-02  5.66331204e-03
  6.77381307e-02 -8.84807631e-02 -1.48961516e-02 -5.74735738e-03
  5.54461293e-02 -2.56516621e-03 -2.53313337e-04  8.56991932e-02
 -3.24760415e-02  3.09107043e-02  2.20199842e-02  2.64665037e-02
 -1.34867160e-02  1.18317856e-02  6.23096004e-02  4.41086814e-02
  4.06668074e-02  6.68133274e-02  3.24245989e-02 -7.62052685e-02
  6.63366215e-03  7.57526681e-02 -1.31247371e-01  9.26004350e-02
 -3.55803750e-05  9.52477604e-02  6.68318849e-03  3.38985865e-33
 -1.60014760e-02 -3.47659402e-02 -2.46371944e-02  4.10754606e-02
  1.41287558e-02  1.34546519e-03  4.57587354e-02 -4.21891846e-02
 -1.02097327e-02  8.29491690e-02 -1.06639877e-01 -9.56875607e-02
  5.17988298e-03  7.81034008e-02 -1.57665685e-02 -5.44381402e-02
  1.45576179e-01 -2.37396415e-02 -3.22429463e-02  3.23393270e-02
 -6.75594360e-02  7.71353170e-02 -2.93599796e-02  2.32155118e-02
 -2.85748504e-02  4.97308113e-02 -4.93967421e-02 -2.72944327e-02
 -2.87256930e-02 -3.43495072e-03 -2.58456115e-02  3.06835249e-02
  6.74879318e-03 -4.10491554e-03 -2.82437224e-02  5.44895455e-02
 -7.98402540e-03 -2.20291433e-03 -2.25319620e-03 -4.49595228e-02
  5.54078519e-02 -2.99655385e-02  1.46504184e-02  1.17575780e-01
 -1.80847812e-02 -5.76959401e-02 -9.56832711e-03 -4.61512133e-02
  7.46812597e-02 -1.55690191e-02 -7.31923655e-02  1.74655952e-02
 -7.27203488e-03 -4.45536114e-02 -2.14737374e-02  6.95937276e-02
 -3.90394069e-02 -5.87985106e-02 -3.87177430e-02  6.16827272e-02
  1.31189926e-02  4.25779074e-02  4.88679931e-02  1.00666292e-01
 -4.43441942e-02  4.91203889e-02  3.31992246e-02 -7.77704734e-03
  3.51240188e-02 -2.89705396e-02  5.80141321e-02  5.00137433e-02
 -5.98230474e-02  4.38150615e-02 -9.09048468e-02  3.25091407e-02
 -5.01043200e-02 -4.63556200e-02  1.72304641e-02 -2.31384463e-03
 -5.14282379e-03 -8.54956657e-02 -3.32568139e-02  4.35512029e-02
 -1.06989369e-01 -6.09240569e-02  2.48160493e-02 -2.05506980e-02
 -2.00571660e-02 -8.68843496e-02 -6.88864514e-02  1.19287067e-03
 -6.77131116e-02  3.51048745e-02  5.34828426e-03 -1.42595713e-08
 -2.71116327e-02 -3.83158140e-02  1.52392900e-02 -2.50105280e-02
  1.77997036e-03 -2.94878148e-02  3.50298323e-02  1.87460668e-02
  4.26138379e-02  6.17840625e-02 -5.92685379e-02 -1.48096057e-02
 -5.73165901e-02  1.00494802e-01  1.92690622e-02 -1.31445378e-02
 -8.17106757e-03 -1.94140989e-02 -4.15715942e-04  5.09941056e-02
  5.11026345e-02  2.83888169e-02  5.36579750e-02 -2.90604252e-02
  1.04250619e-02 -5.07335253e-02  4.74255346e-02  7.13779777e-02
  1.04421144e-02 -9.32862423e-03  2.92412583e-02  8.11794996e-02
 -2.48064585e-02 -2.10860334e-02 -3.93337570e-02 -9.15308446e-02
  2.11219303e-02  3.11428215e-02  4.08736467e-02 -2.76377262e-03
 -6.77127838e-02  3.07528749e-02  2.70171873e-02  2.72041839e-03
 -3.48232500e-02 -2.15707086e-02 -2.83344258e-02 -5.74983424e-03
 -1.78366378e-02 -5.77623397e-02 -1.74757876e-02  1.51949218e-02
  7.82815889e-02 -2.62996498e-02  2.93855593e-02 -7.14598969e-02
  2.09183283e-02 -1.38087794e-02 -5.70219941e-02  3.69396508e-02
  4.98278923e-02 -9.08899903e-02  2.59110183e-02  3.86371766e-03]"
312,Responsible Investment,Social,economic,1,0.3779,"[-1.84907019e-02  4.03515995e-02 -5.57376370e-02  3.74768600e-02
  3.57613228e-02  1.71791520e-02  7.43514225e-02  3.33851911e-02
  1.32678151e-02  2.10913233e-02  3.46853696e-02 -8.32620915e-03
 -3.74769606e-02 -1.62910875e-02 -8.04248918e-03 -3.58067565e-02
 -3.16170081e-02 -5.81312813e-02 -1.32174522e-01 -6.25408590e-02
 -2.64618546e-02 -4.21193391e-02 -5.56381652e-03 -3.36444303e-02
 -4.24906202e-02  3.27847674e-02  6.48439815e-03 -8.08577694e-04
  9.42964666e-03 -5.47783077e-02 -3.06601971e-02  5.96908294e-02
  9.90773216e-02 -2.66925767e-02 -1.98567379e-02  3.60538531e-03
  4.21464257e-02  3.06285135e-02  2.71219667e-02  8.59286357e-03
 -1.84379257e-02 -8.01891312e-02 -6.08820915e-02 -3.23358215e-02
 -6.03209855e-03 -3.77575085e-02  5.56150079e-02  2.96109710e-02
 -2.71561760e-02  2.47075371e-02 -2.13688314e-02  2.52979863e-02
 -4.89961617e-02  5.37452893e-03  5.69734760e-02 -8.52786284e-03
  3.52010550e-03 -7.70587027e-02  1.92625336e-02 -1.14835873e-02
  5.19302972e-02 -5.11159860e-02 -7.04939365e-02 -3.34351370e-03
  1.46496683e-01 -2.41455249e-02 -3.87202129e-02  5.14335185e-02
 -1.48260772e-01  1.40185989e-02  6.85420483e-02 -9.37570557e-02
 -7.78939649e-02 -3.60320583e-02  2.04190556e-02 -6.07955679e-02
  4.09969017e-02  4.10943516e-02  5.10433652e-02 -9.25809890e-03
  8.92448500e-02 -8.11047629e-02 -1.20262071e-01 -1.04587516e-02
 -3.20450403e-02  2.99245381e-04  5.76904276e-03 -4.71718088e-02
  1.00547716e-01  2.15782598e-02  3.23878205e-03 -2.26931144e-02
 -2.02813577e-02  1.47824502e-02 -2.93720253e-02  5.96481003e-02
 -2.13122610e-02 -5.65184206e-02  1.51419966e-02  2.71599561e-01
  2.29324978e-02 -8.48648325e-03  1.24764489e-02  1.47740133e-02
 -2.55192500e-02 -1.06928878e-01 -6.72318088e-03  8.38562027e-02
  1.78631358e-02 -8.77227169e-03 -3.34713049e-02 -1.73807014e-02
 -1.10432515e-02  2.29490809e-02 -2.25071944e-02 -2.71245241e-02
  5.72964884e-02 -3.49939652e-02  7.06694415e-03  5.84329665e-02
  1.76551230e-02  1.20395515e-02 -4.26465534e-02  3.93276364e-02
 -3.80150303e-02 -1.02114148e-01 -6.98655024e-02 -5.78292454e-33
 -4.78248969e-02 -7.40044042e-02 -1.74056031e-02 -5.06014153e-02
 -8.74383450e-02  6.06859848e-02 -5.82498275e-02 -5.11002094e-02
 -1.50655359e-02  1.54464617e-02 -4.99679483e-02  4.26982418e-02
  2.19832286e-02  9.50444639e-02  1.47576824e-01 -1.71836875e-02
 -8.80586803e-02  4.65494134e-02  7.03267455e-02  3.94839384e-02
  1.74492951e-02  2.77229678e-02  4.51039784e-02  7.33510964e-03
 -1.87690146e-02 -2.09020991e-02 -1.11981332e-02 -4.38982137e-02
  1.14075407e-01  1.74082778e-02  6.75405413e-02  6.70662746e-02
 -1.63113587e-02 -4.28521633e-02 -6.76149875e-02 -3.21072303e-02
  5.36150439e-03 -4.28715721e-02 -2.61551677e-03 -1.10603524e-02
 -7.61493519e-02  4.00721980e-03 -6.47189468e-02  6.48625791e-02
  2.37897169e-02  1.19029675e-02  9.97753069e-02  2.03980543e-02
  2.28668191e-02 -4.30877134e-03 -2.25000046e-02  2.15869788e-02
 -6.09466843e-02 -1.14566438e-01  3.40627099e-04 -1.64004359e-02
 -2.13584639e-02 -8.05944949e-03 -1.80057976e-02 -2.45122202e-02
  1.77837838e-03  4.60313782e-02 -1.75594054e-02 -4.37928783e-03
 -3.23317125e-02  7.49693140e-02  1.33990757e-02 -1.38813350e-02
  3.72573324e-02 -1.93854030e-02 -1.06194122e-02  2.70420182e-02
  7.72800520e-02  2.50386223e-02  3.56858410e-02  1.04318790e-01
  1.53244184e-02  2.44335439e-02 -1.97372679e-02  1.14835668e-02
 -8.64282921e-02  3.85518279e-03  8.47041700e-03  8.52008164e-03
  3.37149277e-02  1.88803095e-02 -5.85900212e-04 -2.20300984e-02
  6.93623871e-02  4.59741540e-02 -8.75928476e-02  2.48796847e-02
 -4.36151549e-02  4.41962220e-02  4.96569537e-02  2.65819993e-33
 -2.54137404e-02  2.69799531e-02 -3.69004011e-02  7.01316893e-02
  1.17602125e-02 -8.29937588e-03 -9.39255394e-03 -7.02900216e-02
  1.21594705e-02  4.03347239e-02 -1.00348473e-01  1.41766286e-02
  1.15127325e-01  8.48430693e-02 -2.52612550e-02 -5.78037761e-02
  3.61873880e-02 -2.23281775e-02 -4.73351218e-03 -1.90742016e-02
 -4.98852096e-02  2.63305916e-03  5.04928678e-02  1.40454927e-02
 -2.48503443e-02  4.72339317e-02 -9.75202620e-02 -3.95913348e-02
 -7.32891485e-02 -1.05179744e-02  9.88389365e-03 -4.30553872e-03
 -2.75716968e-02  4.76669446e-02 -4.03655246e-02  1.23366825e-01
 -3.12868059e-02 -5.91562167e-02 -1.67298503e-02 -1.89650210e-03
  3.73726860e-02 -2.61138957e-02 -5.89939486e-03  5.13787530e-02
 -1.48962848e-02 -4.02687602e-02  1.20702209e-02  3.34578305e-02
  8.13616216e-02 -2.77841445e-02  8.37464482e-02  1.07145645e-01
  9.22173820e-03 -4.92944196e-02 -6.02031723e-02  1.07506393e-02
 -5.21206902e-03 -8.73564649e-03 -6.99362308e-02  5.88896275e-02
 -7.44375540e-03  6.32614791e-02 -1.20347301e-02  1.21366814e-01
 -3.79934832e-02  3.86329740e-02  1.97778437e-02 -6.63822144e-02
  6.42857030e-02 -7.83191249e-02  5.21705374e-02  2.40928270e-02
 -9.87423658e-02  4.31873016e-02 -2.12181062e-02  1.23107277e-01
 -2.30751485e-02 -2.37190886e-03  3.08553968e-02  1.00000640e-02
 -9.69070122e-02 -4.53036688e-02  4.01989408e-02 -4.75996844e-02
 -1.13494322e-01 -3.64988036e-02  1.18206199e-02 -3.65413912e-02
 -5.75158335e-02 -6.65835515e-02 -9.36726853e-02 -2.57132817e-02
  3.93128284e-04  2.35431269e-02 -1.22178691e-02 -1.45273216e-08
  9.76420101e-03 -6.87959045e-02  8.75197500e-02  4.99607697e-02
 -4.88906316e-02 -5.64619899e-02  2.83867549e-02  3.11135184e-02
  4.43051830e-02  1.12369210e-01 -2.09324937e-02  4.01181579e-02
 -1.21987043e-02  1.24368779e-01 -2.05932856e-02  4.08311337e-02
 -1.44534484e-02 -4.19498794e-03 -2.88074594e-02 -2.93319505e-02
  7.48598203e-02  3.74243222e-02  2.27925405e-02  1.25436056e-02
 -9.96709429e-03  1.89921688e-02  5.87882996e-02  3.51734906e-02
 -2.04706155e-02  4.85704504e-02  3.67124309e-03  1.68502573e-02
  4.96073568e-04 -3.66041064e-02 -4.07832861e-03 -4.41342369e-02
 -1.01781040e-02  1.81444380e-02  5.74877374e-02 -4.70501855e-02
  7.78905256e-03 -3.40198465e-02  3.72810522e-03 -2.99083050e-02
  8.62095356e-02 -2.03751903e-02 -3.93980518e-02 -2.15753410e-02
  3.64494137e-02 -5.33286035e-02  5.31478738e-03  3.41062658e-02
  2.40126494e-02 -5.79727441e-02  2.93064341e-02 -5.23534305e-02
  1.52527429e-02 -3.87708074e-03 -1.04476921e-01  3.27531956e-02
  7.09271580e-02 -3.25226076e-02  5.41969314e-02 -3.61004509e-02]"
313,Responsible Investment,Social,sustainability,6,0.3698,"[ 4.10689507e-03  1.18057869e-01  6.51803939e-03  2.01633498e-02
  6.49562180e-02  1.96664799e-02 -1.85424853e-02 -4.37019281e-02
 -1.89063288e-02 -1.94131453e-02  1.53809488e-02 -6.06852099e-02
 -1.38276825e-02  3.28618800e-04 -6.36824667e-02  2.99334037e-03
 -1.04614154e-01  2.85492968e-02 -3.15095522e-02 -4.46097665e-02
 -4.81216013e-02 -6.52997335e-03  1.40605820e-02  2.21560858e-02
 -8.52372646e-02  1.11566447e-01 -4.57940809e-02 -2.10122038e-02
  4.49358523e-02 -1.23077948e-02  5.49973845e-02  3.48152332e-02
  3.21664698e-02 -2.58470494e-02  2.86358260e-02  1.19534075e-01
  5.20595536e-02 -2.03274265e-02  2.81015281e-02 -2.32810434e-02
 -6.83358535e-02 -7.98003227e-02 -4.64179367e-02 -1.00554347e-01
 -7.92264845e-03 -1.70614310e-02  2.38624699e-02 -6.67935014e-02
 -1.94664653e-02 -6.41482174e-02  5.69883808e-02  4.96568438e-03
 -4.35719267e-02 -3.31956074e-02  2.76494138e-02 -5.71230128e-02
  3.60825062e-02 -4.36470918e-02 -2.71218270e-02 -1.86118484e-02
  9.56522152e-02 -5.97844645e-02 -8.24462697e-02  5.98447919e-02
  1.10988669e-01  7.28443936e-02 -4.51058634e-02  8.06766748e-02
 -4.17143255e-02  7.66098092e-04  2.54031504e-04 -4.89965454e-02
 -1.68374404e-02 -5.68989106e-02  4.61863130e-02 -2.02786867e-02
  8.67558178e-04  2.07630154e-02  7.54866377e-02  5.18056750e-02
  1.27711102e-01  8.13136250e-03 -5.79651557e-02  7.83111807e-03
  3.19172740e-02  6.83634123e-03  2.01919791e-03 -2.10548956e-02
  6.34308755e-02  1.18735246e-03 -7.18195587e-02 -8.37190729e-03
  1.05033174e-01  2.79798973e-02 -9.91501734e-02  2.13863533e-02
 -6.40910119e-02 -5.91606274e-02  2.31871270e-02  1.83625534e-01
  2.49900687e-02  4.18050513e-02 -3.45870480e-02 -3.95139167e-03
 -2.92633194e-02 -4.18800972e-02 -1.71870794e-02  3.42051722e-02
 -1.35479672e-02  2.66578258e-03 -3.91931571e-02 -2.45667831e-03
 -7.11034834e-02  7.49404877e-02  9.91136394e-03 -3.60299572e-02
  6.80260435e-02 -3.77253108e-02  9.10507813e-02 -3.24005559e-02
  3.60881872e-02  7.83036370e-03  3.09122149e-02 -3.12274341e-02
  1.36454022e-02 -4.14511263e-02  3.10804024e-02 -5.98822610e-33
 -4.20500524e-02 -1.78565402e-02  8.01837370e-02 -8.57156664e-02
 -1.33083006e-02  5.31694852e-02 -7.89119601e-02  3.44478600e-02
 -8.46165046e-03  2.05724277e-02  8.70055184e-02  2.44436786e-02
 -7.10748648e-03 -1.89742970e-03  1.38179630e-01 -9.92585793e-02
 -5.09803519e-02  4.41081151e-02  4.71809506e-02 -3.58645283e-02
 -1.36118464e-03  2.77733579e-02  3.82069685e-02  3.04933991e-02
  8.42381641e-02 -4.07830551e-02  3.70854661e-02  8.79490562e-03
 -2.12327819e-02  1.41759776e-02  3.11466996e-02  7.02301115e-02
 -7.29705319e-02 -6.94170818e-02  2.55425628e-02 -1.99947655e-02
 -9.79593322e-02  4.79331054e-02 -1.63562633e-02 -1.23301568e-02
 -5.16318791e-02 -5.06974123e-02  4.21300977e-02  5.05314767e-03
  4.15054448e-02  6.74985647e-02  9.22009274e-02  5.00938557e-02
 -2.88826711e-02  2.07776297e-02 -4.79130074e-02  4.39208932e-02
 -8.31002668e-02 -6.24812357e-02  1.73073858e-02 -1.01528555e-01
  1.83164570e-02 -3.51613900e-03 -6.25279173e-02 -1.44605532e-01
 -1.36677362e-02  2.85939407e-02 -8.93416107e-02 -1.55326920e-02
  1.05306983e-01  2.87281573e-02 -1.57866739e-02  6.30112216e-02
 -2.49732174e-02 -8.28966498e-03 -2.13319547e-02 -6.17742389e-02
  1.65235307e-02  6.55286899e-03 -2.29617842e-02  2.05614772e-02
 -4.35336754e-02  4.40217033e-02 -8.03454667e-02  7.44381398e-02
 -1.41673014e-01  7.06722066e-02 -4.18889932e-02 -7.51749799e-02
  1.03186227e-01  1.93275735e-02  4.31355387e-02  1.08621372e-02
  9.54525545e-02  3.83123048e-02 -3.55879515e-02  1.21105807e-02
  2.25081947e-02  3.22218500e-02 -7.48636425e-02  2.79944384e-33
  3.25182788e-02  2.34985016e-02 -4.78637964e-02  3.06359679e-02
 -6.10395242e-03 -8.10623467e-02 -9.82098579e-02 -2.94141676e-02
 -2.68473173e-03  2.71393508e-02 -6.33887947e-02  5.89787625e-02
  3.10018323e-02  6.72343895e-02 -3.28807160e-02  1.36332577e-02
 -3.73079367e-02 -2.97917593e-02 -8.66425633e-02  5.85598731e-03
 -2.99682515e-03  3.79549339e-02 -4.76750098e-02  5.01095653e-02
 -7.48546496e-02  6.92744404e-02  5.10856928e-03 -5.68971317e-03
  7.57188275e-02 -2.12913658e-02  4.27858764e-03 -2.84907781e-02
 -1.84576549e-02  1.42566133e-02 -3.53323705e-02  2.09281370e-02
 -3.94660793e-02 -3.51648666e-02  4.30891030e-02  6.67249784e-02
  4.99502644e-02 -2.14167349e-02 -6.37839139e-02  4.89172563e-02
  4.69128927e-03 -4.99444548e-03 -5.04739396e-02  8.53523891e-03
  3.34124304e-02 -4.96575749e-03  6.77503645e-02  5.44972010e-02
 -3.90525758e-02 -8.24177787e-02  3.97184007e-02  1.32149225e-02
  1.86213050e-02  2.54194140e-02 -6.60167411e-02 -9.51215625e-03
  1.43197849e-02  8.64928067e-02  2.12305300e-02  8.93448740e-02
 -2.26828121e-02  2.66648084e-02  2.99995728e-02 -1.08755883e-02
 -3.19220945e-02 -6.02898747e-02  1.65625028e-02  1.80757716e-02
 -1.45757645e-01 -4.21574414e-02 -4.54589203e-02  4.21647578e-02
 -3.56710106e-02  6.78186130e-04 -4.44627292e-02 -1.77351385e-02
 -5.96962683e-02 -2.24278811e-02 -3.22564912e-04  7.75204645e-03
 -1.73715688e-02 -2.26540715e-02 -3.13948318e-02 -7.20482990e-02
  1.71975996e-02  8.21701735e-02 -8.66613258e-03  1.56573858e-02
 -1.15967043e-01  9.11872014e-02  3.16167958e-02 -1.32017126e-08
  2.07300205e-02  1.22500118e-02 -3.06454371e-03  3.00273811e-03
 -3.45179737e-02  3.64696980e-03  7.94852003e-02 -4.69883867e-02
  5.96033363e-03  9.00167450e-02 -1.75083764e-02  3.34479809e-02
  2.58500688e-02  1.12780787e-01 -4.40019518e-02  1.01531390e-02
 -3.32500935e-02 -1.32103032e-02 -5.13426773e-02 -2.24831383e-04
  1.91717164e-03 -4.27011028e-02 -1.05918478e-02  3.16308923e-02
 -2.03408804e-02 -3.21624614e-02  2.82074530e-02  3.31844166e-02
  3.55366841e-02  4.60452512e-02  6.49938807e-02  5.83545789e-02
 -2.71341410e-02 -4.11916077e-02 -6.86965138e-02 -8.03319514e-02
  1.82563607e-02 -4.64409031e-03  3.45770679e-02 -3.82146686e-02
 -1.18916817e-02  5.36681898e-02 -5.57984747e-02  6.41106293e-02
 -3.50771062e-02 -3.54594998e-02 -1.59875322e-02  7.17699677e-02
 -3.90187204e-02  3.44157666e-02 -1.69636570e-02 -5.74314147e-02
 -4.18853760e-03  6.09898493e-02  1.32456943e-02 -5.35725728e-02
  4.08484973e-02  1.07771652e-02 -3.16101499e-02  2.92236749e-02
  1.02763079e-01 -6.16308041e-02  9.00010392e-02  2.76221950e-02]"
314,Responsible Investment,Social,compensation,3,0.3672,"[-1.11175209e-01  1.17728464e-01  1.91108342e-02  2.36017164e-02
 -5.73627278e-02  7.08651841e-02  1.21233262e-01  1.23575768e-02
  1.87510122e-02  1.35449432e-02  2.45443080e-02 -5.48683070e-02
  4.58717979e-02 -7.69298570e-03 -4.59946953e-02  1.93459690e-02
  4.88670915e-02  9.91759598e-02 -3.39381732e-02 -3.63004729e-02
 -4.85071689e-02  4.89796959e-02 -1.82784423e-02  2.47527435e-02
  3.19192074e-02  2.01474261e-02 -2.30877437e-02  1.13194682e-01
  3.78151201e-02 -5.97589985e-02 -7.51479995e-03 -4.57753912e-02
  3.35138664e-02 -4.71669883e-02 -8.65991265e-02 -6.77081384e-03
 -4.89761680e-02 -5.24442792e-02 -9.66859832e-02 -1.01687908e-02
  1.99035294e-02 -2.70959530e-02 -2.36825999e-02 -3.84310111e-02
 -2.56550889e-02  1.04427762e-01  1.11392900e-01  7.50300437e-02
 -6.23881817e-02  2.06290428e-02  4.62636091e-02 -1.27813462e-02
  2.00947411e-02  6.83773533e-02 -2.86635663e-02 -2.52881888e-02
  3.32406908e-02 -1.02298912e-02  5.22792153e-03  5.40482532e-03
  6.84327725e-03 -2.44392995e-02 -7.72840977e-02  6.45066053e-02
  1.00213706e-01 -8.11431184e-02 -1.46603929e-02 -1.46911461e-02
 -5.86490929e-02 -3.83168180e-03 -1.30914865e-04 -2.80339271e-02
  7.27038318e-03 -5.13696764e-03  6.90830275e-02  1.30690131e-02
 -2.04642527e-02 -1.23313004e-02  9.94371027e-02 -1.57381836e-02
  6.75539523e-02 -1.73152909e-02 -4.63196188e-02  8.48750677e-03
  5.78192063e-03 -8.44996348e-02  6.65587261e-02  9.74445567e-02
  9.54056308e-02  6.69608265e-03  4.18357849e-02 -6.53105676e-02
  7.31455982e-02 -1.26825301e-02 -1.20819546e-01  1.07549271e-02
 -3.71627919e-02 -9.63026192e-03 -1.79568883e-02  2.07769111e-01
  2.14854125e-02 -2.89205108e-02 -5.15162647e-02 -4.61754017e-02
 -7.01778457e-02  3.38920811e-03 -9.80939623e-03  4.61745001e-02
 -4.27014232e-02 -8.85798596e-03 -1.15581909e-02 -1.55226626e-02
 -4.82823178e-02  5.08698896e-02  1.64680760e-02  1.01484388e-01
 -8.54794160e-02  9.04610846e-03  4.77953628e-02 -9.86342281e-02
  9.58217755e-02  3.24196033e-02 -7.16250390e-02  2.58279731e-03
 -1.39554530e-01 -2.54517514e-02 -3.22600752e-02 -5.63113038e-33
  4.76584435e-02  1.28949108e-03  4.11172211e-02 -1.99505966e-03
  3.93297635e-02 -1.96043458e-02 -4.23352644e-02  2.54461654e-02
  4.86262478e-02  2.36968473e-02 -5.33650145e-02  1.70531254e-02
  2.35372726e-02 -1.88207775e-02 -4.28869687e-02  6.74347728e-02
  3.02182212e-02  1.19160928e-01  5.40151075e-02  7.50635713e-02
 -1.43169211e-02  2.49600131e-02  3.85502330e-03  1.16616055e-01
  3.79324667e-02  2.77090371e-02 -3.96981612e-02 -2.42286325e-02
 -4.46081683e-02 -3.95421423e-02  4.25782576e-02  1.07839935e-01
  2.43039299e-02 -2.66081821e-02 -6.59315884e-02 -4.14911322e-02
 -9.83133330e-04 -5.80899008e-02  5.69800334e-03 -3.50314155e-02
  6.41964283e-03  3.02817095e-02 -1.79639284e-03 -2.26200540e-02
 -3.45100369e-03 -4.33397442e-02  5.48756458e-02 -5.82151264e-02
 -9.63069722e-02  1.14257976e-01 -2.75834147e-02  9.57364403e-03
 -4.09317538e-02 -4.59379405e-02 -1.83488723e-04  1.53557118e-02
 -8.93227523e-04  4.64365669e-02 -3.16368714e-02  4.00625635e-03
 -8.06839392e-03 -8.74504726e-03  1.30911097e-02 -1.87224839e-02
 -6.87998980e-02  5.28733805e-02  5.83433881e-02 -3.61104542e-03
  7.44096423e-03 -5.63704129e-03 -6.92209080e-02  1.57503951e-02
  7.76015073e-02  4.14859094e-02 -9.03164819e-02  7.65927183e-03
 -2.34851297e-02  1.78033661e-03 -2.41287984e-02  3.75761278e-02
 -6.36210516e-02  5.77208661e-02  3.26698720e-02  1.59981996e-02
  9.49379802e-02 -2.77505233e-03 -1.66100357e-02 -1.88045520e-02
  8.24583098e-02  2.83174030e-02  5.49091725e-03 -1.09573128e-02
 -8.78275745e-03  5.48590794e-02  3.66861895e-02  3.59151213e-33
 -5.67030683e-02  8.02437682e-03 -7.94923529e-02 -9.97711997e-03
 -1.88099388e-02  5.13555016e-03  1.33774178e-02 -3.05164680e-02
 -5.44004561e-03  2.29240861e-02 -1.15861505e-01 -1.21255135e-02
  4.40494949e-03  6.63713366e-02  9.48361401e-03 -6.40177354e-02
  2.79888324e-02 -7.47225136e-02 -3.78283523e-02 -8.63164291e-03
  6.58421591e-02  6.00575693e-02  3.76722068e-02 -9.39462986e-03
 -7.47716799e-03  2.00819019e-02  2.81325076e-02 -2.09843982e-02
 -3.40110855e-03  7.71177858e-02  1.26623241e-02 -9.91645306e-02
 -1.05150916e-01 -6.09278819e-03  1.01864748e-02 -4.04997319e-02
  4.32377271e-02 -2.24297866e-02  1.71930548e-02  4.32392359e-02
  5.39454706e-02 -9.23450068e-02  1.07921958e-02  1.11190856e-01
  2.66949292e-02 -1.03672706e-01  3.22681218e-02 -1.10914513e-01
  8.75499398e-02 -5.24280295e-02 -1.47742173e-02 -5.00077419e-02
  2.74298191e-02  2.13800464e-02 -4.27452475e-02 -5.63019067e-02
  2.97290832e-02 -5.93652874e-02  7.59802163e-02 -3.99697870e-02
  1.06149046e-02  9.71368980e-03 -4.60430309e-02  1.18412592e-01
 -2.11130586e-02  1.35610299e-02 -6.23341696e-03 -1.16237402e-01
  8.52754414e-02 -1.15371011e-02  4.77805696e-02 -2.23707426e-02
  2.52389405e-02 -7.13808164e-02  1.18571436e-02  1.52851930e-02
 -4.78797071e-02  2.70002447e-02 -8.01326632e-02  4.91520949e-02
 -7.23678768e-02 -7.10110217e-02  4.29865345e-02  3.61550264e-02
 -2.45220326e-02 -3.17408592e-02  5.48729375e-02  7.04398332e-03
  5.69517016e-02 -1.46096563e-02 -3.39963138e-02  2.26337817e-02
 -1.58322658e-02 -3.49443033e-02 -3.94144915e-02 -1.16852945e-08
 -5.50372712e-02  2.38606595e-02 -4.39878888e-02  3.88866924e-02
 -7.99862109e-03 -3.30579132e-02 -2.06968281e-02 -1.18527040e-02
  2.89513124e-03  6.18348047e-02  9.89393145e-03 -5.56649119e-02
  1.25283226e-01  2.13079061e-03  3.49263921e-02  2.65787542e-02
 -2.10978910e-02  5.49123138e-02 -8.79626274e-02 -1.34723522e-02
  2.83754189e-02  2.74190605e-02 -8.44078884e-03 -2.76093520e-02
 -3.38191465e-02 -3.21618952e-02  2.55217515e-02  7.94709995e-02
  8.61148257e-03  3.04229162e-03 -2.80992761e-02  1.81409102e-02
 -1.33602694e-02 -4.62471135e-02  9.17941183e-02 -7.60129318e-02
  6.60126209e-02  1.65381785e-02  3.86851025e-04 -3.96317579e-02
 -4.89427336e-02  2.22260803e-02  3.90262902e-02  5.59397154e-02
  6.84776530e-02  3.12583335e-03 -5.86777255e-02  1.86595228e-02
 -4.40148376e-02 -3.99798863e-02  5.39673306e-02  3.26645412e-02
  4.33063060e-02 -1.60070159e-03 -4.14334014e-02 -6.32397830e-02
  6.71135262e-02  2.70983926e-03 -9.04121920e-02  6.03995025e-02
  1.31925642e-02 -5.26144095e-02  8.96607619e-03 -4.11888137e-02]"
315,Financial Product Safety,Social,safety,11,0.5189,"[ 5.73531957e-04  7.82999620e-02 -5.72171323e-02 -9.87484958e-03
  8.19947273e-02  7.64091834e-02  1.25421762e-01  4.30145375e-02
 -1.73132550e-02  4.07683961e-02  6.97012395e-02 -6.44242624e-03
  6.07175007e-02 -1.44188330e-02 -1.08001001e-01 -7.68733099e-02
  3.86120044e-02  1.73624326e-02 -1.57332927e-01 -1.03293490e-02
 -6.43835887e-02  4.50725034e-02  2.85278484e-02  4.28724438e-02
 -1.44915193e-01  2.81684436e-02 -3.54573503e-02  3.66525985e-02
  1.39614185e-02 -5.18231541e-02 -1.61202252e-02 -8.12839642e-02
  3.77211869e-02 -2.28156783e-02 -8.68310705e-02 -4.21075560e-02
  5.52136488e-02 -1.38955545e-02  4.97897677e-02 -2.58697085e-02
 -5.34037985e-02 -9.21611041e-02  9.51912720e-03  2.09068749e-02
 -3.51158604e-02  4.45235781e-02  1.10328821e-02 -1.01948977e-01
  7.69034177e-02 -5.12995757e-02  2.58703884e-02  4.32779118e-02
 -2.37581157e-03 -1.49276177e-03  5.40945344e-02 -7.14805350e-02
  6.88765710e-03 -4.46055792e-02 -5.87516129e-02  4.06757258e-02
  8.00295249e-02 -1.16845686e-02 -7.81028792e-02 -3.21930833e-02
  4.33817469e-02 -1.61102638e-02 -6.20145276e-02  7.95155019e-03
  5.94670400e-02  6.26007318e-02 -8.24345392e-04 -1.59219243e-02
  1.02076717e-02  1.41518016e-03  2.61478070e-02 -1.06971050e-02
  4.40757684e-02 -7.04433918e-02  3.46981883e-02 -2.92230844e-02
  3.02053783e-02 -2.67119538e-02  6.15215600e-02  1.99415926e-02
  4.25258726e-02  7.01010823e-02  1.66251082e-02  7.46769423e-04
  2.13365182e-02 -2.65571941e-03 -6.24767914e-02  3.13235936e-03
  9.98646319e-02  6.51122853e-02 -2.72436608e-02  3.64840426e-03
 -4.40069735e-02 -3.00874040e-02 -3.07827611e-02  1.82817221e-01
  2.21045036e-02  1.38957584e-02 -2.71815099e-02  6.13319911e-02
 -3.73213040e-03 -1.32738352e-02 -6.56675100e-02  2.83549726e-02
 -1.41513692e-02  5.43183610e-02  7.08732149e-03  4.22299914e-02
  3.67801520e-03  3.31379287e-02 -4.18435708e-02  3.94624658e-02
 -7.26993904e-02 -2.14777812e-02  3.99688259e-02  2.84358542e-02
  2.06068112e-03  2.11788695e-02  6.82035312e-02 -6.82317652e-03
 -4.51058568e-03 -1.17569230e-01  2.80644465e-02 -5.26886249e-33
  8.95859022e-03 -3.37898582e-02  7.79993553e-03  1.65810417e-02
 -4.91214134e-02  2.11228300e-02 -6.90779537e-02 -6.86724335e-02
 -1.13512827e-02  5.25497384e-02  1.14064030e-02 -9.83412750e-03
 -2.86902115e-02 -4.40093502e-02  1.12199239e-01 -1.17825251e-02
 -5.62178381e-02  6.75890297e-02 -7.28950649e-02 -5.59516326e-02
  5.66154439e-03 -9.21686441e-02 -2.22575734e-03  6.45204484e-02
 -4.40874435e-02  6.88202009e-02 -1.87790003e-02 -3.12175918e-02
  5.43573536e-02  4.16046903e-02 -1.36937201e-01  6.90436438e-02
 -7.08886832e-02 -6.64794743e-02  4.85883281e-02  3.59560885e-02
 -1.25533715e-01 -6.28227517e-02 -2.97300015e-02 -3.62521186e-02
 -9.98093374e-03 -2.89357062e-02  5.75315654e-02  6.81584105e-02
  9.69588831e-02  7.03348517e-02 -5.53599037e-02  8.69226817e-04
 -9.56648514e-02 -3.27183194e-02 -6.70421124e-02  2.27864441e-02
  2.08831504e-02  5.25518041e-03 -4.35425006e-02  5.93395457e-02
  3.94774564e-02  1.41145848e-02 -3.49932685e-02 -5.88018261e-03
 -4.08608802e-02  1.22482821e-01 -4.05224636e-02  1.60748709e-03
  1.15476809e-02 -2.43269559e-02  1.07615180e-02 -1.90663002e-02
  5.26557229e-02 -2.16527209e-02 -1.15450658e-01 -2.23790221e-02
  4.22808677e-02  7.84298126e-03 -9.34963003e-02 -8.92764237e-03
  1.05002923e-02  6.05923450e-03  2.20020618e-02 -6.29538000e-02
 -7.13082217e-03  3.97074930e-02  3.40047758e-04  2.59260442e-02
  4.25434820e-02 -4.36423458e-02 -3.42819169e-02 -3.24760075e-03
 -8.35785642e-02  1.31556064e-01 -2.60524377e-02 -3.51289362e-02
  9.75253507e-02  7.05231950e-02 -5.26373982e-02  4.06741212e-33
  1.56558631e-03 -1.75973698e-02 -5.98577224e-02  5.58593720e-02
 -4.02385034e-02 -5.55491038e-02  1.29420205e-03 -2.27793269e-02
  1.40525959e-02  6.06335439e-02 -7.11394697e-02 -3.74007858e-02
  5.86898476e-02  4.14202083e-03  1.45072229e-02 -4.12938222e-02
  4.66623195e-02  3.23582329e-02 -2.53631659e-02 -2.03686636e-02
  4.65353429e-02 -4.47168462e-02 -7.89758340e-02  6.06096350e-02
 -6.42090887e-02  2.73551363e-02 -6.06764071e-02 -2.71904524e-02
 -5.88296615e-02  2.20218729e-02  3.22674215e-02  1.90811697e-02
  9.80012864e-03  7.24026412e-02 -4.34783250e-02  1.25801917e-02
  9.37949196e-02 -3.82261425e-02 -1.43130906e-02 -4.15071025e-02
  6.14760779e-02  1.09079324e-01  4.04572152e-02  3.20978761e-02
 -7.47115016e-02  4.54904288e-02  2.88444553e-02  1.26923146e-02
 -3.58722359e-02  3.27344611e-02 -5.14850914e-02 -3.10137235e-02
 -1.76027659e-02 -2.68229824e-02  4.53914218e-02  1.60113461e-02
 -1.67307369e-02 -3.58036114e-03 -1.86403524e-02  2.41783056e-02
  3.83845121e-02  5.76019101e-02 -9.30991173e-02  8.60363990e-02
 -2.18227152e-02  9.07936841e-02 -1.04535855e-01 -4.10199501e-02
  6.15584962e-02 -6.21054787e-03  6.62556067e-02  4.69711833e-02
 -3.92021313e-02  1.61787949e-03 -1.26945928e-01 -6.80641234e-02
 -4.50680628e-02 -2.68641096e-02 -3.27069014e-02  1.85658876e-02
 -4.40403484e-02 -5.80981262e-02 -3.57537642e-02  1.19558133e-01
  8.91900342e-03 -1.17045054e-02  5.59923202e-02 -2.11041747e-03
 -1.57093685e-02 -8.16884115e-02 -5.18969558e-02  5.11641391e-02
 -5.06767854e-02  1.54963667e-02 -2.08509415e-02 -1.20820340e-08
 -1.90192219e-02  3.05042621e-02 -3.31516638e-02 -4.18629758e-02
  3.21384845e-03  1.02516226e-02  2.66005140e-04 -8.45980197e-02
  3.42345960e-03  4.34220582e-02  4.59021144e-02 -1.21966284e-02
  4.47702445e-02  4.64696363e-02  3.03288619e-03 -1.28830224e-02
  3.75164039e-02  3.89307588e-02 -4.21736836e-02  5.02593517e-02
  2.55392957e-02  2.62836069e-02 -1.37801869e-02  7.31249377e-02
 -3.01195402e-03  1.28666842e-02  4.14091684e-02  1.01913139e-01
  2.07681060e-02  9.73920003e-02  1.71950795e-02 -4.30681976e-03
 -4.90574026e-03  5.30354455e-02 -2.57243607e-02  3.67543176e-02
  3.98441479e-02 -1.79919470e-02  6.21846765e-02 -3.44083011e-02
  1.60844792e-02  8.68094992e-03  4.73964922e-02  6.67413324e-02
 -1.00668697e-02  8.41482636e-03 -3.02098710e-02  4.29045521e-02
  1.19931134e-03  1.99407563e-02  5.01913344e-03 -4.02092002e-02
  1.84916407e-02  1.41109794e-01  2.61195563e-02  1.76474564e-02
 -3.36421654e-03 -2.57749576e-03  2.31142957e-02  5.96186742e-02
  3.64358351e-02  2.02981252e-02  9.13854018e-02  1.44670075e-02]"
316,Financial Product Safety,Social,risk,4,0.455,"[-6.69159112e-04  7.49283433e-02 -6.35853857e-02  2.86411401e-02
  7.55341351e-02  8.00967291e-02  1.19539931e-01  7.10849017e-02
  1.88079868e-02  2.57967580e-02  3.91368456e-02 -6.60719536e-03
  5.93567379e-02  1.89637952e-03 -5.21393679e-02 -4.34090458e-02
 -3.39976400e-02 -2.79848147e-02 -1.11524135e-01  6.56397194e-02
 -1.91511419e-02 -2.75303535e-02 -1.19463103e-02  1.11290989e-02
 -1.41612336e-03  1.61985960e-02  8.96383356e-03  9.15343463e-02
  2.25999057e-02 -8.95883739e-02  8.61687493e-03  3.41045856e-02
  6.02771118e-02 -5.78434207e-02 -7.04240203e-02  4.54232953e-02
 -2.60656383e-02 -8.12439341e-03  5.65467030e-02 -2.26097144e-02
 -8.28685705e-03 -5.73073216e-02  1.77354291e-02  4.06302586e-02
 -7.70167485e-02 -5.08961193e-02  5.08071855e-03 -8.38921070e-02
  4.97697517e-02 -1.54266357e-02 -6.94260513e-03 -5.01648821e-02
 -3.15173268e-02 -7.81013072e-02  1.88134834e-02 -8.24415088e-02
 -7.12411478e-02 -5.28994985e-02 -4.77348007e-02 -2.33162474e-02
  8.69855359e-02 -5.64830676e-02 -4.78720702e-02  1.69757158e-02
  5.41796423e-02 -4.24308963e-02  1.61360402e-03  6.77984729e-02
 -1.81098692e-02  2.88412143e-02  4.06257845e-02 -5.09167649e-02
 -9.96935740e-02 -1.86857935e-02  6.70203418e-02  1.06530096e-02
  4.20766063e-02 -6.12191483e-02  2.59672254e-02 -1.21517833e-02
  2.85296738e-02 -1.72209275e-05  6.05425127e-02  3.31112044e-03
  1.09436223e-02  3.64514552e-02  3.02060898e-02 -4.84239161e-02
  3.69031839e-02  6.84373314e-03 -2.53389422e-02 -1.09263472e-01
  7.78626204e-02  7.00408593e-02 -3.15561481e-02  4.20142487e-02
 -9.52097997e-02 -8.74507204e-02 -6.67511150e-02  2.05061719e-01
 -2.02915110e-02  7.58301374e-03 -5.65414801e-02  6.51195571e-02
 -3.95880938e-02 -7.27591813e-02 -4.59421426e-02 -5.39680272e-02
  6.72891270e-03  3.12453024e-02  2.40405686e-02  5.09932600e-02
  1.03436587e-02  3.65303010e-02 -1.56931039e-02  3.53811607e-02
 -7.05893412e-02 -4.02889661e-02 -2.20333971e-02  2.31640898e-02
  1.61083844e-02  2.35444936e-03  3.16962227e-02  9.96912457e-03
 -1.11287437e-01 -9.14669558e-02  1.69451237e-02 -5.14808228e-33
  5.22712916e-02 -9.10168365e-02  1.40096189e-03 -3.62800620e-03
  1.98452994e-02  1.34152425e-02 -3.59657686e-03 -3.08365878e-02
 -3.99379656e-02 -4.23774449e-03  3.73341292e-02 -2.67838705e-02
 -1.37974666e-02 -5.63407578e-02  6.84606582e-02  3.83455567e-02
 -4.21713330e-02  4.65083905e-02  9.87137482e-03 -4.99813370e-02
 -2.10347641e-02 -4.33896743e-02  3.96505445e-02  1.14845764e-02
 -1.32758021e-02 -3.84527743e-02 -5.18272119e-03 -7.21317232e-02
  7.12414384e-02  2.80131772e-02 -3.92376445e-02  9.27617699e-02
 -2.96989419e-02 -1.11352056e-01  1.41629530e-03  8.52064416e-02
 -8.93301219e-02 -2.47071795e-02 -2.63814740e-02 -3.66398282e-02
 -1.65736619e-02  2.56821085e-02  2.94609257e-04  8.62820446e-02
  6.35427758e-02  8.87608901e-03  2.98318900e-02 -2.79614776e-02
 -1.53525397e-01 -2.32956372e-02 -9.53010544e-02 -3.40209268e-02
 -5.26286401e-02  3.24275754e-02 -1.61466133e-02  6.87489379e-03
  2.73551419e-02  1.68418977e-02 -8.29331949e-02 -3.30454744e-02
  8.69207270e-03  3.53472717e-02 -1.77798979e-02  3.12806070e-02
 -2.05328632e-02  1.16169890e-02  6.56582192e-02 -5.75649254e-02
 -6.85978588e-03  2.47778706e-02 -7.12562427e-02 -3.74374688e-02
  7.32290884e-03 -5.50144650e-02 -3.30883674e-02  1.81657933e-02
 -6.95581036e-03  4.97915596e-03  6.65735155e-02 -1.25059048e-02
 -5.64107634e-02  6.65947935e-03  2.33021714e-02  5.64617217e-02
  1.54706277e-02  5.63210584e-02  3.65019552e-02 -5.59641533e-02
 -6.27924204e-02  8.36116597e-02  1.14248293e-02 -2.49427054e-02
  1.38797104e-01  3.75851467e-02 -2.82509699e-02  3.46523576e-33
 -1.40140459e-01  2.56277900e-02 -4.78905290e-02  3.80821042e-02
  2.09476072e-02 -5.54537661e-02  2.64286902e-02 -3.55637483e-02
  3.53733040e-02  5.41824847e-02 -1.18042551e-01  3.98915559e-02
  7.60780126e-02  1.75692700e-02  2.79510096e-02 -5.72733954e-03
  3.59962992e-02  1.87936332e-02 -4.80088517e-02 -7.84636959e-02
  4.75085489e-02 -2.19401885e-02 -3.23207565e-02  7.05730915e-02
 -4.68214452e-02  3.07796225e-02 -2.22584531e-02 -2.40626577e-02
 -6.29908815e-02  4.56154958e-04 -1.00239748e-02  7.61652887e-02
  3.49135622e-02  1.00330956e-01 -4.15293016e-02  7.50113875e-02
  5.38981371e-02 -6.66484833e-02 -8.46138503e-03  3.32161337e-02
  5.40646166e-02  2.44262908e-02  2.49151327e-02 -4.77175526e-02
 -2.37365551e-02  2.95521747e-02  1.14404880e-01  7.59017700e-03
  8.65725353e-02  4.28376608e-02  1.45031521e-02  4.25085388e-02
 -2.47412529e-02  3.07834335e-02 -5.08771911e-02 -5.08587845e-02
 -2.57193092e-02 -2.80262884e-02  3.93142477e-02  1.18573949e-01
  4.48672043e-04  1.14056572e-01 -2.72313207e-02  9.68011990e-02
 -5.17789200e-02  6.73337579e-02 -1.14177510e-01 -3.48937176e-02
  5.44633530e-02 -2.69647986e-02  7.05680177e-02  2.04557460e-02
 -2.93839667e-02 -2.77099032e-02 -6.93803206e-02 -7.55812153e-02
 -2.99294908e-02  4.58913930e-02 -1.90931987e-02 -2.49438807e-02
 -2.43047737e-02 -2.27106456e-02  1.73293892e-02 -1.00286103e-04
  2.44453941e-02  5.32404557e-02  4.00113128e-02 -2.49447338e-02
 -2.03396399e-02 -2.04067044e-02 -5.66217601e-02  4.95426469e-02
 -5.62655227e-03  2.09291540e-02 -3.77801768e-02 -1.21028192e-08
  5.36342897e-02 -9.56929196e-03  9.78784412e-02 -2.74206679e-02
  7.40651414e-02  6.94729481e-03 -4.89192978e-02  1.33919446e-02
 -7.86264194e-04  9.06453952e-02  5.95679693e-02  5.01920246e-02
  3.33644599e-02  2.67787874e-02 -3.10404096e-02  5.39087541e-02
 -6.61045015e-02  5.84662594e-02 -3.91367339e-02  6.15831167e-02
  8.53827074e-02  1.30953721e-03  3.04226036e-04 -1.17634162e-02
  1.34499453e-03 -2.26438679e-02  4.91409078e-02  1.04882747e-01
  7.07349926e-03  6.65272549e-02 -1.24952560e-02  4.81558498e-03
  1.47804376e-02  5.70442602e-02 -4.83548343e-02 -2.74622813e-02
  6.23126142e-02 -3.61787155e-02  4.87702228e-02  3.24875973e-02
  5.62438779e-02 -3.64557505e-02  8.07875693e-02  2.36606393e-02
 -5.26452698e-02 -2.04470172e-03 -6.19666949e-02 -1.29268477e-02
  8.58703703e-02 -1.69610027e-02 -5.68632148e-02 -1.57066714e-02
  1.70014743e-02  1.00697204e-01  4.98373955e-02 -2.03804504e-02
 -1.35350646e-02  3.05410530e-02 -1.89258624e-02  3.40573564e-02
  1.92059446e-02 -7.45701790e-02  2.41847914e-02 -1.48231620e-02]"
317,Financial Product Safety,Social,products,5,0.4301,"[-5.87913357e-02  5.05784247e-03 -6.29593991e-03 -2.94913945e-04
  2.92562190e-02  1.99584719e-02  1.38282418e-01  6.79567680e-02
  6.56253775e-04 -2.83715483e-02  3.41378711e-02 -2.56551038e-02
  4.59173545e-02  5.76226646e-03 -1.00596966e-02  3.05401757e-02
  2.07552724e-02  3.79177257e-02 -1.25621870e-01 -6.06186800e-02
 -7.28496397e-03  6.41287304e-03  8.39665160e-03  5.42301200e-02
 -8.56025293e-02  7.43322894e-02 -1.33064929e-02 -1.59609038e-02
  4.60798889e-02 -1.18433610e-01  1.52246095e-02  8.41979031e-03
  7.53208026e-02 -2.54178364e-02  1.10035166e-02  3.45772654e-02
  2.63042282e-02 -3.71195227e-02 -3.92483994e-02 -2.24796589e-02
  4.42869402e-03 -1.08235694e-01 -8.57023671e-02  3.89705063e-03
  3.86006050e-02  8.60821363e-03  8.20965618e-02  7.28881657e-02
  4.32228036e-02  5.17166629e-02 -8.25196505e-02 -4.85871918e-04
 -6.70826882e-02  2.88107432e-03 -3.64170969e-02 -4.28003632e-02
 -5.53584583e-02  2.20860597e-02  3.98463244e-03 -2.38562766e-02
  9.49507430e-02 -4.96065877e-02 -1.08241200e-01  3.51700559e-02
  4.24488969e-02 -1.69612803e-02 -2.48049032e-02  2.13293582e-02
 -9.03966799e-02  1.70463286e-02  5.86300157e-04 -1.27536210e-03
 -2.24868413e-02  6.82208538e-02  4.35889550e-02  1.12020178e-02
  5.67344315e-02 -8.82405415e-02  4.10690792e-02 -1.65865645e-02
 -2.84322388e-02 -2.65328516e-03 -4.99750488e-02  2.31047329e-02
  1.21408151e-02 -6.21322542e-03 -1.95582304e-02 -2.62412913e-02
 -1.82994939e-02  2.60397643e-02 -4.49213237e-02 -1.24452589e-02
  7.11170305e-03 -1.13891503e-02 -8.42933133e-02  2.90408381e-04
  3.25418264e-02 -6.24311641e-02  7.72041380e-02  2.31964335e-01
 -1.82481613e-02  1.40482001e-02 -1.08634951e-02 -7.38154054e-02
 -9.81313139e-02 -4.13343906e-02 -7.02061877e-02  2.19719801e-02
  8.35304111e-02  7.15231672e-02 -9.95503142e-02 -3.71970311e-02
 -1.14582904e-01  5.39069921e-02 -2.78846733e-02 -3.29778008e-02
 -4.89294995e-03  7.40281958e-03  8.34732503e-03 -3.41384038e-02
  6.37566997e-03  3.47481854e-02  8.10906515e-02  3.10127647e-03
 -1.08969800e-01 -2.58888621e-02 -7.87114026e-04 -4.20454346e-33
 -2.97429152e-02 -3.85809988e-02  1.13645033e-03  6.64131716e-02
 -8.15990567e-02  4.39429730e-02  1.67678180e-03 -3.68564762e-02
  8.76355264e-03  7.96671286e-02 -6.31898716e-02  7.99446926e-02
 -2.59430264e-03  6.20856993e-02  1.78350702e-01  1.90827586e-02
  1.13450112e-02 -6.95854053e-03  2.45807339e-02 -3.13063636e-02
 -8.27919990e-02  5.46061806e-02 -1.25468774e-02  9.71486792e-02
 -2.50470024e-02 -9.07849595e-02  9.01378877e-03 -3.12269293e-02
  2.12602615e-02  1.98972169e-02  6.97747171e-02  5.76270185e-02
  2.31784210e-02 -9.64603871e-02 -7.53384680e-02  6.71351627e-02
 -8.46114289e-03 -1.17853515e-01  5.65705746e-02  3.50609533e-02
  1.03656510e-02  1.57099366e-02 -1.21717826e-02  6.26092628e-02
 -3.80541780e-03  1.64744351e-02  6.34852331e-03  3.17829177e-02
 -2.16419902e-02  1.74175445e-02 -5.55488877e-02  2.51100883e-02
  5.99516928e-03 -4.68748100e-02 -9.36649833e-03 -4.02480364e-02
 -2.09080242e-02 -1.37429545e-02  6.69837669e-02  4.94872332e-02
 -1.08493175e-02  1.43434182e-01  7.39389844e-03  8.76487140e-03
 -7.97489360e-02  1.05029391e-02  4.07329872e-02 -4.95124385e-02
 -7.79371848e-03  3.57479341e-02 -7.83483014e-02 -1.95087539e-03
  8.14457610e-02 -3.47083956e-02  3.08610573e-02  4.66724252e-03
 -2.33827680e-02  2.13317052e-02 -4.50165682e-02  5.68664819e-03
 -1.31411189e-02  6.48043538e-03  5.74321859e-03  8.48789588e-02
 -4.45373133e-02 -1.56600438e-02 -3.76028754e-02 -5.97748570e-02
  2.63609327e-02  1.98626928e-02 -4.37735505e-02  2.78287586e-02
  7.77304592e-03  5.77724278e-02 -6.01051413e-02  3.58644539e-33
 -5.91884777e-02 -6.69890046e-02  8.19309335e-03  6.01980314e-02
  6.37301803e-02 -1.64224431e-02 -2.16548648e-02 -7.01072365e-02
  6.46224665e-03  6.41157627e-02 -4.24025208e-02 -5.20214215e-02
  5.77171445e-02  3.73884924e-02 -6.20742403e-02  7.43120760e-02
  1.32989243e-01  1.28603168e-03  3.40608992e-02 -5.21378778e-02
 -2.17238348e-02  5.41472547e-02 -2.18338333e-02 -1.78782549e-02
 -6.58266693e-02  1.49474367e-02  2.64405869e-02 -1.90107692e-02
 -1.14661371e-02  7.82959908e-03  7.69097954e-02 -8.75754356e-02
 -3.87074947e-02  8.75517800e-02 -1.02202883e-02  4.84825037e-02
  4.45219763e-02  8.55367817e-03  1.82808544e-02 -7.79630616e-02
  1.06717736e-01 -4.22311760e-02  9.02870018e-03  1.09298334e-01
 -1.45963104e-02 -5.32791875e-02 -1.42916851e-02 -4.00865860e-02
  6.00570925e-02  2.43710913e-02 -3.49113792e-02  5.96650094e-02
  2.06061658e-02 -8.37164074e-02 -5.58129251e-02  6.31493004e-03
  2.33588144e-02 -1.76936407e-02 -1.15406364e-02 -1.88886020e-02
 -2.72861719e-02  5.46115749e-02 -1.02473916e-02 -4.94879670e-03
  3.33762802e-02  1.71909928e-02  3.61813419e-02 -1.91942248e-02
  4.62450534e-02  1.00281499e-02  7.66607448e-02  6.95745647e-02
 -6.89038932e-02 -8.13895836e-03 -5.56591712e-02 -1.71434190e-02
 -9.99706313e-02  1.80050246e-02  5.15326438e-03 -3.95756252e-02
  1.62003059e-02 -7.07692280e-02 -2.77959555e-03  3.90002131e-02
 -4.63363938e-02 -2.05045734e-02  1.65116030e-03 -2.48833820e-02
 -2.23649908e-02  1.35789961e-02 -4.91139404e-02  1.55882044e-02
 -6.45454600e-02  1.15772404e-01  7.58028403e-02 -1.26144268e-08
  1.67553257e-02 -1.70318559e-02  9.34164748e-02  4.48675677e-02
  6.43385062e-03  4.76558916e-02 -2.73258127e-02  7.23163784e-02
 -7.04928860e-03  5.18812723e-02  7.36039924e-03  5.08121289e-02
 -5.09647951e-02  9.54032391e-02  6.91088587e-02 -1.76308267e-02
 -5.84158674e-02 -1.50837307e-03 -3.56648676e-02 -4.24275361e-02
  1.04608750e-02  5.81135154e-02  8.41344371e-02 -1.53219057e-02
 -7.03619719e-02 -5.30223399e-02  7.76519626e-02  7.26070628e-02
  2.55656298e-02  5.71256271e-03  1.62227731e-02  2.02338062e-02
  1.28194597e-02 -3.01092230e-02  4.09353971e-02 -1.09295040e-01
  8.79311468e-03  2.16824771e-03 -9.13234800e-03 -3.79719096e-03
 -4.53203991e-02 -1.67809781e-02 -4.18937160e-03 -2.40199529e-02
 -1.70076694e-02 -3.72735336e-02  1.65155611e-03 -2.62649674e-02
 -3.41138057e-02  3.71059589e-02 -7.89362588e-04  2.30737124e-02
  4.94264290e-02 -3.34206969e-02  8.91670468e-04  4.69275611e-03
  5.13696484e-02 -6.97694346e-02 -1.87531430e-02  3.45401913e-02
  7.26866201e-02 -4.61827926e-02  1.20344140e-01  3.38946544e-02]"
318,Financial Product Safety,Social,regulatory,3,0.3854,"[-9.97645035e-03 -9.06596426e-03 -1.74138173e-02 -3.02671343e-02
  9.93731245e-02  7.16240630e-02  1.24618419e-01  3.93865258e-02
  2.61369701e-02  1.58187430e-02 -6.51265122e-03  2.48919372e-02
 -4.90032434e-02  1.46624595e-02 -1.50841344e-02 -2.04312019e-02
  2.18288973e-03  4.98171954e-04 -1.22051507e-01 -5.80672920e-02
  3.94202434e-02  4.23731767e-02 -3.08269002e-02  4.15358730e-02
 -5.88516369e-02 -2.10941937e-02 -7.37239346e-02 -3.07179894e-03
  5.52612804e-02 -6.64192438e-02 -3.59076411e-02  3.79074961e-02
  7.15511665e-02 -4.89381775e-02  3.04516256e-02 -1.59203522e-02
  5.45917079e-03 -5.30193597e-02  3.09923720e-02 -9.60624660e-04
  1.89085230e-02 -9.36768353e-02 -7.73733854e-02  3.55706513e-02
 -1.70927308e-02  2.95548071e-03  5.18143810e-02 -2.46750508e-02
 -7.48772994e-02  3.19140591e-02 -3.21255773e-02 -3.19898650e-02
 -2.78396979e-02 -3.67736816e-02  5.46405278e-02 -9.07142535e-02
 -3.19360197e-02 -9.48313400e-02  4.18738239e-02 -2.43824404e-02
  4.81284484e-02 -8.05793628e-02 -1.04366668e-01  5.01812734e-02
  6.03373758e-02  1.56159950e-02 -4.20273766e-02 -1.91498026e-02
  3.38836983e-02 -6.24713674e-02 -5.18401898e-02 -1.08888894e-01
 -2.18901075e-02  3.98197807e-02  2.29085851e-02 -2.67149918e-02
 -4.90831211e-04  4.14594151e-02  1.41960025e-01 -5.34242131e-02
  6.01818934e-02 -7.87476301e-02  2.76584961e-02 -6.57294551e-03
  1.85818804e-04 -2.50982847e-02 -4.57444228e-03 -2.86864936e-02
  1.50217878e-04  5.32694459e-02 -1.97765548e-02 -3.00592855e-02
  1.62323967e-01 -2.97664553e-02 -6.70668408e-02  4.47748927e-03
 -5.21795861e-02 -7.06397370e-02  5.70862740e-02  2.20842659e-01
 -1.70878824e-02  5.50549105e-02 -1.53205261e-01  5.24608493e-02
 -8.26187879e-02 -4.53055464e-02 -3.43822353e-02  2.68168282e-02
  5.08952327e-02  9.20269936e-02 -6.05710633e-02  5.57115301e-02
  5.44294119e-02 -1.90273002e-02 -1.90430749e-02  1.01473659e-01
  1.02089243e-02  6.40584063e-03  9.58025455e-02  6.33451762e-03
 -7.31373653e-02  1.28486529e-02 -3.44053768e-02 -3.40816565e-02
  6.11447133e-02 -1.37074078e-02 -5.36150821e-02 -6.80450113e-33
 -5.27859256e-02 -2.56764349e-02 -8.87831300e-03  4.71481238e-04
 -4.52845618e-02  4.07275185e-02 -3.45634036e-02 -4.84045334e-02
 -8.54177326e-02  8.42931792e-02 -1.32345855e-02 -2.96392739e-02
 -5.39471358e-02  5.57765551e-02  5.10977730e-02 -3.70893590e-02
 -2.98460424e-02  1.74726564e-02  6.17285147e-02  2.91826092e-02
 -3.13180909e-02 -2.02209167e-02 -5.55206835e-02  1.77268647e-02
  4.25272854e-03 -4.06951196e-02 -7.35223219e-02 -1.72773600e-02
  6.89833835e-02  4.08028774e-02 -4.56112321e-05  1.21867061e-02
  8.10123086e-02 -1.19954422e-02 -2.79653724e-03 -4.11140285e-02
 -2.43100785e-02 -3.09189260e-02 -3.30999531e-02 -8.00117478e-03
  1.46700665e-02  1.62031148e-02 -6.66878670e-02 -1.01887831e-03
  1.53540904e-02  4.36751470e-02 -5.55907115e-02 -9.75071266e-03
  1.70566291e-02  1.08693615e-02 -8.20457842e-03  7.71532357e-02
  1.12932017e-02 -9.15887803e-02  2.90672909e-02 -2.71214005e-02
 -6.58832863e-02 -3.54068330e-03 -6.92627430e-02  1.64937638e-02
 -2.76141497e-03  9.48145017e-02 -5.11711203e-02  7.22853169e-02
  4.05178331e-02  3.49751748e-02 -2.75455154e-02 -4.33896808e-03
  2.40981784e-02 -1.75798479e-02 -6.45322725e-02  2.38808952e-02
  1.25804693e-02  3.85776046e-03 -1.02942279e-02 -7.12618232e-02
 -7.96842352e-02  6.94492310e-02 -5.09782210e-02 -1.76320609e-03
 -2.46957839e-02  5.85428476e-02 -2.84494320e-03  7.50678033e-02
  2.08136179e-02 -2.99414098e-02  5.84950671e-03  2.23884615e-03
  4.31789197e-02  1.52081987e-02 -9.09825861e-02 -8.45511723e-03
  1.85035951e-02  9.43536982e-02  6.82977811e-02  3.53001137e-33
 -5.60234375e-02  3.51531524e-03 -2.22677961e-02  6.39746804e-03
 -1.20526012e-02  3.34494635e-02 -1.28590653e-03 -7.02321604e-02
  6.95566833e-02  3.70836817e-02  5.82305063e-03 -2.34888867e-02
  2.51934659e-02  1.20071600e-04 -7.38705508e-03 -5.67935444e-02
 -5.79326674e-02 -1.08637372e-02 -4.48353067e-02  2.27470528e-02
  1.34667419e-02 -4.00522910e-02  9.80333146e-03  5.32436632e-02
 -1.86730251e-02  1.64569709e-02 -4.35194634e-02  5.75261191e-02
  5.44754453e-02  2.69166045e-02 -5.98795488e-02  3.67200971e-02
 -4.28444222e-02  4.33837473e-02 -8.90816599e-02 -1.58551000e-02
  3.69347483e-02  3.74240950e-02 -3.11504025e-02 -4.33019102e-02
  5.33030741e-02 -3.29284999e-03 -1.59227680e-02  4.67986502e-02
  3.09771691e-02 -3.04702315e-02  9.35745537e-02 -5.23414649e-02
  1.94781329e-02  1.54366000e-02 -5.22119142e-02  4.17287983e-02
  3.25454473e-02 -2.79522454e-03 -2.67053060e-02  2.46130992e-02
  1.13339677e-01 -3.03391665e-02 -4.47125989e-04  3.05030886e-02
  2.34314818e-02  1.14252217e-01 -3.01279239e-02  4.88294326e-02
  4.11119759e-02  1.32784462e-02  1.02613047e-02 -1.65685674e-03
  9.12403911e-02 -5.54686002e-02  3.51365581e-02 -2.12830156e-02
 -1.29190326e-01  9.61971562e-03 -1.38883824e-02  2.51433924e-02
 -8.44543055e-02 -6.74551651e-02 -7.61230141e-02  9.32770595e-02
 -5.35202399e-02  1.69121679e-02 -4.66256542e-03  4.22406159e-02
  6.40583709e-02 -1.59821492e-02  3.83298099e-02 -6.21129349e-02
  1.66021362e-02 -1.80928670e-02 -4.20991965e-02 -5.62124932e-03
 -5.38002364e-02 -4.24261652e-02 -4.34000380e-02 -1.27351205e-08
  1.43202150e-03 -6.23774044e-02  1.01753185e-02  2.26438325e-02
  4.26472677e-03  3.81543674e-02 -2.76581347e-02 -3.22950445e-02
  1.63466074e-02  4.69361767e-02  3.07409912e-02  5.76097332e-02
 -3.70877385e-02  2.24409569e-02  6.61175698e-02 -3.53327096e-02
 -1.43711939e-02  7.98083916e-02 -3.48434113e-02  6.30711019e-02
 -6.79878239e-03  3.03125624e-02  5.42327538e-02  1.90793052e-02
 -5.48045477e-03 -3.11501473e-02  9.94896963e-02  6.52166978e-02
  6.67268932e-02  7.73495510e-02  6.90003484e-02  8.01108032e-02
  7.90829072e-04 -4.05813232e-02 -1.36894077e-01 -9.89990309e-02
  5.81168756e-03 -1.26706762e-02  4.60431213e-03 -2.18206923e-02
 -3.34473215e-02 -1.68911472e-03  1.46986395e-02  3.61509100e-02
  1.17296297e-02  2.79972199e-02  2.61069764e-03 -2.00117622e-02
  8.11552778e-02 -2.37036254e-02  4.08365056e-02 -4.53011207e-02
  1.03745550e-01  1.98520022e-03  2.15771012e-02 -8.46102089e-03
 -5.07961884e-02 -6.02535112e-03 -9.67370123e-02 -1.72742065e-02
  5.49326502e-02  6.65687025e-02  1.27078265e-01 -1.05723076e-01]"
319,Financial Product Safety,Social,product,17,0.3781,"[-8.84602368e-02  4.34467308e-02 -2.43881164e-04 -9.58876917e-04
  3.24363336e-02 -3.17602009e-02  1.82681799e-01  9.57286581e-02
 -6.58613862e-03 -1.29657947e-02  2.39001047e-02 -3.54416110e-02
  5.20632751e-02  1.11543955e-02 -6.06339574e-02  3.42030153e-02
  8.53907783e-03  4.11146693e-02 -1.57561064e-01 -2.58443337e-02
 -4.71052490e-02  4.03076485e-02 -4.40604845e-03  4.76711690e-02
 -7.67094195e-02  7.76110664e-02 -5.85808698e-03  1.91489737e-02
  7.17408136e-02 -9.01402310e-02  4.15566936e-02 -2.25643087e-02
  4.83564474e-02 -2.38258913e-02  2.89344527e-02  1.92011036e-02
 -2.54396861e-03 -2.75486913e-02 -5.30542769e-02 -1.71822198e-02
  1.09593142e-02 -1.20095134e-01 -8.71433467e-02 -7.03513250e-03
  3.01064402e-02  3.94780263e-02  5.39857373e-02  5.03019355e-02
  2.70547476e-02  6.24836758e-02 -9.01734382e-02 -5.49327815e-03
 -5.63185895e-03 -1.61747895e-02 -1.22569753e-02  8.14990886e-03
 -1.53470542e-02  2.13566609e-02 -1.59885529e-02 -3.49608138e-02
  7.63268992e-02 -3.10975537e-02 -1.05056897e-01  4.34566773e-02
  4.83358540e-02  3.76344542e-03  5.79326693e-03 -6.52410761e-02
 -8.69539231e-02  4.17635031e-02  1.99894961e-02  4.69067879e-02
 -2.02004537e-02  2.70032994e-02  3.38858292e-02  1.54260900e-02
  4.39451709e-02 -3.70158590e-02  8.47297758e-02  2.30568368e-02
  3.42297405e-02 -1.39383529e-03 -6.05754368e-02  1.75284110e-02
 -1.89639570e-03 -2.32281368e-02  2.19562072e-02 -3.50114866e-03
 -1.22726038e-02  4.73611727e-02 -3.88861932e-02  1.80566441e-02
  5.60072297e-03 -2.61528101e-02 -9.76829305e-02 -8.34060833e-03
  1.54770892e-02 -6.53608516e-02  1.51666189e-02  2.41688624e-01
 -2.27341335e-02  2.34483052e-02 -6.26528077e-03 -1.34837255e-01
 -5.19796275e-02 -1.62985437e-02 -7.97722563e-02  4.56587486e-02
  5.37891015e-02  3.53799202e-02 -9.27599445e-02 -4.14150134e-02
 -7.69432113e-02  5.20777553e-02 -1.45057077e-02 -9.12455656e-03
 -4.57945801e-02  3.71899866e-02  1.34654297e-02 -4.85597439e-02
  3.17857750e-02  2.97290217e-02  6.05908372e-02  2.14814134e-02
 -1.03553779e-01 -4.84627262e-02  2.21101809e-02 -2.88942499e-33
  1.00331195e-03 -4.21888754e-02 -2.76375320e-02  4.16413285e-02
 -7.40563273e-02  1.67189557e-02 -1.15597434e-02 -2.87624672e-02
  8.98193847e-03  5.73621131e-02 -3.58001478e-02  7.17431307e-02
  3.02103925e-02  7.01519102e-02  1.62785172e-01  3.77148204e-02
  3.29787913e-03  1.91969462e-02  6.07802486e-03 -2.62742359e-02
 -6.94029182e-02  4.87381779e-02 -1.97666697e-02  9.84939709e-02
 -4.14193682e-02 -7.88801908e-02  3.54069062e-02 -3.48413996e-02
  3.92429270e-02  1.20273223e-02  5.48384339e-02  3.57355475e-02
  8.20183605e-02 -9.81718227e-02 -5.33002764e-02  6.76404918e-04
 -4.23448440e-03 -1.46048933e-01  1.97426230e-02  5.40738478e-02
 -2.30514929e-02  2.54135206e-03  4.21792967e-03  5.02728373e-02
 -3.08994688e-02  1.38449362e-02 -4.32001194e-03  2.24647913e-02
 -3.46130766e-02 -2.26712509e-04 -1.76831391e-02  2.02111695e-02
 -6.34404132e-03 -1.69807281e-02 -1.38422642e-02 -1.50076617e-02
 -2.92982347e-02 -4.44489792e-02  4.13424037e-02  1.82332024e-02
  1.61842890e-02  1.13876075e-01  2.11478723e-03 -6.55436364e-04
 -6.76315874e-02 -2.73227785e-02  5.48836105e-02 -3.92680652e-02
 -2.64791236e-03  1.65190082e-02 -7.57218823e-02 -2.05273051e-02
  1.05749734e-01 -2.35285852e-02  2.23501045e-02 -1.83866862e-02
 -2.26348564e-02  1.50130820e-02 -2.88274717e-02 -8.51286226e-04
 -3.20203044e-02 -2.14359025e-03  2.82618403e-02  5.35210036e-02
 -3.99826430e-02 -1.64396735e-03 -5.58920242e-02 -9.60799828e-02
  5.36599569e-02  2.84819566e-02  1.09988156e-04  1.95478592e-02
 -7.46096671e-03  4.34487350e-02 -4.35990468e-02  2.72341874e-33
 -6.01150952e-02 -5.96189275e-02  5.41554205e-02  3.21943015e-02
  6.57780319e-02 -2.92544253e-02  1.36431381e-02 -5.75345345e-02
 -2.33635288e-02  8.18081498e-02 -6.70670718e-02 -5.94543740e-02
  6.04937188e-02  3.43417563e-02 -5.74994348e-02  1.40650079e-01
  1.28307059e-01 -3.03292982e-02  4.79456298e-02 -6.37580901e-02
 -2.47680098e-02  1.73478667e-03 -3.65794636e-02 -3.70020643e-02
 -5.48560321e-02 -1.55800870e-02  4.91280295e-02 -2.63717119e-02
  3.11681423e-02  1.63070038e-02  8.20121467e-02 -5.26842140e-02
 -9.00271013e-02  3.27606909e-02  2.73981271e-03  8.32274258e-02
  9.18568075e-02 -2.58734617e-02  6.54896721e-03 -7.58720487e-02
  4.54491079e-02 -2.96390336e-02  3.11702732e-02  1.05157733e-01
 -8.71035177e-03 -2.51367763e-02  1.56368334e-02 -3.24304514e-02
  4.35246862e-02  3.31736617e-02 -2.65597347e-02  1.67598762e-02
  3.07203438e-02 -8.34483057e-02 -8.14367905e-02 -7.72402622e-03
  3.04088779e-02 -1.80621352e-02 -1.28833065e-03 -8.47208500e-03
 -4.09334414e-02  3.54918987e-02 -3.17792234e-04  3.00099272e-02
  1.58170164e-02  9.41145699e-03  1.61048174e-02 -1.88867573e-03
  1.79893803e-02  2.01032180e-02  8.98410082e-02  6.06464818e-02
 -7.70505667e-02  8.76508653e-03 -3.03336829e-02 -3.52551900e-02
 -9.65583026e-02  1.40461735e-02 -1.76584870e-02 -2.39346437e-02
 -2.06683818e-02 -7.02227429e-02 -4.15076464e-02  1.67609770e-02
 -4.67970632e-02 -5.20766713e-02  1.42511073e-02  1.42098935e-02
 -2.47402787e-02  1.52555723e-02 -5.40373772e-02  3.63131389e-02
 -1.16388656e-01  8.13102573e-02  5.90829141e-02 -1.32963072e-08
  1.66308954e-02 -1.74663961e-02  9.25341994e-02  2.68652979e-02
  2.26121340e-02  3.34517658e-02 -3.57084721e-02  1.24470573e-02
  1.11710804e-03  5.14053553e-02  4.94776331e-02  6.42822906e-02
 -8.08762200e-03  1.08216636e-01  6.22984432e-02 -6.06987998e-03
 -8.32940489e-02  4.36747894e-02 -3.94024476e-02 -3.93197834e-02
  3.80209903e-03  4.02387977e-02  7.17746690e-02 -3.24470513e-02
 -8.44501704e-02 -4.92228009e-02  3.52823511e-02  1.13489397e-01
  3.62072815e-03 -4.45451103e-02  2.30505317e-02  7.45604038e-02
 -1.24070030e-02 -2.09522415e-02  2.63821725e-02 -8.56342688e-02
 -1.89583690e-03  3.32639925e-02  3.58827189e-02  7.61540309e-02
 -4.48747873e-02 -5.32386899e-02  1.07769258e-02 -2.18209326e-02
 -2.47738287e-02 -1.65369548e-02  1.01947756e-02 -2.35283896e-02
 -3.88647728e-02  2.62895450e-02  2.77319923e-02  1.97113920e-02
  3.36966217e-02 -9.19354707e-03  4.42838557e-02  4.85107303e-03
  3.95726860e-02 -3.96394245e-02 -2.91400626e-02  3.82517055e-02
  9.64023620e-02 -1.27194198e-02  4.72757816e-02  3.42206918e-02]"
320,Financial Product Safety,Social,protection,2,0.3731,"[-9.75529402e-02  1.56477854e-01  1.42438402e-02  2.53251772e-02
  1.01619817e-01  1.07075833e-01  1.71323821e-01  3.52011323e-02
  1.17404119e-03  3.32761668e-02  7.32554197e-02  1.59114618e-02
  6.67962357e-02 -1.78143457e-02 -2.03703903e-02 -2.80623231e-02
  6.85456246e-02  9.99524537e-03 -1.50496706e-01 -2.54489668e-03
 -6.99724704e-02  9.61180124e-03 -1.15226638e-02  1.01639284e-02
 -1.08373038e-01  5.56497686e-02 -2.30137315e-02  4.16711234e-02
  6.64631277e-02 -1.01062350e-01 -1.48595497e-02 -8.15754384e-02
  3.99838202e-02  2.28628758e-02 -1.41384825e-01  2.37039523e-03
  3.89491469e-02 -4.48163822e-02 -3.81051330e-03 -7.60900155e-02
 -7.35605881e-02 -3.98315936e-02 -2.43446082e-02  1.14961071e-02
 -2.71595344e-02  5.03952950e-02  6.87524229e-02  1.14549100e-02
  5.64759821e-02 -3.85155715e-02  4.09916788e-02  4.82629500e-02
 -3.38844061e-02  3.08204349e-02  2.30098888e-02 -6.91522881e-02
 -4.16932367e-02 -1.02336630e-02 -4.16923948e-02  4.02657241e-02
  4.33359668e-02  7.81980716e-03 -4.09901850e-02  5.75435571e-02
  2.35738204e-04 -7.54737556e-02 -1.68993603e-02  4.85692509e-02
  3.66366841e-02  1.10973567e-01  9.83045320e-04  1.87999438e-02
 -1.12859830e-02 -1.10021718e-02  5.00197411e-02  5.16800256e-03
 -2.26830468e-02 -1.02626145e-01  5.51060028e-02 -4.35235873e-02
  5.95995337e-02 -1.30996108e-02  2.67457347e-02  3.62121686e-02
  4.53167455e-03  4.97368835e-02  6.76593482e-02 -7.13469833e-02
  3.68404784e-03  8.22397135e-03  2.29835361e-02 -4.19977494e-02
  6.98109493e-02  4.23528142e-02 -6.54232129e-02 -3.84042487e-02
 -3.56890820e-02 -4.36199680e-02 -8.33938420e-02  2.32245237e-01
  3.88980359e-02 -4.77823429e-02  7.35321315e-03  6.34828210e-03
 -3.59055325e-02 -6.68841526e-02  4.60599223e-03 -3.93613726e-02
 -1.71512850e-02  5.79311438e-02  2.85750218e-02  4.03763875e-02
 -6.31763265e-02  3.28203253e-02 -2.33539920e-02  2.35344353e-03
 -3.60849686e-02 -1.03586782e-02  7.71719664e-02  4.23207617e-04
  6.51405081e-02  4.74766421e-05  7.69844502e-02 -2.26118276e-03
 -3.66469361e-02 -8.43756869e-02 -6.15748111e-03 -5.56810919e-33
  4.62818108e-02 -5.57354465e-02 -2.93816049e-02 -2.54350100e-02
 -1.37773594e-02 -2.47831503e-03 -1.90730020e-02 -3.25455293e-02
 -4.64241393e-02  7.76896849e-02 -2.35843081e-02 -1.78220980e-02
  5.97692886e-03 -2.39431318e-02  1.01458564e-01  6.99766576e-02
 -5.22757471e-02  2.66252533e-02 -4.85456316e-03 -8.57422687e-03
 -3.48992571e-02 -4.14597318e-02  4.42505851e-02  7.98932984e-02
 -3.74856405e-02 -3.82454544e-02  2.05156524e-02 -5.76268844e-02
  2.91397162e-02  5.68608493e-02 -7.28124231e-02  8.18610713e-02
 -1.93952657e-02  3.44715156e-02  1.51519962e-02  1.26851335e-01
 -3.84150334e-02 -1.11783817e-01 -1.12720737e-02 -4.75306101e-02
 -5.03589958e-02 -2.03102753e-02  2.85625318e-03  1.74683915e-03
  4.83498275e-02 -1.86700877e-02 -7.13444427e-02 -3.54064517e-02
 -1.45099714e-01 -8.24787747e-03 -2.91242115e-02 -1.47567014e-03
 -3.82997207e-02 -2.83390954e-02 -8.45595896e-02  6.70963293e-03
 -6.24817051e-03  3.57822195e-04 -7.85233732e-03  2.89244093e-02
  1.39726708e-02  1.73409265e-02  6.76471181e-03 -1.27290199e-02
 -1.94441415e-02 -9.41591263e-02  5.29083386e-02 -8.53932798e-02
  1.85960773e-02 -2.52617374e-02 -1.11556150e-01 -3.71793844e-02
  5.05852439e-02 -8.50654207e-03 -7.56995976e-02 -1.25353076e-02
  4.45462577e-02  3.86879854e-02  2.53185686e-02 -5.03223687e-02
 -7.17052370e-02 -3.05082500e-02 -2.39463130e-04  4.95388433e-02
  1.99100561e-03  9.92970262e-03  2.61418261e-02 -3.45888883e-02
 -2.89262161e-02 -2.76477053e-03  2.63550039e-03 -3.95821482e-02
  5.79474382e-02  3.19636241e-02 -8.21816921e-03  4.32435021e-33
 -2.74416488e-02 -2.87179369e-02 -1.03759253e-03  4.28488068e-02
 -8.39125365e-02 -3.29249650e-02 -1.65685359e-02  8.33088532e-04
 -6.56862259e-02 -8.88240233e-04 -5.13233021e-02  7.98711181e-03
  7.67386928e-02  8.01767223e-03  3.82082127e-02 -4.71763238e-02
  2.15194300e-02 -9.19072423e-03  2.24721548e-03 -4.60266098e-02
 -5.84363611e-03  2.50140745e-02  8.39880109e-03  6.02954999e-02
 -6.21677525e-02  1.59140828e-03 -5.70946522e-02  1.00049016e-03
  5.81598580e-02  4.06345651e-02  4.35462072e-02 -2.55507920e-02
 -6.58552274e-02  4.48007882e-02 -7.42596686e-02  2.96098553e-02
  1.24393955e-01  5.05404361e-02 -4.05138470e-02 -4.74522859e-02
  4.24911343e-02  3.84298600e-02 -7.44897407e-04  4.07418273e-02
 -1.65154915e-02  2.64249537e-02  5.65503500e-02  1.72665659e-02
  3.64267714e-02  4.20385273e-03  2.55596209e-02 -2.53848210e-02
  3.43178250e-02 -1.34424986e-02 -3.00269574e-02 -4.93679941e-02
  4.37569246e-02 -7.81108905e-03 -2.07664240e-02  2.98465583e-02
  9.73835215e-03  7.20250830e-02 -2.88373157e-02  5.06618954e-02
 -2.86156461e-02  3.59688587e-02 -6.11557104e-02  5.03251664e-02
  5.48707359e-02 -1.47280684e-02  1.68809444e-02  7.17316801e-03
 -1.98011808e-02 -2.29562894e-02 -7.97173157e-02 -5.53993881e-02
 -8.17014277e-02 -4.82720882e-02 -6.35539144e-02  7.51181021e-02
 -4.46075723e-02 -1.04658283e-01 -7.38807917e-02  1.92144364e-02
  4.69929092e-02 -5.44243716e-02  8.16074535e-02 -3.20319533e-02
  1.88520029e-02 -3.21195312e-02 -5.00181615e-02  5.96998036e-02
 -1.46394461e-01  2.58651804e-02 -4.89755645e-02 -1.25496342e-08
  3.70997526e-02  2.38879323e-02 -3.09917587e-03 -6.03107847e-02
  2.97401492e-02  2.88320892e-02 -2.81070415e-02 -6.51013330e-02
  2.13800017e-02  3.69487703e-02  8.61813799e-02 -3.79975960e-02
  5.61647303e-02  1.73463486e-02  1.95339806e-02  4.58175316e-02
 -4.12321202e-02  4.06814702e-02 -6.33819699e-02  2.92685665e-02
  2.47978680e-02 -5.99685730e-03 -8.43694061e-03  4.99140583e-02
  5.75636933e-03  2.89190933e-02  5.86142726e-02 -9.91047639e-03
  1.61118098e-02  7.78239071e-02 -2.92922650e-02  2.14850120e-02
  1.74363628e-02  1.94802675e-02  8.91769025e-03  7.38227442e-02
  4.32818495e-02 -9.05689783e-03  5.25567196e-02  2.98445038e-02
 -1.21937906e-02 -3.84782292e-02  1.11477613e-01  3.18454914e-02
 -4.14055889e-04 -1.06408086e-03  8.25463049e-03 -2.34711654e-02
 -1.93597768e-02  6.47378340e-02  8.36710387e-04  2.76345834e-02
  4.20883596e-02  1.37311861e-01 -1.28830066e-02  8.96464102e-03
  5.92996627e-02 -6.53807539e-03  5.19588217e-02  5.13749532e-02
  1.56871714e-02 -4.91175205e-02  1.07738964e-01  4.61376421e-02]"
321,Financial Product Safety,Social,regulations,3,0.3694,"[-1.37668671e-02  3.70057784e-02 -3.92516181e-02 -4.90847789e-02
  4.17462252e-02  1.28681203e-02  3.90330218e-02 -1.86224841e-02
 -5.24892136e-02  7.08536524e-03  1.53295537e-02 -4.81803296e-03
 -3.43931317e-02  4.67960313e-02 -5.92295267e-03 -6.21640272e-02
  1.85948610e-02 -7.20228814e-03 -1.45375326e-01 -1.88604761e-02
  1.03472896e-01  1.91468075e-02 -2.15231031e-02  3.67338657e-02
 -9.95701626e-02  1.30569860e-02 -6.88975453e-02  1.04146916e-02
  6.95328265e-02 -6.60075471e-02  1.50289917e-02  6.00591674e-03
  8.55793804e-02 -3.34286466e-02  1.71415071e-04  1.87141337e-02
  4.55356911e-02 -6.84814081e-02  2.10846253e-02  9.24973190e-03
 -5.21839084e-03 -8.36805180e-02 -6.14777394e-02  2.11169980e-02
  4.07508798e-02  7.51563907e-02  4.44236360e-02 -5.12170643e-02
 -6.18753247e-02  1.75920930e-02  1.72735602e-02  3.93362716e-02
 -4.06089751e-03  4.35222536e-02  5.66044450e-02 -1.08053558e-01
 -2.12592948e-02 -4.88876961e-02  1.60805266e-02 -2.59067230e-02
  7.63867274e-02 -6.85846135e-02 -1.24297678e-01  3.41318659e-02
  2.32213270e-02 -4.21854062e-03 -9.93506089e-02  2.20775306e-02
  2.19063535e-02 -3.98914889e-02 -6.49698302e-02 -2.75329463e-02
 -1.97125804e-02  8.79896656e-02  3.59157380e-03 -3.16008329e-02
 -1.36949280e-02  5.69366068e-02  7.45645016e-02 -1.01927474e-01
 -3.10177263e-02 -5.86653389e-02  4.30900156e-02  2.07847380e-03
  2.68729795e-02  1.42862396e-02  1.32490732e-02  2.10293923e-02
  3.18287946e-02  5.53985499e-02  2.67640892e-02 -5.34496456e-02
  9.79918316e-02 -1.28577114e-04 -1.07902840e-01 -2.52809059e-02
 -3.01062539e-02 -6.41083643e-02  5.04950434e-02  2.14423388e-01
  1.22493424e-03  2.80552059e-02 -1.18816167e-01  3.97746749e-02
 -4.47193682e-02 -1.54403076e-02  2.69507430e-03  1.59833580e-02
  2.29751896e-02  6.71353415e-02 -1.16528803e-02  8.11482817e-02
  2.25398000e-02 -4.25110422e-02  3.93600650e-02  2.87107527e-02
 -2.02258825e-02  1.92864775e-03  8.37952122e-02  8.00472312e-03
 -3.71954441e-02  6.25904500e-02  1.71636064e-02 -4.78117019e-02
  8.92940462e-02 -8.86320695e-02 -1.29342690e-01 -6.59652165e-33
 -2.32906565e-02 -2.20373161e-02 -4.98837419e-02  5.57699949e-02
  2.77873565e-04 -3.02144384e-04 -5.51686510e-02  9.40711051e-03
 -3.74597982e-02  1.09391645e-01  4.73989733e-02  9.50816646e-03
 -2.35500261e-02 -3.39884423e-02  1.17307082e-01  1.31861093e-02
 -6.42506965e-03  3.48379128e-02  4.29442376e-02  4.47196104e-02
  3.85596976e-03 -9.78023782e-02 -2.25377232e-02  3.24582346e-02
  9.21743363e-03  1.41920242e-02 -2.51496620e-02 -3.80565636e-02
  9.94181260e-02  4.67762612e-02  1.90088358e-02 -1.40967760e-02
  1.11824811e-01 -2.36215983e-02  3.12528573e-02 -1.30262715e-03
 -7.06344619e-02 -2.76867347e-03  1.46587016e-02 -3.84912677e-02
 -3.54910307e-02 -4.10927758e-02 -4.00558598e-02  2.71329489e-02
 -1.13605559e-02  6.17034473e-02  4.60972115e-02 -4.09827456e-02
 -2.38103792e-03  5.01079150e-02 -2.73914658e-03  3.03538330e-02
 -4.53151092e-02 -7.76246861e-02  9.48501471e-03 -4.89678904e-02
 -4.48784232e-02 -1.16035408e-04 -5.07519320e-02  2.66992487e-02
  4.28849272e-02  1.35240376e-01 -4.65338305e-02  6.28709793e-02
  6.30346267e-03 -4.67980169e-02 -2.95293378e-03  1.49808172e-02
  4.58720736e-02 -9.24098343e-02 -7.71273375e-02  2.34914608e-02
 -2.09354907e-02  3.47978435e-02 -3.93678434e-02 -3.49563062e-02
  2.52835304e-02  4.88097407e-02 -3.04461867e-02 -8.48256573e-02
 -5.85305281e-02  6.33657053e-02  3.67594324e-02  3.80717739e-02
 -1.81475170e-02 -1.86278466e-02  5.19577153e-02  2.61086263e-02
 -4.19579782e-02  1.28766224e-02 -6.73416704e-02 -5.95281683e-02
  7.13852234e-03  2.66792346e-02  3.30789611e-02  3.25968734e-33
 -9.50840581e-03  1.69723516e-03 -2.03783941e-02 -1.68475639e-02
  1.88355111e-02  1.54306795e-02 -4.22555730e-02 -3.53428721e-02
  8.65919366e-02  3.23318355e-02 -3.50002907e-02 -5.38099296e-02
  7.09019527e-02  1.06314262e-02 -2.91092116e-02 -6.51591122e-02
 -4.05799709e-02 -1.46838995e-02 -5.69133088e-02 -4.48677968e-03
 -5.62290382e-03 -6.81484118e-03  2.17231847e-02  3.63922939e-02
 -9.97530594e-02  1.16663342e-02 -1.08237632e-01 -1.26417307e-02
  2.19919533e-02 -1.84578355e-02 -6.84502274e-02 -2.19693016e-02
 -5.31784780e-02  7.76213631e-02 -7.52510428e-02 -7.84793943e-02
  1.53468512e-02 -2.60347296e-02 -2.23762193e-03 -3.90340500e-02
  8.35431665e-02  3.11537087e-02  4.08860222e-02  1.02207854e-01
 -2.67961528e-02  2.47331080e-03  5.95446490e-02 -4.75645326e-02
  5.33303954e-02 -3.80123630e-02 -1.96812972e-02 -3.08712497e-02
  5.84613532e-02 -4.58176360e-02 -2.14288831e-02  3.63756977e-02
  3.17301862e-02 -4.01691422e-02  1.63095016e-02  2.50447039e-02
  5.94753586e-02  8.72161314e-02 -8.97427574e-02  1.01574861e-01
  7.23135006e-03 -8.14427622e-03 -4.23010439e-02  3.54279764e-02
  8.08221176e-02 -4.80013108e-03 -4.80468245e-03 -3.45807374e-02
 -1.29605353e-01  3.79536487e-02 -2.17703115e-02 -3.59764434e-02
 -7.26216938e-03 -4.69438918e-02 -6.83075041e-02  3.92786562e-02
 -6.96852431e-02  4.00418416e-03 -5.70693910e-02  8.77165049e-02
  7.22192600e-02 -3.41528608e-03  5.91815487e-02 -8.08501244e-02
  1.37558952e-02  2.32670028e-02 -2.70232242e-02  4.86638360e-02
 -3.02216094e-02  4.83644344e-02 -6.09035082e-02 -1.30114222e-08
 -2.78314445e-02 -4.45132144e-02 -2.12802291e-02  1.96217559e-02
 -5.16965240e-02  1.05997436e-02 -1.04612792e-02 -1.35486685e-02
  3.29010142e-03  8.33059475e-02  1.29773216e-02  4.97439764e-02
  8.11272953e-03  3.14493082e-03  5.18515799e-03 -2.36006379e-02
  1.06524704e-02  6.77156895e-02 -4.64488156e-02  9.47631821e-02
 -3.70842381e-03 -1.74680408e-02  2.82405484e-02  2.74669398e-02
 -5.88039821e-03 -3.45301479e-02  5.60135394e-02  5.89562543e-02
  4.29850742e-02  1.31039634e-01  4.17617820e-02  1.16657861e-01
  2.69968100e-02 -2.22496223e-02 -1.01828940e-01 -8.39024335e-02
 -2.89107785e-02 -1.40308654e-02  4.61165272e-02 -3.25600430e-02
 -7.62976110e-02 -2.21224036e-02  5.86931296e-02  4.91644032e-02
  3.97027545e-02  4.17550616e-02 -3.36247571e-02 -7.36592384e-03
  3.84225398e-02 -1.52405920e-02 -1.12363445e-02 -2.36193947e-02
  9.14809182e-02  2.91752927e-02  3.49343345e-02  2.29694117e-02
  9.39190562e-04 -2.78747845e-02 -5.84949180e-02 -1.48911458e-02
  5.22434115e-02  9.19959247e-02  9.12347287e-02 -3.99964899e-02]"
322,Financial Product Safety,Social,hazardous,3,0.3663,"[ 3.36181857e-02  2.71987747e-02 -4.76677194e-02  2.76505239e-02
  6.56606583e-03  1.38589852e-02  1.40101403e-01  6.82627112e-02
 -5.25325574e-02  1.36720287e-02  4.90989052e-02 -4.50298898e-02
  4.24380898e-02  4.22107615e-02 -1.00600243e-01 -5.09844609e-02
  5.06010763e-02 -6.61694035e-02 -9.73934531e-02  1.02492444e-01
 -1.12089198e-02  8.46796185e-02 -2.34195665e-02  2.03038268e-02
 -7.97160938e-02  4.40675057e-02 -1.53856268e-02 -9.13413428e-03
  4.69441153e-02 -4.30072807e-02  5.77479005e-02  4.95515987e-02
  8.29089899e-03 -2.31390446e-02  3.32390331e-02 -6.33116998e-03
  5.37989922e-02 -2.02336349e-02  9.36218426e-02 -2.75159441e-03
 -3.50477174e-02 -1.05359122e-01 -3.51316780e-02 -3.71977314e-02
 -2.71381568e-02 -1.95543822e-02  2.15438940e-02 -1.08409300e-01
  2.55157594e-02 -3.69405113e-02  3.36935706e-02 -1.39342016e-02
 -4.38927114e-02  7.82698952e-03  3.32050957e-02 -1.18391715e-01
  9.02655162e-03 -9.55020487e-02 -5.86451069e-02 -2.72641983e-02
  4.76287603e-02 -1.04010943e-03  1.76519565e-02 -1.02260374e-02
  4.17996868e-02  3.39039154e-02 -1.73510369e-02  3.28128412e-02
  6.00876249e-02  2.39341985e-02  4.13240120e-02 -1.62909850e-02
  2.47936845e-02  2.17314884e-02  1.04371179e-02 -7.29172025e-03
  3.30745131e-02 -1.85564123e-02  6.34588897e-02 -1.61907841e-02
  2.84197554e-02 -1.54948542e-02  1.00812351e-03  1.35345990e-02
  7.45764598e-02  5.32989949e-02 -3.81047651e-02  1.07848654e-02
 -4.58312705e-02  3.54232900e-02 -5.83537892e-02  2.26350017e-02
  1.26044959e-01  4.78997193e-02 -8.27203393e-02  5.16278343e-03
 -2.03440655e-02 -3.52836698e-02 -2.69022305e-02  1.96647733e-01
 -1.98529493e-02  8.41041952e-02 -1.42771110e-01  3.23566571e-02
 -3.72415558e-02 -8.55950043e-02 -3.30525935e-02 -2.17656046e-03
 -4.40239795e-02  1.96611006e-02 -3.39773037e-02  1.37885381e-02
 -1.03431921e-02 -2.92361318e-03 -2.45373119e-02  7.95534775e-02
 -1.40500944e-02 -8.64026137e-03 -3.13052498e-02 -7.10044801e-03
  1.59120513e-03  4.94909566e-03 -2.40022652e-02  8.87269527e-02
 -2.00510658e-02 -1.12515062e-01  3.60509902e-02 -5.28631454e-33
  4.97373939e-02  2.88053304e-02  3.43766399e-02 -2.57512219e-02
  1.36949145e-03  2.99582463e-02 -2.12507956e-02 -6.26577660e-02
 -9.11462959e-03  8.65528658e-02  5.42914495e-02  3.61969434e-02
 -3.58335711e-02 -2.29122266e-02  5.20854779e-02 -1.64414849e-02
 -5.65107092e-02  1.90412309e-02 -6.94071949e-02 -8.63353387e-02
 -2.33589113e-02 -1.35708097e-02 -1.50470156e-02  3.42396535e-02
 -2.94376463e-02  7.71994367e-02 -5.94190620e-02 -1.10596679e-02
  1.51060903e-02  3.47706117e-02 -4.67445664e-02  4.27411087e-02
 -5.40690543e-03 -6.72966167e-02 -2.35548872e-03  2.73717754e-02
 -1.63411036e-01 -3.67207080e-03 -2.85879988e-02 -2.76228189e-02
 -7.26292729e-02 -5.64970933e-02  3.00669074e-02  8.02282766e-02
  8.89691934e-02  5.79988286e-02  1.32624758e-03 -2.33690366e-02
 -5.89825921e-02 -7.19686598e-02 -4.90228534e-02 -1.07666859e-02
 -1.90308094e-02 -1.32080568e-02 -4.09076698e-02  1.76735353e-02
  7.66746998e-02 -2.99134199e-02 -2.23720148e-02  4.01154757e-02
  5.77397039e-03  1.09947443e-01 -1.16138488e-01  2.16817483e-02
  4.16414104e-02 -1.04385674e-01  1.06566567e-02 -3.26543823e-02
  5.29970489e-02 -8.02647136e-03 -1.31882560e-02  3.35926153e-02
  6.16881810e-02 -3.88387591e-02 -4.46795970e-02 -1.04474174e-02
 -1.92291420e-02  9.91635863e-03 -3.58564332e-02 -4.23198678e-02
 -8.71006325e-02 -1.26206772e-02 -2.40482185e-02  5.43570258e-02
 -4.96349260e-02 -4.09848802e-03  1.07323369e-02  1.46718100e-02
 -6.96007013e-02  1.18430816e-01  2.47312952e-02 -1.14397053e-02
  7.97810927e-02  1.01005491e-02 -8.96936655e-02  4.11757965e-33
  1.98520342e-04  7.18728378e-02 -1.02983154e-01  9.98334214e-02
 -7.36531662e-03 -6.25638105e-03  3.81841660e-02  8.12274814e-02
 -6.35823794e-03  6.78592995e-02 -7.43380040e-02 -5.13363816e-03
 -3.43821980e-02 -4.29865122e-02  5.29592596e-02  4.55097295e-02
  5.37052974e-02  8.32029060e-02 -9.96299088e-03 -3.61700095e-02
 -7.31146103e-03 -2.45636255e-02 -5.86436428e-02 -1.40361004e-02
 -6.93863183e-02  4.77461293e-02 -4.25270945e-03 -7.54400045e-02
 -3.99646498e-02  6.25000075e-02  8.42452794e-03  1.16787367e-01
 -2.55111307e-02  2.04851422e-02  1.14069246e-02 -9.41408426e-03
  3.87362912e-02 -3.91916446e-02  1.59339327e-02 -5.02454191e-02
 -6.77362410e-03  9.85735655e-02  3.85052338e-02  8.79416317e-02
 -5.14227934e-02  5.96723892e-02 -2.58306768e-02 -4.15263511e-02
  1.13529535e-02 -1.39235677e-02  5.47584100e-03  3.07253338e-02
 -3.85074504e-02 -1.19273434e-03  3.91000845e-02  3.55797745e-02
 -1.08840175e-01 -3.50662395e-02 -3.25829722e-02  7.26489350e-02
  7.02428147e-02  5.06622680e-02 -9.27157849e-02  6.06623180e-02
 -5.33834435e-02  1.37396147e-02 -1.10342667e-01 -5.14436886e-02
  3.13733779e-02 -1.78223867e-02  9.36972573e-02  3.53354104e-02
 -6.09151497e-02 -7.34398589e-02 -8.10820684e-02 -1.17302403e-01
 -5.61214313e-02  3.61130349e-02 -2.75941473e-02  2.15428695e-03
 -1.67345479e-02  1.82411645e-03 -3.16477008e-02  1.06995218e-02
 -2.30211746e-02 -2.87960954e-02  2.12054979e-02  4.23414297e-02
 -2.39861291e-02 -2.11306587e-02  2.22829375e-02  4.92857881e-02
 -4.79175448e-02  1.64173543e-02  4.48340038e-03 -1.25393136e-08
 -3.28386039e-03 -1.37985771e-04 -3.81266922e-02 -5.44687547e-02
  4.83740531e-02  9.37295053e-03 -7.75343971e-03 -1.67516933e-03
  1.31405927e-02  4.93730642e-02 -5.61614893e-03 -8.55904147e-02
  2.15931591e-02  6.71152696e-02 -4.09371639e-03  1.55608086e-02
  2.71132961e-02 -2.55326815e-02 -2.14249883e-02  3.97893041e-02
 -4.29341896e-03  3.08604538e-02 -9.67544224e-03  1.81668848e-02
  1.35402789e-03  4.98431548e-03  6.49491847e-02  3.21490094e-02
  1.02267787e-01  8.81590545e-02  5.10878973e-02  5.91037758e-02
 -3.89746688e-02  5.37229106e-02 -9.62898880e-02 -5.05180247e-02
 -2.96734534e-02 -6.75147548e-02 -4.13071997e-02  7.76148736e-02
 -6.46613585e-03  5.39433956e-02  1.33961551e-02  6.58269227e-02
  3.79588120e-02 -4.97087762e-02 -8.37837346e-03  3.23111601e-02
 -1.13109061e-02  9.13830474e-03 -6.54465007e-03 -7.43433461e-03
  1.75788049e-02  3.80689465e-02  1.53556364e-02  1.24263661e-02
  4.27150466e-02  4.39925306e-02 -1.47012640e-02 -5.09436242e-03
  1.73042178e-01 -1.87457725e-02  2.43793391e-02  3.01614515e-02]"
323,Financial Product Safety,Social,firms,2,0.3591,"[ 4.55427170e-02 -5.14474399e-02 -3.40151824e-02 -9.43096727e-03
 -4.15626019e-02  4.47876528e-02  6.03061393e-02  4.33390774e-03
  2.01840922e-02 -3.88038382e-02  3.06166727e-02  1.82030071e-02
 -6.06387705e-02  2.86878776e-02 -3.18709924e-03 -9.61131509e-03
 -4.67724390e-02  1.33355828e-02 -3.20002772e-02 -6.41568303e-02
 -6.87891096e-02 -1.06863007e-01 -6.15978017e-02  1.35635929e-02
  2.71833725e-02  2.21176259e-02 -2.53875721e-02  2.58393567e-02
 -1.66780315e-02 -1.16502255e-01 -5.99313453e-02  4.60610241e-02
  6.41061366e-02 -3.74410010e-04  1.86312466e-03  5.29763103e-02
 -4.40685265e-02  2.03403598e-03  2.75597237e-02  2.33062468e-02
 -2.26125252e-02 -3.46142054e-02 -3.47672552e-02 -1.82661712e-02
  1.09179160e-02 -2.89459266e-02  4.33661155e-02  6.30058572e-02
  8.77029542e-03  2.16288734e-02 -3.04527786e-02 -4.76652086e-02
 -7.58213922e-03  2.71017682e-02 -3.68350223e-02 -2.00231895e-02
 -3.48318666e-02 -8.15289561e-03 -1.08946743e-03 -5.75427413e-02
  5.88012077e-02 -3.90327945e-02 -2.43389811e-02  2.62936559e-02
  5.58584519e-02  1.90035179e-02 -5.00808470e-02  9.58415493e-02
 -1.36714175e-01 -3.70485969e-02  6.86904714e-02 -1.03487350e-01
 -4.48155478e-02  1.99236628e-02 -2.46917624e-02  4.02205018e-03
 -2.68966192e-03  6.00860380e-02  7.57404417e-02 -8.12004879e-02
  1.07327141e-02 -1.72388330e-02 -5.17235659e-02  2.62726452e-02
 -7.46765360e-02 -1.06444191e-02  4.69109677e-02  2.99845380e-03
  3.30180041e-02  5.08459844e-02 -5.93606010e-02 -2.09096577e-02
  8.31821095e-03  1.34381037e-02 -3.34463492e-02  6.32172748e-02
  4.70498856e-03 -1.95212439e-02  1.68671403e-02  2.29769811e-01
  1.99089348e-02  1.97528955e-02 -5.09265810e-02  5.47364689e-02
 -8.49010646e-02 -5.53447418e-02 -4.99398597e-02  4.01396826e-02
  8.20454210e-02  4.82567437e-02 -3.82714383e-02  7.69628361e-02
 -8.75141844e-02 -1.01342071e-02 -4.74271365e-02 -6.31937683e-02
 -4.16434519e-02  8.04717094e-02  7.48356208e-02 -3.44967209e-02
 -1.20806862e-02  1.11907534e-01 -7.69639537e-02 -4.72197868e-03
 -5.34469560e-02  7.93040358e-03 -8.92541930e-02 -5.22009050e-33
 -1.73799333e-03  1.16855754e-02  2.92795128e-03  7.31880739e-02
 -3.73716839e-02  2.27270331e-02 -9.09868535e-03  6.17220253e-02
 -6.00792319e-02  6.06682524e-02 -8.92991722e-02  3.00498866e-03
  4.16124538e-02 -4.36063111e-02  1.18855163e-01 -1.88476071e-02
  3.16899866e-02  2.40130667e-02  2.26543918e-02 -8.03738162e-02
 -9.40726995e-02  7.32695833e-02 -1.79301389e-02  6.77540526e-02
 -2.03620102e-02 -1.12969160e-01 -1.09761199e-02  1.19692795e-02
  2.58247908e-02  3.70976776e-02  8.55262727e-02  5.09210601e-02
  1.08178454e-02 -4.81521990e-03 -3.14412564e-02  4.46261056e-02
 -4.36119512e-02 -7.54537508e-02  2.78401189e-02  4.31316383e-02
 -4.42918204e-02  6.91412017e-04 -3.96299250e-02  2.08835155e-02
 -1.80608425e-02  5.00367656e-02 -2.91731339e-02  1.62233738e-03
  3.94768789e-02  1.05265360e-02 -4.63402942e-02  1.26570817e-02
 -1.84943285e-02 -5.69864064e-02  1.27205908e-01 -1.52173173e-02
 -3.08101419e-02 -3.47527005e-02  8.07651319e-03 -9.51236393e-03
 -1.35060465e-02  1.27658099e-01 -3.07066254e-02 -1.91218071e-02
 -6.59699664e-02  8.11195895e-02  6.91454560e-02  2.14748010e-02
  2.32779682e-02 -1.04592126e-02 -3.99722941e-02 -2.56377775e-02
  9.45202634e-02  1.17620630e-02 -4.17207591e-02  2.14338768e-02
 -5.39247170e-02  7.21156001e-02  5.38352458e-03  3.36622708e-02
  1.59518924e-02  2.50353329e-02 -1.34082732e-03  5.00747599e-02
  2.89316829e-02 -3.78625980e-03  7.45018125e-02 -7.03310519e-02
  2.92709973e-02  7.35925287e-02 -1.78506792e-01 -8.74868408e-03
 -7.67484482e-04  9.81435627e-02 -9.95948631e-03  3.39563914e-33
 -2.83696572e-03 -4.52760160e-02 -2.67290659e-02  2.41584890e-02
 -1.05569779e-03  1.16199162e-02  3.28144878e-02 -2.79623568e-02
  2.36465894e-02  6.48631155e-02 -9.22463611e-02 -3.86533961e-02
  4.59448658e-02  1.43250041e-02 -3.94890495e-02 -4.08756994e-02
  8.43398720e-02 -4.14283238e-02 -3.06444205e-02  6.94255903e-03
  5.48886042e-03 -5.45188896e-02  4.74500693e-02  5.23827560e-02
 -3.94843072e-02  6.04419969e-02 -3.90260071e-02 -4.50921990e-02
 -4.33083847e-02 -9.83737223e-03  9.31381248e-03 -1.70075707e-02
 -9.39343199e-02  1.01131693e-01 -5.49597219e-02  7.08925501e-02
 -2.24239696e-02  2.18746644e-02  2.09636497e-03 -6.80170357e-02
  3.40028107e-02 -5.24624959e-02  4.47245166e-02  1.14533700e-01
  8.68039206e-04 -5.69254160e-02  3.89965661e-02 -4.19518799e-02
  6.99397102e-02 -1.82337947e-02 -6.35879040e-02  7.57662132e-02
 -4.06671911e-02 -8.86590686e-03 -6.91974908e-02  3.73449288e-02
  1.58025175e-02 -3.00007015e-02 -3.29663157e-02  2.28386801e-02
  1.30321342e-03  6.76624700e-02  4.12401855e-02  1.12349711e-01
 -4.60155495e-02  5.89729063e-02  2.12330488e-03 -5.00058383e-03
  3.49787809e-02 -4.81280014e-02  8.80051926e-02 -2.36633047e-02
 -5.57372086e-02  3.70071307e-02 -3.63425873e-02  2.86801606e-02
 -6.54677376e-02 -5.49690165e-02 -4.52899896e-02  1.88354272e-02
  9.59330946e-02 -2.21462492e-02  9.49342642e-03  9.64148119e-02
 -6.91738576e-02  1.68696493e-02  6.42221943e-02 -5.43826744e-02
  1.38296392e-02 -5.67176845e-03 -1.56909153e-02 -2.57443488e-02
 -1.10849421e-02  3.78224142e-02  5.32321073e-02 -1.31556810e-08
 -3.96272168e-02 -2.67867278e-02  8.16089436e-02 -4.95273946e-03
  4.71192552e-03 -1.12963453e-01  8.10904894e-03  3.29167694e-02
  9.43497289e-03  4.45135236e-02 -5.39761037e-02 -3.07178944e-02
 -3.04075815e-02  8.47727060e-02 -4.03629895e-03  9.92445202e-05
 -6.12455979e-02  2.92764045e-02 -1.70905888e-02 -1.85605753e-02
  1.25050936e-02  7.80003443e-02  5.04293777e-02  1.26133496e-02
  2.08903756e-02 -3.16495337e-02  3.31244096e-02 -2.85800304e-02
  2.72897743e-02  8.39126185e-02  2.32564621e-02  6.11258745e-02
  4.51042354e-02 -5.57739399e-02 -3.56391110e-02 -4.95199412e-02
  6.22495152e-02 -2.18533422e-03 -2.66088918e-02 -7.98161924e-02
 -6.77721500e-02 -1.11135263e-02 -9.64735728e-03 -4.01376048e-03
  2.19813995e-02 -7.41492063e-02 -6.22253753e-02  4.35870364e-02
  3.98195162e-02 -6.36451542e-02  3.45861875e-02  2.96285246e-02
  3.18762958e-02  3.62924226e-02 -3.23327333e-02 -7.45469034e-02
  3.14335823e-02 -2.78825462e-02 -8.19126442e-02  6.34314911e-03
  3.69614139e-02 -9.48778167e-02  1.21575281e-01  4.23201993e-02]"
324,Financial Product Safety,Social,manufacturing,6,0.3565,"[-5.04827537e-02  1.07648177e-02 -2.13245694e-02  7.44454842e-03
 -3.19682881e-02 -1.99924465e-02  6.48205429e-02  1.47770979e-02
 -4.29868586e-02 -2.32265368e-02  4.22115028e-02 -2.84769088e-02
  1.97285265e-02 -5.39339613e-03 -9.26234871e-02 -3.38307917e-02
  2.55211373e-03 -1.55422809e-02 -3.76534685e-02 -7.81760737e-02
 -4.48908992e-02 -3.46912593e-02  7.42144475e-04  3.97888683e-02
  1.09842364e-02  8.78757834e-02 -6.37926441e-03  3.61939147e-03
  8.65998790e-02 -1.22562505e-01 -5.43107092e-02  6.50579035e-02
  7.30821639e-02 -2.27453280e-02  6.87257051e-02  2.10593697e-02
  3.60077992e-02 -1.78646930e-02  4.19754870e-02 -4.37454768e-02
 -1.05717797e-02 -8.62351730e-02 -4.58751507e-02 -2.39024982e-02
  4.72841077e-02  4.96466830e-02  6.23537004e-02 -8.79024435e-03
 -3.35683711e-02  7.21000582e-02 -4.11893837e-02 -1.36763453e-02
 -4.21999916e-02 -2.87880674e-02  1.64690726e-02  2.70096492e-02
 -2.73070205e-02 -4.82567139e-02 -5.46458922e-03 -1.95131656e-02
  5.31545691e-02 -2.23965030e-02 -7.54126608e-02  2.62599587e-02
  1.24683075e-01  1.79213204e-03 -5.53376451e-02 -8.02986976e-03
 -9.67917666e-02 -1.67294182e-02  7.16470107e-02 -4.25838307e-02
 -5.06838746e-02  7.95268938e-02  2.36942377e-02 -6.06377274e-02
  5.22143990e-02 -4.64545824e-02  3.95100005e-02  5.09117637e-03
  6.19877204e-02  6.11307621e-02 -7.28256479e-02  1.94072537e-02
 -5.22544831e-02 -1.83366500e-02  5.81617579e-02  8.16008747e-02
  5.62787615e-02 -5.51164374e-02 -2.48011928e-02  1.39548065e-04
 -4.83928435e-02 -8.62480234e-03 -8.13401043e-02  6.23223223e-02
 -1.17642898e-02  3.72009426e-02  3.56056243e-02  1.61455050e-01
 -2.07952596e-03  8.20355397e-03 -6.43783668e-03 -5.23826815e-02
 -5.62200882e-02 -4.02110554e-02 -7.72876516e-02  7.74608329e-02
 -3.84403504e-02  5.26274033e-02 -1.95424519e-02  1.32818986e-02
 -6.98416531e-02  3.65284719e-02  3.17582232e-03 -1.45949284e-03
  2.19508819e-02  2.74308361e-02  3.09540667e-02 -2.92711463e-02
  8.64933990e-03  3.79666425e-02 -4.90501150e-02  1.61821526e-02
 -1.00339569e-01 -7.72371441e-02 -6.02168180e-02 -4.09283219e-33
 -6.47446979e-03 -3.35912071e-02  1.34333922e-02  6.84612021e-02
 -3.43195386e-02  4.44018692e-02  1.17229512e-02  8.87886435e-03
  3.38051207e-02  2.55741328e-02 -4.26478460e-02 -4.84644510e-02
 -3.20215747e-02  1.73304528e-02  1.24330111e-01 -5.80845401e-02
 -1.12204417e-03  3.53559889e-02 -1.46842375e-02 -1.04996655e-02
 -1.11520648e-01 -1.36686796e-02  5.76966675e-03  7.34904781e-02
  2.73646340e-02  2.74451803e-02  3.49690788e-03 -3.61503437e-02
 -4.41987105e-02  9.02137719e-03  7.48741701e-02  5.89683130e-02
  4.67558717e-03 -1.70722846e-02 -7.04723457e-03  2.30629202e-02
 -6.35486022e-02 -1.05002299e-01  3.50331739e-02  2.39212811e-02
 -4.10008157e-04  3.07039823e-02 -4.15874086e-03  4.09557931e-02
 -4.85159792e-02  6.93369210e-02  9.70776193e-03  4.03552838e-02
  1.78538095e-02  1.72111634e-02 -7.72458836e-02  5.34175932e-02
  5.47867864e-02 -4.83899862e-02  7.66159520e-02  8.47877527e-04
 -5.82836494e-02 -6.92158267e-02  2.16564313e-02  4.76338342e-02
 -1.33762127e-02  1.34708360e-01 -6.47180006e-02  1.15130842e-01
 -1.09253991e-02  1.49234766e-02  4.21651118e-02  1.39327804e-02
  5.97457439e-02 -4.14076596e-02 -6.78504035e-02 -5.33197932e-02
  7.25290701e-02 -2.47301180e-02 -1.95536520e-02  6.74920529e-02
 -2.39212587e-02  1.34570338e-02 -3.83527391e-02 -1.61183234e-02
 -1.03684239e-01  5.50563745e-02 -4.23122868e-02 -3.24532501e-02
  1.47150643e-02  1.99687388e-02 -8.19378346e-03 -7.76281813e-03
  4.22812514e-02  8.37805793e-02 -1.01286657e-01 -1.94616597e-02
  3.23163986e-04  5.44838905e-02 -4.94246818e-02  2.40733070e-33
 -3.30535173e-02 -5.89864887e-02  1.12282969e-02  3.10458839e-02
 -4.40462343e-02 -8.04150626e-02  1.27488980e-02 -6.51052520e-02
  1.73024908e-02  6.15735129e-02 -5.65406680e-02 -4.92682606e-02
  2.87480988e-02  2.35739518e-02 -6.99132159e-02  4.45125857e-03
  9.98242870e-02  7.60561135e-03 -2.22016871e-02 -3.12785581e-02
  1.91368647e-02  4.55230894e-03 -1.62054822e-02 -1.69397499e-02
 -2.32943203e-02  4.66206037e-02 -2.90888958e-02 -3.70566845e-02
 -1.72493681e-02  1.13840755e-02  3.80011648e-03 -8.34142640e-02
  1.68213267e-02  9.78378803e-02 -5.14273085e-02  8.32190178e-03
  6.92473054e-02  5.22281863e-02  7.28857592e-02 -9.84745100e-02
  8.88181105e-02 -1.23652248e-02 -4.23121378e-02  1.66468069e-01
 -3.97784486e-02 -7.46871084e-02  8.07757583e-03 -6.28802404e-02
  8.97955894e-02 -6.54010754e-03  1.45463608e-02  2.32200827e-02
  1.48304030e-02 -7.16948286e-02 -5.55379391e-02  3.75477001e-02
 -2.06769400e-04 -5.86104766e-02 -5.23248427e-02  1.20841525e-02
  4.10137214e-02  6.07220549e-03  5.40511236e-02  3.69853303e-02
  3.37756053e-02  4.35030013e-02  5.86797446e-02  4.66712052e-03
  2.50030681e-02 -1.31533563e-03  1.29620939e-01  6.69310167e-02
 -1.85390227e-02  2.32584029e-02 -2.82776803e-02 -2.68787723e-02
 -3.66925895e-02 -1.16926408e-03 -3.56110409e-02  5.64464414e-03
  2.66671292e-02 -2.69962009e-02 -1.23250214e-02  1.12197228e-01
 -6.48318827e-02 -1.67972047e-03  6.27248138e-02 -2.05251854e-02
 -5.43282665e-02 -3.24634314e-02 -1.11930743e-02  2.91108433e-02
 -5.64539246e-02  1.25842616e-02 -5.68876369e-03 -1.21153274e-08
 -1.15339952e-02 -8.63988101e-02  1.43925752e-02 -5.70504069e-02
 -6.34262105e-04 -7.46863836e-04  6.22293912e-02  4.76423185e-03
  1.33408513e-02  3.26049514e-02 -1.28626963e-02 -2.81081051e-02
 -1.38636352e-02  5.90204857e-02  5.73344193e-02  8.71489197e-03
 -5.18397056e-02  9.32631642e-02 -8.41340572e-02 -9.10545439e-02
  4.23691459e-02  4.64955643e-02  1.33490130e-01  3.08084693e-02
 -6.83494583e-02 -2.33052932e-02  5.18668965e-02  9.71927948e-04
  4.13411520e-02  7.13197514e-02  8.12759716e-03  3.01318057e-02
  3.49014252e-02  6.59114262e-03 -2.49156021e-02 -1.35924488e-01
  1.52933626e-02 -2.69696470e-02  3.09862308e-02 -1.09047100e-01
 -4.92508300e-02  7.49276280e-02 -3.05402931e-03  8.13021045e-03
  8.65569413e-02 -3.51241045e-02 -7.54333064e-02  6.04137173e-03
 -5.63313030e-02 -1.82137103e-03  2.79223570e-03  3.75939496e-02
  8.07612762e-02  3.40272412e-02 -4.56818350e-04 -1.81543035e-03
 -9.77271004e-04 -6.71172142e-02  8.09934642e-03 -1.07244905e-02
  1.06006920e-01 -5.15545607e-02  1.57987401e-01  3.52598280e-02]"
325,Financial Product Safety,Social,asset,1,0.3554,"[ 2.76875924e-02  1.01640761e-01 -4.87596504e-02 -1.65829808e-02
  2.76473146e-02 -4.25639227e-02  1.97412089e-01  2.33857650e-02
  3.66813727e-02 -1.76951233e-02  2.92166099e-02 -2.66239941e-02
  4.25624382e-03  5.69028128e-03  1.63072031e-02 -3.05346120e-02
  3.09258024e-03  2.33794656e-02 -9.38708261e-02  7.81777799e-02
 -6.89492598e-02 -1.18692862e-02  1.91566404e-02 -1.27120167e-02
  3.40276696e-02 -6.53190352e-03  2.22139917e-02  2.87635326e-02
  3.67311798e-02 -1.38796389e-01  6.72265887e-02  3.40962484e-02
  6.79879962e-03 -1.15779033e-02  4.93681319e-02  7.51050040e-02
  2.61986093e-03  9.03525203e-03 -3.44883315e-02  2.00420860e-02
  6.36370061e-03 -5.11138327e-02  2.29022349e-03 -3.93846333e-02
  3.77767123e-02 -2.27891468e-02  4.96785082e-02  5.27487323e-03
  4.41733897e-02  4.35028523e-02 -7.63399005e-02 -3.94313857e-02
 -8.49089622e-02  1.99888274e-03 -1.41610382e-02  6.54338002e-02
 -1.02076326e-02  4.75986041e-02 -7.87598826e-03 -1.15668168e-02
  6.46233484e-02 -3.97800934e-03 -7.05278339e-03  2.95811351e-02
  1.19819038e-01  1.60868205e-02  8.48139264e-03  1.85441878e-02
 -1.20234519e-01 -5.03714494e-02  1.09393395e-01 -6.94109425e-02
 -5.23867048e-02 -5.42585067e-02  3.82330194e-02 -3.67512926e-02
  5.88652082e-02 -6.44532265e-03  4.73235287e-02 -7.95309246e-02
 -2.18639467e-02 -7.14484379e-02 -1.76234636e-02  3.90805751e-02
  2.83187367e-02  5.70544340e-02 -1.55647693e-03  2.67135780e-02
  9.88103729e-03  9.78502538e-03 -4.86492887e-02 -4.78878915e-02
  1.11625873e-01  5.13495430e-02 -1.86489299e-02  5.20080663e-02
 -1.22062583e-02 -5.45900278e-02 -5.89037202e-02  2.49672353e-01
 -6.29568566e-03  5.34931310e-02  5.57046011e-02  3.36841010e-02
 -1.00431889e-01 -5.13025327e-03  3.95267271e-03  3.29872556e-02
  1.44365719e-02 -1.36973162e-03 -5.89423478e-02  5.85157331e-03
 -8.04131255e-02 -2.01920848e-02  3.24819274e-02 -2.57958639e-02
 -4.17945050e-02 -1.96402874e-02  3.69681194e-02 -4.79817912e-02
  1.00166425e-01  5.98020777e-02 -1.33132832e-02  4.94009182e-02
 -7.97875747e-02 -8.18321407e-02 -1.68122991e-03 -5.03418313e-33
 -3.33694443e-02 -1.74813252e-02  3.54621299e-02  3.60366367e-02
 -7.94243589e-02 -1.94559321e-02 -1.80049967e-02 -5.22781443e-03
 -8.23502466e-02  5.51603884e-02  2.79823430e-02  8.71701762e-02
 -4.36617509e-02  3.79878506e-02  8.51172656e-02  2.25156490e-02
 -5.58058582e-02  1.10110313e-01  1.24344632e-01 -2.45704371e-02
 -3.72852832e-02  6.21721633e-02 -2.19312441e-02  2.98114773e-02
 -1.25270733e-03 -3.52836587e-02  1.67045556e-02 -5.47661744e-02
 -2.69089676e-02  4.29312736e-02 -2.52053537e-03  3.86072025e-02
  2.95974649e-02 -5.72589114e-02 -3.70903872e-02 -2.25634687e-02
 -9.16804746e-02 -1.78342126e-02  2.31783092e-03  3.95895503e-02
  7.84064922e-03 -2.50034332e-02 -4.39574905e-02  3.00649405e-02
 -1.12147657e-02  9.36966483e-03  1.04389690e-01  2.61838976e-02
 -2.40831692e-02  4.15257551e-03  2.38076202e-03 -2.81948014e-03
 -2.22388301e-02  3.79161048e-03 -3.96270491e-02 -2.39401534e-02
 -2.97306571e-02  7.30021611e-06 -6.12171963e-02 -7.07691610e-02
  1.04612097e-01  5.16479388e-02 -3.02653648e-02  4.80635557e-03
 -7.56435394e-02  4.34551947e-02  4.53276560e-02  4.09028158e-02
  3.19683328e-02 -4.23539197e-03 -1.20004103e-01 -2.35839151e-02
  1.27432197e-01  2.57829558e-02  2.27419399e-02 -1.50597906e-02
 -3.93838696e-02  4.83561009e-02 -6.30468652e-02  6.40327930e-02
 -7.09207803e-02  2.08715294e-02 -6.05318509e-03  6.65010214e-02
 -2.91609596e-02  4.10781875e-02  3.96339148e-02 -1.11730359e-01
  1.90082286e-02  1.48384701e-02 -4.09332961e-02 -1.27772044e-03
 -2.77159158e-02  3.40679847e-02 -2.17778012e-02  4.29197526e-33
 -2.74220631e-02 -4.72693816e-02 -5.37162088e-02  9.10634324e-02
  3.92743051e-02 -7.76669756e-02  6.77224249e-02  2.32974486e-03
 -5.47605716e-02  4.70734052e-02 -1.08784046e-02 -8.42246264e-02
 -2.79009435e-02 -5.37657216e-02  1.24981338e-02  2.53486987e-02
  7.95983449e-02 -7.45922253e-02 -5.07965358e-03 -8.67500808e-03
 -4.60713506e-02  2.87203584e-02  1.18635334e-01  2.85756793e-02
 -4.41416427e-02  9.35400277e-02 -1.29337450e-02 -4.61263172e-02
  1.21026975e-03  1.53075205e-02 -1.53728621e-02  1.54669825e-02
  1.66219678e-02 -1.42017072e-02 -4.80273739e-02  3.31795402e-02
  1.43804718e-02 -4.05675918e-02 -2.09512636e-02  2.02254802e-02
  4.93636131e-02 -3.29817571e-02  6.91276565e-02  1.12697445e-01
  3.43663990e-02 -4.27129827e-02  6.30853027e-02  5.50675532e-03
  1.07600197e-01  1.15169939e-02  3.71537320e-02  3.11115105e-02
  8.53514392e-03 -5.00374734e-02 -3.03443819e-02  4.46211956e-02
  5.39568439e-02 -9.77040827e-03 -4.20759059e-03  3.93976346e-02
  2.38117538e-02  6.31038696e-02 -4.11944389e-02  8.40299278e-02
 -6.92690760e-02 -2.07126103e-02 -7.45891184e-02 -3.45371403e-02
 -5.37839420e-02 -1.49470801e-02  4.20911349e-02 -2.41363086e-02
  1.90721452e-02  2.84324028e-02 -5.59696406e-02 -3.10258772e-02
 -1.60957929e-02 -2.72232685e-02  4.48213331e-02 -4.66667600e-02
 -9.89351571e-02 -3.86539698e-02 -9.39555615e-02  5.23884706e-02
 -1.72577444e-02  3.94350290e-03 -9.04857218e-02 -3.80516499e-02
  5.63800475e-03 -6.16345294e-02 -7.11580962e-02  4.64621112e-02
 -1.31299458e-02  8.11922178e-02 -4.66902442e-02 -1.21656072e-08
 -2.04300005e-02  2.89688818e-02  2.87208669e-02 -4.51964214e-02
  2.24027280e-02 -1.28638856e-02 -4.02129851e-02  1.58238877e-02
  4.10369970e-02  9.23637748e-02  5.56381159e-02 -5.66108823e-02
 -1.86709221e-02  5.20635210e-02 -4.09886651e-02 -4.03762162e-02
 -2.62907483e-02 -2.61871064e-05 -4.07797582e-02 -1.01329148e-01
  9.94092599e-02 -9.03626997e-03  2.28397660e-02 -7.80026317e-02
 -4.37495150e-02 -4.40053158e-02 -4.01025712e-02  4.93548214e-02
  1.14769477e-03  3.24682938e-03 -2.10438520e-02  4.03902717e-02
  8.92701093e-03 -2.05599070e-02  1.89701654e-02  1.12119354e-02
  3.27288099e-02  2.88119614e-02 -2.23252475e-02  6.74959868e-02
 -3.54980454e-02 -6.89668134e-02  4.17638943e-02 -1.47302356e-02
 -1.85345486e-03  1.07395034e-02 -5.59280887e-02  1.86226778e-02
  1.79636274e-02 -3.15039009e-02 -4.57505556e-03 -4.81952541e-02
 -1.55814514e-02  5.78598194e-02  3.00119258e-02 -3.85642312e-02
  5.21316975e-02 -9.12662596e-03 -6.64661750e-02  9.27925669e-03
  1.18455723e-01 -7.22152442e-02 -5.68164773e-02  1.61110442e-02]"
326,Financial Product Safety,Social,expense,1,0.3474,"[-1.63565744e-02  1.22137539e-01 -2.57996563e-02  3.27599235e-02
  6.83242306e-02  1.40004624e-02  1.66929260e-01  7.60759460e-04
  2.43970901e-02  3.34730409e-02  4.63297591e-02 -5.17470390e-02
 -5.08533008e-02  1.05642397e-02 -9.97797549e-02 -7.50976577e-02
  3.29526626e-02 -1.19980704e-03 -7.73569420e-02  4.89019752e-02
 -1.59396175e-02 -1.36765861e-03  2.27577947e-02  4.96757068e-02
  2.71918550e-02  2.70599965e-02  1.46996500e-02  6.13175472e-03
  7.20709702e-03 -7.57102221e-02  2.06321813e-02 -4.27430943e-02
  1.42624564e-02 -4.23899032e-02  4.78102230e-02  4.64664288e-02
 -5.71578089e-03  2.42416412e-02  5.97849395e-03  2.25499924e-02
 -7.64634013e-02 -2.54862290e-02 -2.32539140e-02 -1.34546617e-02
  5.91235841e-03 -2.69560460e-02 -1.85616850e-03  2.02831738e-02
  1.25986533e-02  9.10045579e-02  6.37499318e-02 -4.78063943e-03
 -1.75113212e-02 -3.37936394e-02  1.79736875e-02 -3.10974903e-02
  2.50115357e-02 -4.80035096e-02 -3.43269184e-02 -4.56890762e-02
 -4.87143435e-02  1.90160461e-02 -4.99953665e-02  3.73783000e-02
  6.97859749e-02  4.70597483e-03  3.69818462e-03  4.24409546e-02
 -1.32664770e-01  1.60668492e-02 -5.36833704e-02 -1.48961898e-02
 -4.59607914e-02 -3.28484038e-03  4.21848111e-02  1.58316223e-03
  1.23638295e-01  4.52016965e-02  1.96552183e-02 -1.93706118e-02
  4.20274436e-02  3.36726382e-02 -1.93612352e-02  1.57692283e-02
  5.33955880e-02  8.54628440e-03  1.03627564e-02  6.62570354e-03
  1.98306795e-02 -1.75112411e-02  3.39863673e-02 -6.92313984e-02
  3.87494862e-02 -2.94147376e-02  1.68389063e-02  1.80219002e-02
  4.83108778e-03  1.94627605e-02 -8.06125998e-03  1.98196709e-01
  2.67550573e-02  3.62094380e-02  7.45547786e-02  1.26445084e-03
 -2.52007544e-02 -2.99397483e-02  5.35278283e-02  5.80843836e-02
  4.70068492e-02  1.10540800e-02 -3.19636837e-02 -3.84777300e-02
 -4.01170552e-02 -8.05440079e-03  5.39653264e-02  4.43705022e-02
 -6.22379370e-02 -1.50913897e-03  1.00429356e-01 -2.37406678e-02
  5.37673570e-03  1.94806512e-02 -8.19076225e-03 -8.18897411e-03
 -1.40974283e-01 -1.45608738e-01 -3.25344391e-02 -4.58602591e-33
 -2.56209541e-02 -2.07224861e-02 -1.28076319e-02 -3.59212942e-02
 -6.07440099e-02 -2.95109209e-02 -1.83222874e-03  1.37613937e-02
 -5.94907291e-02  2.28315704e-02  8.05824436e-03  1.00406803e-01
 -2.92734113e-02 -3.13319708e-03  9.25004482e-02  2.37428863e-02
  1.61549449e-02  1.50664866e-01  7.20424056e-02 -3.29120792e-02
 -2.79599484e-02 -3.71849686e-02  5.61105981e-02  1.59463584e-02
  1.43072475e-02 -3.47601995e-02  2.01945640e-02 -7.19791427e-02
  4.18083221e-02 -4.64510609e-04  3.01564392e-02  3.29763666e-02
  6.51572794e-02 -1.90885067e-02 -5.70510980e-03  1.47756916e-02
 -3.30419652e-02 -8.46527424e-03  2.12832410e-02 -4.02331613e-02
 -3.07414215e-02 -3.74483392e-02  6.73258351e-03 -4.03363141e-04
 -5.72063550e-02 -4.83943382e-03  1.39663965e-01 -1.64686388e-03
 -8.32640305e-02  2.63123307e-02 -4.88888547e-02 -4.10292782e-02
 -6.79416060e-02 -2.32733916e-02 -3.77232470e-02 -8.45339224e-02
  4.98535447e-02 -3.04846019e-02  2.54601259e-02 -7.09829181e-02
  3.19979750e-02  6.22442784e-03 -5.07050706e-03 -6.28247531e-03
 -4.62354794e-02 -4.69665565e-02  8.69558100e-03 -1.03714662e-02
  4.67853062e-02 -2.92222835e-02 -9.35008228e-02 -3.29899602e-02
  7.16703162e-02  3.46073247e-02  1.88855436e-02  7.09749386e-02
 -2.26736385e-02 -2.99675297e-02 -6.53950172e-03  3.87309231e-02
 -7.47596920e-02 -5.53179942e-02  1.05524752e-02  4.31521684e-02
  1.91366095e-02  1.78157929e-02  2.93569528e-02 -2.26296503e-02
 -2.24195775e-02  2.41286270e-02  1.67030829e-03  5.09674521e-03
 -4.21557091e-02 -5.60809523e-02  5.63131943e-02  3.09865968e-33
  2.54482329e-02  3.72876227e-02  4.10644114e-02 -8.73378292e-03
 -1.73228011e-02  8.45905673e-03 -2.20703594e-02 -6.42618835e-02
  1.45401922e-04  6.98277131e-02 -1.52567521e-01  1.72348600e-02
 -4.07529809e-02  1.07117267e-02  3.87516171e-02 -6.31802157e-02
  6.12586290e-02 -5.03634773e-02 -1.81386690e-03 -5.75728975e-02
 -4.78130504e-02  9.23388004e-02  9.47149694e-02 -7.19401166e-02
 -7.58740157e-02  6.27736002e-02 -3.36614884e-02 -7.84296915e-03
 -4.84051332e-02  3.55000794e-02 -2.47250721e-02 -1.87673848e-02
 -2.02075616e-02  4.96611968e-02 -6.25531524e-02  2.15245672e-02
 -2.23159995e-02  1.06947944e-01 -4.07849159e-03 -2.17887498e-02
  3.85074057e-02 -2.88848188e-02  5.31292297e-02  5.56307957e-02
  4.44942415e-02 -8.34125504e-02 -9.12485868e-02 -8.48962069e-02
  1.05040178e-01 -4.66191657e-02  7.53259228e-04 -2.52553690e-02
  6.12343429e-03  4.00832901e-03 -1.20761685e-01  8.35846588e-02
  1.59626398e-02 -4.00771312e-02  3.24736312e-02 -1.44320242e-02
  1.07626142e-02  7.65349716e-02 -1.07929194e-02  5.44561148e-02
 -9.19575915e-02  9.35977232e-03  4.72733229e-02 -8.37110654e-02
  2.45724581e-02  1.04822377e-02 -2.63196845e-02  4.48610354e-03
 -7.43426830e-02 -9.99499299e-03 -8.25341418e-03  8.78227577e-02
 -4.38300456e-04  1.81830097e-02  3.52115147e-02 -4.53571742e-03
  3.86100188e-02 -4.36400101e-02  5.37416199e-04 -3.64524536e-02
 -7.32007697e-02 -1.07413799e-01  1.01969540e-02 -3.10715437e-02
 -4.83687557e-02  1.83014050e-02 -2.81118173e-02  4.25008824e-03
 -3.49301449e-03  9.26390141e-02 -1.93841029e-02 -1.21413830e-08
 -5.70780365e-03  2.92445868e-02  8.53143632e-02  1.93981901e-02
 -7.51081016e-03 -1.28185093e-01  3.39011066e-02  1.39226839e-01
  1.66194662e-02  1.11576900e-01  2.11559236e-02 -2.97672488e-02
  1.25690801e-02  7.01404437e-02 -5.00777364e-02  2.27498058e-02
 -6.93194009e-03 -2.62068156e-02 -4.89056632e-02  1.85109396e-02
 -3.45810986e-05  8.91911145e-03 -1.20909242e-02  6.08715303e-02
  2.89238291e-03 -5.83644733e-02  1.96797755e-02  1.30579025e-01
  1.64106041e-02 -1.55909834e-02  5.30366674e-02  6.83815926e-02
  2.46365797e-02 -2.73051877e-02 -7.35626668e-02 -1.04315706e-01
 -8.12849328e-02  1.01146484e-02  1.34786181e-02  8.58510062e-02
  2.05497677e-03  3.46397806e-04  4.56634685e-02  1.14546455e-02
  3.14598419e-02  1.04331216e-02 -1.60954252e-01 -3.93029824e-02
 -7.70105422e-02 -3.06337755e-02 -8.84746946e-03  2.03623325e-02
  6.17743470e-02  2.82977838e-02 -1.12683754e-02  3.76186194e-03
  6.69868514e-02  3.57781909e-02 -5.97681552e-02  3.78981568e-02
  8.83718207e-02 -6.61034882e-02  2.66110338e-02 -5.52146211e-02]"
327,Financial Product Safety,Social,monetary,1,0.3434,"[-8.21488257e-03  7.94079080e-02 -7.94393346e-02  3.66330408e-02
 -1.00567760e-02 -2.08000708e-02  1.40758857e-01  4.64805737e-02
  6.43772408e-02  1.42533742e-02  2.19796821e-02 -1.19481854e-01
 -3.67572755e-02 -1.34509790e-03 -3.89927113e-03 -6.31095022e-02
  4.94181551e-02  1.04324576e-02 -6.52235607e-03  2.31929868e-02
 -9.10039619e-03 -2.64485776e-02 -5.85842803e-02  9.18927044e-03
  7.22292662e-02  6.55323043e-02 -1.99320465e-02 -2.67838258e-02
  2.17800420e-02 -5.73458187e-02 -2.44143363e-02  8.47178847e-02
  7.79434964e-02 -5.85126914e-02  2.00639199e-03  1.93209313e-02
  6.82666525e-02  5.51667660e-02 -2.94390172e-02  2.03580931e-02
 -3.52978148e-02 -8.05562139e-02  5.01797348e-02 -5.36339954e-02
 -1.36751905e-02 -2.64220294e-02  6.04221076e-02  1.00708574e-01
 -2.67443694e-02  8.70186388e-02  5.79638146e-02 -1.16328103e-02
 -4.91388701e-02  8.17255527e-02  3.04514356e-02  4.14152211e-03
  8.15843716e-02  4.08468135e-02 -5.90498932e-03 -3.75692807e-02
 -3.98841575e-02  3.53901647e-02 -9.95326042e-02 -8.85936338e-03
  1.63756505e-01  1.71578601e-02 -1.35380933e-02 -4.52214554e-02
 -8.16595182e-02  9.55286063e-03  1.00128405e-01 -4.03710566e-02
 -6.47884374e-03 -8.97336826e-02  3.25544141e-02 -3.64804454e-02
  8.02848339e-02 -5.23456931e-02  2.28836033e-02  1.27840992e-02
  2.54602898e-02 -4.79438230e-02 -3.46402079e-02 -2.49858964e-02
 -9.41730849e-03 -1.98849849e-02  5.44820055e-02 -4.02562618e-02
  4.13165540e-02  2.66292458e-03  2.15363204e-02  2.84131598e-02
  3.84636112e-02 -3.81375924e-02 -3.55634168e-02  3.87119129e-02
 -2.93679610e-02 -6.53944677e-03  5.16343899e-02  2.31260151e-01
  5.75594455e-02  4.97496203e-02  6.75138086e-02  3.18705477e-02
  5.54067828e-02 -5.01276776e-02  2.55519506e-02  2.70569827e-02
  4.67698462e-02  1.16762957e-02 -4.92507592e-02 -4.05309722e-03
  1.75793879e-02 -1.66660193e-02 -1.53660914e-02  4.57342016e-03
 -1.26884074e-03 -3.48348059e-02  8.48478917e-03  2.76987180e-02
  4.42909412e-02  5.24800941e-02 -6.61273152e-02  5.47460141e-03
 -9.61189643e-02 -4.96044978e-02 -1.69520304e-02 -5.17774662e-33
 -5.29907085e-02 -2.68913768e-02  5.98650388e-02 -7.74559975e-02
 -5.60622439e-02  4.06427011e-02 -4.33754548e-02  1.40143661e-02
 -1.23070860e-02  1.86141990e-02  9.81257576e-03  7.59838223e-02
  1.44228956e-03  8.78260285e-02  7.26327896e-02 -3.53648439e-02
 -5.75844646e-02 -9.70328692e-04  1.30717725e-01  4.44210134e-03
 -3.91068496e-02 -4.14891355e-02  7.09576625e-03  1.87108908e-02
  1.31847942e-02 -9.57437325e-03 -1.73107348e-02 -1.28735285e-02
  4.53646928e-02 -1.49262371e-02  1.15746185e-02  5.15096262e-02
  6.07279241e-02 -1.84751078e-02 -6.44653589e-02 -4.61000130e-02
  1.18602570e-02 -4.17597517e-02  5.87951057e-02 -7.08965436e-02
 -4.38677147e-03  5.01945848e-03  4.20808699e-03  6.12994842e-02
 -5.67528643e-02  9.28920358e-02  6.88481927e-02  7.02323765e-03
 -4.59848940e-02 -4.36720438e-03  4.55202395e-03 -2.19390783e-02
 -9.00253728e-02 -1.68413967e-02 -6.27407655e-02 -8.83002356e-02
 -2.02725679e-02 -2.18780413e-02 -3.89084443e-02 -7.79641047e-02
  2.49695294e-02  6.82236627e-02  2.73967367e-02  4.24818471e-02
 -7.13412762e-02  6.23723082e-02  1.75484829e-02  8.71530082e-03
 -9.39207326e-04  1.52606238e-03 -1.29383534e-01  2.25750264e-02
  8.54202658e-02  2.88707688e-02  1.34903807e-02  3.74344969e-03
  1.08315803e-01 -5.92039451e-02 -1.04316901e-02  2.37976238e-02
 -8.53730217e-02 -2.00487226e-02  5.04676253e-02  6.64476007e-02
  6.84415847e-02  4.19079140e-02 -5.97259626e-02 -7.85648301e-02
  7.02682659e-02 -2.34978683e-02 -6.03354126e-02 -4.77696955e-02
  5.20335734e-02  1.14515377e-02  2.06958614e-02  2.95133626e-33
 -6.29726648e-02  1.13612767e-02 -2.38960180e-02  1.35587201e-01
  8.58613476e-03 -6.02485379e-03  2.05607666e-03 -5.10073043e-02
  5.24414442e-02  3.01938802e-02 -8.85578841e-02 -3.29331271e-02
  7.14011118e-03  7.24293739e-02 -2.62033995e-02 -2.73291804e-02
  3.60977948e-02  2.68376134e-02  4.20808457e-02 -5.91817424e-02
 -5.54671325e-02  8.36219918e-03  2.61645354e-02 -3.38817760e-02
 -3.58705409e-02  3.06433067e-02  7.15396553e-03 -1.26416370e-01
 -1.01652823e-01  6.28017560e-02  3.54052559e-02 -6.02159016e-02
  5.85738719e-02 -1.83544736e-02 -8.10905620e-02  2.65336353e-02
  4.58548367e-02 -5.76687008e-02 -4.26180810e-02  1.77623294e-02
  1.03651397e-02 -1.69436950e-02  3.17311957e-02  4.90217730e-02
  2.04772409e-02 -6.67709932e-02  2.03269478e-02  1.06418151e-02
  7.56105110e-02 -3.68921198e-02  2.84101609e-02 -3.39537859e-02
 -2.32266951e-02  2.38940660e-02 -1.15328938e-01  5.09446375e-02
  3.03212982e-02 -3.88018005e-02  4.83521186e-02 -4.13501039e-02
 -5.09633385e-02  2.67087948e-02  4.32639197e-03  3.15906703e-02
 -2.19166987e-02  2.80876867e-02  2.45722216e-02 -1.10960677e-02
  1.29327523e-02 -2.22480670e-02  5.58800958e-02  3.00041344e-02
  4.08484451e-02 -8.50777980e-03 -4.09958363e-02  9.71337929e-02
  3.71183385e-03  3.42752375e-02  3.88284884e-02 -2.55153812e-02
 -2.45404039e-02 -3.97384427e-02 -8.86990409e-03 -4.62999418e-02
 -4.63720821e-02 -4.74450886e-02  1.61352083e-02 -3.80865708e-02
 -5.72135001e-02 -4.25727591e-02 -5.60084917e-02  2.22188551e-02
  3.78602631e-02  1.64340120e-02 -5.36564812e-02 -1.22472992e-08
 -4.15734872e-02  5.04510803e-03 -3.28432545e-02 -7.70502351e-03
  3.57768424e-02 -1.20584704e-02  6.71627000e-02 -4.50237319e-02
 -1.07480884e-02  7.81890675e-02 -2.07090992e-02  1.96309444e-02
 -8.00475553e-02 -3.55807208e-02  4.72406950e-03  3.28896269e-02
 -3.23438980e-02 -5.17084450e-02 -9.32818353e-02 -2.89459061e-02
  5.05123064e-02  5.20083904e-02 -1.64654963e-02 -2.26477832e-02
 -3.04243416e-02 -4.04504426e-02  6.34846091e-02  1.55388102e-01
  2.36726087e-02  2.33876565e-03 -2.99981162e-02  7.03888535e-02
 -3.88206206e-02 -2.63522845e-02  2.21736208e-02 -2.50135120e-02
  3.87120545e-02  2.67213490e-02  4.58276235e-02  2.62583606e-04
 -3.28030847e-02 -7.14257509e-02 -1.05342560e-01 -4.36239205e-02
  4.53532450e-02 -1.71390586e-02 -8.97293836e-02  1.56982690e-02
 -3.01498715e-02 -7.96153173e-02  1.11307232e-02  2.62493789e-02
  2.17610523e-02  4.21564616e-02  6.14916645e-02 -4.03153934e-02
 -3.04712970e-02  1.42067540e-02 -7.17431083e-02 -1.13265710e-02
  9.48089808e-02 -1.22568376e-01  7.47018829e-02 -4.52486724e-02]"
328,Financial Product Safety,Social,companies,2,0.3375,"[-2.03612521e-02 -4.42707241e-02 -1.29433488e-02  2.65077278e-02
 -1.44679341e-02  9.76651721e-03  9.91378576e-02 -1.35648036e-02
  3.37382704e-02 -4.06673625e-02  7.95346496e-05 -1.41519522e-02
 -2.14964747e-02 -4.66716988e-03 -3.50056365e-02 -2.31896527e-02
  1.66448988e-02  5.29827699e-02 -3.59843932e-02 -1.39236033e-01
 -9.42101777e-02 -7.58561268e-02 -8.95326212e-03  1.25846937e-02
  3.05147357e-02  7.69203752e-02 -2.56711524e-02  1.09539796e-02
 -5.10377157e-03 -1.20657548e-01 -5.60698584e-02  9.80972312e-04
  7.94725567e-02 -4.71066087e-02 -6.37502410e-03  5.16060330e-02
 -5.03490381e-02 -7.58025190e-03  1.78330839e-02 -2.76695564e-02
 -2.17387956e-02  1.83994230e-02 -2.78052385e-03 -1.17354458e-02
  5.33953076e-03 -4.67254370e-02  5.38081415e-02  3.07208151e-02
  1.20322441e-03  6.75129145e-02  3.54579720e-03 -6.27371371e-02
 -8.55722872e-04  2.20543686e-02 -4.10947762e-02 -2.41647847e-02
 -7.17105642e-02 -1.33085428e-02 -1.48700494e-02 -4.97572087e-02
  8.02152678e-02 -5.38635552e-02 -2.18934547e-02  3.59002054e-02
  8.45931992e-02  2.44109072e-02 -3.38346548e-02  9.95847285e-02
 -1.21151164e-01 -6.21654727e-02  6.01216517e-02 -5.86311407e-02
 -3.42482366e-02  5.79870008e-02  1.77201908e-02  1.40943192e-02
  2.67702285e-02  2.35539749e-02  8.91076475e-02 -7.79073685e-02
  5.19130612e-03  2.29898430e-02 -7.04375282e-02  6.09105639e-02
 -3.64705212e-02 -5.29609993e-03  2.73469742e-02  3.54094058e-02
  1.38248354e-02  3.86772193e-02 -3.90200317e-02 -5.52293323e-02
  9.18045361e-03  1.36832716e-02 -9.26525891e-02  3.66142876e-02
  2.69943662e-02 -1.33015234e-02  7.54324719e-03  2.00014234e-01
  1.28611242e-02  5.72345592e-03 -1.50513574e-02  2.61993073e-02
 -6.68739602e-02 -4.31813709e-02 -6.38597384e-02  6.17845654e-02
  7.94318095e-02  8.23530778e-02 -7.49025047e-02  7.60862529e-02
 -8.94062296e-02 -8.78547505e-03 -5.12741655e-02 -6.49552941e-02
 -3.08194049e-02  6.57622069e-02  5.09895161e-02 -1.81325618e-02
  2.68956553e-03  8.84855688e-02 -1.96701065e-02  1.90110989e-02
 -9.67347175e-02 -3.61494534e-02 -7.55613893e-02 -4.33017442e-33
  5.53558441e-03  7.97964726e-03  3.91266346e-02  9.19258893e-02
 -2.25643571e-02  3.32419053e-02  3.59124839e-02  5.35481907e-02
 -3.24352682e-02  4.45391797e-02 -1.24941498e-01  1.77951530e-02
  3.35873514e-02 -8.24897457e-03  1.21217936e-01 -5.92314638e-03
  7.23395869e-03  4.78410017e-04 -2.68488517e-03 -6.77718446e-02
 -7.52683058e-02  7.09864423e-02 -3.65419127e-02  7.57169873e-02
 -1.31799001e-02 -9.94643569e-02  5.71189402e-03 -3.44706955e-03
  2.85616927e-02  4.28126268e-02  7.23809823e-02  4.41934504e-02
 -6.59606839e-03 -3.65044922e-02  6.30513765e-04  5.49353473e-02
 -1.24472110e-02 -9.63225141e-02  2.04335544e-02  3.79523560e-02
 -3.23917195e-02  3.72517034e-02 -4.71087880e-02  9.77874268e-03
  1.17654689e-02  3.71032790e-03 -1.10509545e-02  3.90088707e-02
  2.90331412e-02  4.00963090e-02 -8.63573998e-02  2.87444703e-02
 -1.66044496e-02 -2.16706339e-02  1.04396202e-01  1.90219318e-03
 -1.28742196e-02 -1.34105636e-02  1.97210498e-02  1.93453543e-02
 -2.23376863e-02  9.95716676e-02 -6.12550676e-02  5.09023294e-03
 -4.86932062e-02  9.06934217e-02  4.80472259e-02 -8.66838824e-03
  4.23884764e-02  5.78099117e-03 -1.66271664e-02 -4.28735055e-02
  6.85836151e-02  2.73476914e-02 -6.77657053e-02  4.33191769e-02
 -3.99724096e-02  5.24988361e-02 -4.40475382e-02  5.68321012e-02
  2.42989324e-02  2.53640525e-02  1.27938399e-02  6.78420439e-02
  5.27071543e-02 -3.87632172e-03  4.40394729e-02 -4.91188504e-02
  2.94542275e-02  6.86497688e-02 -1.53531522e-01  1.84440762e-02
  3.82663086e-02  9.37792212e-02 -4.49387729e-02  2.89307068e-33
 -3.90001498e-02 -6.01188950e-02 -7.87327904e-03  9.61352512e-03
  9.53623932e-03 -1.64294578e-02  2.62381062e-02 -4.55118120e-02
  3.08160000e-02  1.12247512e-01 -5.78075200e-02 -2.61797253e-02
  3.32547836e-02  5.51536568e-02 -5.87209687e-02 -1.51802348e-02
  7.47548565e-02 -5.52233979e-02 -4.45997231e-02 -1.41760716e-02
 -3.86510007e-02 -1.16783855e-02 -5.15376776e-03  2.78220847e-02
 -1.51238879e-02  5.63873500e-02 -8.59022141e-02 -6.13853075e-02
 -1.46517446e-02  1.10731581e-02 -2.53924951e-02 -2.22061388e-02
 -1.18243307e-01  1.34720623e-01 -2.27824748e-02  3.73410508e-02
 -4.74533252e-02  6.50157705e-02  2.81412192e-02 -6.05121739e-02
  5.50109893e-02 -1.66205689e-02  2.44008433e-02  9.30927917e-02
 -6.86275065e-02 -5.78344986e-02 -2.51686051e-02 -3.01067997e-02
  4.46348153e-02 -1.66080054e-02 -1.13181181e-01  1.24892592e-02
 -4.25485196e-03 -1.40722720e-02 -4.65282016e-02  3.60682234e-02
  1.39269372e-02 -1.06684091e-02 -4.99701453e-03  6.27456559e-03
 -4.29331176e-02  2.93783564e-02  3.84066477e-02  1.19483963e-01
 -2.06016004e-02  4.12026197e-02  1.21601708e-02 -3.36089954e-02
  1.19346781e-02 -7.58823827e-02  9.28703025e-02  1.81875657e-02
 -5.66990450e-02  3.71774510e-02 -9.02946442e-02 -2.40829717e-02
 -7.94753432e-02 -1.01025226e-02 -3.51020731e-02 -5.46695106e-02
  1.14770316e-01 -5.77985570e-02  5.42162871e-03  5.87784611e-02
 -6.15635999e-02 -9.70915519e-03  3.03049944e-02 -5.55495769e-02
 -2.81649269e-02 -1.56845991e-02 -4.66694981e-02 -4.00260389e-02
 -9.94445011e-03  7.31259882e-02  6.09655827e-02 -1.28743025e-08
 -3.45176347e-02 -4.06608097e-02  4.66740504e-02 -2.09240466e-02
  5.73288985e-02 -6.07169233e-02  1.75564308e-02  5.92003353e-02
  1.48123913e-02  4.84125167e-02 -1.27758030e-02 -2.49297153e-02
 -3.84103768e-02  8.64597335e-02  2.02420019e-02  1.38002811e-02
 -5.71096018e-02  5.17833494e-02 -1.07533084e-02 -3.12272627e-02
  8.75165965e-03  7.94690475e-02  6.20422401e-02  2.10493635e-02
  1.34514514e-02 -2.81579997e-02  5.17816469e-02  4.88247164e-03
  5.06228022e-02  6.71783835e-02  3.33510456e-03  5.24748974e-02
  3.00131813e-02 -4.92787845e-02 -1.07343923e-02 -5.59663996e-02
  2.68503372e-02 -1.80013664e-02  2.07671821e-02 -3.00981458e-02
 -7.83697888e-02  4.03238907e-02  1.24089550e-02 -1.95847005e-02
  1.78679693e-02 -8.64299685e-02 -5.31325527e-02  3.48694175e-02
  9.53720510e-03 -4.82466556e-02  1.72714354e-03  4.69894037e-02
  3.58928181e-02  5.16040158e-03 -3.98555771e-02 -8.15123692e-02
  3.72981355e-02 -5.19924536e-02 -4.83565331e-02  3.39571238e-02
  5.03028110e-02 -8.39736462e-02  1.46012753e-01  4.12635803e-02]"
329,Financial Product Safety,Social,industry,7,0.3338,"[-2.75452584e-02 -1.38323810e-02 -4.26445827e-02 -4.57201013e-03
 -8.27888027e-03  1.15012629e-02  8.50026831e-02  1.31026199e-02
 -2.80186944e-02 -3.69616114e-02  8.30138847e-03 -7.99328263e-04
  1.72344167e-02  4.13944805e-03 -3.50120030e-02 -2.58976705e-02
 -2.56396160e-02 -6.68642074e-02 -7.98549280e-02 -8.20476338e-02
 -4.02412005e-02 -2.79241707e-03 -2.80188099e-02  1.88990254e-02
 -8.15454870e-03  8.49117488e-02 -3.32934819e-02  3.17205861e-02
 -1.60589609e-02 -9.82668921e-02 -1.04515247e-01  9.10096392e-02
  8.81070346e-02 -2.16572788e-02  2.15546824e-02  5.81363253e-02
 -6.26601605e-03 -1.36108864e-02  5.19671068e-02  2.23354045e-02
  2.76876660e-03 -7.90777430e-02 -6.03090040e-02 -5.22881486e-02
  1.33480877e-02 -3.22252549e-02  5.73290437e-02 -5.66284917e-03
  3.35569680e-02  3.28193605e-02 -7.01137185e-02 -4.13398407e-02
  2.49123424e-02 -6.54460536e-03 -2.70315539e-02 -2.34517865e-02
 -2.25801859e-02 -3.23148109e-02 -4.07543257e-02  1.97740109e-03
  5.80836497e-02 -3.91563289e-02 -4.65159155e-02  3.31057757e-02
  1.04084432e-01  1.40573531e-02 -5.86436205e-02  6.68748915e-02
 -9.24521536e-02 -9.05768573e-02  3.28905545e-02 -7.56663308e-02
 -8.02026689e-02  2.52206456e-02  2.47927681e-02 -4.74183932e-02
  5.12438128e-03  1.75048746e-02  8.28829780e-02 -5.64940125e-02
  6.87389970e-02 -4.30950001e-02 -7.68559352e-02  5.97959049e-02
 -6.79107904e-02 -2.73432042e-02  9.23630036e-03  2.98323873e-02
  5.55931702e-02  1.94249135e-02 -5.33912331e-02 -3.91462818e-02
 -1.46098966e-02  4.80711227e-03 -2.91711204e-02  5.70852272e-02
 -4.36695479e-02 -6.28754729e-03 -3.54198879e-03  2.23294452e-01
  6.27742242e-03  3.61617585e-03 -7.44439140e-02  7.28742778e-03
 -7.37846270e-02 -4.29416522e-02 -4.25577573e-02  9.71605554e-02
  3.37536745e-02  3.34503278e-02 -4.03811410e-02  3.40218171e-02
 -5.35107218e-02  2.69752182e-02  6.42760191e-03  2.49155611e-02
  1.05443224e-02  7.15524852e-02  3.28127593e-02  6.90642325e-03
 -5.30898310e-02  8.65888968e-02 -5.05354367e-02  1.19528519e-02
 -6.44275546e-02 -7.36939088e-02 -5.25799096e-02 -5.26439819e-33
 -1.96141582e-02 -5.59281697e-03  2.64331307e-02  5.43567538e-02
 -3.25171649e-02  3.80927473e-02 -9.63307451e-03  2.86891088e-02
 -1.75905190e-02  1.08985947e-02 -3.87650393e-02  4.88666818e-02
  1.22956503e-02  1.65080279e-02  1.61469877e-01 -8.35265219e-03
  7.05223810e-03  2.03091782e-02  4.01446223e-02 -2.71647386e-02
 -7.98551440e-02  4.12934460e-02 -2.95761488e-02  5.95406592e-02
 -2.77434830e-02 -6.05573691e-03 -4.01309738e-03 -1.60053205e-02
  4.00377885e-02  4.37451564e-02  5.69406115e-02  9.06018242e-02
  4.22402136e-02 -6.02375157e-02 -2.93548256e-02 -2.25221948e-03
 -1.38293682e-02 -1.03323445e-01  3.81838158e-02  8.71003699e-03
 -8.48327205e-02  1.26199555e-02 -3.76340561e-02  1.91249624e-02
 -1.88778564e-02  4.62231897e-02  1.39452070e-02  4.55502942e-02
 -1.75942965e-02  2.69419551e-02 -3.19027342e-02  7.82739818e-02
  6.59003556e-02 -5.23487255e-02  8.87634233e-02  1.33358524e-03
 -1.85833238e-02 -1.73627250e-02  2.92841741e-03  2.59071756e-02
  9.15618986e-03  1.54692993e-01 -1.28827114e-02  3.33234929e-02
 -3.98682617e-03  6.73967898e-02  3.86124700e-02  3.80603522e-02
  4.73566055e-02 -1.03886481e-02 -3.95777822e-02 -4.00249884e-02
  3.55683044e-02  1.97508708e-02 -3.34143043e-02  6.13148585e-02
 -3.55789959e-02  4.56465036e-02  6.59862300e-03  5.97320646e-02
 -6.03161938e-02  3.50463092e-02 -1.33883934e-02 -1.13802599e-02
  5.35703637e-02  1.14192888e-02  1.47022000e-02 -1.75690781e-02
  8.28029215e-02  3.12716849e-02 -1.27322078e-01  7.23853102e-03
  6.95479615e-03  1.09240569e-01  1.89675335e-02  2.25170480e-33
  5.98330051e-04  9.33070946e-03 -9.20415483e-03  5.60318008e-02
 -8.08384176e-03 -3.13230306e-02  1.28423003e-02 -2.74309814e-02
  1.79372579e-02  1.19697340e-01 -9.64615941e-02 -3.29059884e-02
  3.77251506e-02  3.28003578e-02 -9.33100842e-03 -3.08483690e-02
  3.99172194e-02 -2.23101489e-02 -4.72627170e-02  2.44306680e-03
  2.14325991e-02 -4.36563045e-02 -2.24824958e-02  2.50371769e-02
 -3.21059786e-02  2.09620763e-02 -1.03008635e-01 -4.32317369e-02
 -2.12637167e-02 -3.10836732e-02 -1.66617222e-02 -3.72446179e-02
 -4.04253863e-02  6.59864619e-02 -3.79690006e-02  7.12645501e-02
 -2.63021328e-02 -1.19650206e-02  1.08941998e-02 -8.98145363e-02
  4.23172750e-02 -5.76864146e-02 -3.97390267e-03  1.27403557e-01
 -4.17564027e-02 -6.35532588e-02  2.76072626e-03 -3.69232856e-02
  8.08379874e-02 -2.91184019e-02 -4.56214994e-02  5.31403311e-02
  2.68099029e-02 -5.56089021e-02 -4.84709963e-02  4.40717526e-02
  2.43648570e-02  1.18210418e-02 -1.17212079e-01 -8.61117430e-03
  2.05507185e-02  7.64392596e-03  8.33656918e-03  9.81308669e-02
  1.29145617e-02  7.56042600e-02  6.77434653e-02 -1.04677202e-02
  4.49928967e-03 -6.69938549e-02  1.62304074e-01  8.11483264e-02
 -5.87592460e-02  8.27470720e-02 -8.76842141e-02 -5.95630612e-03
 -4.07976322e-02 -1.48152076e-02 -4.60623167e-02  9.20952670e-03
  2.48678047e-02 -4.68664318e-02 -2.74188519e-02  4.88151647e-02
 -6.02974519e-02  1.55388443e-02  5.83882816e-02 -2.82113552e-02
 -4.69630808e-02 -4.87550087e-02 -7.07810894e-02 -1.35852722e-02
 -8.81706476e-02 -1.72299112e-03 -1.02218466e-04 -1.41792826e-08
 -3.89604494e-02 -4.90608141e-02  6.52615353e-02 -3.64650749e-02
  2.07303688e-02 -1.35996556e-02  3.55407596e-02  5.10807373e-02
  1.41715044e-02  5.59541211e-02 -5.25922254e-02 -1.10119376e-02
 -1.57754458e-02  9.57059264e-02  2.99448501e-02  6.12633070e-03
 -6.98383749e-02  6.81685582e-02 -3.37071307e-02 -9.17820036e-02
  8.40499923e-02  4.80143614e-02  7.33466446e-02  3.41877975e-02
 -1.32281985e-02 -3.90624143e-02  4.00750758e-03 -5.34672197e-03
 -3.54346004e-03  7.57952332e-02  3.65571328e-03 -2.51461789e-02
  2.99857855e-02 -5.32198474e-02 -6.68596774e-02 -8.55687112e-02
  8.00970793e-02 -6.22539036e-02  1.15685016e-02 -1.04189463e-01
 -1.03426799e-01  1.16442740e-02  1.77012924e-02 -1.65903401e-02
  1.61175858e-02 -4.32730988e-02 -4.86974930e-03  2.73388028e-02
 -3.03180539e-03 -2.55273078e-02 -2.61996016e-02  2.38253493e-02
  4.68875952e-02  1.55557906e-02 -1.13513311e-02 -5.40713891e-02
  4.52118479e-02 -7.48101324e-02 -5.24447076e-02  2.90537942e-02
  1.12335823e-01 -7.70463943e-02  1.18813939e-01  3.02085355e-02]"
330,Health and Demographic Risk,Social,risk,4,0.6074,"[-6.69159112e-04  7.49283433e-02 -6.35853857e-02  2.86411401e-02
  7.55341351e-02  8.00967291e-02  1.19539931e-01  7.10849017e-02
  1.88079868e-02  2.57967580e-02  3.91368456e-02 -6.60719536e-03
  5.93567379e-02  1.89637952e-03 -5.21393679e-02 -4.34090458e-02
 -3.39976400e-02 -2.79848147e-02 -1.11524135e-01  6.56397194e-02
 -1.91511419e-02 -2.75303535e-02 -1.19463103e-02  1.11290989e-02
 -1.41612336e-03  1.61985960e-02  8.96383356e-03  9.15343463e-02
  2.25999057e-02 -8.95883739e-02  8.61687493e-03  3.41045856e-02
  6.02771118e-02 -5.78434207e-02 -7.04240203e-02  4.54232953e-02
 -2.60656383e-02 -8.12439341e-03  5.65467030e-02 -2.26097144e-02
 -8.28685705e-03 -5.73073216e-02  1.77354291e-02  4.06302586e-02
 -7.70167485e-02 -5.08961193e-02  5.08071855e-03 -8.38921070e-02
  4.97697517e-02 -1.54266357e-02 -6.94260513e-03 -5.01648821e-02
 -3.15173268e-02 -7.81013072e-02  1.88134834e-02 -8.24415088e-02
 -7.12411478e-02 -5.28994985e-02 -4.77348007e-02 -2.33162474e-02
  8.69855359e-02 -5.64830676e-02 -4.78720702e-02  1.69757158e-02
  5.41796423e-02 -4.24308963e-02  1.61360402e-03  6.77984729e-02
 -1.81098692e-02  2.88412143e-02  4.06257845e-02 -5.09167649e-02
 -9.96935740e-02 -1.86857935e-02  6.70203418e-02  1.06530096e-02
  4.20766063e-02 -6.12191483e-02  2.59672254e-02 -1.21517833e-02
  2.85296738e-02 -1.72209275e-05  6.05425127e-02  3.31112044e-03
  1.09436223e-02  3.64514552e-02  3.02060898e-02 -4.84239161e-02
  3.69031839e-02  6.84373314e-03 -2.53389422e-02 -1.09263472e-01
  7.78626204e-02  7.00408593e-02 -3.15561481e-02  4.20142487e-02
 -9.52097997e-02 -8.74507204e-02 -6.67511150e-02  2.05061719e-01
 -2.02915110e-02  7.58301374e-03 -5.65414801e-02  6.51195571e-02
 -3.95880938e-02 -7.27591813e-02 -4.59421426e-02 -5.39680272e-02
  6.72891270e-03  3.12453024e-02  2.40405686e-02  5.09932600e-02
  1.03436587e-02  3.65303010e-02 -1.56931039e-02  3.53811607e-02
 -7.05893412e-02 -4.02889661e-02 -2.20333971e-02  2.31640898e-02
  1.61083844e-02  2.35444936e-03  3.16962227e-02  9.96912457e-03
 -1.11287437e-01 -9.14669558e-02  1.69451237e-02 -5.14808228e-33
  5.22712916e-02 -9.10168365e-02  1.40096189e-03 -3.62800620e-03
  1.98452994e-02  1.34152425e-02 -3.59657686e-03 -3.08365878e-02
 -3.99379656e-02 -4.23774449e-03  3.73341292e-02 -2.67838705e-02
 -1.37974666e-02 -5.63407578e-02  6.84606582e-02  3.83455567e-02
 -4.21713330e-02  4.65083905e-02  9.87137482e-03 -4.99813370e-02
 -2.10347641e-02 -4.33896743e-02  3.96505445e-02  1.14845764e-02
 -1.32758021e-02 -3.84527743e-02 -5.18272119e-03 -7.21317232e-02
  7.12414384e-02  2.80131772e-02 -3.92376445e-02  9.27617699e-02
 -2.96989419e-02 -1.11352056e-01  1.41629530e-03  8.52064416e-02
 -8.93301219e-02 -2.47071795e-02 -2.63814740e-02 -3.66398282e-02
 -1.65736619e-02  2.56821085e-02  2.94609257e-04  8.62820446e-02
  6.35427758e-02  8.87608901e-03  2.98318900e-02 -2.79614776e-02
 -1.53525397e-01 -2.32956372e-02 -9.53010544e-02 -3.40209268e-02
 -5.26286401e-02  3.24275754e-02 -1.61466133e-02  6.87489379e-03
  2.73551419e-02  1.68418977e-02 -8.29331949e-02 -3.30454744e-02
  8.69207270e-03  3.53472717e-02 -1.77798979e-02  3.12806070e-02
 -2.05328632e-02  1.16169890e-02  6.56582192e-02 -5.75649254e-02
 -6.85978588e-03  2.47778706e-02 -7.12562427e-02 -3.74374688e-02
  7.32290884e-03 -5.50144650e-02 -3.30883674e-02  1.81657933e-02
 -6.95581036e-03  4.97915596e-03  6.65735155e-02 -1.25059048e-02
 -5.64107634e-02  6.65947935e-03  2.33021714e-02  5.64617217e-02
  1.54706277e-02  5.63210584e-02  3.65019552e-02 -5.59641533e-02
 -6.27924204e-02  8.36116597e-02  1.14248293e-02 -2.49427054e-02
  1.38797104e-01  3.75851467e-02 -2.82509699e-02  3.46523576e-33
 -1.40140459e-01  2.56277900e-02 -4.78905290e-02  3.80821042e-02
  2.09476072e-02 -5.54537661e-02  2.64286902e-02 -3.55637483e-02
  3.53733040e-02  5.41824847e-02 -1.18042551e-01  3.98915559e-02
  7.60780126e-02  1.75692700e-02  2.79510096e-02 -5.72733954e-03
  3.59962992e-02  1.87936332e-02 -4.80088517e-02 -7.84636959e-02
  4.75085489e-02 -2.19401885e-02 -3.23207565e-02  7.05730915e-02
 -4.68214452e-02  3.07796225e-02 -2.22584531e-02 -2.40626577e-02
 -6.29908815e-02  4.56154958e-04 -1.00239748e-02  7.61652887e-02
  3.49135622e-02  1.00330956e-01 -4.15293016e-02  7.50113875e-02
  5.38981371e-02 -6.66484833e-02 -8.46138503e-03  3.32161337e-02
  5.40646166e-02  2.44262908e-02  2.49151327e-02 -4.77175526e-02
 -2.37365551e-02  2.95521747e-02  1.14404880e-01  7.59017700e-03
  8.65725353e-02  4.28376608e-02  1.45031521e-02  4.25085388e-02
 -2.47412529e-02  3.07834335e-02 -5.08771911e-02 -5.08587845e-02
 -2.57193092e-02 -2.80262884e-02  3.93142477e-02  1.18573949e-01
  4.48672043e-04  1.14056572e-01 -2.72313207e-02  9.68011990e-02
 -5.17789200e-02  6.73337579e-02 -1.14177510e-01 -3.48937176e-02
  5.44633530e-02 -2.69647986e-02  7.05680177e-02  2.04557460e-02
 -2.93839667e-02 -2.77099032e-02 -6.93803206e-02 -7.55812153e-02
 -2.99294908e-02  4.58913930e-02 -1.90931987e-02 -2.49438807e-02
 -2.43047737e-02 -2.27106456e-02  1.73293892e-02 -1.00286103e-04
  2.44453941e-02  5.32404557e-02  4.00113128e-02 -2.49447338e-02
 -2.03396399e-02 -2.04067044e-02 -5.66217601e-02  4.95426469e-02
 -5.62655227e-03  2.09291540e-02 -3.77801768e-02 -1.21028192e-08
  5.36342897e-02 -9.56929196e-03  9.78784412e-02 -2.74206679e-02
  7.40651414e-02  6.94729481e-03 -4.89192978e-02  1.33919446e-02
 -7.86264194e-04  9.06453952e-02  5.95679693e-02  5.01920246e-02
  3.33644599e-02  2.67787874e-02 -3.10404096e-02  5.39087541e-02
 -6.61045015e-02  5.84662594e-02 -3.91367339e-02  6.15831167e-02
  8.53827074e-02  1.30953721e-03  3.04226036e-04 -1.17634162e-02
  1.34499453e-03 -2.26438679e-02  4.91409078e-02  1.04882747e-01
  7.07349926e-03  6.65272549e-02 -1.24952560e-02  4.81558498e-03
  1.47804376e-02  5.70442602e-02 -4.83548343e-02 -2.74622813e-02
  6.23126142e-02 -3.61787155e-02  4.87702228e-02  3.24875973e-02
  5.62438779e-02 -3.64557505e-02  8.07875693e-02  2.36606393e-02
 -5.26452698e-02 -2.04470172e-03 -6.19666949e-02 -1.29268477e-02
  8.58703703e-02 -1.69610027e-02 -5.68632148e-02 -1.57066714e-02
  1.70014743e-02  1.00697204e-01  4.98373955e-02 -2.03804504e-02
 -1.35350646e-02  3.05410530e-02 -1.89258624e-02  3.40573564e-02
  1.92059446e-02 -7.45701790e-02  2.41847914e-02 -1.48231620e-02]"
331,Health and Demographic Risk,Social,health,5,0.5487,"[ 5.37123438e-03  9.97414514e-02  1.91134890e-03  8.38104934e-02
 -2.22391598e-02  5.08642569e-02  1.25899836e-01  3.50416861e-02
 -8.00787210e-02 -2.53760293e-02  2.24868339e-02 -1.18055064e-02
 -4.67448048e-02 -8.85407105e-02 -1.33799100e-02 -7.67619461e-02
 -1.65396743e-02  2.04998739e-02 -9.20241922e-02  4.00275514e-02
 -8.48541111e-02  1.17842123e-01  6.23122975e-02  6.39799610e-02
 -6.87919632e-02  8.65728930e-02 -1.30520593e-02 -6.96765929e-02
 -1.87501051e-02 -4.39839177e-02  7.50633776e-02  2.67405305e-02
  7.46407807e-02 -1.89797133e-02 -5.31700999e-02  2.36164150e-03
  5.83902188e-02 -4.50640544e-02 -6.10716380e-02 -7.24489018e-02
 -4.66363691e-02 -7.37746805e-02  2.40134150e-02  2.39480287e-02
  3.60913016e-02 -1.70135591e-02 -3.48460153e-02 -1.48821180e-03
  8.15757513e-02  1.75007470e-02 -7.87486881e-02  6.85469061e-03
  3.67106544e-03  4.84067313e-02  1.05895899e-01 -3.89761999e-02
 -6.25088066e-02 -8.71843249e-02 -8.56771916e-02  2.88186092e-02
  7.40112811e-02 -7.63535034e-03  1.53860217e-02  6.19725101e-02
  7.14427233e-02 -1.75928250e-02 -3.72048356e-02  2.37937365e-02
 -5.05838767e-02 -5.10534846e-06 -3.53512168e-02 -9.44931954e-02
 -2.52397135e-02  4.20893766e-02  7.59914592e-02  2.43649110e-02
 -6.16188198e-02 -9.11518708e-02  7.69328699e-02  2.12488952e-03
  4.27264534e-02  1.87974442e-02  2.53665727e-02  1.09769747e-01
  2.13757586e-02  1.74314622e-02  9.87705812e-02  1.06953373e-02
 -6.79079071e-02  7.23599782e-03 -4.98767309e-02 -2.45786812e-02
  4.30098325e-02  5.22806048e-02 -2.75510550e-02  2.50209328e-02
 -2.81046219e-02 -7.43551776e-02 -5.60972914e-02  2.09060758e-01
 -2.05601119e-02  9.14966501e-03  1.25062848e-02  7.22572878e-02
 -2.46338006e-02 -1.24549596e-02 -3.76604274e-02  2.65376717e-02
  2.78761517e-02  1.85325462e-02 -3.83028314e-02  4.32151705e-02
 -9.42651555e-03  1.00031225e-02  2.00723130e-02  2.09167413e-02
  1.01501029e-02 -6.86053187e-02 -1.72647722e-02 -2.00532675e-02
 -7.61366729e-03 -6.32247627e-02  9.88753233e-03  9.77477990e-03
 -2.29227357e-02 -9.24503431e-02  2.24340893e-02 -6.14722934e-33
 -1.06252846e-03 -8.56531933e-02  1.47644907e-01  4.95084226e-02
 -1.89727712e-02  4.29080091e-02 -2.58337893e-02 -7.02107474e-02
  1.82728525e-02 -6.78755483e-03  1.92644615e-02 -7.62591464e-03
 -1.56567674e-02  4.21755053e-02  2.78620478e-02 -9.13773477e-03
 -9.84768867e-02  7.42173791e-02 -1.74940471e-02  2.51418855e-02
  3.76332225e-03 -4.78493907e-02 -8.05747230e-03  7.71740302e-02
 -4.28220779e-02  5.59713989e-02  1.48747005e-02 -6.14827238e-02
  4.18789349e-02  1.05806394e-02 -4.34195884e-02  6.00280762e-02
 -2.68613081e-02 -1.40227348e-01 -2.06817649e-02 -4.69994769e-02
 -3.77959237e-02 -3.47582325e-02 -5.12745827e-02 -6.18010163e-02
  9.91606712e-03 -2.09494494e-03  2.41463240e-02  3.22052650e-02
  4.86132279e-02  3.84361297e-03 -1.19498251e-02 -9.60628095e-04
 -1.13997534e-01 -2.17824187e-02 -5.58792390e-02  9.15367622e-03
 -8.62479769e-03 -2.62368340e-02  3.23679717e-03 -2.82216277e-02
  1.66203473e-02  1.23932771e-02 -7.79984370e-02  3.37543674e-02
  9.80043486e-02  6.17396794e-02 -5.36023416e-02 -2.73295082e-02
 -4.37831357e-02 -3.28039601e-02  1.38798656e-04 -5.53135835e-02
  3.13322805e-02  1.45491417e-02  1.21148722e-02  3.72152515e-02
 -1.81977265e-02  2.04879548e-02 -5.50231263e-02  3.60890627e-02
 -6.59352448e-03 -4.36691307e-02 -8.70679617e-02  2.58840714e-02
  2.89109331e-02  3.38586196e-02 -2.10219845e-02  5.13027981e-02
  5.52435778e-02  5.47038391e-02 -2.76211742e-02 -2.95840185e-02
  3.45293316e-03  9.78255365e-03 -9.11254734e-02  2.29895599e-02
  9.01133269e-02  4.21853513e-02 -1.75824277e-02  3.74367033e-33
 -7.93729722e-03  1.20220939e-03 -7.65881315e-02  9.76044685e-02
  5.93985915e-02 -6.05680011e-02  9.73851886e-03 -4.32126923e-03
  5.44070974e-02  1.07256837e-01  3.46021801e-02 -7.53901452e-02
  3.52806374e-02 -1.62294637e-02  3.75511460e-02  5.00624515e-02
  4.70811352e-02 -2.01899167e-02 -3.29498984e-02  7.25660101e-02
 -1.68711003e-02  3.61825190e-02 -5.69520809e-04  1.29054161e-02
 -5.82864322e-02  9.39490870e-02 -3.65922637e-02  3.61403897e-02
  3.65441516e-02 -9.94864106e-03  2.89596431e-02  4.93565761e-02
 -8.30426253e-03 -2.83726938e-02  3.16934921e-02  2.25883368e-02
  4.12307084e-02 -1.68720465e-02 -3.98306064e-02  3.22226286e-02
  1.36453837e-01 -7.39254814e-04 -1.98331792e-02  1.00447252e-01
 -8.49623792e-03  4.05098088e-02 -1.11643579e-02  3.02662645e-02
 -3.95160839e-02  1.69808399e-02  4.14584428e-02 -1.93931833e-02
 -5.94130643e-02  4.60596383e-02  2.53981035e-02 -3.10970675e-02
 -1.05775677e-01 -5.60910925e-02 -6.10580072e-02 -8.68348498e-03
 -1.24801602e-02  5.51457480e-02 -1.08039118e-01  3.68471108e-02
 -9.67275277e-02 -1.53591046e-02  1.86782163e-02 -2.40950882e-02
  4.22031095e-04 -4.02951837e-02 -1.23774465e-02 -3.77950259e-02
 -1.42504945e-02 -1.64273046e-02 -5.23026064e-02  1.74470637e-02
 -8.13520327e-02 -2.70874556e-02 -1.58212278e-02  1.04232039e-02
 -8.08312744e-02 -1.07540131e-01 -1.48519799e-02 -3.01885046e-02
 -8.82780105e-02 -2.82875225e-02 -5.53533027e-04  2.57935026e-03
 -9.13260784e-03  1.36039872e-02 -3.55117619e-02  3.88916470e-02
 -1.25106409e-01  3.43981944e-02 -3.54320221e-02 -1.38960106e-08
  5.41888662e-02 -7.08016455e-02  1.75380260e-02 -5.91897815e-02
 -1.44343888e-02 -2.14510597e-04 -2.05068476e-02  8.24092403e-02
  8.62330943e-02  1.06143937e-01 -8.99954140e-03  7.03351498e-02
  4.34746444e-02  2.11753324e-02  1.28591452e-02 -1.87780429e-02
 -4.23133373e-02  3.19506042e-02 -2.80897804e-02  1.27863744e-02
  2.57245693e-02 -3.07652988e-02  6.53957203e-02  3.91035266e-02
 -9.66141745e-02 -3.72873358e-02  4.45294194e-02 -1.85504071e-02
  7.93929864e-03 -1.62014458e-02  5.98579906e-02  6.90155923e-02
  2.45570783e-02  1.16725042e-02 -2.52039190e-02 -6.17082193e-02
  4.86882068e-02 -5.38016222e-02 -2.30083503e-02  1.50195537e-02
 -2.57034414e-03  6.45710528e-02  3.70848551e-02  1.84496567e-02
 -3.35254595e-02 -9.00502801e-02  2.42790431e-02  3.71634774e-02
  3.38827558e-02 -8.51295441e-02 -1.32026523e-02  7.24240905e-03
  4.71745767e-02  8.30229372e-03 -1.08865397e-02  4.50820290e-02
  3.43024433e-02  3.07960622e-02 -5.15435115e-02 -1.69488788e-02
  1.42157704e-01 -3.23175564e-02  3.84027287e-02  5.43064140e-02]"
332,Health and Demographic Risk,Social,disadvantaged,4,0.4054,"[ 1.03984699e-01  7.28892311e-02  9.65990685e-03  4.74162251e-02
 -2.93415897e-02  5.06833754e-02  4.13877219e-02  2.48599220e-02
 -8.40545744e-02 -1.07014086e-02  8.61331522e-02 -7.83817470e-02
  4.24480923e-02 -1.35374907e-02  2.34782360e-02  7.34248199e-03
  6.84573576e-02 -4.69627157e-02 -1.11077577e-01 -7.46424571e-02
 -1.60559177e-01 -2.45215259e-02 -4.61448124e-03 -2.75376928e-03
 -1.09792398e-02 -3.88972135e-03  2.82608960e-02  9.46633611e-03
  5.57014570e-02  2.78832894e-02  3.56282853e-02  7.74840079e-03
  8.05643126e-02  2.37739440e-02 -2.22521089e-03  4.59818207e-02
  8.70587155e-02  3.95641997e-02  1.27702691e-02 -4.92597036e-02
 -1.87379736e-02 -7.23800287e-02 -2.73147449e-02 -4.07622708e-03
  2.41136346e-02  1.87077858e-02  2.34064180e-02 -3.81330959e-02
 -7.37315565e-02 -5.25404327e-02  9.67444927e-02  5.00500426e-02
  2.35494338e-02 -2.78143249e-02 -1.13088079e-02  2.36523990e-02
 -2.32726987e-02 -3.02368426e-03 -1.26050664e-02  6.76465547e-03
  1.27190901e-02  5.12426673e-03 -6.26658127e-02  4.21980359e-02
  2.28600893e-02 -2.29964368e-02  2.81402711e-02  3.59962881e-02
 -5.71949780e-03 -1.89970173e-02  6.98512122e-02 -1.45394830e-02
  1.34132439e-04  5.63799366e-02  5.10676019e-02 -9.41120312e-02
  3.57216261e-02  7.91212637e-03  3.08090430e-02 -5.99778909e-03
  1.46660879e-02 -1.09203607e-02 -1.09997138e-01  6.02928875e-03
  3.47474664e-02 -7.21927546e-03  2.00278237e-02 -3.60401981e-02
  4.92734909e-02 -5.30512398e-03 -2.06418503e-02  1.15206912e-02
  5.49320951e-02  2.50083096e-02 -3.05131376e-02 -5.57068326e-02
  3.56855989e-02 -6.68352172e-02 -5.16859815e-02  2.36151218e-01
 -6.57192692e-02 -2.15001479e-02  3.79842445e-02  4.75153252e-02
 -1.76482368e-02 -1.04486063e-01 -1.23659289e-02  2.37925574e-02
 -6.87159747e-02  7.42338598e-03 -2.22273674e-02 -9.38084722e-03
 -8.36926419e-03  7.05051944e-02 -3.35231726e-03 -7.45884106e-02
  6.92513064e-02 -5.52673787e-02 -1.43258320e-02  3.81882042e-02
 -6.22487776e-02  2.61404049e-02 -1.32317200e-01  5.54392934e-02
 -8.66964634e-04 -6.94589391e-02 -7.75017664e-02 -5.20528625e-33
  7.46089965e-02 -4.75308560e-02  3.80893834e-02 -4.17081080e-02
  1.18238451e-02 -1.93572491e-02 -2.99339145e-02 -4.90918085e-02
 -7.68033415e-02  7.78340474e-02  5.53216413e-03  3.74845811e-03
  1.10625252e-02  6.17277510e-02  1.52108446e-01  2.14715041e-02
 -7.08168298e-02 -2.33281199e-02 -5.23981005e-02  8.06004405e-02
 -1.55468723e-02  9.25942957e-02 -4.76007126e-02  5.95749468e-02
 -1.05810620e-01 -3.87731269e-02  3.83444317e-02 -4.96044904e-02
  6.66924194e-02  1.35600632e-02 -4.58000787e-02  1.67000368e-02
  7.51500903e-03 -8.01576748e-02  1.19987084e-02 -7.24019064e-03
 -6.68410305e-03 -1.06279422e-02 -1.92610826e-02 -4.36502732e-02
 -4.06584293e-02 -3.57260965e-02  1.26742035e-01 -3.43788266e-02
  7.93457627e-02  4.34321687e-02  9.39223170e-02 -2.47304905e-02
 -7.60139301e-02  7.72533640e-02 -2.78826859e-02  2.50585694e-02
 -8.43464285e-02 -6.61873259e-03  1.71927288e-02 -9.39546302e-02
 -3.94117609e-02  4.33126092e-02  4.04632725e-02 -1.65422074e-02
  1.55998738e-02 -2.34650187e-02 -7.80950952e-03 -1.07603878e-01
  7.96131715e-02 -8.02157074e-02  3.18273865e-02 -8.93571181e-04
  3.23605631e-03 -9.07629076e-03  1.12337330e-02  2.40864325e-02
  3.50208990e-02  4.91093099e-02  2.73719318e-02  6.14476837e-02
  7.41110817e-02  2.94622947e-02  7.56684467e-02 -5.81835359e-02
  4.36239364e-03  1.16233295e-02 -4.31966856e-02 -3.76249813e-02
  7.14169070e-02  2.87487432e-02 -9.84397717e-03 -6.72578588e-02
  2.94531826e-02 -4.12627645e-02 -2.67856512e-02 -2.21341141e-02
 -3.08780205e-02  1.76494103e-02  2.45165452e-03  3.60125000e-33
 -6.65696636e-02 -1.26690557e-02 -7.08119664e-03  3.77213745e-03
 -1.17619568e-02 -1.07400361e-02  1.04545385e-01 -4.93942350e-02
  7.08182156e-03  7.73055181e-02 -1.03396133e-01 -6.09781072e-02
  1.71808660e-01  4.35216092e-02 -2.96222847e-02  6.63036807e-03
 -2.89551020e-02  5.30415140e-02  7.80508295e-02  3.08841337e-02
  1.65124126e-02  7.31458440e-02  4.42374870e-02  4.60854964e-03
 -2.28626952e-02  2.84285545e-02 -3.89301926e-02  3.42731997e-02
 -8.31035301e-02 -8.63177925e-02 -2.71023270e-02 -2.25281026e-02
 -7.98485652e-02 -1.31821455e-02 -6.65544569e-02  2.43672617e-02
 -1.20086484e-02  2.04313863e-02 -7.31004998e-02 -2.08566841e-02
 -7.85752852e-03 -8.37969710e-04 -2.45869365e-02  6.54550940e-02
  1.34343719e-02  7.19375908e-02 -1.35227228e-02  1.26525816e-02
  6.03865981e-02 -3.07970513e-02  1.98159106e-02  2.60632914e-02
  4.72876169e-02  1.13335878e-01  2.71819700e-02 -1.19880863e-01
  7.40303248e-02 -6.25873581e-02 -5.52530065e-02  3.96604985e-02
 -7.96435401e-03 -2.76735309e-03 -5.06320260e-02  8.38534608e-02
 -2.18906477e-02 -3.22726704e-02 -6.30089119e-02  7.79868290e-03
  1.85483973e-02 -2.27580424e-02  3.30738947e-02 -7.76243806e-02
 -4.72039543e-02 -1.23143777e-01 -2.43815836e-02  2.43254639e-02
  2.11851206e-02  9.56687108e-02 -1.47064663e-02  3.20811151e-03
  9.92585812e-03 -7.15384781e-02  2.79604848e-02 -3.97359170e-02
 -3.80921960e-02 -9.67258401e-03 -1.28926160e-02 -4.30862941e-02
  3.26856114e-02 -3.43546756e-02 -8.37912485e-02  4.79317605e-02
 -5.82226515e-02 -1.11007132e-02 -3.05206869e-02 -1.16575194e-08
  2.77767386e-02  4.54464257e-02 -8.49060714e-02 -7.28958473e-03
 -2.33295523e-02  5.40595315e-02 -2.49131452e-02  4.07936797e-02
  4.33113128e-02  1.00921929e-01 -7.21307322e-02 -2.79926788e-02
  3.99291255e-02  6.04113610e-03  2.53564212e-02  3.32251266e-02
  3.07076741e-02 -1.92331150e-02 -9.81955882e-03  2.32082121e-02
  5.71973883e-02  1.83109213e-02  2.56169513e-02  4.55452986e-02
  1.97163783e-03 -5.10561615e-02 -3.76074798e-02 -2.91578304e-02
  2.22831722e-02 -7.27961678e-03 -3.72272986e-03  3.22802775e-02
 -4.48792353e-02 -6.55871555e-02 -5.65101346e-03  1.64777953e-02
 -3.23047042e-02  4.59828749e-02 -1.11039747e-02 -4.67892699e-02
 -1.57080535e-02 -5.37569597e-02  1.58931632e-02  9.50260647e-03
  3.98951434e-02 -5.63202202e-02 -4.65011597e-02  5.90237491e-02
  1.07958391e-02  4.79070693e-02 -7.44047528e-03 -1.41673692e-04
  2.16459632e-02  1.19697014e-02  2.84476615e-02 -7.87702426e-02
  4.78894152e-02 -1.29054310e-02  1.17236399e-03 -1.54499169e-02
  1.43641204e-01  3.43561321e-02 -4.29577753e-03  2.59127505e-02]"
333,Health and Demographic Risk,Social,safety,11,0.401,"[ 5.73531957e-04  7.82999620e-02 -5.72171323e-02 -9.87484958e-03
  8.19947273e-02  7.64091834e-02  1.25421762e-01  4.30145375e-02
 -1.73132550e-02  4.07683961e-02  6.97012395e-02 -6.44242624e-03
  6.07175007e-02 -1.44188330e-02 -1.08001001e-01 -7.68733099e-02
  3.86120044e-02  1.73624326e-02 -1.57332927e-01 -1.03293490e-02
 -6.43835887e-02  4.50725034e-02  2.85278484e-02  4.28724438e-02
 -1.44915193e-01  2.81684436e-02 -3.54573503e-02  3.66525985e-02
  1.39614185e-02 -5.18231541e-02 -1.61202252e-02 -8.12839642e-02
  3.77211869e-02 -2.28156783e-02 -8.68310705e-02 -4.21075560e-02
  5.52136488e-02 -1.38955545e-02  4.97897677e-02 -2.58697085e-02
 -5.34037985e-02 -9.21611041e-02  9.51912720e-03  2.09068749e-02
 -3.51158604e-02  4.45235781e-02  1.10328821e-02 -1.01948977e-01
  7.69034177e-02 -5.12995757e-02  2.58703884e-02  4.32779118e-02
 -2.37581157e-03 -1.49276177e-03  5.40945344e-02 -7.14805350e-02
  6.88765710e-03 -4.46055792e-02 -5.87516129e-02  4.06757258e-02
  8.00295249e-02 -1.16845686e-02 -7.81028792e-02 -3.21930833e-02
  4.33817469e-02 -1.61102638e-02 -6.20145276e-02  7.95155019e-03
  5.94670400e-02  6.26007318e-02 -8.24345392e-04 -1.59219243e-02
  1.02076717e-02  1.41518016e-03  2.61478070e-02 -1.06971050e-02
  4.40757684e-02 -7.04433918e-02  3.46981883e-02 -2.92230844e-02
  3.02053783e-02 -2.67119538e-02  6.15215600e-02  1.99415926e-02
  4.25258726e-02  7.01010823e-02  1.66251082e-02  7.46769423e-04
  2.13365182e-02 -2.65571941e-03 -6.24767914e-02  3.13235936e-03
  9.98646319e-02  6.51122853e-02 -2.72436608e-02  3.64840426e-03
 -4.40069735e-02 -3.00874040e-02 -3.07827611e-02  1.82817221e-01
  2.21045036e-02  1.38957584e-02 -2.71815099e-02  6.13319911e-02
 -3.73213040e-03 -1.32738352e-02 -6.56675100e-02  2.83549726e-02
 -1.41513692e-02  5.43183610e-02  7.08732149e-03  4.22299914e-02
  3.67801520e-03  3.31379287e-02 -4.18435708e-02  3.94624658e-02
 -7.26993904e-02 -2.14777812e-02  3.99688259e-02  2.84358542e-02
  2.06068112e-03  2.11788695e-02  6.82035312e-02 -6.82317652e-03
 -4.51058568e-03 -1.17569230e-01  2.80644465e-02 -5.26886249e-33
  8.95859022e-03 -3.37898582e-02  7.79993553e-03  1.65810417e-02
 -4.91214134e-02  2.11228300e-02 -6.90779537e-02 -6.86724335e-02
 -1.13512827e-02  5.25497384e-02  1.14064030e-02 -9.83412750e-03
 -2.86902115e-02 -4.40093502e-02  1.12199239e-01 -1.17825251e-02
 -5.62178381e-02  6.75890297e-02 -7.28950649e-02 -5.59516326e-02
  5.66154439e-03 -9.21686441e-02 -2.22575734e-03  6.45204484e-02
 -4.40874435e-02  6.88202009e-02 -1.87790003e-02 -3.12175918e-02
  5.43573536e-02  4.16046903e-02 -1.36937201e-01  6.90436438e-02
 -7.08886832e-02 -6.64794743e-02  4.85883281e-02  3.59560885e-02
 -1.25533715e-01 -6.28227517e-02 -2.97300015e-02 -3.62521186e-02
 -9.98093374e-03 -2.89357062e-02  5.75315654e-02  6.81584105e-02
  9.69588831e-02  7.03348517e-02 -5.53599037e-02  8.69226817e-04
 -9.56648514e-02 -3.27183194e-02 -6.70421124e-02  2.27864441e-02
  2.08831504e-02  5.25518041e-03 -4.35425006e-02  5.93395457e-02
  3.94774564e-02  1.41145848e-02 -3.49932685e-02 -5.88018261e-03
 -4.08608802e-02  1.22482821e-01 -4.05224636e-02  1.60748709e-03
  1.15476809e-02 -2.43269559e-02  1.07615180e-02 -1.90663002e-02
  5.26557229e-02 -2.16527209e-02 -1.15450658e-01 -2.23790221e-02
  4.22808677e-02  7.84298126e-03 -9.34963003e-02 -8.92764237e-03
  1.05002923e-02  6.05923450e-03  2.20020618e-02 -6.29538000e-02
 -7.13082217e-03  3.97074930e-02  3.40047758e-04  2.59260442e-02
  4.25434820e-02 -4.36423458e-02 -3.42819169e-02 -3.24760075e-03
 -8.35785642e-02  1.31556064e-01 -2.60524377e-02 -3.51289362e-02
  9.75253507e-02  7.05231950e-02 -5.26373982e-02  4.06741212e-33
  1.56558631e-03 -1.75973698e-02 -5.98577224e-02  5.58593720e-02
 -4.02385034e-02 -5.55491038e-02  1.29420205e-03 -2.27793269e-02
  1.40525959e-02  6.06335439e-02 -7.11394697e-02 -3.74007858e-02
  5.86898476e-02  4.14202083e-03  1.45072229e-02 -4.12938222e-02
  4.66623195e-02  3.23582329e-02 -2.53631659e-02 -2.03686636e-02
  4.65353429e-02 -4.47168462e-02 -7.89758340e-02  6.06096350e-02
 -6.42090887e-02  2.73551363e-02 -6.06764071e-02 -2.71904524e-02
 -5.88296615e-02  2.20218729e-02  3.22674215e-02  1.90811697e-02
  9.80012864e-03  7.24026412e-02 -4.34783250e-02  1.25801917e-02
  9.37949196e-02 -3.82261425e-02 -1.43130906e-02 -4.15071025e-02
  6.14760779e-02  1.09079324e-01  4.04572152e-02  3.20978761e-02
 -7.47115016e-02  4.54904288e-02  2.88444553e-02  1.26923146e-02
 -3.58722359e-02  3.27344611e-02 -5.14850914e-02 -3.10137235e-02
 -1.76027659e-02 -2.68229824e-02  4.53914218e-02  1.60113461e-02
 -1.67307369e-02 -3.58036114e-03 -1.86403524e-02  2.41783056e-02
  3.83845121e-02  5.76019101e-02 -9.30991173e-02  8.60363990e-02
 -2.18227152e-02  9.07936841e-02 -1.04535855e-01 -4.10199501e-02
  6.15584962e-02 -6.21054787e-03  6.62556067e-02  4.69711833e-02
 -3.92021313e-02  1.61787949e-03 -1.26945928e-01 -6.80641234e-02
 -4.50680628e-02 -2.68641096e-02 -3.27069014e-02  1.85658876e-02
 -4.40403484e-02 -5.80981262e-02 -3.57537642e-02  1.19558133e-01
  8.91900342e-03 -1.17045054e-02  5.59923202e-02 -2.11041747e-03
 -1.57093685e-02 -8.16884115e-02 -5.18969558e-02  5.11641391e-02
 -5.06767854e-02  1.54963667e-02 -2.08509415e-02 -1.20820340e-08
 -1.90192219e-02  3.05042621e-02 -3.31516638e-02 -4.18629758e-02
  3.21384845e-03  1.02516226e-02  2.66005140e-04 -8.45980197e-02
  3.42345960e-03  4.34220582e-02  4.59021144e-02 -1.21966284e-02
  4.47702445e-02  4.64696363e-02  3.03288619e-03 -1.28830224e-02
  3.75164039e-02  3.89307588e-02 -4.21736836e-02  5.02593517e-02
  2.55392957e-02  2.62836069e-02 -1.37801869e-02  7.31249377e-02
 -3.01195402e-03  1.28666842e-02  4.14091684e-02  1.01913139e-01
  2.07681060e-02  9.73920003e-02  1.71950795e-02 -4.30681976e-03
 -4.90574026e-03  5.30354455e-02 -2.57243607e-02  3.67543176e-02
  3.98441479e-02 -1.79919470e-02  6.21846765e-02 -3.44083011e-02
  1.60844792e-02  8.68094992e-03  4.73964922e-02  6.67413324e-02
 -1.00668697e-02  8.41482636e-03 -3.02098710e-02  4.29045521e-02
  1.19931134e-03  1.99407563e-02  5.01913344e-03 -4.02092002e-02
  1.84916407e-02  1.41109794e-01  2.61195563e-02  1.76474564e-02
 -3.36421654e-03 -2.57749576e-03  2.31142957e-02  5.96186742e-02
  3.64358351e-02  2.02981252e-02  9.13854018e-02  1.44670075e-02]"
334,Health and Demographic Risk,Social,disease,1,0.3817,"[-4.00431603e-02  3.48176919e-02 -2.30307914e-02  8.87607932e-02
 -7.08407834e-02  1.38794705e-02  1.20796286e-01  1.05516843e-01
 -2.29866412e-02  4.35160398e-02 -7.23645976e-03  2.21949778e-02
  2.57505197e-02 -2.10750755e-02 -9.93061438e-02 -1.35631738e-02
 -6.79200739e-02 -5.34417070e-02 -3.47538590e-02  6.37721792e-02
 -5.19876033e-02  1.38400450e-01  1.33967353e-02 -5.06091071e-03
 -1.11851744e-01  2.66458001e-02 -1.78986462e-03 -8.67068246e-02
  1.45547660e-02 -3.37781524e-03 -1.72478762e-02  4.82711010e-02
 -3.35720880e-03  3.10122292e-03 -4.34043966e-02 -1.68612208e-02
  2.24510580e-02 -3.01262015e-04 -2.22818982e-02 -1.16407471e-02
 -2.88030971e-02 -8.11368972e-02  3.30151953e-02  8.09787959e-03
 -2.21736450e-02 -1.72814075e-02 -2.53899898e-02  9.27897915e-02
  6.87222481e-02  1.99421775e-02 -2.29070503e-02 -5.61337359e-02
  5.30006597e-03  4.08948697e-02  2.70206295e-02 -6.56914413e-02
 -5.28591312e-02 -2.37752590e-02 -8.71804655e-02 -4.51492053e-03
  2.91551184e-02 -2.73326449e-02  3.73347811e-02  1.86928622e-02
  8.80465582e-02 -3.00965514e-02  3.80080659e-03 -7.57459225e-03
 -2.51648575e-02  3.56569774e-02  3.24558243e-02 -3.61972153e-02
 -2.74374876e-02  9.46094990e-02  6.42884672e-02 -3.49497087e-02
 -3.55014652e-02 -6.97877705e-02  7.71710277e-02  4.82532121e-02
  4.05264832e-02  8.66366327e-02  5.10025211e-02  3.93031575e-02
  4.72575128e-02  8.68722703e-03  6.61654919e-02  3.41341197e-02
 -4.56210077e-02  6.58196490e-03 -5.12609519e-02 -6.12405390e-02
 -8.41713045e-03  2.63501741e-02 -9.62569639e-02  2.24589389e-02
  4.14400995e-02 -1.17662311e-01 -3.04307714e-02  1.89670131e-01
 -6.96143508e-02 -6.18331775e-04  4.68168929e-02  6.26553968e-02
 -2.79365405e-02 -2.64135618e-02 -1.81590915e-02 -1.38721410e-02
 -3.40584330e-02 -3.44437025e-02 -1.35609321e-02  4.98238616e-02
  3.12045701e-02 -1.87251046e-02  2.54864264e-02  2.82330383e-02
  4.56133531e-03 -5.73963001e-02 -3.31431553e-02  6.43343618e-03
  5.20977564e-03 -2.69647911e-02 -4.79638018e-02  1.98147856e-02
 -2.53746733e-02 -6.02202974e-02 -1.81388408e-02 -5.95732125e-33
  8.83482490e-03 -1.01759449e-01  2.89968010e-02  2.52341349e-02
  2.08056029e-02  4.92538065e-02  3.73173063e-03 -7.06472620e-02
  2.80964375e-02 -2.42753066e-02  1.26631539e-02 -1.18055560e-01
  6.19890839e-02  3.28516066e-02  3.88224982e-02  3.70336361e-02
 -7.10206013e-03  1.81637965e-02 -9.13077500e-03  8.55123531e-03
  1.62694848e-03  7.53287971e-02  3.97699066e-02 -1.93729922e-02
 -4.30852687e-03  1.77813210e-02 -6.72807023e-02 -4.15370129e-02
  9.50464085e-02 -9.33366304e-04  4.91970107e-02  7.62576908e-02
 -5.24256490e-02 -5.63441887e-02 -4.64773886e-02 -1.34913651e-02
 -1.34353177e-03 -4.05448638e-02 -4.74561267e-02 -5.45308460e-04
 -4.28072661e-02 -6.80399640e-03 -5.80787174e-02  1.31423110e-02
  2.77447477e-02 -9.25657805e-03  2.91982964e-02 -5.55802174e-02
 -1.30961671e-01  2.72219349e-02  4.67148796e-02 -1.42849907e-02
  1.51887292e-03 -4.75159883e-02  3.20176072e-02 -5.51623739e-02
  2.12512407e-02  6.38189400e-03 -3.44766565e-02  1.27237216e-02
  9.97123048e-02  6.38385117e-02 -1.58200655e-02  5.41534573e-02
 -4.00623903e-02 -1.08332977e-01  8.48850328e-03 -7.92753175e-02
 -2.68981662e-02  1.32928276e-03  6.82273228e-03 -2.50776540e-02
 -2.51071788e-02 -2.07605977e-02 -3.52394506e-02 -3.53032276e-02
  5.30271232e-02 -5.60918003e-02 -8.74181911e-02  2.66769348e-04
 -8.02698433e-02  1.99314929e-03  3.19842845e-02  2.98674516e-02
 -6.34629838e-03  6.70469925e-02 -5.50890192e-02 -7.18068890e-03
 -5.16002811e-02 -2.88679916e-02  1.82006303e-02  5.63079007e-02
 -6.22248650e-03  5.67217544e-02 -2.69996691e-02  2.41684596e-33
 -4.59025614e-02  5.19578671e-03 -6.65548146e-02  1.23571632e-02
  3.17191295e-02  5.69609972e-03 -6.08213572e-03  4.96804044e-02
  2.46360227e-02 -3.80510315e-02 -2.53289519e-03 -4.46252599e-02
  1.05094095e-03  2.01304201e-02  1.41043933e-02  2.72715166e-02
 -1.88812688e-02  3.06502208e-02 -2.70204023e-02  2.81335600e-03
 -6.61731958e-02  7.39812553e-02  1.83279458e-02 -9.13549736e-02
 -5.03152311e-02  7.16654882e-02 -1.30014867e-02  2.44303308e-02
 -1.04932338e-01  5.27636753e-03  6.09696768e-02  1.98805388e-02
 -2.07186397e-02 -2.17368361e-02  2.03991495e-02  1.01108097e-01
  5.00841960e-02 -4.91922684e-02 -3.11726741e-02 -7.10499734e-02
  5.05037159e-02 -1.86005794e-02  3.60805020e-02  1.26369804e-01
  5.97915314e-02  6.09285459e-02 -3.09389550e-02  8.59288797e-02
  8.97191614e-02  2.51567084e-02  1.98872667e-02  3.88616510e-02
  2.97604091e-02  2.03320701e-02 -1.89318415e-02 -3.57573666e-02
 -1.12126775e-01 -7.93472901e-02 -3.81840505e-02  1.90464817e-02
  1.22915013e-02 -2.46726647e-02 -6.86171129e-02  5.60115278e-02
 -2.06788797e-02  1.40779410e-02  4.40406650e-02  2.83001773e-02
  9.68446434e-02 -1.93025973e-02  2.52766069e-02  2.90280767e-02
 -1.14335202e-01  6.05300255e-02  2.44308095e-02 -1.39930155e-02
 -7.33024627e-02  6.51954561e-02  2.67525837e-02  2.28327010e-02
 -8.83231536e-02 -4.93841544e-02  5.00843935e-02 -9.34254564e-03
 -4.21278067e-02 -6.87505603e-02  6.12248667e-02 -1.33258337e-02
 -6.29726658e-03 -2.76073981e-02 -2.05635410e-02 -1.84470303e-02
 -1.15276754e-01 -3.37147037e-04 -1.50314514e-02 -1.26631834e-08
  9.64469984e-02 -8.48096088e-02 -2.13404130e-02 -1.32809833e-01
  3.24548483e-02  2.06316635e-02 -4.48700488e-02  8.91489610e-02
  6.43108934e-02  9.18529630e-02 -7.83972517e-02  1.07875697e-01
  2.14625169e-02  1.06110843e-02  2.64492221e-02 -4.29903716e-02
 -6.29406050e-02  7.37407207e-02 -6.30919337e-02 -5.32193258e-02
  2.35480014e-02 -5.14925048e-02  5.94826788e-02 -3.13934274e-02
 -2.17441376e-02 -5.69833629e-02  8.51515681e-02 -7.64278183e-03
 -2.62662563e-02 -7.65204057e-02 -4.64793621e-03  6.00051098e-02
 -2.90964246e-02  5.06861098e-02 -2.42545195e-02 -3.78915332e-02
  9.61261690e-02 -6.04226924e-02  4.16820496e-02 -4.38261405e-02
  5.37268929e-02  7.84706250e-02  7.24128410e-02 -3.14456858e-02
 -2.31015030e-02 -6.63226470e-02  2.24213265e-02  1.74712949e-02
  7.05354363e-02 -7.92002529e-02 -1.07121412e-02  2.87611466e-02
  4.58523855e-02  2.34268531e-02 -7.00293183e-02  4.01619487e-02
  2.22344901e-02  4.81448956e-02 -2.95129586e-02 -2.91826408e-02
  9.53602716e-02  6.41330853e-02  7.28973225e-02  5.00850044e-02]"
335,Health and Demographic Risk,Social,generations,1,0.3716,"[-3.67935151e-02  4.31660190e-02  4.85828379e-03  3.52242962e-02
 -2.22454630e-02  4.98289950e-02 -1.83578022e-02 -2.47093383e-03
 -1.18045984e-02  6.89551560e-03  9.82681513e-02 -2.14567147e-02
  5.59204966e-02 -7.04000965e-02 -2.19727494e-03  1.95595827e-02
 -1.14143446e-01 -8.72679204e-02 -4.14892770e-02 -5.61545417e-02
 -1.30031873e-02  6.21235650e-03  4.21538576e-02 -4.28182818e-03
 -1.83113348e-02  3.00797857e-02 -2.40196884e-02  4.34552087e-03
  7.41565898e-02 -7.33847031e-03  8.17712098e-02  8.61820057e-02
 -3.51158269e-02  5.85671589e-02 -5.77175245e-02  3.95606123e-02
  3.76407355e-02  2.92493384e-02  4.09468003e-02 -1.05838310e-02
 -1.42511819e-02 -3.92676219e-02 -3.68050579e-03 -3.72143276e-03
  6.58306777e-02 -5.19903898e-02  2.21147155e-03 -1.67046264e-02
 -3.12456414e-02  7.26098046e-02  2.57678945e-02 -4.78721038e-02
  4.25874554e-02  3.42802070e-02  5.25920279e-02 -1.78167708e-02
  2.97915991e-02 -2.98424978e-02  3.99825163e-03 -4.48729061e-02
 -7.75370980e-03 -6.18055351e-02 -9.71705839e-02 -6.66988418e-02
 -6.41353577e-02  1.40792446e-03  6.47451952e-02  3.38552147e-02
 -2.61773337e-02 -3.11543737e-02 -5.33958413e-02 -1.74059272e-02
 -1.02709047e-02  7.06892833e-02 -3.51183712e-02  1.58853475e-02
  4.18469012e-02 -2.25848854e-02 -2.74917390e-02 -1.15157887e-01
  4.11242880e-02 -2.42352709e-02 -1.55224847e-02  1.49604222e-02
 -3.62792686e-02 -1.43144550e-02  4.88562211e-02 -5.60266674e-02
 -8.98213871e-03  3.62350754e-02 -1.09228380e-01 -1.22969272e-02
  1.39267638e-01  1.50730498e-02 -6.17806278e-02  4.28831205e-02
 -3.01826675e-03 -1.11513101e-01 -3.25169079e-02  1.91646427e-01
  1.04347719e-02 -2.85718944e-02  2.25819889e-02  7.11603686e-02
 -9.17612165e-02 -7.36732185e-02 -7.03420341e-02  3.86686288e-02
 -2.79672313e-02  1.49751147e-02 -2.95494590e-02  1.77837219e-02
 -2.85510756e-02  6.65725321e-02 -2.69441307e-02 -7.68947378e-02
 -8.38947762e-03 -2.56920257e-03  3.51489112e-02  2.11509280e-02
  4.36577126e-02  6.42150119e-02 -4.83684763e-02  3.87392268e-02
 -7.85912126e-02 -6.71541169e-02 -3.05781607e-02 -5.50703822e-33
 -3.68163250e-02 -4.28466313e-02 -2.74846442e-02  7.28635564e-02
 -3.05081680e-02  4.80994172e-02 -5.68703376e-03 -8.87995306e-03
 -7.23121315e-02 -1.48315420e-02 -6.52066171e-02 -1.80938952e-02
 -7.08270445e-02  2.73148231e-02  1.54953539e-01  2.64873076e-03
 -1.74294755e-01  6.09216373e-03  5.52348755e-02  3.75553966e-02
 -6.73921630e-02  1.09527208e-01  9.08015063e-04 -4.04900238e-02
 -3.94696184e-03 -2.66981479e-02  1.96546633e-02 -3.07237618e-02
 -1.91369487e-04  1.66886244e-02  4.55712713e-02  3.67774232e-03
 -1.47578800e-02 -4.74095941e-02 -4.75723818e-02 -3.37481312e-03
  5.11182100e-02 -5.09577021e-02  2.76916567e-02 -2.64098737e-02
 -4.30746004e-02 -1.40925972e-02  5.01435027e-02  2.38859486e-02
  3.12002245e-02  1.99777577e-02  6.77274391e-02  7.32991088e-04
 -1.03772201e-01  5.31755798e-02 -3.09557058e-02  2.06185989e-02
 -1.74043104e-02 -5.47215678e-02  3.88657004e-02 -4.43995073e-02
 -3.61888297e-02  6.26686066e-02 -4.50218730e-02  2.99382582e-02
  1.14188313e-01  1.30251599e-02  3.40381078e-02  1.31318318e-02
 -1.36327622e-02  4.14263178e-03  6.61505386e-02  3.19523290e-02
  7.01362938e-02  3.32387313e-02  4.86545861e-02 -5.67979924e-02
 -4.29398827e-02 -2.72205994e-02 -3.47984433e-02  1.54151144e-02
  7.67465979e-02  6.38302192e-02  7.33023742e-04 -2.26370022e-02
  2.68238061e-03  4.24345881e-02 -2.62234844e-02 -4.69318554e-02
  9.66637209e-02 -3.11525930e-02  8.13669059e-03 -9.19731800e-03
  5.11306189e-02  5.46742510e-03 -2.63922084e-02 -9.05173793e-02
  1.26383275e-01 -1.00722890e-02 -8.97861049e-02  3.28109163e-33
 -4.45693918e-02 -1.10558867e-02 -2.17785519e-02  2.15688050e-02
  1.39163751e-02 -4.47558500e-02 -2.80028097e-02  4.97902706e-02
 -4.41841073e-02  2.11533695e-03 -3.36851962e-02  5.73009662e-02
  6.29315227e-02  5.83920665e-02 -4.44162637e-02 -5.91959059e-02
  2.64966395e-02 -2.17584660e-03  2.14593625e-03 -1.20295547e-02
  1.00063793e-02  3.87433395e-02 -5.62068410e-02  5.66046834e-02
 -2.66496148e-02  5.04649393e-02 -3.51244994e-02  5.64112850e-02
 -5.09577505e-02  1.12880319e-02 -1.79571434e-04  3.02942358e-02
  4.17968333e-02  1.99357215e-02  3.49549055e-02  5.28068990e-02
  9.15938690e-02  6.35911599e-02 -4.03247550e-02 -2.69549377e-02
  4.29453049e-03  1.81171820e-02 -3.79562490e-02  9.45523903e-02
 -7.58746266e-02  9.43790078e-02 -5.31993574e-03  8.58827382e-02
  3.28631103e-02 -6.21321611e-03 -2.71857660e-02  6.27228394e-02
  6.57264069e-02  4.58500348e-03 -3.15047204e-02 -7.78912380e-02
  8.61827582e-02 -4.92902584e-02  2.46365666e-02  4.72832248e-02
 -3.66445780e-02 -3.04076784e-05  5.26757096e-04  1.35369198e-02
 -3.98447327e-02 -7.06672575e-03 -1.18041411e-02  7.53815984e-03
 -3.38397101e-02  6.45131096e-02  8.72510895e-02 -1.85462143e-02
 -8.25667530e-02 -9.15960893e-02 -4.11677845e-02 -3.05283931e-04
 -8.31482261e-02  7.89193064e-02  1.54989026e-02 -5.54127209e-02
 -7.07181320e-02 -5.05352719e-03 -1.37243131e-02  1.98614709e-02
 -7.93365464e-02 -7.27224872e-02  2.52660569e-02 -5.69739519e-03
 -1.64845940e-02 -2.62246393e-02  1.35777146e-02 -7.53784329e-02
 -5.80433123e-02 -8.81298780e-02 -1.86588336e-02 -1.15460743e-08
  8.60541463e-02  5.16202599e-02  4.12320644e-02 -2.55071511e-03
  3.83593440e-02  2.60002930e-02 -4.87889647e-02  2.95249764e-02
  5.38796932e-02  9.58736539e-02 -7.19264969e-02  5.30966297e-02
  9.77853462e-02  9.10310540e-03  1.03354141e-01  1.85518228e-02
 -8.19592252e-02  2.86656152e-02 -1.73895955e-02  1.90228596e-02
  6.29312843e-02  2.38791332e-02  4.97446917e-02  3.56964953e-02
 -3.74797322e-02 -5.64477593e-02  4.75838734e-03 -3.80990468e-02
  3.23291831e-02  2.28139311e-02  3.58351506e-02 -2.29415414e-03
 -1.33248657e-01 -2.23020259e-02  2.01793294e-02 -2.11321358e-02
 -7.51264021e-02  2.36104056e-02  5.15852831e-02 -5.61655723e-02
  2.56731436e-02 -4.38134745e-02  2.71896832e-03  9.35163721e-03
 -3.03172022e-02 -4.01636623e-02  1.92951206e-02  1.41113941e-02
 -2.39995141e-02 -2.98919040e-03 -9.02609825e-02  9.83293355e-03
 -2.82065812e-02  7.56890106e-04  9.21609905e-03 -3.34983356e-02
  1.02805132e-02  2.87478063e-02  1.99139421e-03  5.11845648e-02
  1.85247093e-01  1.00780629e-01  9.24235806e-02  8.97702482e-03]"
336,Health and Demographic Risk,Social,causes,1,0.3624,"[-4.78480384e-02  2.24893745e-02  7.44639039e-02  8.18612948e-02
  7.14241117e-02  5.76247415e-03  4.65548635e-02  6.73946962e-02
 -8.74009542e-03  3.73384133e-02 -1.88458096e-02 -2.81005502e-02
 -1.29119484e-02 -1.34675875e-02 -2.92622764e-02 -3.50398682e-02
 -7.04675242e-02 -7.93480799e-02 -8.69444683e-02  3.07636429e-02
 -4.57644798e-02 -2.08285195e-03 -1.71825886e-02 -5.91309392e-04
 -1.49666995e-01 -1.99567676e-02  2.26025600e-02 -5.17713539e-02
  9.22451988e-02 -7.26158097e-02  1.62084177e-02  3.79111618e-02
 -1.59137808e-02  6.50196243e-03 -1.03483154e-02  2.32071374e-02
  1.05771758e-02  5.03069349e-02 -9.49329883e-03  3.61377001e-03
 -3.78216780e-03 -8.80171582e-02 -5.49484650e-03 -5.97974518e-03
 -4.51489585e-03 -1.68976467e-02  3.75531428e-02  4.55627330e-02
 -1.43759921e-02  7.26423867e-04 -5.45361415e-02 -5.01022004e-02
  3.27038765e-02 -2.88490932e-02  4.57405820e-02 -1.22042917e-01
  3.08287553e-02  4.26435582e-02  4.65919031e-03  1.68283265e-02
  3.41492444e-02  1.55939569e-03 -1.12183206e-01  2.10668035e-02
  1.21350519e-01  5.66760525e-02  3.31991948e-02  3.16966847e-02
 -1.94191597e-02  1.10369839e-01  8.63037854e-02 -2.11785343e-02
 -6.66367039e-02  1.22185154e-02  6.17351867e-02  1.43456096e-02
 -6.45950064e-02 -2.57900432e-02  4.35802042e-02  2.43583787e-02
  7.74805993e-02  3.65790315e-02 -1.69260819e-02  2.58010961e-02
  9.73968431e-02 -5.30371144e-02  8.33386257e-02 -6.69904575e-02
 -5.12378030e-02  6.15542643e-02 -3.70892175e-02 -6.97946772e-02
  9.53152850e-02  3.55142355e-02 -3.23907775e-03  4.74959426e-02
  1.76632237e-02 -8.56814757e-02  6.86667999e-03  1.72315106e-01
  4.62001516e-03  1.15881851e-02  2.90965810e-02  1.16797261e-01
  6.33375719e-02 -7.27842972e-02  5.97802317e-03 -3.84374075e-02
 -2.22432986e-02 -2.04119869e-02  2.29991339e-02  2.88302135e-02
  4.27228734e-02 -7.70636126e-02  6.84791356e-02 -3.47401276e-02
  7.84912258e-02 -1.20331002e-02 -8.36778358e-02 -1.07021863e-02
 -1.44319693e-02 -1.21133542e-03 -8.83712992e-02  4.01191637e-02
 -8.41982439e-02 -1.14494771e-01 -1.03890590e-01 -5.21986605e-33
  3.93855013e-02 -9.24685821e-02 -2.95729656e-02  4.23967876e-02
  2.54475661e-02  1.18714301e-02 -3.67933474e-02 -3.65893617e-02
  2.05416083e-02  1.10456748e-02  1.94345117e-02 -4.24773134e-02
  1.47010768e-02 -5.85583895e-02  5.95987663e-02 -1.04697105e-02
 -8.11941400e-02  9.41109145e-04 -4.55276519e-02  1.05157429e-02
 -1.91907175e-02 -4.74021547e-02 -3.79626732e-03 -2.24994905e-02
 -7.17083290e-02  1.52529897e-02 -5.34162931e-02 -5.24409898e-02
  3.91399637e-02  1.06807463e-02  4.86541688e-02  6.98895752e-03
 -2.69144936e-03 -2.18116157e-02 -3.52734961e-02 -2.31354926e-02
 -2.33202595e-02 -3.53067107e-02 -9.49629024e-03 -1.42356148e-02
 -8.63689929e-02  1.76926218e-02 -3.29231024e-02  8.46661255e-03
  9.05059725e-02 -5.97423594e-03  2.53614280e-02 -6.46516010e-02
 -9.04337615e-02  4.46840785e-02 -3.17361429e-02  3.58935893e-02
  1.77434215e-03  2.18757265e-03  1.67321637e-02 -1.30983405e-02
  1.86882168e-02 -5.77447489e-02 -9.43103619e-03  2.96781845e-02
  4.06268463e-02  3.08963340e-02 -1.33394320e-02  1.07303590e-01
 -1.53842494e-02 -7.97175542e-02  5.14735207e-02 -6.68457448e-02
 -6.19188510e-02  1.44627132e-02 -3.57363671e-02 -1.87306684e-02
 -2.47906242e-02 -3.29167172e-02 -4.57229093e-04  1.58999320e-02
 -5.89398779e-02  2.73877997e-02 -5.86256012e-02 -3.35909687e-02
 -5.14172353e-02 -3.36599760e-02  5.97863719e-02 -3.45860459e-02
 -1.58939231e-02  6.21102341e-02 -2.76726335e-02 -4.44674902e-02
 -2.27343962e-02  8.87307525e-03  5.98474070e-02 -5.85044548e-03
  6.17606081e-02  4.63503562e-02 -3.07809897e-02  2.26132254e-33
 -9.89264771e-02 -2.43669599e-02 -4.98137362e-02 -6.75317273e-02
  4.86011989e-02 -1.12603921e-02 -1.77596286e-02 -5.40274335e-03
  1.35965869e-02  1.61441080e-02 -4.01373208e-02 -5.33519164e-02
  9.09852050e-03  6.14322238e-02 -3.44412145e-03 -6.78158179e-02
  1.64732840e-02  7.51752108e-02  6.52147876e-03 -4.14849147e-02
 -2.58830115e-02  4.56481278e-02 -2.77162157e-02 -9.67576355e-02
 -5.24180420e-02  5.05686067e-02 -3.11845504e-02  4.40075211e-02
 -1.35067077e-02  5.71117289e-02  2.69813016e-02  9.72265676e-02
 -5.82804009e-02  4.74448130e-02  3.71249276e-03  1.26121730e-01
  9.12247412e-03  7.61149032e-03 -4.18600161e-03 -3.29572409e-02
  6.96659908e-02  2.11638468e-03  1.20517150e-01  6.43528253e-02
  4.76693287e-02 -1.72116011e-02  1.19163608e-02  3.81392017e-02
  1.15004927e-01  2.06189938e-02 -1.10636177e-02  5.13767067e-04
  5.39765805e-02  5.49880937e-02 -1.39813870e-02 -2.23193076e-02
 -5.49986549e-02 -2.10750159e-02 -5.41003188e-03  5.87510839e-02
 -1.09163150e-02  7.10395351e-02 -5.39529063e-02 -3.79015766e-02
  5.75590134e-02 -4.48081903e-02 -1.59545355e-02 -5.85644180e-03
  1.25916898e-01 -1.52643630e-02  1.07577839e-03  4.17061336e-02
 -1.45593792e-01 -4.70102625e-03 -5.68621419e-02  5.46194725e-02
 -1.23233736e-01  5.93378246e-02 -6.48913020e-03 -3.75095122e-02
 -5.41642569e-02 -3.46810780e-02  4.61412221e-02  3.06189265e-02
 -1.25029117e-01 -1.67091098e-03  4.32411879e-02  5.60960220e-03
  4.07006107e-02 -1.48790888e-02 -2.16202233e-02 -9.24472045e-03
 -5.81079349e-02  3.31592038e-02  9.27253440e-03 -1.19257715e-08
  1.89961419e-02 -6.07493967e-02 -4.99326698e-02  2.27593118e-03
  4.73748483e-02 -5.23270713e-03 -1.49780735e-02  7.00962469e-02
  2.73111258e-02  4.10055481e-02 -8.26221108e-02  9.07566771e-02
 -1.03706103e-02  4.89918701e-02  1.84535962e-02 -3.04148886e-02
 -2.99294479e-02  6.76843524e-02 -2.87265028e-03 -7.17070475e-02
  1.76715106e-02 -4.79475558e-02  3.52839269e-02  3.94939445e-02
 -2.08433568e-02 -2.92972438e-02  5.67726903e-02  5.49002402e-02
 -1.38112716e-02 -4.80560884e-02  4.87251282e-02  1.24630146e-02
 -5.26609346e-02  2.09940858e-02 -3.89170200e-02  1.60841309e-02
 -1.85186807e-02 -8.37961510e-02  1.35818301e-02 -9.36756134e-02
  3.97685803e-02  8.35240409e-02  8.41804370e-02 -6.14568312e-03
 -2.66695395e-02  1.26913916e-02 -1.16678318e-02  6.06178753e-02
  5.90728857e-02  2.87872404e-02 -1.07893057e-01  1.21357655e-02
  4.68338989e-02  4.12340276e-02  3.93463001e-02  4.12979051e-02
  4.18132581e-02  3.26073021e-02  2.95556318e-02  8.07474274e-03
  1.41352713e-01  6.23096079e-02  1.00149289e-01  7.02723302e-03]"
337,Health and Demographic Risk,Social,hazardous,3,0.3515,"[ 3.36181857e-02  2.71987747e-02 -4.76677194e-02  2.76505239e-02
  6.56606583e-03  1.38589852e-02  1.40101403e-01  6.82627112e-02
 -5.25325574e-02  1.36720287e-02  4.90989052e-02 -4.50298898e-02
  4.24380898e-02  4.22107615e-02 -1.00600243e-01 -5.09844609e-02
  5.06010763e-02 -6.61694035e-02 -9.73934531e-02  1.02492444e-01
 -1.12089198e-02  8.46796185e-02 -2.34195665e-02  2.03038268e-02
 -7.97160938e-02  4.40675057e-02 -1.53856268e-02 -9.13413428e-03
  4.69441153e-02 -4.30072807e-02  5.77479005e-02  4.95515987e-02
  8.29089899e-03 -2.31390446e-02  3.32390331e-02 -6.33116998e-03
  5.37989922e-02 -2.02336349e-02  9.36218426e-02 -2.75159441e-03
 -3.50477174e-02 -1.05359122e-01 -3.51316780e-02 -3.71977314e-02
 -2.71381568e-02 -1.95543822e-02  2.15438940e-02 -1.08409300e-01
  2.55157594e-02 -3.69405113e-02  3.36935706e-02 -1.39342016e-02
 -4.38927114e-02  7.82698952e-03  3.32050957e-02 -1.18391715e-01
  9.02655162e-03 -9.55020487e-02 -5.86451069e-02 -2.72641983e-02
  4.76287603e-02 -1.04010943e-03  1.76519565e-02 -1.02260374e-02
  4.17996868e-02  3.39039154e-02 -1.73510369e-02  3.28128412e-02
  6.00876249e-02  2.39341985e-02  4.13240120e-02 -1.62909850e-02
  2.47936845e-02  2.17314884e-02  1.04371179e-02 -7.29172025e-03
  3.30745131e-02 -1.85564123e-02  6.34588897e-02 -1.61907841e-02
  2.84197554e-02 -1.54948542e-02  1.00812351e-03  1.35345990e-02
  7.45764598e-02  5.32989949e-02 -3.81047651e-02  1.07848654e-02
 -4.58312705e-02  3.54232900e-02 -5.83537892e-02  2.26350017e-02
  1.26044959e-01  4.78997193e-02 -8.27203393e-02  5.16278343e-03
 -2.03440655e-02 -3.52836698e-02 -2.69022305e-02  1.96647733e-01
 -1.98529493e-02  8.41041952e-02 -1.42771110e-01  3.23566571e-02
 -3.72415558e-02 -8.55950043e-02 -3.30525935e-02 -2.17656046e-03
 -4.40239795e-02  1.96611006e-02 -3.39773037e-02  1.37885381e-02
 -1.03431921e-02 -2.92361318e-03 -2.45373119e-02  7.95534775e-02
 -1.40500944e-02 -8.64026137e-03 -3.13052498e-02 -7.10044801e-03
  1.59120513e-03  4.94909566e-03 -2.40022652e-02  8.87269527e-02
 -2.00510658e-02 -1.12515062e-01  3.60509902e-02 -5.28631454e-33
  4.97373939e-02  2.88053304e-02  3.43766399e-02 -2.57512219e-02
  1.36949145e-03  2.99582463e-02 -2.12507956e-02 -6.26577660e-02
 -9.11462959e-03  8.65528658e-02  5.42914495e-02  3.61969434e-02
 -3.58335711e-02 -2.29122266e-02  5.20854779e-02 -1.64414849e-02
 -5.65107092e-02  1.90412309e-02 -6.94071949e-02 -8.63353387e-02
 -2.33589113e-02 -1.35708097e-02 -1.50470156e-02  3.42396535e-02
 -2.94376463e-02  7.71994367e-02 -5.94190620e-02 -1.10596679e-02
  1.51060903e-02  3.47706117e-02 -4.67445664e-02  4.27411087e-02
 -5.40690543e-03 -6.72966167e-02 -2.35548872e-03  2.73717754e-02
 -1.63411036e-01 -3.67207080e-03 -2.85879988e-02 -2.76228189e-02
 -7.26292729e-02 -5.64970933e-02  3.00669074e-02  8.02282766e-02
  8.89691934e-02  5.79988286e-02  1.32624758e-03 -2.33690366e-02
 -5.89825921e-02 -7.19686598e-02 -4.90228534e-02 -1.07666859e-02
 -1.90308094e-02 -1.32080568e-02 -4.09076698e-02  1.76735353e-02
  7.66746998e-02 -2.99134199e-02 -2.23720148e-02  4.01154757e-02
  5.77397039e-03  1.09947443e-01 -1.16138488e-01  2.16817483e-02
  4.16414104e-02 -1.04385674e-01  1.06566567e-02 -3.26543823e-02
  5.29970489e-02 -8.02647136e-03 -1.31882560e-02  3.35926153e-02
  6.16881810e-02 -3.88387591e-02 -4.46795970e-02 -1.04474174e-02
 -1.92291420e-02  9.91635863e-03 -3.58564332e-02 -4.23198678e-02
 -8.71006325e-02 -1.26206772e-02 -2.40482185e-02  5.43570258e-02
 -4.96349260e-02 -4.09848802e-03  1.07323369e-02  1.46718100e-02
 -6.96007013e-02  1.18430816e-01  2.47312952e-02 -1.14397053e-02
  7.97810927e-02  1.01005491e-02 -8.96936655e-02  4.11757965e-33
  1.98520342e-04  7.18728378e-02 -1.02983154e-01  9.98334214e-02
 -7.36531662e-03 -6.25638105e-03  3.81841660e-02  8.12274814e-02
 -6.35823794e-03  6.78592995e-02 -7.43380040e-02 -5.13363816e-03
 -3.43821980e-02 -4.29865122e-02  5.29592596e-02  4.55097295e-02
  5.37052974e-02  8.32029060e-02 -9.96299088e-03 -3.61700095e-02
 -7.31146103e-03 -2.45636255e-02 -5.86436428e-02 -1.40361004e-02
 -6.93863183e-02  4.77461293e-02 -4.25270945e-03 -7.54400045e-02
 -3.99646498e-02  6.25000075e-02  8.42452794e-03  1.16787367e-01
 -2.55111307e-02  2.04851422e-02  1.14069246e-02 -9.41408426e-03
  3.87362912e-02 -3.91916446e-02  1.59339327e-02 -5.02454191e-02
 -6.77362410e-03  9.85735655e-02  3.85052338e-02  8.79416317e-02
 -5.14227934e-02  5.96723892e-02 -2.58306768e-02 -4.15263511e-02
  1.13529535e-02 -1.39235677e-02  5.47584100e-03  3.07253338e-02
 -3.85074504e-02 -1.19273434e-03  3.91000845e-02  3.55797745e-02
 -1.08840175e-01 -3.50662395e-02 -3.25829722e-02  7.26489350e-02
  7.02428147e-02  5.06622680e-02 -9.27157849e-02  6.06623180e-02
 -5.33834435e-02  1.37396147e-02 -1.10342667e-01 -5.14436886e-02
  3.13733779e-02 -1.78223867e-02  9.36972573e-02  3.53354104e-02
 -6.09151497e-02 -7.34398589e-02 -8.10820684e-02 -1.17302403e-01
 -5.61214313e-02  3.61130349e-02 -2.75941473e-02  2.15428695e-03
 -1.67345479e-02  1.82411645e-03 -3.16477008e-02  1.06995218e-02
 -2.30211746e-02 -2.87960954e-02  2.12054979e-02  4.23414297e-02
 -2.39861291e-02 -2.11306587e-02  2.22829375e-02  4.92857881e-02
 -4.79175448e-02  1.64173543e-02  4.48340038e-03 -1.25393136e-08
 -3.28386039e-03 -1.37985771e-04 -3.81266922e-02 -5.44687547e-02
  4.83740531e-02  9.37295053e-03 -7.75343971e-03 -1.67516933e-03
  1.31405927e-02  4.93730642e-02 -5.61614893e-03 -8.55904147e-02
  2.15931591e-02  6.71152696e-02 -4.09371639e-03  1.55608086e-02
  2.71132961e-02 -2.55326815e-02 -2.14249883e-02  3.97893041e-02
 -4.29341896e-03  3.08604538e-02 -9.67544224e-03  1.81668848e-02
  1.35402789e-03  4.98431548e-03  6.49491847e-02  3.21490094e-02
  1.02267787e-01  8.81590545e-02  5.10878973e-02  5.91037758e-02
 -3.89746688e-02  5.37229106e-02 -9.62898880e-02 -5.05180247e-02
 -2.96734534e-02 -6.75147548e-02 -4.13071997e-02  7.76148736e-02
 -6.46613585e-03  5.39433956e-02  1.33961551e-02  6.58269227e-02
  3.79588120e-02 -4.97087762e-02 -8.37837346e-03  3.23111601e-02
 -1.13109061e-02  9.13830474e-03 -6.54465007e-03 -7.43433461e-03
  1.75788049e-02  3.80689465e-02  1.53556364e-02  1.24263661e-02
  4.27150466e-02  4.39925306e-02 -1.47012640e-02 -5.09436242e-03
  1.73042178e-01 -1.87457725e-02  2.43793391e-02  3.01614515e-02]"
338,Health and Demographic Risk,Social,protection,2,0.3441,"[-9.75529402e-02  1.56477854e-01  1.42438402e-02  2.53251772e-02
  1.01619817e-01  1.07075833e-01  1.71323821e-01  3.52011323e-02
  1.17404119e-03  3.32761668e-02  7.32554197e-02  1.59114618e-02
  6.67962357e-02 -1.78143457e-02 -2.03703903e-02 -2.80623231e-02
  6.85456246e-02  9.99524537e-03 -1.50496706e-01 -2.54489668e-03
 -6.99724704e-02  9.61180124e-03 -1.15226638e-02  1.01639284e-02
 -1.08373038e-01  5.56497686e-02 -2.30137315e-02  4.16711234e-02
  6.64631277e-02 -1.01062350e-01 -1.48595497e-02 -8.15754384e-02
  3.99838202e-02  2.28628758e-02 -1.41384825e-01  2.37039523e-03
  3.89491469e-02 -4.48163822e-02 -3.81051330e-03 -7.60900155e-02
 -7.35605881e-02 -3.98315936e-02 -2.43446082e-02  1.14961071e-02
 -2.71595344e-02  5.03952950e-02  6.87524229e-02  1.14549100e-02
  5.64759821e-02 -3.85155715e-02  4.09916788e-02  4.82629500e-02
 -3.38844061e-02  3.08204349e-02  2.30098888e-02 -6.91522881e-02
 -4.16932367e-02 -1.02336630e-02 -4.16923948e-02  4.02657241e-02
  4.33359668e-02  7.81980716e-03 -4.09901850e-02  5.75435571e-02
  2.35738204e-04 -7.54737556e-02 -1.68993603e-02  4.85692509e-02
  3.66366841e-02  1.10973567e-01  9.83045320e-04  1.87999438e-02
 -1.12859830e-02 -1.10021718e-02  5.00197411e-02  5.16800256e-03
 -2.26830468e-02 -1.02626145e-01  5.51060028e-02 -4.35235873e-02
  5.95995337e-02 -1.30996108e-02  2.67457347e-02  3.62121686e-02
  4.53167455e-03  4.97368835e-02  6.76593482e-02 -7.13469833e-02
  3.68404784e-03  8.22397135e-03  2.29835361e-02 -4.19977494e-02
  6.98109493e-02  4.23528142e-02 -6.54232129e-02 -3.84042487e-02
 -3.56890820e-02 -4.36199680e-02 -8.33938420e-02  2.32245237e-01
  3.88980359e-02 -4.77823429e-02  7.35321315e-03  6.34828210e-03
 -3.59055325e-02 -6.68841526e-02  4.60599223e-03 -3.93613726e-02
 -1.71512850e-02  5.79311438e-02  2.85750218e-02  4.03763875e-02
 -6.31763265e-02  3.28203253e-02 -2.33539920e-02  2.35344353e-03
 -3.60849686e-02 -1.03586782e-02  7.71719664e-02  4.23207617e-04
  6.51405081e-02  4.74766421e-05  7.69844502e-02 -2.26118276e-03
 -3.66469361e-02 -8.43756869e-02 -6.15748111e-03 -5.56810919e-33
  4.62818108e-02 -5.57354465e-02 -2.93816049e-02 -2.54350100e-02
 -1.37773594e-02 -2.47831503e-03 -1.90730020e-02 -3.25455293e-02
 -4.64241393e-02  7.76896849e-02 -2.35843081e-02 -1.78220980e-02
  5.97692886e-03 -2.39431318e-02  1.01458564e-01  6.99766576e-02
 -5.22757471e-02  2.66252533e-02 -4.85456316e-03 -8.57422687e-03
 -3.48992571e-02 -4.14597318e-02  4.42505851e-02  7.98932984e-02
 -3.74856405e-02 -3.82454544e-02  2.05156524e-02 -5.76268844e-02
  2.91397162e-02  5.68608493e-02 -7.28124231e-02  8.18610713e-02
 -1.93952657e-02  3.44715156e-02  1.51519962e-02  1.26851335e-01
 -3.84150334e-02 -1.11783817e-01 -1.12720737e-02 -4.75306101e-02
 -5.03589958e-02 -2.03102753e-02  2.85625318e-03  1.74683915e-03
  4.83498275e-02 -1.86700877e-02 -7.13444427e-02 -3.54064517e-02
 -1.45099714e-01 -8.24787747e-03 -2.91242115e-02 -1.47567014e-03
 -3.82997207e-02 -2.83390954e-02 -8.45595896e-02  6.70963293e-03
 -6.24817051e-03  3.57822195e-04 -7.85233732e-03  2.89244093e-02
  1.39726708e-02  1.73409265e-02  6.76471181e-03 -1.27290199e-02
 -1.94441415e-02 -9.41591263e-02  5.29083386e-02 -8.53932798e-02
  1.85960773e-02 -2.52617374e-02 -1.11556150e-01 -3.71793844e-02
  5.05852439e-02 -8.50654207e-03 -7.56995976e-02 -1.25353076e-02
  4.45462577e-02  3.86879854e-02  2.53185686e-02 -5.03223687e-02
 -7.17052370e-02 -3.05082500e-02 -2.39463130e-04  4.95388433e-02
  1.99100561e-03  9.92970262e-03  2.61418261e-02 -3.45888883e-02
 -2.89262161e-02 -2.76477053e-03  2.63550039e-03 -3.95821482e-02
  5.79474382e-02  3.19636241e-02 -8.21816921e-03  4.32435021e-33
 -2.74416488e-02 -2.87179369e-02 -1.03759253e-03  4.28488068e-02
 -8.39125365e-02 -3.29249650e-02 -1.65685359e-02  8.33088532e-04
 -6.56862259e-02 -8.88240233e-04 -5.13233021e-02  7.98711181e-03
  7.67386928e-02  8.01767223e-03  3.82082127e-02 -4.71763238e-02
  2.15194300e-02 -9.19072423e-03  2.24721548e-03 -4.60266098e-02
 -5.84363611e-03  2.50140745e-02  8.39880109e-03  6.02954999e-02
 -6.21677525e-02  1.59140828e-03 -5.70946522e-02  1.00049016e-03
  5.81598580e-02  4.06345651e-02  4.35462072e-02 -2.55507920e-02
 -6.58552274e-02  4.48007882e-02 -7.42596686e-02  2.96098553e-02
  1.24393955e-01  5.05404361e-02 -4.05138470e-02 -4.74522859e-02
  4.24911343e-02  3.84298600e-02 -7.44897407e-04  4.07418273e-02
 -1.65154915e-02  2.64249537e-02  5.65503500e-02  1.72665659e-02
  3.64267714e-02  4.20385273e-03  2.55596209e-02 -2.53848210e-02
  3.43178250e-02 -1.34424986e-02 -3.00269574e-02 -4.93679941e-02
  4.37569246e-02 -7.81108905e-03 -2.07664240e-02  2.98465583e-02
  9.73835215e-03  7.20250830e-02 -2.88373157e-02  5.06618954e-02
 -2.86156461e-02  3.59688587e-02 -6.11557104e-02  5.03251664e-02
  5.48707359e-02 -1.47280684e-02  1.68809444e-02  7.17316801e-03
 -1.98011808e-02 -2.29562894e-02 -7.97173157e-02 -5.53993881e-02
 -8.17014277e-02 -4.82720882e-02 -6.35539144e-02  7.51181021e-02
 -4.46075723e-02 -1.04658283e-01 -7.38807917e-02  1.92144364e-02
  4.69929092e-02 -5.44243716e-02  8.16074535e-02 -3.20319533e-02
  1.88520029e-02 -3.21195312e-02 -5.00181615e-02  5.96998036e-02
 -1.46394461e-01  2.58651804e-02 -4.89755645e-02 -1.25496342e-08
  3.70997526e-02  2.38879323e-02 -3.09917587e-03 -6.03107847e-02
  2.97401492e-02  2.88320892e-02 -2.81070415e-02 -6.51013330e-02
  2.13800017e-02  3.69487703e-02  8.61813799e-02 -3.79975960e-02
  5.61647303e-02  1.73463486e-02  1.95339806e-02  4.58175316e-02
 -4.12321202e-02  4.06814702e-02 -6.33819699e-02  2.92685665e-02
  2.47978680e-02 -5.99685730e-03 -8.43694061e-03  4.99140583e-02
  5.75636933e-03  2.89190933e-02  5.86142726e-02 -9.91047639e-03
  1.61118098e-02  7.78239071e-02 -2.92922650e-02  2.14850120e-02
  1.74363628e-02  1.94802675e-02  8.91769025e-03  7.38227442e-02
  4.32818495e-02 -9.05689783e-03  5.25567196e-02  2.98445038e-02
 -1.21937906e-02 -3.84782292e-02  1.11477613e-01  3.18454914e-02
 -4.14055889e-04 -1.06408086e-03  8.25463049e-03 -2.34711654e-02
 -1.93597768e-02  6.47378340e-02  8.36710387e-04  2.76345834e-02
  4.20883596e-02  1.37311861e-01 -1.28830066e-02  8.96464102e-03
  5.92996627e-02 -6.53807539e-03  5.19588217e-02  5.13749532e-02
  1.56871714e-02 -4.91175205e-02  1.07738964e-01  4.61376421e-02]"
339,Health and Demographic Risk,Social,fatalities,2,0.3303,"[ 5.71335442e-02  2.71548145e-02 -3.59792635e-02 -2.62774844e-02
  6.95326924e-02  5.21997064e-02  4.57017906e-02  1.10199779e-01
 -3.67040485e-02  9.97475758e-02  4.85315360e-02 -1.91420950e-02
  3.35762762e-02  1.01943174e-02 -1.01745337e-01 -1.76039450e-02
  4.63009179e-02  1.74413845e-02 -8.69923458e-02  2.92662941e-02
 -4.10817713e-02  7.26652741e-02 -1.08063279e-03  3.69865447e-02
 -5.53289130e-02  8.85684043e-03 -3.73821370e-02  1.27834929e-02
  8.00383091e-03 -4.26383875e-02 -1.86077058e-02 -3.36253941e-02
 -2.92855577e-04 -2.14987677e-02 -2.66671106e-02 -2.81149652e-02
  5.22376858e-02 -5.78936264e-02 -4.72211652e-02  3.81656475e-02
 -5.61002567e-02 -6.29281253e-02 -1.58197824e-02  4.16362211e-02
  2.08071563e-02 -3.31616774e-02 -4.42393646e-02 -1.46239800e-02
  3.85194235e-02  2.35720556e-02  2.48768963e-02 -1.27512375e-02
  3.00608464e-02  3.75631787e-02  6.34054914e-02 -1.82889730e-01
 -2.71172952e-02  1.48556624e-02 -5.29564656e-02 -1.66620146e-02
  3.22704725e-02 -1.57310199e-02 -1.48847792e-02 -7.11590564e-03
  5.69003411e-02 -3.28079872e-02  2.77440064e-02 -7.15620145e-02
  1.28000099e-02  1.57076448e-01 -1.69148725e-02 -3.07485145e-02
 -1.81370508e-02  4.25542593e-02 -8.25852826e-02 -3.34139280e-02
 -1.45203120e-03 -8.54583755e-02  2.91418750e-02 -3.70969400e-02
  4.34804335e-02 -3.43649499e-02  1.70746818e-02  4.43620561e-03
  9.52853411e-02  3.91742587e-02 -3.95296775e-02  6.58534542e-02
  1.22242970e-02  5.34203723e-02 -7.81344846e-02  3.22332866e-02
  1.29833534e-01  3.53305675e-02 -2.59278174e-02  6.71498626e-02
 -9.88619681e-03 -1.84642002e-02 -2.08750218e-02  1.45183071e-01
 -5.31066842e-02 -5.81921712e-02 -5.79541996e-02  8.24490469e-03
  3.67980450e-02  1.89857406e-03 -9.61198807e-02  1.28206722e-02
 -6.90047210e-03  3.51081491e-02  3.58899459e-02  4.30496782e-02
 -2.39234325e-03 -5.49540017e-03  3.44139524e-02  5.89437457e-03
 -7.02350661e-02  3.23049761e-02 -6.09743816e-04  4.16642353e-02
  4.23515588e-02 -4.11194423e-03 -3.08434833e-02 -1.91986989e-02
  1.04596680e-02 -4.86287475e-03  1.75093301e-02 -5.19825936e-33
  4.99507971e-03 -6.38229474e-02  5.01837507e-02  2.76541561e-02
 -2.28009690e-02 -6.14055358e-02 -9.26860422e-02 -5.32638021e-02
  5.23955785e-02  9.28741787e-03  2.78199761e-04 -7.14462772e-02
 -1.17609026e-02 -4.34501655e-03  7.68666863e-02 -1.63626038e-02
  9.34937131e-03  7.14668259e-02 -7.19939992e-02 -1.12030998e-01
 -5.62247187e-02 -1.41178975e-02 -2.28493903e-02  5.76434433e-02
 -1.55912815e-02  1.00607805e-01 -4.23846096e-02  5.40833101e-02
 -2.61296444e-02  7.26025505e-03 -1.14682885e-02  1.86286829e-02
 -4.14589345e-02 -9.69364680e-03 -3.27194366e-03  7.92342722e-02
 -7.75381625e-02  2.13438291e-02 -4.24266271e-02  5.04833162e-02
 -6.18738197e-02 -2.59303041e-02 -1.64761860e-02  1.26217501e-02
  4.00002040e-02 -4.45811544e-03  5.70498034e-02  1.34566464e-02
 -5.21977879e-02  6.86963322e-04 -4.83537279e-02 -4.53613400e-02
 -2.40069907e-02  2.98935827e-02 -7.78924162e-03  1.44043237e-01
  2.88466886e-02 -3.85412686e-02 -2.57831048e-02  1.89201385e-02
  3.74804735e-02  5.06023653e-02 -3.79879288e-02  1.14179095e-02
  3.13232131e-02 -1.85190644e-02  5.90306558e-02 -1.07864082e-01
  5.45857027e-02 -2.73215678e-02 -5.10479361e-02 -2.02481038e-04
  5.39022265e-03 -8.38355795e-02 -5.78206927e-02 -1.89858035e-03
  6.04644567e-02  9.25308932e-03 -6.04617298e-02 -1.39705269e-02
 -4.12273668e-02  3.10504138e-02 -8.54463782e-03 -3.68612893e-02
  6.66457787e-02  6.26766309e-02  1.60010699e-02 -8.09961483e-02
 -9.29453894e-02  9.42715555e-02 -6.91432804e-02 -4.16159071e-02
  2.21529398e-02  2.92429850e-02 -3.99427861e-02  3.78060179e-33
 -4.17478681e-02  5.30573260e-03 -3.16402428e-02  1.20790780e-01
 -1.87064838e-02 -3.06994338e-02 -2.04887837e-02 -1.08094914e-02
 -1.33826016e-02 -4.00117189e-02  4.05315571e-02  5.40716155e-03
 -3.07296459e-02  1.27242714e-01  1.62412468e-02 -5.76426834e-02
  1.87159125e-02 -8.97866488e-03  5.64461295e-03 -1.37724644e-02
 -1.27637433e-03 -3.99735756e-02 -5.72549552e-02 -3.05055827e-03
 -2.79991049e-02  7.96278045e-02 -3.95783670e-02 -9.98332724e-03
 -4.68601063e-02 -7.26217404e-02  1.38230145e-01  1.63474530e-02
  2.65355664e-03  9.43523347e-02  5.14801405e-03  1.23843148e-01
  7.68151805e-02 -3.28514725e-02 -4.01256047e-02 -4.54346128e-02
  6.89408556e-02  7.02465773e-02  1.33840702e-02  7.91027993e-02
 -1.95142850e-02 -5.48076779e-02  3.42951007e-02  1.35533139e-02
  1.63421798e-02 -3.89846303e-02 -2.41460577e-02 -2.00811271e-02
 -4.52369675e-02  7.77232945e-02  9.25394427e-03  2.01358274e-02
  1.59709025e-02 -4.84540984e-02  3.16049601e-03 -6.88285828e-02
  3.69975790e-02  4.59962972e-02 -6.29546344e-02  1.71486259e-01
 -1.19533800e-02 -2.74404008e-02 -5.90208694e-02 -5.05918153e-02
 -2.87032127e-02  2.17226204e-02  5.64894341e-02  8.75539184e-02
 -1.53273344e-01 -3.66321318e-02 -7.75993168e-02 -4.47119363e-02
 -8.61652046e-02  6.32342622e-02 -4.51311395e-02 -2.80144773e-02
 -4.16128896e-02 -5.99094890e-02 -2.30185576e-02  9.29320753e-02
 -2.07783617e-02 -2.21144129e-02 -1.03865480e-02 -7.22512044e-03
  4.47059497e-02  2.56786635e-03 -9.83626097e-02  1.55478893e-02
  6.87495433e-03 -1.53796272e-02 -8.87819901e-02 -1.13926841e-08
 -2.50343382e-02  8.18752348e-02 -4.91762981e-02 -7.65722916e-02
 -2.25820076e-02 -2.61420999e-02  7.29299188e-02 -7.87517428e-03
  9.56837274e-03  1.25536397e-01  1.94188498e-03  5.95319904e-02
  6.06435090e-02  2.69608423e-02  1.69047937e-02 -9.17063933e-03
 -7.57773826e-03  2.45677419e-02 -3.47795561e-02  1.56051517e-02
 -1.08833332e-02 -9.97081748e-04  5.19077219e-02 -1.99038349e-02
  8.24322775e-02  1.82983633e-02  5.85720912e-02  7.01776221e-02
 -4.81246738e-03  8.82575512e-02 -4.68666665e-02  3.22569907e-02
  1.19485641e-02 -1.93779655e-02  8.43545794e-03 -4.02658992e-02
  9.21129882e-02  6.06781878e-02 -9.44696460e-03 -2.55777966e-02
 -5.49712516e-02 -5.59572577e-02  1.71361025e-02 -2.90856306e-02
  6.86820224e-02 -6.35887217e-03 -2.59620161e-03  1.87853985e-02
 -3.39024775e-02 -3.50202285e-02  2.90029217e-03 -2.78866291e-02
 -1.69136859e-02  6.99887276e-02  5.09667806e-02 -5.73030813e-03
  4.35035452e-02  4.98759001e-02 -4.84767789e-03  1.70469861e-02
  9.78919193e-02  3.03274835e-03  1.02999881e-01  2.02773698e-02]"
340,Health and Demographic Risk,Social,policy,2,0.3178,"[-7.45749287e-03  1.09971441e-01  2.09145173e-02 -1.45959517e-03
  3.79180685e-02  6.02825209e-02  1.35385811e-01 -5.18814139e-02
 -5.54699004e-02  6.53621927e-02  5.76025061e-02  5.51853329e-02
  4.46601491e-03 -9.93106794e-03  3.09585221e-02  2.55784336e-02
 -2.64127441e-02 -5.16855046e-02 -1.69172361e-01 -4.46774904e-03
 -9.84843634e-03 -1.17767621e-02  5.53847551e-02  3.18146423e-02
 -6.26492128e-02  5.86283505e-02  4.29002102e-03  5.40223829e-02
 -5.62778078e-02  4.32361569e-03  8.10271315e-03 -3.16740274e-02
 -1.43596791e-02 -4.96290438e-02 -4.24514450e-02  3.23844180e-02
 -6.99513033e-02 -7.09677115e-02 -3.73856202e-02 -3.01804151e-02
 -1.88745912e-02 -8.69466960e-02 -5.47735989e-02  5.56319095e-02
  5.34296967e-02  1.70139726e-02  5.99605329e-02 -7.04657007e-03
 -3.48075107e-03  1.83503889e-03  2.30498295e-02  8.59068334e-03
  4.31142971e-02 -1.47362957e-02  5.97569086e-02 -2.97134183e-02
 -4.93204966e-03 -3.20854560e-02  3.78414318e-02 -3.05551402e-02
  3.25744301e-02 -7.78347105e-02 -1.06629141e-01  2.78479382e-02
  4.73432243e-02 -3.44497822e-02 -2.73802690e-02  3.37903202e-02
 -6.76668733e-02  1.51429754e-02 -5.60813732e-02  9.85349901e-03
  4.87923995e-03  4.88065481e-02  2.10192055e-02 -8.67190734e-02
 -1.12214563e-02  4.76231836e-02  9.75297689e-02 -8.76535475e-02
 -1.24616711e-03 -5.51820099e-02  6.32299036e-02  1.93372909e-02
 -3.11108548e-02 -2.80701667e-02 -2.36489531e-02 -5.60940523e-03
  2.17413586e-02  1.35605643e-02 -6.79028966e-03 -3.04688383e-02
  1.03351764e-01  6.63296320e-03 -5.48410527e-02  1.11303087e-02
 -3.64293903e-02 -9.31748301e-02 -1.33340001e-01  2.37904221e-01
  4.85304557e-03 -5.63399261e-03 -6.49312362e-02  2.19187234e-02
 -2.50943452e-02 -3.63742486e-02 -5.01182154e-02  6.01929948e-02
 -1.09307086e-02  1.36348177e-02 -2.08373573e-02  2.23200694e-02
  6.18985780e-02 -5.08607645e-03  2.20478531e-02 -4.31903712e-02
 -4.52695191e-02 -5.77430800e-03  5.31217568e-02  2.71162521e-02
 -4.75337990e-02 -2.90569924e-02  2.97024921e-02 -1.44190965e-02
 -1.64874401e-02 -6.69388473e-02  5.85882645e-03 -6.86089767e-33
  2.05852580e-03 -1.45225683e-02 -4.53835689e-02  1.44395540e-02
  4.50433744e-03  2.39427085e-03 -3.54902260e-02 -7.09131267e-03
  1.57018732e-02 -2.34103091e-02  3.94706465e-02  5.37644327e-02
 -9.06124525e-03  2.65065562e-02  1.35326415e-01  1.68380532e-02
 -4.47300784e-02  1.97047651e-01  2.32186820e-02  4.56404388e-02
 -2.45619453e-02  2.96456125e-02  2.64604818e-02  1.24711832e-02
  1.38159124e-02 -1.48712238e-03 -3.56044099e-02 -2.75932457e-02
  6.33040220e-02  4.06695604e-02  1.81335006e-02  7.41051957e-02
 -1.76726189e-02 -8.34583566e-02  3.07216700e-02 -1.61121339e-02
 -1.67160109e-02  3.98059795e-03 -5.29526621e-02 -5.10421097e-02
 -1.57736931e-02 -3.34464572e-02  5.05633056e-02  1.45768421e-02
  2.66151726e-02  1.85999833e-02  4.57741767e-02 -1.69706140e-02
 -2.16525514e-02 -1.42767616e-02  2.77056675e-02  1.63228083e-02
 -5.31982332e-02 -2.46089734e-02  7.44438823e-03 -7.05332262e-03
 -5.40757403e-02  2.99754813e-02 -1.39828995e-02 -4.39938679e-02
  1.03404261e-01  3.44066992e-02 -2.73941867e-02  3.94289382e-02
 -6.30368665e-02  4.68485169e-02 -4.62708920e-02  7.62695400e-03
  2.19981670e-02 -5.59785143e-02 -4.93074730e-02  4.11922894e-02
  3.97050977e-02  4.66633635e-03 -2.97318138e-02  6.01600483e-02
 -2.12104432e-02  3.33842859e-02 -2.07421724e-02 -6.88254982e-02
 -8.83100331e-02  2.95694228e-02  2.41452605e-02 -1.47729022e-02
  5.09522296e-02 -1.23631842e-02  2.66384091e-02  2.11930275e-02
  3.06064095e-02  4.69271541e-02 -1.35807320e-01 -2.48622969e-02
 -9.51843709e-03  8.86356607e-02  5.35362996e-02  3.66083104e-33
 -2.03991844e-03  2.65441975e-03 -2.01061205e-03  1.90768819e-02
 -1.07330009e-02 -1.01392064e-03 -1.92141216e-02 -9.41034406e-02
  7.34528154e-02 -1.26391165e-02 -9.41871703e-02 -2.52973568e-02
  7.71291181e-02  2.37437319e-02 -6.30300632e-03 -4.38214764e-02
  4.20940556e-02 -5.77873588e-02 -6.05498664e-02  1.85177326e-02
 -3.89365368e-02 -7.65849724e-02 -7.00357556e-02  1.02747008e-01
 -8.21257085e-02  1.01605188e-02  6.71152491e-04 -3.40196416e-02
  3.01689729e-02 -3.36655155e-02 -1.60189420e-02 -3.94914933e-02
 -9.94949043e-02  4.24435101e-02 -6.42973855e-02  2.07278915e-02
  6.07205443e-02  1.33129489e-02 -6.13364913e-02  2.30156798e-02
  8.43750536e-02 -5.86777329e-02  4.14910726e-03  1.09855436e-01
 -4.07043248e-02 -1.33196702e-02  3.47445272e-02 -1.30581325e-02
 -1.41459703e-02 -6.01605931e-03 -6.03981316e-02 -2.34569050e-02
  3.26427519e-02 -5.76554835e-02 -4.14210483e-02 -5.10514900e-02
  1.68405008e-02  3.73973809e-02 -6.48854151e-02  6.17721342e-02
  1.61672849e-02  4.73224297e-02 -8.91678184e-02  8.10198560e-02
 -1.63941626e-02  2.98700146e-02 -4.59273830e-02 -1.74833871e-02
  1.38956591e-01 -1.98249612e-02  4.71148342e-02 -4.46110554e-02
 -1.44639462e-01  5.84474318e-02 -1.06103742e-03 -1.62117044e-03
  2.97854878e-02 -1.65926833e-02 -3.07505392e-02  8.64958465e-02
 -3.12552378e-02 -3.64168212e-02 -3.37732472e-02  3.75192799e-02
 -1.37529895e-03 -2.39268541e-02  3.15517187e-02 -3.16759087e-02
 -3.96156460e-02 -9.45221260e-03 -3.82421017e-02  3.52531718e-03
 -2.91126575e-02 -2.13098042e-02 -6.16951361e-02 -1.29502720e-08
  4.45576385e-03 -1.51406145e-02  1.73523173e-01  4.80240248e-02
  3.35263573e-02 -3.36602679e-03 -4.71650995e-02 -3.73647511e-02
  3.11289188e-02  1.98470429e-02  2.41479613e-02  1.15822643e-01
  4.52127233e-02 -3.70880254e-02  1.57720950e-02 -8.39926526e-02
  1.34254815e-02  4.76278290e-02 -5.39002120e-02  7.16821998e-02
 -3.13800883e-05  1.58349872e-02  1.52068613e-02 -8.97107180e-03
  3.76402051e-03  3.81476879e-02  6.78799450e-02  5.60372248e-02
  2.96294000e-02  8.95713642e-02  1.42873749e-02  3.27442735e-02
 -3.65325958e-02 -2.85007544e-02  2.17143144e-03 -1.12142481e-01
  5.75699545e-02 -1.33143533e-02  1.17759839e-01 -8.06448460e-02
 -1.27039514e-02  4.88522928e-04  7.60907456e-02  2.99442001e-03
  1.04229723e-03  3.03674024e-02 -5.06171957e-02 -1.65121537e-02
  5.71900085e-02 -2.00306326e-02 -1.84773821e-02 -2.05882033e-03
  3.87212411e-02  1.06087476e-01  3.24537605e-02 -2.79978048e-02
  5.03532495e-03  1.53966900e-02 -9.54738483e-02  8.91025364e-02
  6.74867928e-02 -9.15404037e-03  1.47047630e-02 -3.07203289e-02]"
341,Health and Demographic Risk,Social,disasters,2,0.3122,"[ 6.49626646e-03  3.05106342e-02  7.97505900e-02  6.29973412e-02
  8.75452906e-03  3.72294858e-02  1.87875032e-02  7.22671822e-02
  4.77086604e-02 -1.13407038e-02 -1.60836224e-02 -2.45024450e-02
  4.07726131e-02  2.97191832e-02 -5.64169809e-02 -3.64606269e-02
 -6.95492253e-02 -4.75412747e-03 -7.11276308e-02 -1.40699316e-02
 -6.86816638e-03  8.24937299e-02 -1.41965061e-01  5.02662454e-03
 -2.16603652e-02  8.13529640e-02 -1.40469326e-02  3.91548648e-02
 -5.29499501e-02 -6.26886562e-02  3.67402919e-02 -4.26841304e-02
 -2.53551193e-02 -2.53796000e-02  3.85929532e-02  9.33956131e-02
  5.19030690e-02  2.98659783e-02 -1.52697624e-03 -1.11916512e-02
 -1.34079931e-02 -2.17649397e-02  2.44417023e-02 -1.77233927e-02
 -7.90701422e-04 -1.69615988e-02  4.36128071e-03 -9.07400344e-03
 -1.74047370e-02  3.05240508e-03  7.45915920e-02  1.73854623e-02
 -3.33139598e-02 -2.81162541e-02  3.57016139e-02 -1.05099946e-01
  7.66521599e-03 -1.32756773e-02 -7.86075275e-03 -2.82348506e-02
  7.91486800e-02 -2.09385785e-03 -3.59554999e-02  1.57825032e-03
  5.26199006e-02  1.55496802e-02  9.14107449e-03  7.17317685e-02
  2.03483868e-02 -8.79176520e-03  6.69857673e-03 -1.92225184e-02
  4.86623049e-02 -1.13269510e-02  6.14455678e-02 -4.13200930e-02
  7.00604543e-02 -3.70470174e-02  1.53389329e-03  3.75688635e-02
  3.31410989e-02 -5.42774796e-02  4.88710124e-03 -3.69216315e-02
  3.11558805e-02  2.33734101e-02  9.34333424e-04  2.22681686e-02
  3.56514379e-02  7.02528805e-02 -6.16619401e-02 -5.99421598e-02
  1.50009811e-01  6.56627938e-02 -2.89092809e-02  3.48062925e-02
  1.04436036e-02 -1.30705222e-01  5.05198315e-02  1.88740805e-01
 -3.62928621e-02 -1.48002552e-02 -6.18542545e-03  3.41240577e-02
  2.42484324e-02 -7.40488395e-02 -9.42853391e-02 -3.85373905e-02
  8.72422662e-03  1.04294866e-02 -5.66043407e-02  1.55290868e-02
  3.67470458e-02 -7.32817799e-02  1.71960536e-02 -2.51294449e-02
 -4.04845811e-02 -3.27694230e-02 -4.47126999e-02 -2.40528490e-02
  8.34855996e-03 -3.77084682e-04 -6.45802692e-02  3.90385799e-02
 -5.33905402e-02 -1.60846729e-02  4.08085138e-02 -4.93003616e-33
  6.54527470e-02 -7.01886564e-02  1.29916798e-02  6.29994944e-02
  3.90821062e-02 -2.48920489e-02 -8.69171098e-02 -6.39600456e-02
  1.59349386e-02 -1.50382635e-03 -2.09606998e-03 -2.73083244e-03
 -1.47957522e-02  6.14624424e-03  6.99582398e-02  2.05756980e-03
 -2.36419793e-02  6.83888122e-02 -5.78466058e-02 -3.27494889e-02
 -9.39344019e-02 -2.45250203e-02  3.48609760e-02  3.78679335e-02
  4.18829508e-02  2.37165336e-02  1.75111871e-02 -1.13057792e-02
  1.43976994e-02  4.72479453e-03  1.12667410e-02  4.50008586e-02
 -7.72643927e-03 -4.02264223e-02 -1.76740456e-02  4.28231014e-03
 -7.51035810e-02 -1.32131288e-02 -4.74798214e-03 -2.31157076e-02
 -3.95788625e-02 -1.69246201e-03 -5.49220368e-02  5.80008663e-02
  1.08174443e-01 -3.78034799e-03  1.00189902e-01 -5.13921259e-03
 -3.76120657e-02 -6.05369359e-02 -9.11684185e-02 -3.26929847e-03
 -2.80848164e-02 -8.55393987e-03  5.71436398e-02  6.42103096e-03
  6.62666187e-02 -3.98844555e-02  6.54271618e-02 -7.00382167e-04
  2.06760708e-02  4.29228395e-02  1.18215960e-02 -1.20743774e-01
  1.33846000e-01 -5.40654138e-02  1.04742698e-01 -8.54766741e-03
  4.31396924e-02  6.08532270e-03 -5.33815362e-02  2.63587628e-02
  1.02321729e-02 -2.15582233e-02 -3.89014333e-02 -3.83540727e-02
  4.17729244e-02  1.23797473e-03 -3.04767173e-02  3.45982276e-02
 -4.59213071e-02 -6.50960729e-02  7.57751614e-02  4.80714105e-02
  4.77494895e-02  8.36580098e-02 -4.92347814e-02 -5.00312857e-02
 -7.88053647e-02  5.34372181e-02 -8.75668079e-02 -1.63136348e-02
  1.33350179e-01 -2.51970273e-02 -4.25548032e-02  4.03195921e-33
 -4.58404422e-02  2.95500234e-02 -9.59037319e-02  7.00138286e-02
  2.92394944e-02 -3.58973555e-02 -2.50245854e-02  2.62439884e-02
 -2.50462834e-02  6.61861077e-02 -1.47147357e-01 -1.18198544e-02
  6.64032698e-02  2.38260310e-02  5.36431186e-03 -2.68989019e-02
  5.26195131e-02  1.35711889e-04 -1.99213363e-02 -3.39649506e-02
 -7.16096116e-03 -1.86575260e-02 -5.70521355e-02 -8.25844407e-02
 -2.39266828e-02  8.89462382e-02 -3.64562427e-03 -2.17343979e-02
 -6.31868318e-02 -3.07153966e-02  3.70934941e-02  5.51587790e-02
 -6.92878291e-02  7.03309029e-02 -2.21659839e-02  1.36565313e-01
  2.45334841e-02 -3.05340141e-02 -4.90798764e-02 -4.39064279e-02
  5.12838103e-02  5.87238781e-02  4.05087881e-02  1.26585126e-01
  9.09209065e-03  3.57478261e-02  5.24106175e-02  6.75869584e-02
  3.25785242e-02 -1.14323078e-02 -6.73289821e-02 -1.04533527e-02
 -6.68415055e-02  4.90220897e-02  1.22735901e-02 -3.91204767e-02
 -3.08400113e-03 -6.13443665e-02 -4.18306217e-02 -4.12702188e-03
 -4.56450507e-02  2.36502159e-02 -4.68955673e-02  1.27365708e-01
 -7.23746270e-02 -2.73296069e-02 -8.39794800e-02 -2.76187323e-02
 -3.09458282e-02  5.49258851e-03  6.39218539e-02  3.05611007e-02
 -8.66382569e-02 -7.44785741e-02 -5.22976108e-02 -1.22817210e-03
 -1.33226141e-01  9.22080129e-02 -2.84859091e-02 -1.13116647e-03
 -1.62383309e-03 -1.52394408e-02 -3.41439084e-03  4.55142148e-02
  2.77415402e-05  1.73243880e-02  8.25378671e-02 -3.73274065e-03
  3.80214192e-02 -1.08716162e-02 -9.05997083e-02 -1.40787559e-02
  1.03135770e-02 -2.48232926e-03 -2.62280344e-03 -1.13832277e-08
  4.07966413e-02  4.60727997e-02 -8.01533908e-02 -7.93300644e-02
  3.08159422e-02  1.22279320e-02  2.55726893e-02  1.31300196e-01
  9.24442988e-03  4.34326716e-02 -8.34710002e-02  4.38216142e-02
  3.49824764e-02  7.05229342e-02  3.88828516e-02 -2.19520684e-02
  5.38585521e-02 -3.44234169e-04 -4.07397188e-02 -2.72613224e-02
  2.45366432e-02  1.19547788e-02  1.69924013e-02  1.20290769e-02
  6.91619143e-02 -2.08705701e-02 -1.41911600e-02  8.42880160e-02
 -4.08900715e-02  1.29097793e-03  9.92141291e-03 -3.37920263e-02
 -4.53121774e-02  1.06285252e-02 -9.20919119e-04  6.51083738e-02
  3.69796827e-02 -6.35035113e-02  4.17904817e-02 -8.53712410e-02
  2.71977168e-02  5.83512448e-02  8.87685418e-02  3.61426324e-02
 -6.22642078e-02 -4.75424975e-02 -7.58967875e-03  4.28966060e-02
  1.93133596e-02 -3.71225961e-02 -4.15862128e-02 -9.27248318e-03
 -2.04991410e-03  3.74706276e-02  1.32013246e-01 -5.51386736e-02
  2.00389493e-02  3.17841507e-02  1.32754333e-02  3.87950800e-02
  1.15463451e-01 -4.53056814e-03 -7.01639196e-03 -5.24690226e-02]"
342,Health and Demographic Risk,Social,consumption,9,0.3105,"[ 3.73255983e-02  7.01996982e-02 -3.87057625e-02  5.99251576e-02
  4.23469432e-02  1.35226185e-02  1.26850203e-01  2.20453888e-02
 -1.84991453e-02  4.26424369e-02  3.33917439e-02 -3.13596204e-02
 -5.00074215e-02 -2.33081244e-02  8.53228476e-03 -7.74639621e-02
  6.52294606e-02 -4.04347256e-02 -2.26187725e-02  1.32768489e-02
  9.83311012e-02 -4.54757325e-02  1.58010032e-02  3.12250014e-02
 -8.75027850e-03  6.10613078e-02  6.06812537e-03 -2.47200746e-02
  6.88487142e-02 -1.34425405e-02  6.76460266e-02  6.36160895e-02
  8.28558654e-02 -5.58575578e-02  8.21885373e-03  2.23254580e-02
  6.03381246e-02 -5.85601665e-03  1.80414636e-02  6.37566624e-03
 -5.05985133e-02 -1.00658260e-01  6.61359355e-03 -5.93755674e-03
 -1.41284317e-02 -8.46966822e-03 -4.53834459e-02  4.54528034e-02
  1.82908829e-02  6.40924945e-02 -1.51432725e-02  2.05106661e-02
 -2.08960678e-02 -4.41396087e-02  8.19592848e-02 -4.62061688e-02
 -9.73131228e-03  1.36573082e-02 -1.40452078e-02 -2.04734355e-02
  1.96830165e-02 -2.43371911e-02 -5.96230179e-02  3.55196483e-02
  9.53655764e-02 -2.61486811e-03 -6.80619329e-02  5.20691313e-02
 -1.00469321e-01  4.95365746e-02 -1.74526200e-02 -5.74865416e-02
 -1.71829276e-02 -7.08468482e-02 -5.38424328e-02 -9.04866755e-02
  9.49116945e-02 -2.60676648e-02  3.70581374e-02 -1.60652678e-02
  1.24074868e-03  1.14830667e-02 -1.96665172e-02  1.83513332e-02
  3.93859670e-02  4.78986010e-04 -2.71459762e-02 -1.09254485e-02
  1.05001973e-02  8.90415255e-03 -1.65505055e-02  5.72091043e-02
  4.59788367e-02 -4.13215579e-03 -3.85637209e-02  8.14147573e-03
 -9.15893726e-03 -2.40600575e-02 -8.05231684e-05  1.82260975e-01
 -9.70102847e-03  8.70753378e-02  7.61618465e-03 -3.27599309e-02
 -3.58680263e-02 -8.01771358e-02 -6.36971965e-02  1.11825369e-01
  6.36194348e-02  4.60919663e-02 -2.63479687e-02  3.36271524e-02
 -3.27459723e-02  1.88986827e-02  5.11646010e-02 -1.87224280e-02
  1.00283716e-02 -6.14984147e-02  8.56312290e-02  9.72269699e-02
 -2.74052465e-04  1.05790608e-02 -1.40848979e-02  2.01180577e-03
 -6.60729632e-02 -7.15244859e-02  6.29890189e-02 -5.11432760e-33
 -1.17393389e-01 -1.13407955e-01  5.29461466e-02 -3.23224850e-02
 -8.46740305e-02  1.53410984e-02 -4.88992743e-02  6.50784280e-03
  1.30815571e-02 -5.22556938e-02  9.01301503e-02  1.29660582e-02
 -7.01000541e-02  9.27247927e-02  1.57781392e-01 -3.48166749e-02
 -1.69042510e-03  3.02622151e-02  5.31326607e-02 -2.49450635e-02
 -2.07661968e-02 -4.16847244e-02  2.06568204e-02  2.76151206e-02
 -4.33787191e-03 -6.68865368e-02  7.80214136e-03 -3.48518901e-02
  5.89064397e-02  3.75111178e-02  8.47678334e-02  2.00292864e-03
 -6.94495142e-02 -5.22506088e-02 -4.19614278e-02 -1.78368445e-02
  1.89749096e-02  1.53293256e-02 -6.14848547e-02 -2.97812093e-02
 -2.86801979e-02  5.66360839e-02  1.13759480e-01  1.12279160e-02
 -1.06554680e-01  4.84947674e-02  4.50096987e-02  4.43251580e-02
 -3.79501097e-02  7.15541840e-02 -2.10538264e-02 -2.81174239e-02
 -4.34306376e-02 -2.95931473e-02 -6.66850582e-02 -7.47586563e-02
 -2.62110755e-02 -5.70917577e-02  2.46299133e-02 -7.37313330e-02
 -4.66999738e-03  1.57817882e-02  8.07059277e-03  1.12419557e-02
 -2.55837385e-02  3.18494514e-02  5.76703399e-02 -4.26731855e-02
 -7.38621056e-02  2.68911347e-02 -5.97819053e-02 -6.41984344e-02
  3.75546962e-02 -3.02339178e-02  3.50295901e-02  4.08104621e-02
  2.16965936e-02  1.28612136e-02 -7.88633823e-02  3.32756341e-02
 -4.45392728e-02 -3.82685997e-02  6.71176687e-02 -2.09490415e-02
 -2.06637308e-02  2.76943035e-02 -5.96326310e-03 -6.19883612e-02
  4.66721207e-02  1.91037897e-02 -2.05933731e-02 -2.85192151e-02
 -2.72904686e-03  2.98278686e-03 -4.45764586e-02  3.94981420e-33
 -4.15023863e-02  2.64983736e-02 -1.39563065e-02  2.40679421e-02
  6.54737651e-03 -5.70758097e-02 -5.55326119e-02 -7.85694644e-02
 -7.92587828e-03  2.13109218e-02 -9.64781940e-02  2.73344815e-02
  2.27656756e-02  6.61126226e-02 -1.19383801e-02 -1.03649050e-02
  1.29238501e-01 -2.45888811e-02 -3.68657634e-02 -7.07705244e-02
 -4.56120819e-02  4.79523242e-02  4.77690510e-02 -8.90608504e-02
 -4.04062830e-02  8.77074823e-02 -5.64220436e-02  1.98782235e-02
 -2.24484485e-02 -8.43366161e-02  1.94842815e-02 -3.24975476e-02
 -4.10347059e-03  7.26385741e-03 -2.82841865e-02  5.41297980e-02
 -3.17735337e-02  5.35607412e-02 -4.78238463e-02  1.65403623e-03
  8.07538182e-02  9.73738916e-03  2.11744732e-03  9.07694027e-02
  5.57611026e-02 -4.32905294e-02 -4.65657143e-03 -3.21541652e-02
  9.40894783e-02  2.70304698e-02  1.29287004e-01  3.00209940e-04
 -1.94001831e-02 -2.74523292e-02 -5.83553612e-02 -4.83847642e-03
  1.00562312e-01 -1.54317198e-02  3.79634462e-02 -8.94871652e-02
 -1.91433914e-02  4.05063741e-02 -1.02199130e-01  5.25680743e-02
 -4.10617962e-02 -5.01001701e-02  1.58658922e-02 -4.47901227e-02
  7.90373981e-02 -4.96430621e-02 -1.67328157e-02 -1.13327231e-04
 -5.05157560e-02 -1.18169244e-02 -5.92488647e-02  5.91020770e-02
 -4.43041846e-02  2.12105066e-02  1.35672931e-02  2.77447551e-02
 -7.16380998e-02  9.81097668e-03  2.53517255e-02 -9.38716009e-02
 -1.77510623e-02 -6.02049343e-02 -2.73165628e-02 -5.90505190e-02
 -7.59721696e-02  7.95797408e-02 -5.98594584e-02  2.73039937e-02
 -1.07887372e-01  4.42652367e-02  9.92689002e-03 -1.11149543e-08
  3.96059677e-02 -3.94564830e-02  6.50551021e-02  1.00980900e-01
 -4.71671484e-03 -4.25938703e-02  9.00050327e-02  3.21418382e-02
  4.81980667e-02  1.17007695e-01  4.88266461e-02  4.70282547e-02
  4.70937192e-02  4.60070372e-02 -2.61421725e-02  3.41420360e-02
  3.02004330e-02 -5.56226224e-02 -8.30830559e-02 -1.91316847e-03
  4.14920822e-02 -1.15171745e-02  4.13242653e-02  6.41487679e-03
 -3.48772965e-02  1.10489866e-02  3.12342066e-02  2.30902173e-02
  2.87486836e-02 -3.36632016e-03  2.73822248e-02  9.05409381e-02
 -3.09415646e-02 -3.34361605e-02 -2.07362249e-02 -1.10557847e-01
 -4.57819551e-02  1.55982552e-02  2.40781195e-02  3.08985971e-02
 -1.00403773e-02 -9.35875773e-02 -1.80167705e-02  4.31448519e-02
  4.49837558e-03 -1.32952416e-02 -6.62281662e-02  1.44978380e-02
  1.42412726e-02  4.02200222e-02  7.00019626e-03  4.38645831e-04
  3.26778293e-02  4.46645590e-03  5.15265809e-03 -4.50629145e-02
  5.43562211e-02  3.98352109e-02 -9.67810899e-02 -2.30191574e-02
  1.47477359e-01  1.41161662e-02  1.51255960e-02  2.29693912e-02]"
343,Health and Demographic Risk,Social,disparities,1,0.31,"[ 6.59997240e-02  1.90803851e-03  8.56656730e-02  2.07723863e-03
 -7.86883235e-02 -1.00231254e-02 -9.17495508e-03 -2.61702072e-02
 -1.36107383e-02 -3.72794271e-02 -2.44418830e-02 -9.27761495e-02
 -2.44994112e-03  2.09885947e-02  4.48918566e-02 -3.56456786e-02
  3.84922326e-02 -3.62439593e-03 -1.50295794e-01 -2.17971783e-02
  1.97400115e-02 -5.06796651e-02 -7.43350089e-02  2.55059768e-02
 -1.74053956e-03 -3.90613340e-02  6.92146719e-02  5.15273549e-02
 -3.98950726e-02 -6.20440021e-03 -8.63695331e-03  3.84975933e-02
  9.51634198e-02 -1.54633336e-02 -3.36588025e-02  3.28527018e-03
  7.10343644e-02  4.87038754e-02 -2.25262425e-04 -7.91603606e-03
 -1.59544107e-02 -8.59393086e-03  2.89363936e-02  3.62605117e-02
 -3.70898703e-03  7.49265477e-02 -1.40315630e-02  9.82803665e-03
 -3.09217833e-02 -2.42322031e-02  8.92071240e-03  6.58315644e-02
 -2.89670229e-02  4.49311957e-02 -3.33917476e-02  1.92465633e-02
 -6.04547700e-03  1.40861152e-02 -1.02024348e-02  2.02091914e-02
  5.77487648e-02 -7.08978204e-03 -4.68918122e-02  3.88454124e-02
  4.59032133e-02 -6.43622726e-02 -7.56851509e-02 -1.87240634e-02
 -6.65968731e-02  5.73873743e-02  2.39964910e-02  4.03832197e-02
 -3.12619656e-02  2.59128585e-02  1.08871132e-01 -4.96473759e-02
  1.77975930e-02  2.30450612e-02 -1.01444600e-02 -3.27899456e-02
  7.34706447e-02 -3.71828377e-02 -9.68606677e-03  7.93911237e-03
  3.24809402e-02 -1.48224086e-03 -6.23049065e-02  7.18097994e-03
  2.51699854e-02 -2.27756929e-02 -9.09467880e-03  1.66857603e-03
  4.00321223e-02  1.27324369e-02  1.63550992e-02 -7.82519579e-03
  1.09096849e-02 -4.68899570e-02  8.55217949e-02  1.48714960e-01
 -3.21940668e-02 -4.02178206e-02 -6.97890520e-02 -2.23685522e-02
  1.28893871e-02 -3.53440456e-02 -7.77832791e-03  5.75969890e-02
 -3.67501378e-02  1.06117781e-02  2.34016515e-02 -6.29385933e-02
  3.18928696e-02  1.83168799e-02 -2.73752175e-02 -7.07550421e-02
  6.69065416e-02 -4.61363606e-02  1.92244910e-02 -1.08056990e-02
 -1.07915275e-01 -2.85470672e-02 -4.53578122e-02  1.87484047e-03
 -4.91989637e-03  6.42659666e-04 -3.62246558e-02 -2.13746585e-33
  5.10650612e-02 -9.20138285e-02  4.25499827e-02 -2.05406975e-02
  7.93664902e-03 -4.27282713e-02 -7.42572695e-02 -3.21345665e-02
 -5.44703417e-02  2.27881279e-02 -3.10949404e-02  9.01641324e-02
  1.20376805e-02  2.44682003e-02  1.13067545e-01  9.69089009e-03
 -3.23057137e-02  9.50914621e-02 -7.94426650e-02  4.18439694e-02
  6.16808934e-03  8.67854804e-03 -2.04502568e-02  8.98719430e-02
 -2.27156747e-02 -1.11863073e-02 -4.24036682e-02  1.76057611e-02
  4.93121445e-02 -2.94195558e-03 -2.92288288e-02  1.78750660e-02
 -4.37477827e-02 -7.80846551e-02  2.36641876e-02  4.17148545e-02
  3.54516022e-02  1.80489309e-02 -8.86149798e-03 -5.20320013e-02
 -6.81833923e-02 -4.61112410e-02  3.59939225e-02 -3.71940471e-02
  9.45160389e-02  6.98406100e-02  1.14824347e-01  2.31297072e-02
 -4.71833833e-02  8.01226869e-02 -7.92378336e-02  7.10406527e-02
 -4.86152694e-02 -5.36899902e-02  2.64290776e-02 -9.58353840e-03
  1.98850054e-02  2.55533494e-02  8.65950063e-02  1.33869201e-02
 -4.35043387e-02  5.98443076e-02 -2.70342510e-02 -5.50446212e-02
  3.32035720e-02 -3.62106487e-02 -2.43409141e-03 -5.54947043e-03
  2.83790771e-02  4.30818312e-02  3.08950618e-03 -3.33275869e-02
 -3.55204269e-02  9.10850018e-02 -3.92597653e-02  7.85812587e-02
  1.58783942e-02  1.38150121e-03  5.27911708e-02 -3.46042290e-02
 -6.01065978e-02  4.18596417e-02 -2.91192587e-02 -8.43639895e-02
 -1.29288081e-02  3.71410139e-02  1.71714579e-03 -6.60248473e-02
  3.05793341e-02 -1.55607434e-02 -9.91221815e-02 -5.69952093e-02
 -1.34028057e-02 -1.36355413e-02  1.88940689e-02  7.06329588e-35
 -8.68454352e-02  4.52563353e-02 -3.08795664e-02  6.70065135e-02
  2.64974814e-02 -1.84163395e-02  8.30305666e-02 -1.97301768e-02
  3.16586867e-02  8.11955929e-02 -4.95610833e-02  1.54051473e-02
  1.56677216e-01  6.44770712e-02 -6.18786812e-02 -2.06268448e-02
  5.98708242e-02  4.00002953e-03 -1.77668594e-02  2.41800155e-02
  6.74388930e-02 -2.65224632e-02 -4.76350710e-02  5.65549433e-02
 -7.79388994e-02  2.42061466e-02 -2.61088274e-02 -6.09245822e-02
 -1.02052040e-01 -5.99283874e-02 -6.59705251e-02 -8.17618892e-03
  1.62071809e-02 -4.56080548e-02 -6.37919009e-02 -6.25651553e-02
 -6.79136738e-02 -2.91245058e-02 -8.08113664e-02 -3.89707945e-02
  8.17788939e-04 -4.34547327e-02  3.99212055e-02  4.49173488e-02
  3.26397782e-03  5.19123450e-02  1.27380956e-02  1.05262306e-02
  3.29398736e-02 -1.93265192e-02 -5.21536544e-02  2.83935722e-02
 -4.40380014e-02  8.56592804e-02  1.59326643e-02 -6.94941804e-02
 -1.65176368e-03  1.52441747e-02 -5.37817553e-02  8.72792155e-02
 -2.53794948e-03  1.49385566e-02 -1.07264966e-01  1.15067005e-01
  3.08621209e-02 -2.75175162e-02 -5.65738827e-02 -6.45475835e-02
  4.37806696e-02 -1.60900950e-02  9.41385422e-03 -3.74251865e-02
  5.65357041e-03 -1.07176520e-01 -4.67339046e-02  1.81784052e-02
  5.98777682e-02  1.05136670e-01  4.71204938e-03  1.29898787e-01
  3.35908756e-02 -5.41116185e-02  5.82708232e-02  9.55789834e-02
 -3.19547653e-02  8.51510540e-02  2.04305574e-02 -6.20972738e-02
  3.88986953e-02 -2.69812848e-02 -9.12788063e-02  2.21028328e-02
 -6.14073835e-02 -1.10031158e-01 -2.18136497e-02 -1.54966600e-08
  4.05772850e-02  3.24189030e-02  2.14664768e-02  1.48238530e-02
 -1.13895394e-01  3.09756417e-02  2.60747727e-02  1.01584315e-01
  3.66462506e-02  1.08035207e-01 -7.53875971e-02 -5.52109405e-02
 -2.99730152e-02  3.44292931e-02  8.59045014e-02  1.03167361e-02
  1.19138183e-02  3.42869312e-02 -1.52396727e-02  7.98141211e-02
  4.10305075e-02  2.52508447e-02  5.07286042e-02  1.47366645e-02
  1.72547884e-02 -1.08448174e-02 -5.06549552e-02 -5.41514494e-02
 -4.10583057e-02  1.40164383e-02  2.83403527e-02  1.68706365e-02
  3.82661866e-03 -5.36116026e-02  6.92392290e-02 -1.28089748e-02
 -7.44575039e-02  6.03212677e-02 -5.33563411e-03 -1.22816674e-01
 -3.84155810e-02 -5.20490631e-02  3.40768173e-02  8.49703979e-03
  1.87506806e-02 -2.99262535e-02 -3.18161398e-02  1.11963883e-01
 -3.56148090e-03 -4.36593173e-03 -9.00513306e-03  1.68651510e-02
 -1.32415239e-02  7.61949224e-03  5.27853966e-02 -2.27436963e-02
  2.21694652e-02 -4.12124991e-02 -4.82420139e-02  3.19806710e-02
  1.94789305e-01 -5.23281917e-02 -5.30937761e-02 -3.50007601e-02]"
344,Health and Demographic Risk,Social,generation,3,0.3056,"[-5.99497594e-02  6.50781989e-02 -2.71914173e-02  4.99985069e-02
 -4.98739108e-02  4.64969091e-02  2.85136583e-03 -3.51557881e-02
  2.96452045e-02  1.35408398e-02  8.78348574e-02 -2.63467804e-02
  3.77896614e-02 -1.06082186e-01 -7.34396884e-03  2.17684153e-02
 -7.67707899e-02 -6.70903996e-02 -3.99887674e-02 -6.36345595e-02
 -1.67713426e-02  2.61452589e-02  3.32957357e-02  2.58144904e-02
  3.00912242e-02  3.01263053e-02 -1.28090736e-02  2.40908507e-02
  7.33417049e-02 -2.53970269e-02  7.85764307e-02  1.36139587e-01
 -3.39548662e-02 -1.88478604e-02 -4.42266278e-02  8.56721997e-02
  3.02693080e-02  8.36073905e-02  6.87190965e-02 -6.65281666e-03
 -4.65442799e-02 -6.24071620e-02  2.16100346e-02  1.80995762e-02
  3.54170240e-02 -6.60297051e-02 -1.02686053e-02 -5.57817658e-03
 -4.59258035e-02  1.90579984e-02  2.02390049e-02 -5.32682724e-02
  8.03584512e-03 -1.38069196e-02  4.02184762e-02 -2.57479139e-02
  2.21381374e-02  7.01422617e-03  2.64273919e-02 -5.29602692e-02
 -4.79780845e-02 -6.72358200e-02 -5.70648313e-02 -5.89534827e-02
  2.19213236e-02 -9.53343231e-03  5.93523495e-02  3.26585248e-02
 -4.05649282e-02 -3.28071788e-02 -5.48017286e-02 -1.80769246e-02
 -6.15806971e-03  8.80068988e-02  6.88365009e-03  4.68997806e-02
  3.83698083e-02 -3.50526944e-02  3.71983722e-02 -5.40183298e-02
  6.06315285e-02 -5.34690246e-02 -2.80800257e-02  3.71917933e-02
 -5.59851527e-02  6.91101281e-03  8.36276338e-02 -3.36003792e-03
 -3.66502404e-02  4.25815284e-02 -1.44404933e-01 -8.71992379e-04
  1.02555208e-01  1.82296205e-02 -8.10137764e-02  5.49633726e-02
 -6.52194768e-03 -1.62946641e-01 -1.59388967e-02  1.89978093e-01
  4.28567193e-02  4.30077575e-02  7.00396672e-02  6.26237988e-02
 -6.71861367e-03 -8.42696130e-02 -4.05958518e-02  6.76264009e-03
 -3.76377814e-02  3.35690156e-02 -2.24262364e-02 -9.45823174e-03
 -1.17364600e-02  5.65630496e-02  1.87327005e-02 -2.07371172e-02
 -8.90593138e-03  2.29892191e-02  5.51156029e-02  4.90510799e-02
  4.68841568e-02  8.42549652e-03 -2.96216868e-02  6.58820197e-02
 -1.19239405e-01 -9.00660455e-02  8.77809431e-03 -4.88719637e-33
 -3.09466403e-02 -7.49385655e-02  1.16179064e-02  1.26426220e-01
  1.59627963e-02  4.36912775e-02  1.92423873e-02 -1.19091533e-02
 -4.48326543e-02 -1.67116895e-02 -5.33084199e-02 -1.58721339e-02
 -6.13306127e-02  7.08103254e-02  1.58001110e-01 -3.50461751e-02
 -1.44328624e-01  1.23927621e-02  3.05936262e-02  5.70745170e-02
 -7.21426383e-02  7.13023171e-02  5.27969329e-03 -4.57634330e-02
  3.37174796e-02  2.26793457e-02  1.65241025e-02 -3.82251181e-02
 -1.80489048e-02 -1.39699616e-02  1.79580208e-02  4.89975847e-02
  5.51309483e-03 -2.24608574e-02 -4.84472737e-02  1.25219207e-02
  5.89184761e-02 -5.80932871e-02  2.73042750e-02 -1.80097092e-02
 -2.31842399e-02  8.16423725e-03  2.64414144e-03  3.38380970e-02
  1.28569000e-03  8.71814638e-02  9.16782096e-02 -3.01714637e-04
 -9.99668017e-02  4.28637564e-02 -6.13990612e-02  6.24298118e-02
 -2.71722879e-02 -6.64250776e-02  2.19686069e-02 -4.85707335e-02
 -3.68115231e-02  1.05653564e-02 -1.69580840e-02 -1.55979944e-02
  6.69117570e-02  5.31538688e-02 -3.71948736e-05  1.52005311e-02
 -7.86504522e-03 -3.28703187e-02  8.36562663e-02 -3.06832939e-02
  8.07808712e-02  1.54884178e-02  2.10636817e-02 -8.20046440e-02
 -3.09933759e-02 -5.76962121e-02 -1.10328784e-02 -1.82595309e-02
  5.00695370e-02  7.04284310e-02 -4.00247127e-02 -2.30072346e-02
  2.93274876e-02  3.83793190e-02 -3.93341482e-02 -4.34703119e-02
  1.17712550e-01 -3.88742946e-02 -6.40192861e-03 -1.65973753e-02
  9.93083045e-03  8.58415850e-03 -2.75402516e-02 -7.56459013e-02
  1.03832200e-01  2.74662431e-02 -6.02573641e-02  3.26488891e-33
 -2.31152587e-02  7.34925736e-04 -4.36699465e-02  2.35519614e-02
  4.42985632e-02 -3.61636132e-02 -3.16983871e-02  1.12671889e-02
 -8.02383274e-02  5.89093007e-03 -8.87034554e-03  3.03179100e-02
  2.59616394e-02  4.31892574e-02 -5.74870594e-02 -8.99121612e-02
  5.11450768e-02 -5.01747755e-03 -9.70640685e-03  2.17412692e-02
  2.24256516e-02  4.59727235e-02 -6.80584982e-02  1.87416822e-02
 -8.51065572e-03  4.98291180e-02  5.80912130e-03  1.79358479e-02
 -5.18498756e-02  3.44450101e-02  2.80632600e-02  2.50210781e-02
  5.57966679e-02  2.25094799e-02 -3.85019407e-02  3.30832601e-02
  1.05204567e-01  4.82328273e-02 -4.41523828e-02  4.34621144e-03
 -3.04920617e-02  2.93495934e-02 -3.39537188e-02  1.07671797e-01
 -7.83485323e-02  7.91996345e-02  2.82047689e-03  6.98220581e-02
  9.54592228e-03  1.91328581e-02 -3.80665772e-02  4.19937707e-02
 -1.65730640e-02 -6.80586919e-02 -6.10516071e-02 -7.51809925e-02
  7.72136673e-02 -4.47437465e-02  3.43188457e-02  5.45099564e-02
 -7.45797083e-02 -1.34599721e-02  6.21601660e-03 -2.92618703e-02
 -8.44554752e-02 -6.20603096e-04 -6.92648813e-03  2.93382648e-02
 -8.98833293e-03  4.64081429e-02  5.15395701e-02  3.21848728e-02
 -2.80498844e-02 -2.54696328e-02 -1.92849655e-02 -1.47123691e-02
 -5.13254702e-02  5.76199479e-02  2.74659581e-02 -9.87391248e-02
 -5.22418916e-02  3.46322209e-02  1.31111844e-02  2.62730531e-02
 -8.42022002e-02 -7.07003325e-02  3.76279168e-02  3.05446442e-02
 -3.49209458e-02 -1.35950185e-02  8.54512211e-03 -5.70360683e-02
 -1.15272112e-01 -1.60764251e-02 -1.78150013e-02 -1.10303304e-08
  6.95319772e-02  7.39460869e-04  1.36063676e-02 -1.40943984e-02
  6.95812702e-02  6.51464388e-02 -3.03898398e-02  4.40183170e-02
  4.49648835e-02  4.21996899e-02 -9.46659595e-02  4.97405864e-02
  4.64241318e-02  7.08158165e-02  6.70596212e-02  1.30370623e-02
 -3.79104652e-02  1.98045503e-02 -3.58597189e-02 -9.30417422e-03
  6.30311072e-02  1.46075180e-02  3.56187485e-03  3.78471315e-02
  3.41884606e-03 -4.79640029e-02 -3.22678313e-02 -5.31674437e-02
  9.43517499e-03  4.88394219e-03  5.83094396e-02  1.17496252e-02
 -9.31706950e-02 -1.37209957e-02 -1.65728722e-02 -5.66134555e-03
 -7.50964358e-02  2.06294586e-03  6.11297712e-02 -9.12522972e-02
  2.38914378e-02 -1.23468274e-02  1.65540557e-02 -7.49827130e-03
 -6.18142225e-02 -6.50075898e-02  6.90816576e-03 -5.92581704e-02
 -2.15171501e-02 -5.27102919e-03 -6.52485266e-02 -1.95478182e-02
  6.99495152e-02 -3.03523708e-02  7.70139471e-02 -4.20681946e-03
 -3.11925984e-03  5.02695292e-02  2.28233412e-02  5.21266833e-02
  1.72505528e-01  7.50697181e-02  4.32267897e-02 -2.02200133e-02]"
345,Controversial Sourcing,Social,suppliers,21,0.4842,"[-4.69314530e-02 -1.47003476e-02 -1.76749267e-02  4.37354157e-03
 -1.14392554e-02 -5.34365233e-03  5.74073866e-02  3.72302457e-04
 -1.05951075e-02 -5.38046397e-02  5.24788871e-02 -2.82670725e-02
  1.49369491e-02 -1.73903108e-02 -4.92884591e-02 -4.49273596e-03
  3.71170143e-04  1.73602886e-02 -2.69910824e-02 -9.54058766e-02
 -1.42554909e-01 -4.25467826e-02 -4.06194944e-03  3.34845819e-02
 -2.18031816e-02  4.42879423e-02 -5.18365949e-02 -3.64341103e-02
  9.72913355e-02 -9.56821367e-02 -2.24655904e-02  1.72827933e-02
  9.84009076e-03 -3.85241164e-03 -2.18136143e-03  3.86854000e-02
 -1.26901301e-04 -4.44198586e-02  1.75442286e-02  2.28401013e-02
  8.54571234e-04 -3.51202451e-02 -3.52735780e-02  1.77354310e-02
  1.66557729e-02  1.20206401e-02  3.18634696e-02  5.24689928e-02
 -2.81253066e-02  4.80426885e-02 -1.42319733e-02 -1.71843544e-02
 -4.62085493e-02 -3.55672324e-03  1.87236778e-02  1.86258659e-03
 -3.41589376e-02 -6.29539117e-02 -8.30412563e-03 -6.43560812e-02
  3.23846266e-02 -8.01468641e-03 -9.76593047e-02  3.68016772e-02
  4.18401062e-02 -2.92694569e-02 -5.66261783e-02  1.18506938e-01
 -1.09292321e-01 -3.98525633e-02  9.20995325e-03 -7.40456954e-02
  4.61234897e-03  7.38658309e-02  1.26561616e-02  1.81424222e-03
  1.01032823e-01 -6.85437098e-02  2.88509149e-02 -5.19159883e-02
  1.20628895e-02  1.06916122e-01 -2.99123265e-02  7.24755786e-03
  1.91142410e-02 -1.97048858e-02  7.05155283e-02  5.55283315e-02
  3.71934734e-02 -1.80371199e-02 -1.35846892e-02 -6.10232688e-02
  9.23858304e-03  6.93348283e-03 -2.76162364e-02  5.09032644e-02
  2.68474803e-03  2.90608685e-02 -7.39025837e-03  1.76607683e-01
  1.12627335e-02  3.92673910e-02 -3.36159915e-02 -2.23563276e-02
 -8.16404819e-02 -8.00627749e-03 -1.04896352e-01  9.03170779e-02
  5.94092794e-02  8.51807967e-02 -6.82459548e-02  1.31848417e-02
 -7.63523653e-02 -4.59972471e-02 -4.54427488e-03 -1.97646376e-02
 -2.98928209e-02  1.45490263e-02  4.97128442e-02 -1.65715218e-02
 -8.84089991e-03  4.00513411e-02 -2.85537783e-02 -8.27183276e-02
 -6.82741627e-02 -5.00173355e-03 -5.79982400e-02 -4.43686743e-33
 -2.35317145e-02  4.24790680e-02 -2.83622872e-02  3.06352787e-02
  6.40252000e-03  6.54589459e-02  3.17473114e-02 -7.56520731e-03
 -1.73297115e-02  4.96650226e-02 -1.11382551e-01  3.77558060e-02
 -7.78042823e-02  4.78032976e-02  8.24537128e-02 -4.74502780e-02
  4.23058718e-02  3.48616242e-02  4.18274216e-02 -2.05210987e-02
 -9.06887576e-02  2.38061305e-02 -4.32916824e-03  1.00518912e-01
  4.45319340e-02 -4.57107164e-02  1.32510783e-02  6.65956065e-02
  4.21203822e-02  2.61303410e-02  7.42535591e-02  1.77328661e-02
  6.91337436e-02 -6.37551174e-02 -4.96454127e-02 -4.77175713e-02
 -8.89812782e-02 -9.18219015e-02  4.55418117e-02  2.66959565e-03
  3.36363949e-02  4.44290414e-02 -3.46758426e-03  6.66163936e-02
 -2.83880290e-02  2.78303567e-02  2.31000539e-02  2.44485028e-02
  1.04483590e-02  6.25763973e-03 -1.13291450e-01  3.72227319e-02
 -2.53764335e-02  1.12256203e-02  5.41080497e-02 -5.08580059e-02
 -1.00846626e-02 -4.35080118e-02  1.53666455e-02  5.43181077e-02
 -3.19037633e-03  1.09789312e-01 -2.33896114e-02  6.86574876e-02
  3.21827717e-02 -3.15511338e-02  1.87423863e-02 -4.97078188e-02
 -5.38056381e-02 -3.03656422e-02 -7.56818727e-02 -2.35161767e-03
  5.38664684e-02  3.46065126e-02 -4.57564108e-02 -8.90858937e-03
 -1.64593905e-02  1.22804202e-01  1.04101943e-02 -5.78451082e-02
 -1.26849994e-01  2.91637797e-02  2.44480707e-02  8.79539177e-02
 -3.64693888e-02 -4.73300703e-02 -9.22288373e-03  2.48468295e-03
  6.59437180e-02  1.26410071e-02 -1.01295896e-01  1.05426274e-02
  8.30021407e-03 -1.20806193e-03  4.69159242e-03  3.37332532e-33
 -1.83108672e-02  2.12353040e-02  5.20571657e-02  4.85103317e-02
  7.03093484e-02  2.72677522e-02  2.42113005e-02 -6.85770735e-02
  9.52088684e-02  8.29790756e-02 -3.32616679e-02  1.86852738e-02
  5.43623753e-02  1.66292991e-02  1.20977825e-02  1.85183727e-03
  7.70358518e-02 -8.25900212e-03 -4.17116936e-03 -3.31136845e-02
  2.34635249e-02  1.65206622e-02  4.42563891e-02 -9.17498842e-02
  1.42289698e-02  2.15027593e-02  2.84636975e-03 -1.38485525e-02
 -8.92315060e-02  1.38156326e-03 -3.53478407e-03 -6.65388256e-02
 -5.97925149e-02  1.03523307e-01 -6.53372183e-02  4.18092795e-02
 -4.94650342e-02  8.77870247e-02  4.53137830e-02 -3.08914334e-02
  7.00031072e-02 -9.57094412e-03  4.08180766e-02  1.12703107e-01
 -3.63699831e-02 -7.09686950e-02 -3.26007232e-03 -9.29088369e-02
  1.58987999e-01 -1.99546702e-02 -3.97054590e-02  5.49681447e-02
  3.82826515e-02 -3.83988619e-02 -5.23856506e-02  7.87254144e-03
 -1.76586155e-02  5.13421446e-02  4.31276672e-02 -1.98447071e-02
  4.61195819e-02  4.91622016e-02  2.12530941e-02  1.26602789e-02
  1.07325362e-02  7.31291100e-02  3.43855396e-02  7.62658613e-03
  4.96976599e-02 -5.32885920e-03  6.92142025e-02  4.28969041e-03
 -5.11427131e-03  5.40807471e-03 -6.47100955e-02 -1.80834271e-02
 -8.56951401e-02  5.05995099e-03 -3.06908563e-02  5.39919548e-03
  3.98018174e-02 -5.69309443e-02  3.96414623e-02  1.53816342e-01
 -1.43995071e-02 -3.75824352e-03  6.30049258e-02 -4.44603972e-02
  4.30888161e-02  3.06837307e-03 -4.88023087e-02  2.41073482e-02
 -3.16452794e-02 -5.34065301e-03 -1.70691423e-02 -1.12780985e-08
 -3.53380628e-02 -6.89681098e-02  2.05070842e-02  3.13601717e-02
 -5.63580031e-03 -3.57976370e-02  3.28431204e-02  3.00614163e-02
 -3.47550586e-02  1.11886889e-01 -2.38691568e-02 -2.14561285e-03
 -2.02101190e-02  2.54607759e-02  3.73011641e-02  1.64110283e-03
 -5.01114242e-02  7.23565668e-02 -7.23687559e-02 -1.06681772e-01
  8.43590591e-03  9.86630768e-02  1.59762949e-01  3.66474316e-03
 -3.49108465e-02 -5.59644401e-03  5.64458892e-02 -5.05809262e-02
  9.75101162e-03  4.68055829e-02  4.74397540e-02  3.57183330e-02
  1.76031068e-02 -1.16963446e-01 -3.12669985e-02 -7.44145215e-02
 -4.02486846e-02 -7.60246580e-03  8.65303632e-03 -3.59691791e-02
 -1.09486468e-01  1.31341340e-02  2.60466747e-02  2.78068986e-02
  2.88892370e-02 -3.11058685e-02 -8.87467414e-02  5.11403603e-04
 -5.63934259e-03 -2.32782606e-02  1.59890130e-02  2.19354667e-02
  5.06735817e-02 -8.32297374e-03 -3.80413756e-02 -7.13030249e-02
 -2.26162300e-02 -4.59552966e-02  1.24013321e-02  4.26817872e-03
 -2.61842683e-02 -3.67684402e-02  1.33888826e-01 -6.64003752e-03]"
346,Controversial Sourcing,Social,production,4,0.4696,"[-4.85331118e-02  3.74742015e-03 -4.07956988e-02  1.23152435e-02
 -1.61146056e-02 -2.13956386e-02  1.68367121e-02 -2.76802620e-03
 -3.23103741e-02  1.80922356e-02  5.18687777e-02 -3.41111496e-02
  1.44924577e-02  3.54465633e-03 -6.75041899e-02 -4.21610288e-02
  3.05834543e-02 -5.54555841e-02 -5.21838628e-02 -3.39927860e-02
 -2.31172349e-02 -1.73873436e-02 -1.16394218e-02  4.23422121e-02
  1.41968075e-02  8.82839598e-03 -3.02704461e-02  4.92771678e-02
  3.18025202e-02 -1.18956320e-01 -6.71513230e-02  8.03528503e-02
  8.66901129e-02 -1.31410891e-02  6.79805651e-02  3.86793166e-02
  1.83279980e-02 -1.99227855e-02  2.83094309e-02  9.03495681e-03
  7.41233490e-03 -9.40208212e-02 -5.82711436e-02 -2.00744700e-02
  1.40454257e-02 -1.13546615e-02  4.96152341e-02 -4.53470973e-03
 -3.13054658e-02  4.71556000e-02 -4.07894552e-02 -4.19758968e-02
 -9.81881842e-02 -3.06994002e-02  1.54919550e-02 -1.92449298e-02
 -6.50446105e-04 -6.30099028e-02 -6.81373291e-03  6.38679368e-03
  1.47089474e-02 -2.19593458e-02 -7.83582404e-02 -2.63745375e-02
  1.27679840e-01 -3.58587056e-02 -1.11860456e-02  5.34821153e-02
 -8.38811696e-02 -4.08993065e-02  4.14818600e-02 -3.57083715e-02
 -5.73413335e-02  1.30032897e-02 -4.35446342e-03 -2.48133242e-02
  5.85742705e-02 -4.96703796e-02  3.82120386e-02 -3.44526842e-02
  8.45680684e-02 -4.23073620e-02 -9.06426236e-02 -1.64715387e-02
 -7.69481659e-02  4.94713150e-03  5.00964969e-02  2.49373019e-02
  7.05395564e-02  1.19996695e-02 -6.08016662e-02 -1.78047419e-02
  1.10112159e-02  7.76803680e-03 -8.84338766e-02  7.31099322e-02
  3.14422175e-02 -4.77871969e-02  7.81624466e-02  2.01548949e-01
  2.06488110e-02  9.64123756e-03  4.34142314e-02 -1.18313871e-01
 -4.03443277e-02 -6.50478452e-02 -3.79969776e-02  1.22342512e-01
 -3.08067817e-02  3.10768187e-02 -1.37235047e-02  4.06433232e-02
 -9.31442603e-02  1.83520205e-02  4.95113023e-02  5.12708947e-02
  6.67181041e-04  1.06346037e-03 -1.96110122e-02  1.29558193e-03
  2.90500484e-02  2.78004631e-02 -1.96324419e-02  3.66170742e-02
 -1.11458920e-01 -6.22497797e-02 -5.44753799e-04 -3.47548496e-33
  2.41829697e-02 -9.61300358e-02  1.35484766e-02  4.76211235e-02
  7.08435057e-03  5.11531457e-02 -4.22658250e-02 -2.21000463e-02
  1.85777526e-02 -2.83733457e-02 -1.22559648e-02 -1.99997257e-02
 -2.50707213e-02  8.17067735e-03  9.41932425e-02 -5.46146557e-02
  3.77854072e-02  6.38349429e-02 -2.92540517e-05  5.99211715e-02
 -1.18105672e-01  1.69871319e-02 -1.80216786e-02  8.05375427e-02
  2.41598673e-02  1.53507451e-02  8.23490229e-03 -5.22563457e-02
 -2.23131981e-02 -9.75207612e-03  7.38901570e-02  6.25021681e-02
  1.15048531e-02  1.01350211e-02 -3.61900665e-02  8.44116439e-04
 -4.25457098e-02 -1.05672188e-01  4.62083519e-02  5.78239672e-02
 -5.65035343e-02  3.74659002e-02 -3.77272852e-02  7.30250636e-03
 -3.44418064e-02  1.07384562e-01  3.14139016e-02  3.81693915e-02
  8.03710893e-03  2.11084597e-02 -1.78662241e-02  8.06412250e-02
  5.97538315e-02 -4.02383320e-02  8.22049677e-02  2.59993374e-02
  1.03425374e-02 -9.61254314e-02  3.43422778e-02  2.57996228e-02
  1.57334097e-02  1.40903741e-01 -7.68708065e-02  6.32918179e-02
 -7.28904307e-02 -1.07720317e-02  4.01523300e-02 -1.20586576e-02
  8.54907408e-02 -2.20894609e-02 -9.68314707e-02 -6.63236007e-02
  6.08304925e-02 -3.26296948e-02  3.66190262e-02  3.61071751e-02
 -3.33844796e-02  1.35222459e-02 -2.92549096e-02  3.74266133e-02
 -1.90712456e-02  4.39990386e-02 -4.08481471e-02 -3.06984521e-02
  2.99883280e-02 -4.37124865e-03 -5.48554175e-02  1.86756272e-02
  6.45028800e-02  1.28620669e-01 -5.70851266e-02  2.58652004e-03
 -2.65831351e-02  5.55984676e-02  8.22409615e-03  2.96048234e-33
  1.00617642e-02  6.12196838e-03 -7.10628331e-02  5.49118482e-02
  7.87856115e-04 -4.60001603e-02 -1.73572986e-03 -5.95779419e-02
  8.74467380e-03  6.06941655e-02 -8.30091387e-02 -1.35826711e-02
 -5.03225997e-03  2.00204737e-02 -1.09656185e-01 -6.26645610e-02
  1.09103687e-01  8.09303205e-03 -1.24301082e-02  1.81194041e-02
 -3.19475047e-02  1.96467806e-02  1.43053876e-02 -4.93437005e-03
 -6.46664724e-02  4.68815155e-02 -3.59632932e-02  3.85191962e-02
 -7.57032931e-02 -1.87481847e-02  3.54055054e-02 -6.75295740e-02
 -1.06288372e-02  4.97209728e-02 -5.88135943e-02  3.89650986e-02
  5.24470098e-02  3.20756137e-02  1.51349008e-02 -3.80401015e-02
  6.15922585e-02 -2.30952967e-02  3.36592793e-02  1.58184201e-01
 -6.56735078e-02 -4.62137870e-02 -2.30596811e-02 -4.17972356e-02
  7.40920454e-02  3.64092528e-03 -2.81579830e-02  3.73254716e-02
 -2.77967639e-02 -8.72911960e-02 -2.76941005e-02  3.33773904e-03
 -5.12676919e-03 -4.08984087e-02 -6.02906048e-02  2.18700189e-02
 -3.86628741e-03 -9.03626496e-04  1.93256326e-02 -1.08269816e-02
 -7.57981697e-03  6.78915009e-02  4.07776795e-02  3.93501408e-02
  3.58177833e-02  3.64983082e-02  6.55788556e-02  5.97629771e-02
 -2.91488785e-02  3.07030194e-02 -7.07488805e-02 -4.82259039e-03
 -8.12889338e-02 -2.55874079e-02  3.68532650e-02  3.38583766e-03
 -2.83312146e-02 -2.45923065e-02  2.02453020e-03  3.92855480e-02
 -4.66932617e-02 -8.58244020e-03  4.53997180e-02  1.76953909e-04
 -1.65741034e-02  2.68489192e-03 -1.19109750e-02 -6.02564029e-03
 -4.89479750e-02  2.41944678e-02  3.58826444e-02 -1.20128218e-08
  5.75218210e-03 -4.48509417e-02  6.48116246e-02  1.53935077e-02
  4.15123664e-02  1.41975784e-03  6.75818920e-02  1.40027022e-02
  9.02927071e-02  8.69749635e-02 -8.49427879e-02 -1.72406957e-02
  2.79980376e-02  1.02257200e-01  6.89864233e-02 -1.13424901e-02
 -5.53604327e-02  6.10701516e-02 -1.14372663e-01 -9.03109461e-02
 -3.15074786e-03  4.63415757e-02  9.03340727e-02  2.88751014e-02
 -1.28252162e-02 -6.38706237e-02  5.49696386e-02  8.83551836e-02
  3.28057893e-02  5.86525984e-02  4.18619141e-02  2.33316943e-02
 -2.44314522e-02 -5.01794890e-02  7.99975172e-03 -9.75391194e-02
 -2.39654761e-02  1.87656796e-03  6.55927956e-02 -3.30359153e-02
 -8.80435407e-02  2.66893562e-02  6.88946545e-02  3.75116356e-02
  3.49228829e-02 -2.27270536e-02 -9.38469470e-02 -1.91820953e-02
 -4.80137914e-02 -7.49176741e-02  2.60867774e-02 -5.24852099e-03
  8.26877356e-02  1.95887201e-02  5.82110025e-02  2.35266797e-02
  1.48605667e-02 -1.33795300e-02 -5.10429312e-03  4.10690941e-02
  1.15963675e-01 -5.28081581e-02  1.19628914e-01  1.56313612e-03]"
347,Controversial Sourcing,Social,vendors,1,0.4592,"[-1.71366986e-02  5.75127685e-03 -4.53270040e-02  1.04648601e-02
 -4.95090112e-02 -2.21502706e-02  7.18239397e-02  1.19456137e-02
 -1.08926499e-03 -6.95589334e-02  1.65255461e-02 -4.63431119e-04
  9.92709212e-03  1.03841620e-02 -1.47092501e-02 -7.95633812e-03
  2.98122559e-02  2.63307467e-02  4.89075668e-02 -5.56678511e-02
 -1.34744570e-01 -3.90905216e-02 -6.47750795e-02  5.54225929e-02
 -1.06552467e-02  1.54396892e-02 -1.11773480e-02 -3.46671455e-02
  6.29763529e-02 -1.17250718e-01 -4.75012101e-02  3.21209542e-02
  4.73494716e-02  4.15194221e-03  1.95051096e-02  2.74796654e-02
 -1.12866731e-02 -5.10254800e-02  1.64267477e-02  1.13411509e-02
  5.06318584e-02 -3.47777791e-02 -1.18230507e-01  2.45364588e-02
  2.90103257e-02 -4.95041460e-02 -6.04274636e-03  3.90508249e-02
  1.02749327e-03  6.85600564e-02 -2.33986918e-02 -3.28966267e-02
 -4.79246192e-02 -7.34185742e-04 -4.63408139e-03 -7.53028616e-02
 -4.29068767e-02 -2.04277374e-02  1.94981899e-02 -4.65928726e-02
  5.99716380e-02 -3.78677286e-02 -6.97122514e-02  4.57959473e-02
 -1.54920649e-02  6.30226359e-02 -2.62386240e-02  9.89888981e-02
 -1.19413577e-01 -5.32288328e-02  1.12527004e-02 -7.45905340e-02
  1.91977769e-02  5.48610613e-02  5.16235456e-02 -6.05379529e-02
  6.16943054e-02 -8.22125524e-02  2.95907613e-02 -3.85579355e-02
 -2.04058494e-02  7.14800507e-02 -5.71140759e-02 -1.32423155e-02
 -4.14582193e-02 -7.54259527e-03  2.92657427e-02  1.25972822e-01
  1.88573934e-02 -3.19458917e-02  6.63327007e-03 -2.16308106e-02
 -1.11506283e-02 -2.39394642e-02  3.30904056e-03  5.87266944e-02
  2.08570026e-02  2.33350415e-03  7.83053041e-02  1.78630367e-01
  1.83107592e-02  4.12121639e-02 -1.22433398e-02 -1.21400901e-03
 -1.24284759e-01  2.38966234e-02 -7.30910450e-02  2.52086222e-02
  2.58501228e-02  6.56620413e-02 -8.76872540e-02  3.55019160e-02
 -1.41812533e-01 -5.85206784e-02 -4.73255888e-02  3.53331380e-02
 -3.05290837e-02  6.94328099e-02  1.07705137e-02 -5.14475852e-02
 -2.97198370e-02  4.45508584e-02 -7.18510384e-03 -8.42490420e-02
 -1.87700242e-02  2.61737350e-02 -7.15997117e-03 -5.04390226e-33
 -5.03039919e-02  6.26921374e-03 -2.56881341e-02  2.84095034e-02
  7.05879331e-02  2.85257939e-02  5.27239591e-02 -4.33748914e-03
 -2.95942388e-02  4.91282716e-02 -7.74373263e-02  3.76834013e-02
 -7.02346861e-02  3.76605876e-02  7.39058703e-02 -3.46091092e-02
  8.43593851e-03  6.28752634e-02 -9.99098457e-03 -5.08807339e-02
 -9.96791497e-02  1.98380034e-02  8.18276685e-03  1.24239475e-01
  1.20165842e-02  1.26600768e-02  1.89937477e-03  3.56052145e-02
  1.21879689e-01  2.43539624e-02  7.37884864e-02  1.82422518e-03
  7.33224228e-02 -3.31857055e-03 -4.30719182e-02  6.13295734e-02
 -5.40810935e-02 -5.54845780e-02  7.03526884e-02 -9.65402648e-03
 -8.89675785e-03  6.51881024e-02  1.09206419e-03  5.41315563e-02
 -3.64861898e-02  2.07129195e-02 -1.97445322e-03 -7.77906459e-03
  3.28221843e-02  5.54030295e-03 -8.81291553e-02  5.05358949e-02
 -6.40620366e-02  2.30335053e-02  7.44032264e-02 -9.91452187e-02
 -1.38398232e-02 -4.00675274e-02 -4.37573493e-02  1.64853446e-02
  2.72477269e-02  1.05859183e-01 -3.27899284e-03  2.20365524e-02
 -1.21532357e-03 -1.86668355e-02 -3.88991064e-03 -3.86819914e-02
 -1.67275444e-02  9.16548260e-03 -4.69947010e-02  4.50219661e-02
  8.89821872e-02  1.32542755e-02 -2.38598529e-02  4.54315655e-02
 -3.53417024e-02  5.49640059e-02  1.27652697e-02 -2.25761887e-02
 -7.75710642e-02  1.00471433e-02  3.48590761e-02  7.68397897e-02
 -4.27767038e-02 -1.34622063e-02 -3.26393582e-02 -2.36390699e-02
  1.85187031e-02  2.12519374e-02 -1.41522080e-01  4.47405688e-02
  7.48371147e-03  2.77139489e-02  1.18167391e-02  3.53803633e-33
 -4.29010093e-02 -5.29539865e-03  3.86997946e-02  8.54772255e-02
  2.71914043e-02  6.11706451e-03 -8.31716415e-03 -3.36694419e-02
  4.01673838e-02  2.58607976e-02 -4.37233932e-02 -2.24475954e-02
  1.81036964e-02 -3.13957315e-03  4.30375077e-02 -4.05248106e-02
  2.94752251e-02  4.05742601e-02  3.98949236e-02  2.25570262e-03
 -1.88680664e-02  3.41473334e-02 -1.65339370e-05 -2.36963984e-02
 -1.42282061e-02  4.57621366e-02 -1.08430609e-02 -4.11474593e-02
 -8.14251322e-03  9.18787904e-03  1.28712067e-02 -6.23463280e-02
 -3.07166036e-02  6.16973341e-02 -4.58300523e-02  7.41999075e-02
 -2.09697504e-02  7.67828450e-02  7.87789654e-03 -6.26608208e-02
  1.03401363e-01 -3.55888605e-02 -6.07997172e-05  8.14825222e-02
 -4.18589525e-02 -1.03244998e-01 -7.29200803e-03 -4.40181941e-02
  1.66487023e-01 -4.81751598e-02 -5.08095473e-02  7.72515908e-02
  4.04292457e-02 -8.15953016e-02 -5.80789447e-02  3.92232798e-02
 -3.22952829e-02  1.47444671e-02  5.12043573e-02  3.87390740e-02
  4.00299504e-02  5.94369099e-02  2.81272437e-02  6.60398081e-02
 -1.38899311e-02  4.18052487e-02  6.64264187e-02  3.48497070e-02
 -2.63769720e-02 -3.88096808e-03  1.00545682e-01  5.66254463e-03
 -7.25846812e-02 -9.25392285e-03 -7.20502511e-02 -2.81872787e-02
 -8.93652663e-02 -2.42785588e-02  2.06110645e-02 -1.39178466e-02
  7.19251931e-02 -6.65914118e-02  4.17188229e-03  1.36300996e-01
 -3.92663218e-02 -1.21340677e-02  2.94038560e-02 -4.53174748e-02
  1.08481450e-02  9.98426229e-04 -6.14727698e-02  3.52178887e-02
 -2.19204556e-02 -5.02535980e-03 -1.40974335e-02 -1.14285426e-08
 -4.83074896e-02 -2.70449207e-03 -2.31298823e-02  3.10895983e-02
  4.50481055e-03 -7.54912123e-02  8.87482427e-03  5.36957383e-02
 -3.79356556e-02  1.16703242e-01 -1.67205278e-02 -8.60762149e-02
 -4.21625525e-02  3.44523080e-02  4.50879708e-02 -1.31833507e-02
 -3.67254503e-02  5.30052036e-02 -3.90703045e-02 -7.18730390e-02
  1.72724221e-02  8.86455178e-02  1.38929099e-01 -5.17733432e-02
 -2.17776485e-02 -1.32768760e-02  3.98098268e-02  9.57320258e-02
  5.54955304e-02  5.53432107e-02 -4.16690484e-03  3.51029225e-02
  4.35859896e-02 -5.14688678e-02  2.39362977e-02 -1.12489849e-01
 -6.57671615e-02  3.48489322e-02 -2.44915895e-02  9.79696214e-03
 -9.54958946e-02 -1.55339260e-02  1.08278543e-02 -2.78917281e-03
 -1.02842003e-02 -5.63434279e-03 -5.07374816e-02  3.94831300e-02
  1.59995928e-02 -2.46388093e-02 -8.42922740e-03 -5.53145967e-02
  6.87167794e-02 -9.67093371e-03 -6.35634363e-02 -2.74534840e-02
  3.95790301e-02 -5.04166521e-02  4.03772071e-02 -1.82945188e-02
 -3.36679257e-03 -9.37065333e-02  1.08703598e-01  3.72288413e-02]"
348,Controversial Sourcing,Social,outsourced,2,0.4485,"[-3.63593921e-02 -3.17538232e-02 -2.57306751e-02 -1.04855252e-02
  8.13820120e-03 -2.54115611e-02  8.68377090e-02  1.75811853e-02
 -4.69113477e-02 -1.57225970e-02  1.58677343e-03  1.55775128e-02
  2.25871559e-02 -3.70059931e-03 -1.61364712e-02 -3.19719650e-02
  6.90056384e-02 -3.54452468e-02 -8.47157910e-02 -1.13016553e-01
 -7.02165738e-02 -3.58912684e-02 -8.19547847e-02  3.64372432e-02
  5.60716316e-02  1.58709995e-02 -2.96346024e-02 -5.36104552e-02
 -2.30856743e-02 -9.49943811e-02 -8.00853148e-02  5.54042943e-02
 -2.10680440e-02 -3.53226326e-02  4.97572832e-02  6.89141229e-02
 -2.01893207e-02 -7.10743340e-03  3.90579738e-02 -2.16943175e-02
  1.04543166e-02 -4.20877561e-02 -4.12536301e-02  1.60517562e-02
 -3.47046331e-02 -3.82213071e-02  7.09559396e-02 -3.49210352e-02
 -8.09490755e-02  1.91596169e-02  4.48032282e-02 -3.16237062e-02
 -5.67901172e-02  1.20510235e-02 -2.88815200e-02 -1.84628945e-02
 -4.13671543e-04 -3.63057591e-02 -2.38544680e-02  2.51512788e-03
  8.84939432e-02 -3.54006253e-02 -1.12245344e-01  6.75099865e-02
  4.13668714e-02 -1.66205112e-02  4.18447666e-02  3.77794616e-02
 -1.14261329e-01 -4.03232574e-02  8.48975554e-02 -4.15408872e-02
  3.39625441e-02  4.49155197e-02  8.43140632e-02 -2.36731078e-02
  1.05832458e-01 -3.31033347e-03  1.25708699e-01 -8.72945562e-02
  5.70017472e-02  4.37458046e-03 -6.82378933e-02  5.38263619e-02
  8.91533587e-03 -9.14281532e-02  3.11363358e-02  2.88024098e-02
  6.70195818e-02 -2.99667697e-02 -5.36763333e-02 -4.44745682e-02
 -1.01163862e-02 -2.05931570e-02 -6.50171712e-02  6.67981477e-03
  5.33362553e-02  8.59244838e-02 -1.10121211e-02  1.28326088e-01
 -5.66621609e-02  3.67522463e-02  4.81657945e-02 -6.18315972e-02
 -3.27866524e-02 -6.46419451e-02  8.27296078e-03  5.15470281e-02
  7.40170628e-02  5.49613312e-02 -2.88746916e-02 -6.61291368e-03
  8.28757975e-03  3.81456986e-02  3.39219421e-02  2.57485788e-02
  2.00015828e-02  1.17834210e-02 -2.25947369e-02 -2.10018177e-03
 -8.35576747e-03  9.22770873e-02 -6.30767941e-02 -1.55823957e-02
 -6.09688424e-02 -5.49670383e-02 -9.55599025e-02 -1.09788087e-33
 -3.57554713e-03 -7.28816772e-03  9.42446217e-02  4.58102375e-02
 -4.30900790e-03  2.40136757e-02 -9.51212179e-03  2.93180607e-02
 -7.61496499e-02  8.59993510e-03 -6.16228618e-02 -4.52535599e-02
 -4.27430086e-02  6.16616793e-02  1.22179769e-01 -1.83483679e-03
 -3.33375782e-02  9.50532332e-02  5.86289950e-02  3.57280746e-02
 -1.23518975e-02  4.61433902e-02 -4.83625606e-02  8.14398527e-02
  4.49206606e-02 -4.56463397e-02  3.40928398e-02 -6.33855611e-02
  8.64104256e-02  2.59458143e-02  7.44846165e-02  6.35960847e-02
  5.10995695e-03 -1.00638960e-02 -2.12263688e-03 -4.72333357e-02
 -1.12702727e-01 -5.42658232e-02 -1.29506150e-02  4.73253317e-02
 -9.49559268e-03  2.76283585e-02 -6.03672042e-02  3.59637327e-02
  4.93991412e-02 -1.03218202e-02  8.56551230e-02 -4.69463468e-02
  5.27539700e-02 -5.00611728e-03 -6.15020581e-02  4.20296937e-02
  7.41983997e-03  3.80220287e-03  9.36795995e-02  1.24644339e-02
  3.34181488e-02  2.13281587e-02  4.55905497e-02  2.23552641e-02
 -3.92493680e-02  4.88424152e-02 -3.87476869e-02  4.81849574e-02
 -1.76831726e-02 -4.53115255e-02  1.71680860e-02 -6.27068244e-03
  4.99733537e-03 -8.73473100e-03 -7.08731487e-02  6.57261023e-03
  6.28186911e-02  9.49963331e-02 -7.18720257e-02  1.93766169e-02
 -5.60769401e-02  2.37985477e-02 -2.67704483e-02 -5.60963377e-02
 -6.38616532e-02  3.97160184e-03  1.17581626e-02  5.31277917e-02
  5.16625568e-02 -2.26732790e-02 -5.88281825e-03 -5.95297776e-02
  4.05120812e-02  9.33680981e-02 -1.02254830e-01 -8.23003706e-04
 -7.26424232e-02 -4.12959047e-02 -1.39287196e-03  2.21164487e-34
 -1.07771829e-01 -4.20805402e-02 -4.67573032e-02  5.96667118e-02
  2.73806099e-02  3.56075279e-02 -1.22242654e-02  5.01000620e-02
  5.47057725e-02  9.15262997e-02 -8.17693621e-02 -2.47569326e-02
  4.46390063e-02  4.80821654e-02 -1.36953825e-02 -4.88669313e-02
 -1.16633689e-02 -2.64752354e-03 -1.19164353e-02  1.31087974e-02
  1.32371681e-02 -3.18739787e-02  3.68635356e-02  4.48720492e-02
  5.28161339e-02  9.66274142e-02 -1.07895203e-01 -2.98123285e-02
 -7.28970543e-02  6.95835473e-03 -4.63826321e-02 -2.41434164e-02
 -1.92014091e-02  7.06951320e-02 -1.01664253e-01  2.81678159e-02
 -7.72380009e-02  2.82434449e-02 -6.31577075e-02  6.71529677e-03
 -3.21958475e-02  4.76818159e-03 -3.79373953e-02  6.23952188e-02
 -1.69216134e-02 -8.90684947e-02 -4.17327099e-02 -6.70507774e-02
  6.87379166e-02 -8.42854474e-03 -2.85164341e-02  6.69280589e-02
  3.51961069e-02 -4.54309434e-02 -4.31249440e-02 -4.83179577e-02
  1.81629125e-03  7.09847435e-02 -3.08233444e-02  3.07060350e-02
  5.09077124e-02 -2.93821539e-03  3.73532437e-02  2.00665817e-02
  2.74584834e-02 -2.83997450e-02  4.56715040e-02  1.47014949e-02
  1.20230531e-02 -3.08577567e-02  3.72566916e-02 -4.80330400e-02
 -8.83812457e-02  2.54344251e-02  5.29644527e-02 -6.54586358e-03
 -4.79503199e-02 -3.38766128e-02 -8.58846493e-03  6.51982101e-03
 -2.53425576e-02 -7.09968284e-02  1.80625301e-02  1.22390166e-01
  3.51363569e-02 -5.82348264e-04  5.31537011e-02 -6.03864230e-02
 -2.76835691e-02 -5.53577244e-02 -5.18504493e-02 -1.98659617e-02
  4.67794947e-02  9.01344270e-02  2.50367057e-02 -1.43855976e-08
 -1.65632796e-02  7.77384965e-03  1.35071883e-02  2.73878668e-02
 -3.68864685e-02 -5.32182381e-02 -2.87303999e-02  7.10835904e-02
  6.48678765e-02  4.97377850e-03 -5.30604869e-02 -9.10998657e-02
  8.83352831e-02  1.30465388e-01  1.48717491e-02  2.18369383e-02
 -3.26861031e-02  9.00474936e-02 -9.29783210e-02 -5.17059043e-02
  3.93676339e-03  7.13528246e-02 -1.01535685e-01  9.36160516e-03
  1.00490125e-02  2.23566615e-03  8.55748821e-03  9.97702256e-02
 -2.91332956e-02  8.69842991e-02  4.01518261e-03  4.48980555e-03
  8.47604219e-03 -6.45359084e-02  4.14809287e-02 -5.24842925e-03
  4.14004223e-03 -1.51582854e-03 -5.43756038e-03 -3.95492511e-03
 -4.51569445e-02  6.09586388e-02  8.60573538e-03  2.70745140e-02
  8.13752189e-02 -5.88397458e-02 -6.14547208e-02  7.58832172e-02
 -1.29704848e-02 -5.65191768e-02 -5.36538567e-03  4.63342108e-02
  6.38727248e-02 -1.16624629e-04  6.67711794e-02 -4.57256883e-02
  2.38873884e-02  3.35030141e-03 -5.10407649e-02  6.07107952e-02
 -7.39783123e-02 -5.76621592e-02  7.77622312e-02  9.03309695e-03]"
349,Controversial Sourcing,Social,supplier,28,0.4364,"[-7.20599368e-02  1.79816801e-02 -1.33760246e-02  6.59618527e-04
 -5.79906777e-02 -3.02387625e-02  9.82655808e-02  1.07606128e-02
  7.88590219e-03 -2.61518750e-02  6.71963170e-02 -3.85829657e-02
  1.87508799e-02 -1.25031127e-02 -8.37484226e-02 -1.24250855e-02
 -1.70444530e-02 -1.44485217e-02 -3.78487930e-02 -8.48170742e-02
 -1.42003596e-01 -4.22353633e-02 -2.43242644e-02  9.83554590e-03
  3.72559368e-03  4.13066186e-02 -5.24625070e-02 -3.20973322e-02
  9.57927853e-02 -9.16862488e-02 -9.21035931e-03  2.42601093e-02
  1.89835150e-02 -2.20267009e-02 -3.81711242e-03  7.88103882e-03
 -8.36479198e-03 -5.11510782e-02  1.93610638e-02  8.22274480e-03
  7.61957653e-03 -1.35766892e-02 -1.73175260e-02  3.05852387e-02
  2.74300650e-02  2.58169062e-02  2.79771816e-02  3.94032858e-02
  8.04819074e-03  7.44938776e-02 -3.58686671e-02  5.65794017e-03
 -4.58506607e-02  1.76189234e-03  2.25348603e-02  2.99056806e-02
 -3.46006267e-02 -4.50221151e-02 -3.19788903e-02 -7.18134046e-02
  1.54851768e-02 -1.00693544e-02 -6.65658861e-02  1.34285102e-02
  6.89647645e-02 -3.06901392e-02 -5.60922027e-02  4.94799316e-02
 -9.95945483e-02 -2.97359414e-02  4.82717380e-02 -6.84941635e-02
  1.83225181e-02  5.51599450e-02 -5.45426458e-03 -1.52515722e-02
  1.17625706e-01 -3.03181559e-02  4.42713164e-02 -5.06885499e-02
  1.24575710e-02  1.07149370e-01 -4.06471640e-02 -8.01047496e-03
  1.99785177e-02 -1.98038928e-02  7.28907287e-02  6.13791682e-02
  2.07835231e-02 -9.61528160e-03 -5.15063852e-03 -7.60789439e-02
  1.38600627e-02  5.47878863e-03 -4.30509932e-02  4.34591100e-02
  1.61343068e-02  2.50687986e-03 -6.92752302e-02  1.91654667e-01
  3.19207199e-02  4.45276052e-02 -4.47886176e-02 -2.69468203e-02
 -7.27434158e-02 -5.29437186e-03 -9.67823938e-02  8.52192119e-02
  6.04151227e-02  6.41628727e-02 -6.43328354e-02  1.42315235e-02
 -7.22677410e-02 -4.03127447e-02  2.15777429e-03 -7.97284674e-03
 -2.96070427e-02  1.51363006e-02  5.50577529e-02 -7.37265199e-02
 -2.40474963e-03  3.85190845e-02 -5.57379797e-02 -7.36648217e-02
 -8.41464475e-02 -3.75279374e-02 -2.46348269e-02 -4.72441612e-33
 -1.12718502e-02  5.89887612e-02 -1.21539058e-02  2.99678985e-02
  4.85905260e-03  7.85750970e-02  2.41545886e-02  3.49746388e-03
 -4.20227423e-02  1.72456317e-02 -1.20241567e-01  1.77848991e-02
 -4.55117747e-02  1.78551357e-02  8.31580982e-02 -5.28910346e-02
  1.49585176e-02  3.22636589e-02  6.20420016e-02 -2.58230306e-02
 -8.37135315e-02  2.00876989e-03 -1.33852297e-02  8.66436064e-02
  5.76953627e-02 -6.39574900e-02  2.18927730e-02  4.93049435e-02
  3.75802107e-02  2.38843448e-02  9.00266096e-02  1.91663317e-02
  4.21506055e-02 -7.26803914e-02 -3.24401595e-02 -7.83786029e-02
 -8.07082877e-02 -9.43969265e-02  2.56651323e-02 -7.98458979e-03
  4.54528257e-02  2.99232192e-02 -1.54463248e-02  6.16198406e-02
 -3.66389900e-02  5.10349171e-03  3.19876000e-02  2.85489094e-02
  7.75089161e-03  1.07285706e-02 -1.29808113e-01  1.76556185e-02
 -3.02936081e-02  1.31849491e-03  3.65797356e-02 -4.79497761e-02
  9.98558011e-03 -2.84450855e-02  1.35843763e-02  3.96754704e-02
  2.91290525e-02  9.29304287e-02 -2.05606353e-02  9.30800512e-02
  1.72111988e-02 -4.86092083e-02  2.04738341e-02 -5.18095791e-02
 -3.67672332e-02 -5.00335358e-02 -4.70086187e-02  5.60479332e-03
  4.37492020e-02  3.04543376e-02 -3.79747227e-02  3.18226614e-03
 -2.75013596e-02  1.00961708e-01  3.88775277e-03 -4.46636379e-02
 -1.21500783e-01  2.44880896e-02  4.14438918e-02  9.31779742e-02
 -2.94074360e-02 -1.18417675e-02 -2.65254807e-02 -3.04399291e-03
  7.63287395e-02  2.21219696e-02 -1.18200883e-01  1.63367689e-02
 -4.51601855e-03  1.85151715e-02  2.31506638e-02  3.43149393e-33
 -2.02498026e-02  1.23626608e-02  3.88803259e-02  5.26511017e-03
  9.91721451e-02  1.38204610e-02  3.87139767e-02 -7.04425201e-02
  7.34286532e-02  8.68152902e-02 -4.09140848e-02  2.93743815e-02
  5.57705797e-02  2.10239328e-02  5.00581190e-02  1.67302545e-02
  4.92965952e-02 -8.86532199e-03 -1.73095129e-02 -1.49633270e-02
  1.06369506e-03  2.01970097e-02  1.61657371e-02 -7.42401555e-02
  1.80533081e-02  4.52603735e-02  2.55148560e-02  5.61563857e-03
 -7.74820149e-02  5.46297245e-03 -2.55435500e-02 -4.84425314e-02
 -5.03429286e-02  6.77456558e-02 -4.56840135e-02  6.51076436e-02
 -3.10729481e-02  8.96039605e-02  2.38433667e-02 -7.71942455e-03
  6.29196763e-02 -1.29464071e-03  6.80364966e-02  1.33496031e-01
 -2.63330732e-02 -7.30474293e-02  3.72669566e-03 -7.45230019e-02
  1.61420867e-01 -1.09584434e-02 -4.11703289e-02  4.39021029e-02
  3.67105044e-02 -1.14287287e-02 -5.19285798e-02  2.44351216e-02
 -4.09202389e-02  6.50657713e-02  4.35533598e-02 -1.55489892e-02
  3.81938256e-02  5.57016023e-02  3.35065350e-02  2.24051159e-02
  1.75019708e-02  8.48634616e-02  2.89367195e-02  1.25137558e-02
  5.04362360e-02 -4.86953072e-02  6.82435259e-02 -7.10869534e-03
  9.12118237e-03 -1.95990712e-03 -4.57815304e-02 -1.20528778e-02
 -8.54204968e-02  1.90521730e-03 -3.11421547e-02 -5.70575474e-03
  5.68352714e-02 -4.66316640e-02  5.78755550e-02  1.46373808e-01
 -5.51636219e-02 -4.77574095e-02  9.57872048e-02 -3.00955903e-02
  1.40019348e-02 -1.05524762e-02 -2.34909933e-02  7.47178029e-03
 -6.91226572e-02 -2.35929135e-02  3.50431190e-03 -1.12480576e-08
 -2.60455683e-02 -6.77267835e-02  2.15498414e-02  1.17314560e-03
  3.38239819e-02 -4.32709791e-02  3.68321277e-02  2.82153971e-02
 -4.59584035e-02  9.34775695e-02 -2.98294052e-02 -1.72425415e-02
 -1.75160524e-02  2.38611978e-02  2.90546138e-02  7.39293871e-03
 -4.76365760e-02  5.07293306e-02 -8.29458237e-02 -1.02924548e-01
  1.15384888e-02  8.11275691e-02  1.44960254e-01  1.73852500e-02
 -5.08043505e-02  2.01389473e-03  6.84851408e-02 -4.08795848e-02
  3.50789800e-02  6.07283898e-02  5.20345680e-02  4.78927270e-02
  2.13916861e-02 -1.04994856e-01 -2.31329165e-02 -9.01016891e-02
 -4.44842763e-02 -1.95946842e-02  1.53226908e-02 -3.28630731e-02
 -1.06584176e-01  3.66967805e-02  3.04340012e-02  5.43951392e-02
  3.95991281e-02 -1.43031618e-02 -9.64519680e-02 -4.26508859e-02
  7.30630010e-03 -3.31957899e-02  6.89063687e-03  1.52443023e-02
  4.11623530e-02  9.09452047e-03 -6.15483224e-02 -6.73926100e-02
 -1.56150395e-02 -3.65668312e-02 -6.29207538e-03 -1.78127910e-03
  5.22771338e-03 -3.76891904e-02  1.26464397e-01 -4.00443748e-03]"
350,Controversial Sourcing,Social,industry,7,0.4362,"[-2.75452584e-02 -1.38323810e-02 -4.26445827e-02 -4.57201013e-03
 -8.27888027e-03  1.15012629e-02  8.50026831e-02  1.31026199e-02
 -2.80186944e-02 -3.69616114e-02  8.30138847e-03 -7.99328263e-04
  1.72344167e-02  4.13944805e-03 -3.50120030e-02 -2.58976705e-02
 -2.56396160e-02 -6.68642074e-02 -7.98549280e-02 -8.20476338e-02
 -4.02412005e-02 -2.79241707e-03 -2.80188099e-02  1.88990254e-02
 -8.15454870e-03  8.49117488e-02 -3.32934819e-02  3.17205861e-02
 -1.60589609e-02 -9.82668921e-02 -1.04515247e-01  9.10096392e-02
  8.81070346e-02 -2.16572788e-02  2.15546824e-02  5.81363253e-02
 -6.26601605e-03 -1.36108864e-02  5.19671068e-02  2.23354045e-02
  2.76876660e-03 -7.90777430e-02 -6.03090040e-02 -5.22881486e-02
  1.33480877e-02 -3.22252549e-02  5.73290437e-02 -5.66284917e-03
  3.35569680e-02  3.28193605e-02 -7.01137185e-02 -4.13398407e-02
  2.49123424e-02 -6.54460536e-03 -2.70315539e-02 -2.34517865e-02
 -2.25801859e-02 -3.23148109e-02 -4.07543257e-02  1.97740109e-03
  5.80836497e-02 -3.91563289e-02 -4.65159155e-02  3.31057757e-02
  1.04084432e-01  1.40573531e-02 -5.86436205e-02  6.68748915e-02
 -9.24521536e-02 -9.05768573e-02  3.28905545e-02 -7.56663308e-02
 -8.02026689e-02  2.52206456e-02  2.47927681e-02 -4.74183932e-02
  5.12438128e-03  1.75048746e-02  8.28829780e-02 -5.64940125e-02
  6.87389970e-02 -4.30950001e-02 -7.68559352e-02  5.97959049e-02
 -6.79107904e-02 -2.73432042e-02  9.23630036e-03  2.98323873e-02
  5.55931702e-02  1.94249135e-02 -5.33912331e-02 -3.91462818e-02
 -1.46098966e-02  4.80711227e-03 -2.91711204e-02  5.70852272e-02
 -4.36695479e-02 -6.28754729e-03 -3.54198879e-03  2.23294452e-01
  6.27742242e-03  3.61617585e-03 -7.44439140e-02  7.28742778e-03
 -7.37846270e-02 -4.29416522e-02 -4.25577573e-02  9.71605554e-02
  3.37536745e-02  3.34503278e-02 -4.03811410e-02  3.40218171e-02
 -5.35107218e-02  2.69752182e-02  6.42760191e-03  2.49155611e-02
  1.05443224e-02  7.15524852e-02  3.28127593e-02  6.90642325e-03
 -5.30898310e-02  8.65888968e-02 -5.05354367e-02  1.19528519e-02
 -6.44275546e-02 -7.36939088e-02 -5.25799096e-02 -5.26439819e-33
 -1.96141582e-02 -5.59281697e-03  2.64331307e-02  5.43567538e-02
 -3.25171649e-02  3.80927473e-02 -9.63307451e-03  2.86891088e-02
 -1.75905190e-02  1.08985947e-02 -3.87650393e-02  4.88666818e-02
  1.22956503e-02  1.65080279e-02  1.61469877e-01 -8.35265219e-03
  7.05223810e-03  2.03091782e-02  4.01446223e-02 -2.71647386e-02
 -7.98551440e-02  4.12934460e-02 -2.95761488e-02  5.95406592e-02
 -2.77434830e-02 -6.05573691e-03 -4.01309738e-03 -1.60053205e-02
  4.00377885e-02  4.37451564e-02  5.69406115e-02  9.06018242e-02
  4.22402136e-02 -6.02375157e-02 -2.93548256e-02 -2.25221948e-03
 -1.38293682e-02 -1.03323445e-01  3.81838158e-02  8.71003699e-03
 -8.48327205e-02  1.26199555e-02 -3.76340561e-02  1.91249624e-02
 -1.88778564e-02  4.62231897e-02  1.39452070e-02  4.55502942e-02
 -1.75942965e-02  2.69419551e-02 -3.19027342e-02  7.82739818e-02
  6.59003556e-02 -5.23487255e-02  8.87634233e-02  1.33358524e-03
 -1.85833238e-02 -1.73627250e-02  2.92841741e-03  2.59071756e-02
  9.15618986e-03  1.54692993e-01 -1.28827114e-02  3.33234929e-02
 -3.98682617e-03  6.73967898e-02  3.86124700e-02  3.80603522e-02
  4.73566055e-02 -1.03886481e-02 -3.95777822e-02 -4.00249884e-02
  3.55683044e-02  1.97508708e-02 -3.34143043e-02  6.13148585e-02
 -3.55789959e-02  4.56465036e-02  6.59862300e-03  5.97320646e-02
 -6.03161938e-02  3.50463092e-02 -1.33883934e-02 -1.13802599e-02
  5.35703637e-02  1.14192888e-02  1.47022000e-02 -1.75690781e-02
  8.28029215e-02  3.12716849e-02 -1.27322078e-01  7.23853102e-03
  6.95479615e-03  1.09240569e-01  1.89675335e-02  2.25170480e-33
  5.98330051e-04  9.33070946e-03 -9.20415483e-03  5.60318008e-02
 -8.08384176e-03 -3.13230306e-02  1.28423003e-02 -2.74309814e-02
  1.79372579e-02  1.19697340e-01 -9.64615941e-02 -3.29059884e-02
  3.77251506e-02  3.28003578e-02 -9.33100842e-03 -3.08483690e-02
  3.99172194e-02 -2.23101489e-02 -4.72627170e-02  2.44306680e-03
  2.14325991e-02 -4.36563045e-02 -2.24824958e-02  2.50371769e-02
 -3.21059786e-02  2.09620763e-02 -1.03008635e-01 -4.32317369e-02
 -2.12637167e-02 -3.10836732e-02 -1.66617222e-02 -3.72446179e-02
 -4.04253863e-02  6.59864619e-02 -3.79690006e-02  7.12645501e-02
 -2.63021328e-02 -1.19650206e-02  1.08941998e-02 -8.98145363e-02
  4.23172750e-02 -5.76864146e-02 -3.97390267e-03  1.27403557e-01
 -4.17564027e-02 -6.35532588e-02  2.76072626e-03 -3.69232856e-02
  8.08379874e-02 -2.91184019e-02 -4.56214994e-02  5.31403311e-02
  2.68099029e-02 -5.56089021e-02 -4.84709963e-02  4.40717526e-02
  2.43648570e-02  1.18210418e-02 -1.17212079e-01 -8.61117430e-03
  2.05507185e-02  7.64392596e-03  8.33656918e-03  9.81308669e-02
  1.29145617e-02  7.56042600e-02  6.77434653e-02 -1.04677202e-02
  4.49928967e-03 -6.69938549e-02  1.62304074e-01  8.11483264e-02
 -5.87592460e-02  8.27470720e-02 -8.76842141e-02 -5.95630612e-03
 -4.07976322e-02 -1.48152076e-02 -4.60623167e-02  9.20952670e-03
  2.48678047e-02 -4.68664318e-02 -2.74188519e-02  4.88151647e-02
 -6.02974519e-02  1.55388443e-02  5.83882816e-02 -2.82113552e-02
 -4.69630808e-02 -4.87550087e-02 -7.07810894e-02 -1.35852722e-02
 -8.81706476e-02 -1.72299112e-03 -1.02218466e-04 -1.41792826e-08
 -3.89604494e-02 -4.90608141e-02  6.52615353e-02 -3.64650749e-02
  2.07303688e-02 -1.35996556e-02  3.55407596e-02  5.10807373e-02
  1.41715044e-02  5.59541211e-02 -5.25922254e-02 -1.10119376e-02
 -1.57754458e-02  9.57059264e-02  2.99448501e-02  6.12633070e-03
 -6.98383749e-02  6.81685582e-02 -3.37071307e-02 -9.17820036e-02
  8.40499923e-02  4.80143614e-02  7.33466446e-02  3.41877975e-02
 -1.32281985e-02 -3.90624143e-02  4.00750758e-03 -5.34672197e-03
 -3.54346004e-03  7.57952332e-02  3.65571328e-03 -2.51461789e-02
  2.99857855e-02 -5.32198474e-02 -6.68596774e-02 -8.55687112e-02
  8.00970793e-02 -6.22539036e-02  1.15685016e-02 -1.04189463e-01
 -1.03426799e-01  1.16442740e-02  1.77012924e-02 -1.65903401e-02
  1.61175858e-02 -4.32730988e-02 -4.86974930e-03  2.73388028e-02
 -3.03180539e-03 -2.55273078e-02 -2.61996016e-02  2.38253493e-02
  4.68875952e-02  1.55557906e-02 -1.13513311e-02 -5.40713891e-02
  4.52118479e-02 -7.48101324e-02 -5.24447076e-02  2.90537942e-02
  1.12335823e-01 -7.70463943e-02  1.18813939e-01  3.02085355e-02]"
351,Controversial Sourcing,Social,firms,2,0.4294,"[ 4.55427170e-02 -5.14474399e-02 -3.40151824e-02 -9.43096727e-03
 -4.15626019e-02  4.47876528e-02  6.03061393e-02  4.33390774e-03
  2.01840922e-02 -3.88038382e-02  3.06166727e-02  1.82030071e-02
 -6.06387705e-02  2.86878776e-02 -3.18709924e-03 -9.61131509e-03
 -4.67724390e-02  1.33355828e-02 -3.20002772e-02 -6.41568303e-02
 -6.87891096e-02 -1.06863007e-01 -6.15978017e-02  1.35635929e-02
  2.71833725e-02  2.21176259e-02 -2.53875721e-02  2.58393567e-02
 -1.66780315e-02 -1.16502255e-01 -5.99313453e-02  4.60610241e-02
  6.41061366e-02 -3.74410010e-04  1.86312466e-03  5.29763103e-02
 -4.40685265e-02  2.03403598e-03  2.75597237e-02  2.33062468e-02
 -2.26125252e-02 -3.46142054e-02 -3.47672552e-02 -1.82661712e-02
  1.09179160e-02 -2.89459266e-02  4.33661155e-02  6.30058572e-02
  8.77029542e-03  2.16288734e-02 -3.04527786e-02 -4.76652086e-02
 -7.58213922e-03  2.71017682e-02 -3.68350223e-02 -2.00231895e-02
 -3.48318666e-02 -8.15289561e-03 -1.08946743e-03 -5.75427413e-02
  5.88012077e-02 -3.90327945e-02 -2.43389811e-02  2.62936559e-02
  5.58584519e-02  1.90035179e-02 -5.00808470e-02  9.58415493e-02
 -1.36714175e-01 -3.70485969e-02  6.86904714e-02 -1.03487350e-01
 -4.48155478e-02  1.99236628e-02 -2.46917624e-02  4.02205018e-03
 -2.68966192e-03  6.00860380e-02  7.57404417e-02 -8.12004879e-02
  1.07327141e-02 -1.72388330e-02 -5.17235659e-02  2.62726452e-02
 -7.46765360e-02 -1.06444191e-02  4.69109677e-02  2.99845380e-03
  3.30180041e-02  5.08459844e-02 -5.93606010e-02 -2.09096577e-02
  8.31821095e-03  1.34381037e-02 -3.34463492e-02  6.32172748e-02
  4.70498856e-03 -1.95212439e-02  1.68671403e-02  2.29769811e-01
  1.99089348e-02  1.97528955e-02 -5.09265810e-02  5.47364689e-02
 -8.49010646e-02 -5.53447418e-02 -4.99398597e-02  4.01396826e-02
  8.20454210e-02  4.82567437e-02 -3.82714383e-02  7.69628361e-02
 -8.75141844e-02 -1.01342071e-02 -4.74271365e-02 -6.31937683e-02
 -4.16434519e-02  8.04717094e-02  7.48356208e-02 -3.44967209e-02
 -1.20806862e-02  1.11907534e-01 -7.69639537e-02 -4.72197868e-03
 -5.34469560e-02  7.93040358e-03 -8.92541930e-02 -5.22009050e-33
 -1.73799333e-03  1.16855754e-02  2.92795128e-03  7.31880739e-02
 -3.73716839e-02  2.27270331e-02 -9.09868535e-03  6.17220253e-02
 -6.00792319e-02  6.06682524e-02 -8.92991722e-02  3.00498866e-03
  4.16124538e-02 -4.36063111e-02  1.18855163e-01 -1.88476071e-02
  3.16899866e-02  2.40130667e-02  2.26543918e-02 -8.03738162e-02
 -9.40726995e-02  7.32695833e-02 -1.79301389e-02  6.77540526e-02
 -2.03620102e-02 -1.12969160e-01 -1.09761199e-02  1.19692795e-02
  2.58247908e-02  3.70976776e-02  8.55262727e-02  5.09210601e-02
  1.08178454e-02 -4.81521990e-03 -3.14412564e-02  4.46261056e-02
 -4.36119512e-02 -7.54537508e-02  2.78401189e-02  4.31316383e-02
 -4.42918204e-02  6.91412017e-04 -3.96299250e-02  2.08835155e-02
 -1.80608425e-02  5.00367656e-02 -2.91731339e-02  1.62233738e-03
  3.94768789e-02  1.05265360e-02 -4.63402942e-02  1.26570817e-02
 -1.84943285e-02 -5.69864064e-02  1.27205908e-01 -1.52173173e-02
 -3.08101419e-02 -3.47527005e-02  8.07651319e-03 -9.51236393e-03
 -1.35060465e-02  1.27658099e-01 -3.07066254e-02 -1.91218071e-02
 -6.59699664e-02  8.11195895e-02  6.91454560e-02  2.14748010e-02
  2.32779682e-02 -1.04592126e-02 -3.99722941e-02 -2.56377775e-02
  9.45202634e-02  1.17620630e-02 -4.17207591e-02  2.14338768e-02
 -5.39247170e-02  7.21156001e-02  5.38352458e-03  3.36622708e-02
  1.59518924e-02  2.50353329e-02 -1.34082732e-03  5.00747599e-02
  2.89316829e-02 -3.78625980e-03  7.45018125e-02 -7.03310519e-02
  2.92709973e-02  7.35925287e-02 -1.78506792e-01 -8.74868408e-03
 -7.67484482e-04  9.81435627e-02 -9.95948631e-03  3.39563914e-33
 -2.83696572e-03 -4.52760160e-02 -2.67290659e-02  2.41584890e-02
 -1.05569779e-03  1.16199162e-02  3.28144878e-02 -2.79623568e-02
  2.36465894e-02  6.48631155e-02 -9.22463611e-02 -3.86533961e-02
  4.59448658e-02  1.43250041e-02 -3.94890495e-02 -4.08756994e-02
  8.43398720e-02 -4.14283238e-02 -3.06444205e-02  6.94255903e-03
  5.48886042e-03 -5.45188896e-02  4.74500693e-02  5.23827560e-02
 -3.94843072e-02  6.04419969e-02 -3.90260071e-02 -4.50921990e-02
 -4.33083847e-02 -9.83737223e-03  9.31381248e-03 -1.70075707e-02
 -9.39343199e-02  1.01131693e-01 -5.49597219e-02  7.08925501e-02
 -2.24239696e-02  2.18746644e-02  2.09636497e-03 -6.80170357e-02
  3.40028107e-02 -5.24624959e-02  4.47245166e-02  1.14533700e-01
  8.68039206e-04 -5.69254160e-02  3.89965661e-02 -4.19518799e-02
  6.99397102e-02 -1.82337947e-02 -6.35879040e-02  7.57662132e-02
 -4.06671911e-02 -8.86590686e-03 -6.91974908e-02  3.73449288e-02
  1.58025175e-02 -3.00007015e-02 -3.29663157e-02  2.28386801e-02
  1.30321342e-03  6.76624700e-02  4.12401855e-02  1.12349711e-01
 -4.60155495e-02  5.89729063e-02  2.12330488e-03 -5.00058383e-03
  3.49787809e-02 -4.81280014e-02  8.80051926e-02 -2.36633047e-02
 -5.57372086e-02  3.70071307e-02 -3.63425873e-02  2.86801606e-02
 -6.54677376e-02 -5.49690165e-02 -4.52899896e-02  1.88354272e-02
  9.59330946e-02 -2.21462492e-02  9.49342642e-03  9.64148119e-02
 -6.91738576e-02  1.68696493e-02  6.42221943e-02 -5.43826744e-02
  1.38296392e-02 -5.67176845e-03 -1.56909153e-02 -2.57443488e-02
 -1.10849421e-02  3.78224142e-02  5.32321073e-02 -1.31556810e-08
 -3.96272168e-02 -2.67867278e-02  8.16089436e-02 -4.95273946e-03
  4.71192552e-03 -1.12963453e-01  8.10904894e-03  3.29167694e-02
  9.43497289e-03  4.45135236e-02 -5.39761037e-02 -3.07178944e-02
 -3.04075815e-02  8.47727060e-02 -4.03629895e-03  9.92445202e-05
 -6.12455979e-02  2.92764045e-02 -1.70905888e-02 -1.85605753e-02
  1.25050936e-02  7.80003443e-02  5.04293777e-02  1.26133496e-02
  2.08903756e-02 -3.16495337e-02  3.31244096e-02 -2.85800304e-02
  2.72897743e-02  8.39126185e-02  2.32564621e-02  6.11258745e-02
  4.51042354e-02 -5.57739399e-02 -3.56391110e-02 -4.95199412e-02
  6.22495152e-02 -2.18533422e-03 -2.66088918e-02 -7.98161924e-02
 -6.77721500e-02 -1.11135263e-02 -9.64735728e-03 -4.01376048e-03
  2.19813995e-02 -7.41492063e-02 -6.22253753e-02  4.35870364e-02
  3.98195162e-02 -6.36451542e-02  3.45861875e-02  2.96285246e-02
  3.18762958e-02  3.62924226e-02 -3.23327333e-02 -7.45469034e-02
  3.14335823e-02 -2.78825462e-02 -8.19126442e-02  6.34314911e-03
  3.69614139e-02 -9.48778167e-02  1.21575281e-01  4.23201993e-02]"
352,Controversial Sourcing,Social,regulatory,3,0.4232,"[-9.97645035e-03 -9.06596426e-03 -1.74138173e-02 -3.02671343e-02
  9.93731245e-02  7.16240630e-02  1.24618419e-01  3.93865258e-02
  2.61369701e-02  1.58187430e-02 -6.51265122e-03  2.48919372e-02
 -4.90032434e-02  1.46624595e-02 -1.50841344e-02 -2.04312019e-02
  2.18288973e-03  4.98171954e-04 -1.22051507e-01 -5.80672920e-02
  3.94202434e-02  4.23731767e-02 -3.08269002e-02  4.15358730e-02
 -5.88516369e-02 -2.10941937e-02 -7.37239346e-02 -3.07179894e-03
  5.52612804e-02 -6.64192438e-02 -3.59076411e-02  3.79074961e-02
  7.15511665e-02 -4.89381775e-02  3.04516256e-02 -1.59203522e-02
  5.45917079e-03 -5.30193597e-02  3.09923720e-02 -9.60624660e-04
  1.89085230e-02 -9.36768353e-02 -7.73733854e-02  3.55706513e-02
 -1.70927308e-02  2.95548071e-03  5.18143810e-02 -2.46750508e-02
 -7.48772994e-02  3.19140591e-02 -3.21255773e-02 -3.19898650e-02
 -2.78396979e-02 -3.67736816e-02  5.46405278e-02 -9.07142535e-02
 -3.19360197e-02 -9.48313400e-02  4.18738239e-02 -2.43824404e-02
  4.81284484e-02 -8.05793628e-02 -1.04366668e-01  5.01812734e-02
  6.03373758e-02  1.56159950e-02 -4.20273766e-02 -1.91498026e-02
  3.38836983e-02 -6.24713674e-02 -5.18401898e-02 -1.08888894e-01
 -2.18901075e-02  3.98197807e-02  2.29085851e-02 -2.67149918e-02
 -4.90831211e-04  4.14594151e-02  1.41960025e-01 -5.34242131e-02
  6.01818934e-02 -7.87476301e-02  2.76584961e-02 -6.57294551e-03
  1.85818804e-04 -2.50982847e-02 -4.57444228e-03 -2.86864936e-02
  1.50217878e-04  5.32694459e-02 -1.97765548e-02 -3.00592855e-02
  1.62323967e-01 -2.97664553e-02 -6.70668408e-02  4.47748927e-03
 -5.21795861e-02 -7.06397370e-02  5.70862740e-02  2.20842659e-01
 -1.70878824e-02  5.50549105e-02 -1.53205261e-01  5.24608493e-02
 -8.26187879e-02 -4.53055464e-02 -3.43822353e-02  2.68168282e-02
  5.08952327e-02  9.20269936e-02 -6.05710633e-02  5.57115301e-02
  5.44294119e-02 -1.90273002e-02 -1.90430749e-02  1.01473659e-01
  1.02089243e-02  6.40584063e-03  9.58025455e-02  6.33451762e-03
 -7.31373653e-02  1.28486529e-02 -3.44053768e-02 -3.40816565e-02
  6.11447133e-02 -1.37074078e-02 -5.36150821e-02 -6.80450113e-33
 -5.27859256e-02 -2.56764349e-02 -8.87831300e-03  4.71481238e-04
 -4.52845618e-02  4.07275185e-02 -3.45634036e-02 -4.84045334e-02
 -8.54177326e-02  8.42931792e-02 -1.32345855e-02 -2.96392739e-02
 -5.39471358e-02  5.57765551e-02  5.10977730e-02 -3.70893590e-02
 -2.98460424e-02  1.74726564e-02  6.17285147e-02  2.91826092e-02
 -3.13180909e-02 -2.02209167e-02 -5.55206835e-02  1.77268647e-02
  4.25272854e-03 -4.06951196e-02 -7.35223219e-02 -1.72773600e-02
  6.89833835e-02  4.08028774e-02 -4.56112321e-05  1.21867061e-02
  8.10123086e-02 -1.19954422e-02 -2.79653724e-03 -4.11140285e-02
 -2.43100785e-02 -3.09189260e-02 -3.30999531e-02 -8.00117478e-03
  1.46700665e-02  1.62031148e-02 -6.66878670e-02 -1.01887831e-03
  1.53540904e-02  4.36751470e-02 -5.55907115e-02 -9.75071266e-03
  1.70566291e-02  1.08693615e-02 -8.20457842e-03  7.71532357e-02
  1.12932017e-02 -9.15887803e-02  2.90672909e-02 -2.71214005e-02
 -6.58832863e-02 -3.54068330e-03 -6.92627430e-02  1.64937638e-02
 -2.76141497e-03  9.48145017e-02 -5.11711203e-02  7.22853169e-02
  4.05178331e-02  3.49751748e-02 -2.75455154e-02 -4.33896808e-03
  2.40981784e-02 -1.75798479e-02 -6.45322725e-02  2.38808952e-02
  1.25804693e-02  3.85776046e-03 -1.02942279e-02 -7.12618232e-02
 -7.96842352e-02  6.94492310e-02 -5.09782210e-02 -1.76320609e-03
 -2.46957839e-02  5.85428476e-02 -2.84494320e-03  7.50678033e-02
  2.08136179e-02 -2.99414098e-02  5.84950671e-03  2.23884615e-03
  4.31789197e-02  1.52081987e-02 -9.09825861e-02 -8.45511723e-03
  1.85035951e-02  9.43536982e-02  6.82977811e-02  3.53001137e-33
 -5.60234375e-02  3.51531524e-03 -2.22677961e-02  6.39746804e-03
 -1.20526012e-02  3.34494635e-02 -1.28590653e-03 -7.02321604e-02
  6.95566833e-02  3.70836817e-02  5.82305063e-03 -2.34888867e-02
  2.51934659e-02  1.20071600e-04 -7.38705508e-03 -5.67935444e-02
 -5.79326674e-02 -1.08637372e-02 -4.48353067e-02  2.27470528e-02
  1.34667419e-02 -4.00522910e-02  9.80333146e-03  5.32436632e-02
 -1.86730251e-02  1.64569709e-02 -4.35194634e-02  5.75261191e-02
  5.44754453e-02  2.69166045e-02 -5.98795488e-02  3.67200971e-02
 -4.28444222e-02  4.33837473e-02 -8.90816599e-02 -1.58551000e-02
  3.69347483e-02  3.74240950e-02 -3.11504025e-02 -4.33019102e-02
  5.33030741e-02 -3.29284999e-03 -1.59227680e-02  4.67986502e-02
  3.09771691e-02 -3.04702315e-02  9.35745537e-02 -5.23414649e-02
  1.94781329e-02  1.54366000e-02 -5.22119142e-02  4.17287983e-02
  3.25454473e-02 -2.79522454e-03 -2.67053060e-02  2.46130992e-02
  1.13339677e-01 -3.03391665e-02 -4.47125989e-04  3.05030886e-02
  2.34314818e-02  1.14252217e-01 -3.01279239e-02  4.88294326e-02
  4.11119759e-02  1.32784462e-02  1.02613047e-02 -1.65685674e-03
  9.12403911e-02 -5.54686002e-02  3.51365581e-02 -2.12830156e-02
 -1.29190326e-01  9.61971562e-03 -1.38883824e-02  2.51433924e-02
 -8.44543055e-02 -6.74551651e-02 -7.61230141e-02  9.32770595e-02
 -5.35202399e-02  1.69121679e-02 -4.66256542e-03  4.22406159e-02
  6.40583709e-02 -1.59821492e-02  3.83298099e-02 -6.21129349e-02
  1.66021362e-02 -1.80928670e-02 -4.20991965e-02 -5.62124932e-03
 -5.38002364e-02 -4.24261652e-02 -4.34000380e-02 -1.27351205e-08
  1.43202150e-03 -6.23774044e-02  1.01753185e-02  2.26438325e-02
  4.26472677e-03  3.81543674e-02 -2.76581347e-02 -3.22950445e-02
  1.63466074e-02  4.69361767e-02  3.07409912e-02  5.76097332e-02
 -3.70877385e-02  2.24409569e-02  6.61175698e-02 -3.53327096e-02
 -1.43711939e-02  7.98083916e-02 -3.48434113e-02  6.30711019e-02
 -6.79878239e-03  3.03125624e-02  5.42327538e-02  1.90793052e-02
 -5.48045477e-03 -3.11501473e-02  9.94896963e-02  6.52166978e-02
  6.67268932e-02  7.73495510e-02  6.90003484e-02  8.01108032e-02
  7.90829072e-04 -4.05813232e-02 -1.36894077e-01 -9.89990309e-02
  5.81168756e-03 -1.26706762e-02  4.60431213e-03 -2.18206923e-02
 -3.34473215e-02 -1.68911472e-03  1.46986395e-02  3.61509100e-02
  1.17296297e-02  2.79972199e-02  2.61069764e-03 -2.00117622e-02
  8.11552778e-02 -2.37036254e-02  4.08365056e-02 -4.53011207e-02
  1.03745550e-01  1.98520022e-03  2.15771012e-02 -8.46102089e-03
 -5.07961884e-02 -6.02535112e-03 -9.67370123e-02 -1.72742065e-02
  5.49326502e-02  6.65687025e-02  1.27078265e-01 -1.05723076e-01]"
353,Controversial Sourcing,Social,companies,2,0.4217,"[-2.03612521e-02 -4.42707241e-02 -1.29433488e-02  2.65077278e-02
 -1.44679341e-02  9.76651721e-03  9.91378576e-02 -1.35648036e-02
  3.37382704e-02 -4.06673625e-02  7.95346496e-05 -1.41519522e-02
 -2.14964747e-02 -4.66716988e-03 -3.50056365e-02 -2.31896527e-02
  1.66448988e-02  5.29827699e-02 -3.59843932e-02 -1.39236033e-01
 -9.42101777e-02 -7.58561268e-02 -8.95326212e-03  1.25846937e-02
  3.05147357e-02  7.69203752e-02 -2.56711524e-02  1.09539796e-02
 -5.10377157e-03 -1.20657548e-01 -5.60698584e-02  9.80972312e-04
  7.94725567e-02 -4.71066087e-02 -6.37502410e-03  5.16060330e-02
 -5.03490381e-02 -7.58025190e-03  1.78330839e-02 -2.76695564e-02
 -2.17387956e-02  1.83994230e-02 -2.78052385e-03 -1.17354458e-02
  5.33953076e-03 -4.67254370e-02  5.38081415e-02  3.07208151e-02
  1.20322441e-03  6.75129145e-02  3.54579720e-03 -6.27371371e-02
 -8.55722872e-04  2.20543686e-02 -4.10947762e-02 -2.41647847e-02
 -7.17105642e-02 -1.33085428e-02 -1.48700494e-02 -4.97572087e-02
  8.02152678e-02 -5.38635552e-02 -2.18934547e-02  3.59002054e-02
  8.45931992e-02  2.44109072e-02 -3.38346548e-02  9.95847285e-02
 -1.21151164e-01 -6.21654727e-02  6.01216517e-02 -5.86311407e-02
 -3.42482366e-02  5.79870008e-02  1.77201908e-02  1.40943192e-02
  2.67702285e-02  2.35539749e-02  8.91076475e-02 -7.79073685e-02
  5.19130612e-03  2.29898430e-02 -7.04375282e-02  6.09105639e-02
 -3.64705212e-02 -5.29609993e-03  2.73469742e-02  3.54094058e-02
  1.38248354e-02  3.86772193e-02 -3.90200317e-02 -5.52293323e-02
  9.18045361e-03  1.36832716e-02 -9.26525891e-02  3.66142876e-02
  2.69943662e-02 -1.33015234e-02  7.54324719e-03  2.00014234e-01
  1.28611242e-02  5.72345592e-03 -1.50513574e-02  2.61993073e-02
 -6.68739602e-02 -4.31813709e-02 -6.38597384e-02  6.17845654e-02
  7.94318095e-02  8.23530778e-02 -7.49025047e-02  7.60862529e-02
 -8.94062296e-02 -8.78547505e-03 -5.12741655e-02 -6.49552941e-02
 -3.08194049e-02  6.57622069e-02  5.09895161e-02 -1.81325618e-02
  2.68956553e-03  8.84855688e-02 -1.96701065e-02  1.90110989e-02
 -9.67347175e-02 -3.61494534e-02 -7.55613893e-02 -4.33017442e-33
  5.53558441e-03  7.97964726e-03  3.91266346e-02  9.19258893e-02
 -2.25643571e-02  3.32419053e-02  3.59124839e-02  5.35481907e-02
 -3.24352682e-02  4.45391797e-02 -1.24941498e-01  1.77951530e-02
  3.35873514e-02 -8.24897457e-03  1.21217936e-01 -5.92314638e-03
  7.23395869e-03  4.78410017e-04 -2.68488517e-03 -6.77718446e-02
 -7.52683058e-02  7.09864423e-02 -3.65419127e-02  7.57169873e-02
 -1.31799001e-02 -9.94643569e-02  5.71189402e-03 -3.44706955e-03
  2.85616927e-02  4.28126268e-02  7.23809823e-02  4.41934504e-02
 -6.59606839e-03 -3.65044922e-02  6.30513765e-04  5.49353473e-02
 -1.24472110e-02 -9.63225141e-02  2.04335544e-02  3.79523560e-02
 -3.23917195e-02  3.72517034e-02 -4.71087880e-02  9.77874268e-03
  1.17654689e-02  3.71032790e-03 -1.10509545e-02  3.90088707e-02
  2.90331412e-02  4.00963090e-02 -8.63573998e-02  2.87444703e-02
 -1.66044496e-02 -2.16706339e-02  1.04396202e-01  1.90219318e-03
 -1.28742196e-02 -1.34105636e-02  1.97210498e-02  1.93453543e-02
 -2.23376863e-02  9.95716676e-02 -6.12550676e-02  5.09023294e-03
 -4.86932062e-02  9.06934217e-02  4.80472259e-02 -8.66838824e-03
  4.23884764e-02  5.78099117e-03 -1.66271664e-02 -4.28735055e-02
  6.85836151e-02  2.73476914e-02 -6.77657053e-02  4.33191769e-02
 -3.99724096e-02  5.24988361e-02 -4.40475382e-02  5.68321012e-02
  2.42989324e-02  2.53640525e-02  1.27938399e-02  6.78420439e-02
  5.27071543e-02 -3.87632172e-03  4.40394729e-02 -4.91188504e-02
  2.94542275e-02  6.86497688e-02 -1.53531522e-01  1.84440762e-02
  3.82663086e-02  9.37792212e-02 -4.49387729e-02  2.89307068e-33
 -3.90001498e-02 -6.01188950e-02 -7.87327904e-03  9.61352512e-03
  9.53623932e-03 -1.64294578e-02  2.62381062e-02 -4.55118120e-02
  3.08160000e-02  1.12247512e-01 -5.78075200e-02 -2.61797253e-02
  3.32547836e-02  5.51536568e-02 -5.87209687e-02 -1.51802348e-02
  7.47548565e-02 -5.52233979e-02 -4.45997231e-02 -1.41760716e-02
 -3.86510007e-02 -1.16783855e-02 -5.15376776e-03  2.78220847e-02
 -1.51238879e-02  5.63873500e-02 -8.59022141e-02 -6.13853075e-02
 -1.46517446e-02  1.10731581e-02 -2.53924951e-02 -2.22061388e-02
 -1.18243307e-01  1.34720623e-01 -2.27824748e-02  3.73410508e-02
 -4.74533252e-02  6.50157705e-02  2.81412192e-02 -6.05121739e-02
  5.50109893e-02 -1.66205689e-02  2.44008433e-02  9.30927917e-02
 -6.86275065e-02 -5.78344986e-02 -2.51686051e-02 -3.01067997e-02
  4.46348153e-02 -1.66080054e-02 -1.13181181e-01  1.24892592e-02
 -4.25485196e-03 -1.40722720e-02 -4.65282016e-02  3.60682234e-02
  1.39269372e-02 -1.06684091e-02 -4.99701453e-03  6.27456559e-03
 -4.29331176e-02  2.93783564e-02  3.84066477e-02  1.19483963e-01
 -2.06016004e-02  4.12026197e-02  1.21601708e-02 -3.36089954e-02
  1.19346781e-02 -7.58823827e-02  9.28703025e-02  1.81875657e-02
 -5.66990450e-02  3.71774510e-02 -9.02946442e-02 -2.40829717e-02
 -7.94753432e-02 -1.01025226e-02 -3.51020731e-02 -5.46695106e-02
  1.14770316e-01 -5.77985570e-02  5.42162871e-03  5.87784611e-02
 -6.15635999e-02 -9.70915519e-03  3.03049944e-02 -5.55495769e-02
 -2.81649269e-02 -1.56845991e-02 -4.66694981e-02 -4.00260389e-02
 -9.94445011e-03  7.31259882e-02  6.09655827e-02 -1.28743025e-08
 -3.45176347e-02 -4.06608097e-02  4.66740504e-02 -2.09240466e-02
  5.73288985e-02 -6.07169233e-02  1.75564308e-02  5.92003353e-02
  1.48123913e-02  4.84125167e-02 -1.27758030e-02 -2.49297153e-02
 -3.84103768e-02  8.64597335e-02  2.02420019e-02  1.38002811e-02
 -5.71096018e-02  5.17833494e-02 -1.07533084e-02 -3.12272627e-02
  8.75165965e-03  7.94690475e-02  6.20422401e-02  2.10493635e-02
  1.34514514e-02 -2.81579997e-02  5.17816469e-02  4.88247164e-03
  5.06228022e-02  6.71783835e-02  3.33510456e-03  5.24748974e-02
  3.00131813e-02 -4.92787845e-02 -1.07343923e-02 -5.59663996e-02
  2.68503372e-02 -1.80013664e-02  2.07671821e-02 -3.00981458e-02
 -7.83697888e-02  4.03238907e-02  1.24089550e-02 -1.95847005e-02
  1.78679693e-02 -8.64299685e-02 -5.31325527e-02  3.48694175e-02
  9.53720510e-03 -4.82466556e-02  1.72714354e-03  4.69894037e-02
  3.58928181e-02  5.16040158e-03 -3.98555771e-02 -8.15123692e-02
  3.72981355e-02 -5.19924536e-02 -4.83565331e-02  3.39571238e-02
  5.03028110e-02 -8.39736462e-02  1.46012753e-01  4.12635803e-02]"
354,Controversial Sourcing,Social,innovating,1,0.4149,"[ 2.53155385e-03  2.83287279e-02  1.40998187e-02 -4.00963761e-02
  2.87947226e-02 -6.05617575e-02  3.35402340e-02  3.46577950e-02
 -3.65417562e-02 -6.58086222e-03  2.71377321e-02 -1.42225502e-02
  3.12251151e-02  2.01361030e-02 -1.29568931e-02  1.00550111e-02
 -3.33397910e-02  5.41411862e-02 -9.25074518e-02 -1.23325944e-01
 -1.15434580e-01 -2.33853441e-02  2.58671828e-02  1.75693701e-03
 -5.52254878e-02  9.38905180e-02  2.62447912e-03 -2.28418037e-02
  4.21419926e-02 -1.11631662e-01  1.94185239e-03  8.43500495e-02
  5.45699745e-02 -4.01920788e-02  3.12094223e-02  4.65041697e-02
  2.56571788e-02  8.26226454e-03  4.94382828e-02 -3.52473482e-02
 -3.51007842e-02 -1.48385122e-01 -3.05746496e-02 -1.77264996e-02
  3.67347337e-02 -6.68397471e-02  2.85262261e-02 -2.32415367e-02
 -2.79428009e-02  2.53715441e-02 -7.35396594e-02 -7.34399483e-02
 -7.30171576e-02 -6.20297603e-02 -4.44841618e-03 -8.30638316e-03
 -8.82627163e-03  4.95976135e-02  6.77172141e-03 -4.82022539e-02
  1.26936987e-01  6.70340052e-03 -2.04268210e-02  6.12858087e-02
 -6.81680162e-03 -5.03572337e-02 -1.21588260e-02  7.60557353e-02
 -6.20971667e-03  2.10671593e-02  5.02024032e-02 -6.57483786e-02
 -6.68786690e-02  9.33240226e-04  6.79309964e-02 -2.38138321e-03
  3.14166434e-02  9.32820421e-03  6.72133192e-02  2.10157968e-02
  7.52867982e-02 -4.97525521e-02 -5.47170937e-02  7.87114426e-02
 -7.61631876e-03 -3.21919844e-02 -6.82934513e-03 -3.28614414e-02
  3.07044107e-02 -6.05542473e-02 -3.67428660e-02  1.47630712e-02
 -8.62249359e-02 -2.28548534e-02 -5.84455095e-02  3.82805057e-02
 -6.53559044e-02 -2.40487382e-02  4.69914339e-02  1.27304494e-01
  3.09061371e-02  4.21654470e-02 -3.66935953e-02 -6.42423928e-02
 -3.86350043e-02 -2.49928720e-02 -3.41978967e-02  7.22137988e-02
  1.53313810e-02  3.20460685e-02 -9.18447301e-02  1.14255724e-02
  1.10729067e-02  2.87105069e-02  1.15931720e-01  1.78557187e-02
  1.60512291e-02  2.59454753e-02  4.48326804e-02  6.95842505e-02
  5.07021993e-02  1.36278309e-02 -2.78833397e-02 -2.92426348e-02
 -9.01440531e-02 -9.11825802e-03 -5.35119548e-02 -3.69742528e-33
 -5.89772873e-02  7.11143836e-02  8.22115596e-03  1.57319650e-01
 -3.53081524e-02 -6.28644973e-03  1.84112403e-04  9.37573612e-03
 -4.79724854e-02 -3.03070880e-02  1.52402865e-02  1.76862385e-02
 -5.47555089e-02  7.95918480e-02  2.09707662e-01 -4.44257073e-02
 -1.08528323e-01 -1.38773080e-02  4.31771614e-02 -1.70389973e-02
 -2.35630833e-02 -7.54920468e-02  2.06200294e-02  2.15880610e-02
  7.99236149e-02  1.01674497e-02  5.92166372e-02 -4.56488952e-02
 -4.91755791e-02  7.17764907e-03  3.94369364e-02  7.91825950e-02
 -6.92679137e-02 -3.67637463e-02 -6.62611872e-02 -1.80354398e-02
  2.57744268e-02 -8.78876075e-02  6.27700984e-02  1.73956975e-02
 -3.61496359e-02  1.36004994e-02 -1.21540111e-02  2.61034090e-02
  7.17214793e-02  1.33539811e-01  8.59084800e-02  3.13467979e-02
 -2.73152348e-02 -1.54404473e-02 -5.76623715e-02  5.14546558e-02
  2.97983829e-02 -2.79346127e-02  5.57207130e-02 -5.01512028e-02
  9.69723146e-03 -4.19969037e-02  3.67158800e-02  4.12065350e-03
 -1.27043598e-03  3.54104526e-02 -7.02550784e-02  9.13351625e-02
  1.67987403e-02  7.60039464e-02  7.71985501e-02  3.44877988e-02
  4.49080877e-02  3.78572829e-02 -4.77495231e-02 -7.41963759e-02
  3.44888354e-03  1.02734286e-02 -5.77833243e-02 -7.06129596e-02
 -8.04794654e-02  6.89502507e-02  7.81968981e-02 -2.34541222e-02
  1.56438781e-03  5.42803593e-02 -3.51322927e-02 -1.78066175e-02
  3.01330592e-02 -2.85151135e-02  3.70796863e-03 -1.94888525e-02
  3.30178812e-02  8.44554529e-02 -4.30034325e-02  3.84121016e-03
 -1.68645252e-02  5.41019812e-02 -4.90320213e-02  1.23679409e-33
 -3.04717384e-02  1.16706667e-02  4.95550856e-02  8.50819871e-02
  2.00738460e-02 -2.26077195e-02 -3.87402400e-02 -5.10959141e-02
  7.81921521e-02  5.91893047e-02 -3.42807211e-02  2.48749498e-02
  6.62955716e-02  1.34056387e-02 -9.23530683e-02 -3.61806620e-03
  4.14628163e-02  1.49271672e-03 -1.64411981e-02 -1.56270266e-02
  4.62727509e-02  2.53638476e-02 -4.15669233e-02 -2.32092477e-02
 -6.68291876e-04  1.11617502e-02 -6.32706434e-02 -2.95791849e-02
 -3.22324759e-03  1.98149541e-03 -3.17868032e-02 -4.84721586e-02
 -1.63907446e-02  4.55317162e-02 -2.64777299e-02  5.67716770e-02
  1.34003133e-01 -8.34103972e-02 -5.73447789e-04 -3.68180983e-02
  2.73530767e-03 -4.19113636e-02 -8.12811926e-02  3.43481898e-02
 -1.42036714e-02 -8.57216679e-03 -6.15907125e-02 -1.68089047e-02
  3.21060270e-02 -2.13419180e-03  5.94334230e-02  3.17578018e-02
 -2.61181537e-02 -1.06511675e-01 -3.42381373e-02  5.61157577e-02
  1.08428806e-01  4.16289346e-04 -3.59787792e-03  3.93848680e-02
 -1.31003121e-02  3.39723043e-02 -7.87952263e-03 -3.82508300e-02
 -3.45877521e-02  2.43280595e-03  3.84976454e-02  8.29137787e-02
 -3.10390648e-02 -6.17185347e-02  4.45842966e-02 -2.36079060e-02
 -6.27731308e-02 -6.00449108e-02 -4.04275693e-02 -5.84743209e-02
 -1.13183015e-03 -2.49336604e-02 -4.24733981e-02 -1.15102358e-01
 -3.75939421e-02 -3.50995883e-02  5.21851927e-02 -2.32902560e-02
 -6.99036696e-04  3.75881642e-02 -2.04868782e-02 -8.16994440e-03
 -4.90577929e-02 -5.25567904e-02 -6.80663586e-02  2.85873213e-03
 -1.01097353e-01  1.92950610e-02 -1.32178981e-02 -1.44565444e-08
  2.28979141e-02 -2.93468405e-02  4.61167544e-02  1.86842307e-02
  1.85086485e-02  1.20914318e-02 -8.80462900e-02  9.64882672e-02
  3.64229418e-02  1.61323715e-02 -3.77632007e-02  4.05723564e-02
  4.46573012e-02  1.47315130e-01  4.01319414e-02 -7.09113246e-03
 -5.48978895e-02  4.76374701e-02 -5.26217707e-02 -1.08148297e-02
  6.64489493e-02  1.04921803e-01  1.63270626e-02 -2.63461936e-02
 -1.58326160e-02 -2.45073140e-02 -1.18839527e-02  7.46581331e-03
 -8.94755777e-03  5.71254604e-02  2.36697793e-02  4.15833071e-02
  3.71127985e-02 -8.11924879e-03 -1.15771554e-02 -6.80425689e-02
  1.96211357e-02 -2.16750074e-02 -6.13727514e-03 -1.12746820e-01
 -6.31519556e-02 -8.95741861e-03 -1.35111436e-02  3.73953171e-02
 -9.58953872e-02 -5.77984452e-02 -4.62595932e-02 -2.20053848e-02
  4.57703322e-03 -1.44001767e-02  5.18057011e-02 -4.44627646e-03
  3.13205807e-03 -2.08560061e-02  5.67931831e-02  1.70928109e-02
  2.77238376e-02  1.79932115e-03 -3.73806357e-02  3.13799940e-02
  8.72925743e-02 -5.24801835e-02  6.78038374e-02 -2.49080621e-02]"
355,Controversial Sourcing,Social,corporations,1,0.4076,"[-6.89752446e-03 -5.07804938e-02 -1.35544706e-02  2.19107103e-02
 -2.21600570e-02  1.96722010e-03  1.00632429e-01 -3.44851166e-02
  4.64639999e-02 -3.45944031e-03  3.14165093e-02  1.26700643e-02
 -5.17097786e-02 -1.63583290e-02 -4.02548313e-02 -1.43468808e-02
 -1.22916996e-02  5.26609011e-02 -3.19946446e-02 -4.96534705e-02
 -8.50959569e-02 -7.38069937e-02 -6.89963102e-02  7.33368099e-02
  2.00270545e-02  8.51892158e-02 -4.72087115e-02 -2.03710161e-02
 -2.55808774e-02 -8.83405209e-02 -8.54512900e-02  4.88444185e-03
  1.09665081e-01 -6.89423271e-03  1.04246056e-02  7.69331232e-02
 -1.68180466e-02  1.80881973e-02  6.54251734e-03 -5.31706177e-02
 -1.08167960e-03 -1.52737722e-02  7.33525399e-03 -2.58606542e-02
  5.43616991e-03 -3.52122704e-03  1.01535432e-02  3.91828977e-02
  5.85692283e-03  4.86070067e-02  2.03019623e-02 -4.49550264e-02
 -1.70917679e-02  1.94730032e-02 -3.35857458e-02 -6.85025901e-02
 -6.26024678e-02 -1.33582596e-02  9.70919058e-03 -2.63156965e-02
  6.65854290e-02 -7.24732205e-02 -3.05150938e-03  3.59606296e-02
  9.74282548e-02  5.38326539e-02  5.52765699e-03  7.40331933e-02
 -1.05682120e-01 -4.62159403e-02  8.09884742e-02 -5.40872402e-02
  6.30997471e-04  7.20437467e-02  2.96137817e-02 -2.68501900e-02
  3.61354352e-04  5.93046099e-02  8.56638253e-02 -8.93079564e-02
  6.07422404e-02  6.22253567e-02 -6.66791871e-02  8.15926790e-02
 -1.38075547e-02  3.26562449e-02  6.84801415e-02  2.55253464e-02
  1.71229765e-02  3.44019495e-02 -8.28551874e-02 -2.83792652e-02
  1.94800086e-02 -2.21444070e-02 -9.73889679e-02  8.39916337e-03
  2.12284587e-02 -9.15578380e-03  1.14534553e-02  2.02571541e-01
  1.80323655e-03  1.57620963e-02  4.45845490e-03 -8.44241213e-03
 -5.29158227e-02 -5.09760268e-02 -7.50020593e-02  2.46545859e-02
  7.76851028e-02  7.79328123e-02 -8.22674409e-02  5.79190552e-02
 -8.23148936e-02 -6.36248440e-02 -5.98878041e-02 -4.93854545e-02
  1.57137983e-03  5.10098971e-02  4.84624505e-02  2.21587776e-04
 -3.23658846e-02  7.36029521e-02 -3.72456573e-02  1.33355893e-02
 -5.76671138e-02 -3.20596173e-02 -1.09162979e-01 -3.89082165e-33
 -4.38779108e-02 -5.72954677e-03  2.06376892e-02  1.05781019e-01
 -2.76074540e-02  9.69206262e-03  3.42043750e-02  4.78372015e-02
 -4.10914011e-02  1.94855984e-02 -8.72518495e-02  6.15599751e-02
  4.36979532e-02  7.93336984e-03  1.15356579e-01 -4.96675959e-03
 -2.20664386e-02  2.00536964e-03  3.06674279e-02 -4.43191342e-02
 -5.13394140e-02  8.82363021e-02 -2.74871103e-02  6.19365089e-02
 -4.07258561e-03 -9.02756155e-02 -2.44288682e-03  9.73321870e-03
  3.03118434e-02  3.63134705e-02  1.04021147e-01  5.60144894e-02
  1.31416162e-02 -2.20911596e-02  4.33114022e-02  4.33031060e-02
 -3.54524446e-03 -6.21575527e-02  3.00137233e-03 -3.51236947e-03
 -6.51749149e-02  2.82455776e-02 -2.96936724e-02  1.21171484e-02
  2.67094802e-02 -7.85147492e-03  2.36031972e-03  2.79533124e-04
  4.98200394e-03  1.90090910e-02 -5.24971560e-02  3.71764675e-02
 -1.42064262e-02 -4.02134359e-02  8.39067400e-02 -4.91758287e-02
 -2.01635752e-02 -5.08333966e-02 -6.17540739e-02  3.24345753e-03
 -3.21903490e-02  9.99826789e-02 -5.38004041e-02  2.44821887e-02
 -3.97311077e-02  8.74610618e-02  2.96641383e-02 -1.79209802e-02
  6.50493279e-02 -2.65978891e-02  5.20870537e-02 -4.06201407e-02
  2.50668619e-02  4.71333927e-03 -9.72447321e-02  5.78823425e-02
 -3.71911637e-02  4.19300534e-02 -5.40315583e-02  2.58900989e-02
  1.70537792e-02  2.20648432e-03  8.52403864e-02  5.08738309e-02
  4.89970706e-02  2.48178411e-02  4.52024229e-02 -2.12709960e-02
  3.66643034e-02  7.01951981e-02 -1.48736954e-01 -1.41756227e-02
  2.23225690e-02  7.80295432e-02 -3.41052748e-02  2.78965968e-33
 -6.32523885e-03 -6.58885166e-02  2.02293834e-03 -1.90500412e-02
  2.83921752e-02 -1.49259123e-03  1.94583263e-03 -1.04830898e-01
  1.48908393e-02  6.32692352e-02 -7.58244917e-02 -5.53383343e-02
  3.00133415e-02  7.64173940e-02 -5.33156656e-02 -6.08005784e-02
  7.66175017e-02 -4.08870839e-02 -2.12072954e-02 -3.00687477e-02
 -3.32624018e-02 -7.98651297e-03  3.20145711e-02  5.83438724e-02
 -2.98087150e-02  5.82729280e-02 -5.04445992e-02 -6.54164478e-02
  3.26430090e-02 -3.29148653e-03 -3.86621021e-02  3.47739179e-03
 -7.63054937e-02  6.50480092e-02 -1.13151921e-02  4.54624519e-02
 -8.34260136e-02  5.46018742e-02  1.02318050e-02 -1.26569718e-01
  1.86663978e-02 -8.63528717e-03 -8.65223072e-03  5.81805408e-02
 -6.36517853e-02 -6.74323961e-02 -2.48877914e-03 -7.87887536e-03
  2.32431926e-02 -1.14480788e-02 -1.24271818e-01 -5.55910869e-03
 -6.04223926e-03 -8.19783565e-03 -5.19607700e-02  4.91438359e-02
  1.17743714e-02 -2.26817727e-02  2.44356412e-02  3.64204459e-02
  9.59398504e-03  1.34378579e-02  3.56411152e-02  1.43607795e-01
 -6.24607541e-02  4.78880964e-02  1.12794265e-02  2.14820337e-02
 -2.15492840e-03 -4.34885100e-02  8.36509988e-02  4.25070664e-03
 -1.07588239e-01  3.01079242e-03 -8.46190974e-02  3.64516526e-02
 -7.96077400e-02  5.25264852e-02 -4.40658368e-02 -2.50505842e-02
  1.35739401e-01 -7.01743513e-02  1.17666610e-02  6.55639917e-02
 -5.49090169e-02 -2.61280518e-02  7.73019344e-02 -5.20413481e-02
 -3.13188322e-03  1.92403533e-02 -4.04958166e-02 -4.49487902e-02
 -2.39766128e-02  8.05513710e-02  3.68610099e-02 -1.25989148e-08
 -4.10936438e-02 -1.33849150e-02 -1.28541049e-02 -2.16758065e-02
  6.39628172e-02 -5.61267920e-02  2.97496188e-03  5.40188402e-02
  2.02042479e-02  6.75499812e-02 -6.29077142e-04  7.39790080e-03
 -3.35101336e-02  6.49769008e-02  1.99788623e-02 -7.81322550e-03
 -4.02452499e-02  1.54011864e-02 -1.75951887e-02  7.46263983e-03
  2.83149490e-03  5.43224029e-02  3.90162989e-02  1.72946230e-03
  1.28332265e-02 -6.73172483e-03  6.78301230e-02  1.47007918e-02
 -1.75863609e-03  6.95908740e-02 -1.48954634e-02  4.43677083e-02
 -2.41908431e-02  1.24439597e-02 -2.00195052e-02 -4.16455418e-02
 -3.61984945e-03  9.29385144e-03  3.08955535e-02 -6.20002672e-02
 -3.83214727e-02  8.63534808e-02  4.98002907e-03 -1.63307060e-02
  7.05196708e-03 -9.99104977e-02 -6.42259717e-02  3.68485302e-02
  1.57656390e-02 -4.52639163e-02  8.88995640e-03  6.33896813e-02
  7.15350593e-03  1.32917119e-02 -4.58605262e-03 -1.15373395e-01
  5.82186431e-02  2.23824498e-03 -8.08819011e-02  2.33686510e-02
  3.31971608e-02 -7.69490376e-02  1.45305112e-01  4.13502976e-02]"
356,Controversial Sourcing,Social,development,8,0.4047,"[-2.05371138e-02  3.60903442e-02 -5.12568615e-02 -8.94644856e-03
 -1.30974492e-02 -5.53027280e-02  1.79362260e-02  4.40577865e-02
 -2.43842206e-03  6.67500943e-02  2.77676433e-02 -4.27770577e-02
 -1.40990335e-02  2.19538845e-02 -2.31840238e-02 -1.20347794e-02
 -5.21663874e-02 -3.77337448e-02 -4.21291217e-02 -7.19113126e-02
 -4.69651408e-02  3.41361240e-02  6.86915417e-04 -1.83324777e-02
 -3.41876410e-02  5.02333306e-02  4.69644479e-02 -3.49609852e-02
  1.51365742e-01 -7.14420602e-02  1.71136428e-02  3.29758637e-02
  1.02637790e-01 -5.50715849e-02 -6.22789375e-02  4.04606499e-02
  5.11067398e-02  8.50962460e-05  1.59205925e-02 -2.80071236e-02
 -7.52724037e-02 -6.07966594e-02 -3.24388295e-02 -7.45782070e-03
 -2.89814454e-02 -5.85735254e-02  4.83391918e-02 -3.60988304e-02
 -8.53748620e-02 -2.60838103e-02 -7.18778558e-03 -8.58257338e-02
 -4.05663736e-02 -7.17573389e-02  4.72286437e-03 -7.62032869e-04
 -1.86690874e-02 -8.00665934e-03  5.94190061e-02  6.95908489e-03
  7.82240331e-02 -4.99901362e-02 -6.83216304e-02  1.07872682e-02
  7.99926892e-02 -2.17806511e-02 -9.85092204e-03  6.69745579e-02
 -3.42473537e-02 -6.20725639e-02 -3.11056860e-02 -9.94830858e-03
 -5.29295066e-03  2.07698923e-02  2.60968655e-02 -3.44314948e-02
  4.94004972e-02  3.27729583e-02  8.71505812e-02 -5.60506359e-02
  6.50404468e-02  4.01137434e-02 -4.88180593e-02  7.84047619e-02
 -2.24481318e-02  5.71184568e-02  6.41740710e-02  9.59332474e-03
  4.04966390e-03  3.86981433e-03  1.45808393e-02  2.51480769e-02
 -8.25989153e-03  9.92854498e-03 -8.46874714e-02  1.68870222e-02
  5.61520271e-03 -1.19592763e-01  1.30852200e-02  1.83987603e-01
 -3.20031829e-02  2.13094074e-02  7.73031591e-03  3.68005852e-03
  1.21599007e-02 -1.88302975e-02  1.74600556e-02  1.41734947e-02
 -5.96590852e-03  6.81485888e-03 -7.93405548e-02 -1.14665618e-02
 -7.38451555e-02  1.45588545e-02  7.66447186e-02  1.05388798e-02
 -3.08271386e-02 -2.26491280e-02 -1.06743472e-02  3.47118676e-02
  1.10785134e-01  6.83594644e-02 -7.64425471e-02  4.21587890e-03
 -7.08771870e-02 -6.90243095e-02 -7.74359256e-02 -4.48080153e-33
  4.56040502e-02 -1.73894372e-02 -4.97069433e-02  1.05749175e-01
  3.62220444e-02 -3.33674811e-02  3.92884091e-02  1.77887864e-02
 -4.01380248e-02  5.86047722e-03 -1.67869665e-02 -5.84041476e-02
 -3.56627963e-02 -1.53698642e-02  1.43901050e-01 -7.40266964e-02
 -3.16632576e-02  1.79572925e-02  5.27642528e-03  5.48354723e-02
 -1.06172413e-01 -2.56085191e-02  2.78963614e-02  3.79535207e-03
  7.67078996e-02  2.43538450e-02  8.34598858e-03 -3.26916203e-02
  1.42243346e-02  5.50080882e-03 -1.19154854e-02  3.33707556e-02
 -6.53429031e-02 -1.24938032e-02 -1.06813302e-02 -1.18035302e-02
 -5.48494747e-03 -8.15081522e-02  2.56659053e-02  1.91663741e-03
 -3.84666994e-02 -4.93968278e-02 -2.81565245e-02 -4.52825502e-02
  7.49404877e-02  5.41590787e-02  4.65797745e-02 -3.23622152e-02
 -3.91518325e-02  1.61948130e-02 -2.81089470e-02  1.87667031e-02
 -2.16327477e-02 -3.15401666e-02  4.52423915e-02  1.48461582e-02
 -8.12900886e-02 -6.10548742e-02 -6.12805085e-03  1.21599594e-02
  3.79567184e-02  7.47122094e-02 -1.03087276e-01 -7.63376104e-03
 -1.21416738e-02  8.91249534e-03  5.73728494e-02 -4.00097994e-03
  1.67261869e-01 -7.50993416e-02 -4.46395911e-02 -6.69573061e-03
  7.44344443e-02  3.10195666e-02 -3.52448854e-03 -2.35923138e-02
 -2.13625282e-02  4.62729596e-02  1.98001321e-02  3.73541377e-02
 -4.80834246e-02  5.41190431e-02 -3.32256057e-03  8.69190844e-05
  7.88495913e-02 -7.31343823e-03  1.91536900e-02  1.88768283e-02
 -5.57807684e-02  8.55238810e-02 -1.15806602e-01  1.81075521e-02
 -9.54536069e-03  1.12254247e-01  3.52524370e-02  3.19453594e-33
 -5.72981797e-02 -6.57528918e-03 -1.52166367e-01  6.81760162e-02
 -6.55638796e-05  3.66834030e-02  7.06134411e-03 -8.64720810e-03
  2.73733232e-02  5.81765026e-02 -3.33984904e-02 -4.86845598e-02
 -1.34223877e-02  7.10251629e-02 -2.80856546e-02 -3.77544970e-03
  3.31526957e-02 -3.42656448e-02 -1.95571058e-03  1.65224187e-02
 -4.02696729e-02  4.52261306e-02 -4.41588908e-02 -1.53328562e-02
 -1.81311406e-02  2.06006784e-02 -2.17188131e-02 -1.76702049e-02
 -8.25841278e-02 -1.50107173e-02  1.93714704e-02 -3.86588946e-02
 -1.01277180e-01  6.62372559e-02 -2.58016996e-02 -3.77225243e-02
  2.48126592e-02 -4.26819660e-02  1.66285466e-02 -3.59843336e-02
  6.79646656e-02 -6.45002257e-03  4.75353338e-02  6.48627877e-02
 -3.13047655e-02 -2.15568859e-02  3.02240327e-02  4.37066369e-02
  1.84721779e-03 -5.17352298e-02  6.56025112e-02  1.64817739e-02
 -7.92395044e-03 -1.29835457e-01  5.23406919e-03  2.29680464e-02
  1.19386375e-01 -1.62416007e-02  2.95190923e-02  7.21584260e-02
  1.35150813e-02  2.21897680e-02  3.96087579e-02  8.84235464e-03
 -5.48473746e-02  4.26031202e-02 -1.96991358e-02  5.87377734e-02
  1.07611138e-02  1.29087903e-02  7.68772326e-04 -2.42547179e-03
 -6.70791566e-02 -9.29875206e-03 -7.74918124e-02 -6.29090071e-02
 -1.01496153e-01 -4.14897911e-02 -4.05496396e-02  2.65005697e-03
 -4.51189242e-02 -1.37407593e-02 -1.08274037e-03  3.91794145e-02
 -6.13815151e-02 -2.04572883e-02  3.59518677e-02 -2.91152601e-03
 -7.04467669e-03 -2.29425891e-03 -9.11604315e-02  5.83065823e-02
 -2.71075722e-02  2.78393663e-02 -4.22225753e-03 -1.22120039e-08
  3.09882816e-02 -5.00649959e-03  1.06200716e-02 -2.37412518e-03
 -3.11381510e-03  7.43017197e-02 -4.28760760e-02  2.91976482e-02
  1.73582062e-02  1.16098858e-01 -6.15265444e-02  1.65017159e-03
  1.63529571e-02  1.61303475e-01  5.49065918e-02  3.82923707e-02
 -1.10774217e-02  3.99084389e-02 -6.92616925e-02 -4.65662703e-02
  8.19563866e-02  1.05754331e-01  1.20004574e-02  2.49705110e-02
 -1.31032653e-02 -9.28257853e-02  6.56575561e-02  2.64866594e-02
 -3.71828787e-02  2.07117945e-02  6.25419393e-02  1.17096946e-01
  1.06767360e-02  2.36842106e-03  1.92327239e-02  1.18901478e-02
  8.15520585e-02  2.47993860e-02  7.41540864e-02  5.24635427e-02
 -4.44816165e-02  5.60686924e-02  9.07309055e-02 -1.33145088e-02
 -3.68945412e-02 -1.98045410e-02 -5.25861867e-02 -1.10641215e-02
 -1.94162372e-02 -1.22107238e-01 -2.08610874e-02  1.20668160e-02
  2.27736440e-02  2.41452805e-03  1.34066254e-01  4.63348739e-02
  9.65454429e-03 -7.03024045e-02 -2.79892664e-02  2.59694438e-02
  7.69679472e-02  7.42124468e-02  1.07794434e-01  3.17117199e-02]"
357,Controversial Sourcing,Social,manufacturing,6,0.4029,"[-5.04827537e-02  1.07648177e-02 -2.13245694e-02  7.44454842e-03
 -3.19682881e-02 -1.99924465e-02  6.48205429e-02  1.47770979e-02
 -4.29868586e-02 -2.32265368e-02  4.22115028e-02 -2.84769088e-02
  1.97285265e-02 -5.39339613e-03 -9.26234871e-02 -3.38307917e-02
  2.55211373e-03 -1.55422809e-02 -3.76534685e-02 -7.81760737e-02
 -4.48908992e-02 -3.46912593e-02  7.42144475e-04  3.97888683e-02
  1.09842364e-02  8.78757834e-02 -6.37926441e-03  3.61939147e-03
  8.65998790e-02 -1.22562505e-01 -5.43107092e-02  6.50579035e-02
  7.30821639e-02 -2.27453280e-02  6.87257051e-02  2.10593697e-02
  3.60077992e-02 -1.78646930e-02  4.19754870e-02 -4.37454768e-02
 -1.05717797e-02 -8.62351730e-02 -4.58751507e-02 -2.39024982e-02
  4.72841077e-02  4.96466830e-02  6.23537004e-02 -8.79024435e-03
 -3.35683711e-02  7.21000582e-02 -4.11893837e-02 -1.36763453e-02
 -4.21999916e-02 -2.87880674e-02  1.64690726e-02  2.70096492e-02
 -2.73070205e-02 -4.82567139e-02 -5.46458922e-03 -1.95131656e-02
  5.31545691e-02 -2.23965030e-02 -7.54126608e-02  2.62599587e-02
  1.24683075e-01  1.79213204e-03 -5.53376451e-02 -8.02986976e-03
 -9.67917666e-02 -1.67294182e-02  7.16470107e-02 -4.25838307e-02
 -5.06838746e-02  7.95268938e-02  2.36942377e-02 -6.06377274e-02
  5.22143990e-02 -4.64545824e-02  3.95100005e-02  5.09117637e-03
  6.19877204e-02  6.11307621e-02 -7.28256479e-02  1.94072537e-02
 -5.22544831e-02 -1.83366500e-02  5.81617579e-02  8.16008747e-02
  5.62787615e-02 -5.51164374e-02 -2.48011928e-02  1.39548065e-04
 -4.83928435e-02 -8.62480234e-03 -8.13401043e-02  6.23223223e-02
 -1.17642898e-02  3.72009426e-02  3.56056243e-02  1.61455050e-01
 -2.07952596e-03  8.20355397e-03 -6.43783668e-03 -5.23826815e-02
 -5.62200882e-02 -4.02110554e-02 -7.72876516e-02  7.74608329e-02
 -3.84403504e-02  5.26274033e-02 -1.95424519e-02  1.32818986e-02
 -6.98416531e-02  3.65284719e-02  3.17582232e-03 -1.45949284e-03
  2.19508819e-02  2.74308361e-02  3.09540667e-02 -2.92711463e-02
  8.64933990e-03  3.79666425e-02 -4.90501150e-02  1.61821526e-02
 -1.00339569e-01 -7.72371441e-02 -6.02168180e-02 -4.09283219e-33
 -6.47446979e-03 -3.35912071e-02  1.34333922e-02  6.84612021e-02
 -3.43195386e-02  4.44018692e-02  1.17229512e-02  8.87886435e-03
  3.38051207e-02  2.55741328e-02 -4.26478460e-02 -4.84644510e-02
 -3.20215747e-02  1.73304528e-02  1.24330111e-01 -5.80845401e-02
 -1.12204417e-03  3.53559889e-02 -1.46842375e-02 -1.04996655e-02
 -1.11520648e-01 -1.36686796e-02  5.76966675e-03  7.34904781e-02
  2.73646340e-02  2.74451803e-02  3.49690788e-03 -3.61503437e-02
 -4.41987105e-02  9.02137719e-03  7.48741701e-02  5.89683130e-02
  4.67558717e-03 -1.70722846e-02 -7.04723457e-03  2.30629202e-02
 -6.35486022e-02 -1.05002299e-01  3.50331739e-02  2.39212811e-02
 -4.10008157e-04  3.07039823e-02 -4.15874086e-03  4.09557931e-02
 -4.85159792e-02  6.93369210e-02  9.70776193e-03  4.03552838e-02
  1.78538095e-02  1.72111634e-02 -7.72458836e-02  5.34175932e-02
  5.47867864e-02 -4.83899862e-02  7.66159520e-02  8.47877527e-04
 -5.82836494e-02 -6.92158267e-02  2.16564313e-02  4.76338342e-02
 -1.33762127e-02  1.34708360e-01 -6.47180006e-02  1.15130842e-01
 -1.09253991e-02  1.49234766e-02  4.21651118e-02  1.39327804e-02
  5.97457439e-02 -4.14076596e-02 -6.78504035e-02 -5.33197932e-02
  7.25290701e-02 -2.47301180e-02 -1.95536520e-02  6.74920529e-02
 -2.39212587e-02  1.34570338e-02 -3.83527391e-02 -1.61183234e-02
 -1.03684239e-01  5.50563745e-02 -4.23122868e-02 -3.24532501e-02
  1.47150643e-02  1.99687388e-02 -8.19378346e-03 -7.76281813e-03
  4.22812514e-02  8.37805793e-02 -1.01286657e-01 -1.94616597e-02
  3.23163986e-04  5.44838905e-02 -4.94246818e-02  2.40733070e-33
 -3.30535173e-02 -5.89864887e-02  1.12282969e-02  3.10458839e-02
 -4.40462343e-02 -8.04150626e-02  1.27488980e-02 -6.51052520e-02
  1.73024908e-02  6.15735129e-02 -5.65406680e-02 -4.92682606e-02
  2.87480988e-02  2.35739518e-02 -6.99132159e-02  4.45125857e-03
  9.98242870e-02  7.60561135e-03 -2.22016871e-02 -3.12785581e-02
  1.91368647e-02  4.55230894e-03 -1.62054822e-02 -1.69397499e-02
 -2.32943203e-02  4.66206037e-02 -2.90888958e-02 -3.70566845e-02
 -1.72493681e-02  1.13840755e-02  3.80011648e-03 -8.34142640e-02
  1.68213267e-02  9.78378803e-02 -5.14273085e-02  8.32190178e-03
  6.92473054e-02  5.22281863e-02  7.28857592e-02 -9.84745100e-02
  8.88181105e-02 -1.23652248e-02 -4.23121378e-02  1.66468069e-01
 -3.97784486e-02 -7.46871084e-02  8.07757583e-03 -6.28802404e-02
  8.97955894e-02 -6.54010754e-03  1.45463608e-02  2.32200827e-02
  1.48304030e-02 -7.16948286e-02 -5.55379391e-02  3.75477001e-02
 -2.06769400e-04 -5.86104766e-02 -5.23248427e-02  1.20841525e-02
  4.10137214e-02  6.07220549e-03  5.40511236e-02  3.69853303e-02
  3.37756053e-02  4.35030013e-02  5.86797446e-02  4.66712052e-03
  2.50030681e-02 -1.31533563e-03  1.29620939e-01  6.69310167e-02
 -1.85390227e-02  2.32584029e-02 -2.82776803e-02 -2.68787723e-02
 -3.66925895e-02 -1.16926408e-03 -3.56110409e-02  5.64464414e-03
  2.66671292e-02 -2.69962009e-02 -1.23250214e-02  1.12197228e-01
 -6.48318827e-02 -1.67972047e-03  6.27248138e-02 -2.05251854e-02
 -5.43282665e-02 -3.24634314e-02 -1.11930743e-02  2.91108433e-02
 -5.64539246e-02  1.25842616e-02 -5.68876369e-03 -1.21153274e-08
 -1.15339952e-02 -8.63988101e-02  1.43925752e-02 -5.70504069e-02
 -6.34262105e-04 -7.46863836e-04  6.22293912e-02  4.76423185e-03
  1.33408513e-02  3.26049514e-02 -1.28626963e-02 -2.81081051e-02
 -1.38636352e-02  5.90204857e-02  5.73344193e-02  8.71489197e-03
 -5.18397056e-02  9.32631642e-02 -8.41340572e-02 -9.10545439e-02
  4.23691459e-02  4.64955643e-02  1.33490130e-01  3.08084693e-02
 -6.83494583e-02 -2.33052932e-02  5.18668965e-02  9.71927948e-04
  4.13411520e-02  7.13197514e-02  8.12759716e-03  3.01318057e-02
  3.49014252e-02  6.59114262e-03 -2.49156021e-02 -1.35924488e-01
  1.52933626e-02 -2.69696470e-02  3.09862308e-02 -1.09047100e-01
 -4.92508300e-02  7.49276280e-02 -3.05402931e-03  8.13021045e-03
  8.65569413e-02 -3.51241045e-02 -7.54333064e-02  6.04137173e-03
 -5.63313030e-02 -1.82137103e-03  2.79223570e-03  3.75939496e-02
  8.07612762e-02  3.40272412e-02 -4.56818350e-04 -1.81543035e-03
 -9.77271004e-04 -6.71172142e-02  8.09934642e-03 -1.07244905e-02
  1.06006920e-01 -5.15545607e-02  1.57987401e-01  3.52598280e-02]"
358,Controversial Sourcing,Social,business,5,0.3922,"[-6.72328845e-03  5.95008731e-02 -3.12834457e-02 -1.46559514e-02
 -9.14382264e-02 -1.31095815e-02  1.14547506e-01  5.72272856e-03
  5.11534102e-02 -5.07223271e-02 -9.78785611e-05  3.20675946e-03
 -2.00384595e-02 -1.96989495e-02  4.88182623e-03 -3.88164669e-02
 -1.88203622e-02 -3.03307027e-02 -9.81239900e-02 -4.50929590e-02
 -1.13528930e-01  2.11118199e-02 -7.11427480e-02  1.19624976e-02
 -2.54580490e-02  6.51033372e-02 -2.01934148e-02  2.70911288e-02
  2.46974360e-02 -1.15710869e-01 -6.60479162e-03  4.44966964e-02
  1.04822583e-01  2.31086556e-02  5.38772764e-03  1.97690092e-02
 -4.89035482e-03 -3.28214057e-02  9.61310938e-02  1.42211253e-02
  8.04580189e-03 -9.45822820e-02 -9.43628997e-02 -2.69667339e-02
  1.24407895e-02  8.23658425e-03  3.05997636e-02  1.95940807e-02
  6.66870475e-02  3.83578241e-02 -4.17516716e-02 -1.10838041e-02
 -2.62214355e-02  3.54201272e-02  6.33814139e-03 -3.23167699e-03
 -6.00727051e-02  1.70497305e-03  1.11178984e-03 -6.11388050e-02
  8.43082815e-02 -5.23603102e-03  5.34569612e-03  2.75304466e-02
  5.31865060e-02  4.37809154e-02 -6.42373264e-02  7.15777129e-02
 -1.18367940e-01 -4.46073636e-02  8.37187245e-02 -5.19884117e-02
 -7.00210929e-02  5.18757477e-02  4.05245088e-02 -7.76389167e-02
  5.79783469e-02 -2.99022812e-03  5.68272024e-02 -2.01509651e-02
  3.84919122e-02  1.29799927e-02 -9.68651548e-02  6.29304126e-02
 -7.47640058e-02 -3.63083333e-02  2.30353791e-02  5.94456606e-02
  6.43917695e-02  1.36421714e-02 -4.56992015e-02 -5.03942482e-02
  2.41248813e-02 -1.00576524e-02 -7.22754002e-02  2.96641663e-02
 -2.66810730e-02 -6.11667112e-02  1.63142737e-02  2.69207478e-01
  2.30495986e-02  7.11534992e-02  2.09855549e-02 -7.75647210e-03
 -5.02380095e-02 -2.65977755e-02 -2.19228733e-02  7.09413961e-02
 -3.51571920e-03 -3.04035507e-02 -4.89510074e-02  1.23466114e-02
 -5.19865006e-02  1.44284070e-02  2.46115611e-03 -2.09934060e-02
  9.52104665e-03  2.19688732e-02  7.95353428e-02 -2.67094094e-03
  1.41171627e-02  1.10985354e-01 -2.59088501e-02 -4.15771939e-02
 -1.00756995e-01 -9.91118178e-02 -2.10773684e-02 -5.26287629e-33
 -1.95315555e-02 -5.62942363e-02  2.68325657e-02  8.00702870e-02
  1.44257732e-02  5.52247949e-02 -3.29193077e-03 -9.61289916e-04
 -5.89947589e-02  1.14519581e-01 -8.71033408e-03  7.24855810e-02
  3.09660900e-02  2.35705916e-02  1.34438783e-01  4.04674187e-02
 -2.02558786e-02  4.27438095e-02  2.88681891e-02 -3.37164178e-02
 -2.31856247e-03 -1.26010710e-02 -2.01893784e-02  4.21781018e-02
  1.25602465e-02 -2.90447921e-02  1.20264366e-02 -6.64832117e-03
  6.93591982e-02 -4.72723693e-03  1.00143358e-01  1.28670819e-02
 -3.37249693e-03 -6.44557364e-03 -4.14984077e-02 -5.18122725e-02
 -3.44035588e-02 -9.13646817e-02  9.78476647e-03 -5.21974191e-02
 -1.07853867e-01  8.52124579e-03 -4.92977351e-02  2.79037300e-02
 -3.73868942e-02  8.25425088e-02  4.15625535e-02  1.23083591e-02
 -2.42179679e-03  9.60745476e-03  8.55997298e-03 -1.43610081e-02
 -9.50097479e-03 -1.81244221e-02  2.62699258e-02 -7.29391724e-02
 -8.80723912e-03 -7.34148100e-02 -3.64239030e-02 -9.64478124e-03
  1.08777381e-01  7.40861297e-02 -5.06748483e-02  5.09435497e-02
 -3.20411026e-02 -2.18132487e-03  2.45174617e-02  5.66331204e-03
  6.77381307e-02 -8.84807631e-02 -1.48961516e-02 -5.74735738e-03
  5.54461293e-02 -2.56516621e-03 -2.53313337e-04  8.56991932e-02
 -3.24760415e-02  3.09107043e-02  2.20199842e-02  2.64665037e-02
 -1.34867160e-02  1.18317856e-02  6.23096004e-02  4.41086814e-02
  4.06668074e-02  6.68133274e-02  3.24245989e-02 -7.62052685e-02
  6.63366215e-03  7.57526681e-02 -1.31247371e-01  9.26004350e-02
 -3.55803750e-05  9.52477604e-02  6.68318849e-03  3.38985865e-33
 -1.60014760e-02 -3.47659402e-02 -2.46371944e-02  4.10754606e-02
  1.41287558e-02  1.34546519e-03  4.57587354e-02 -4.21891846e-02
 -1.02097327e-02  8.29491690e-02 -1.06639877e-01 -9.56875607e-02
  5.17988298e-03  7.81034008e-02 -1.57665685e-02 -5.44381402e-02
  1.45576179e-01 -2.37396415e-02 -3.22429463e-02  3.23393270e-02
 -6.75594360e-02  7.71353170e-02 -2.93599796e-02  2.32155118e-02
 -2.85748504e-02  4.97308113e-02 -4.93967421e-02 -2.72944327e-02
 -2.87256930e-02 -3.43495072e-03 -2.58456115e-02  3.06835249e-02
  6.74879318e-03 -4.10491554e-03 -2.82437224e-02  5.44895455e-02
 -7.98402540e-03 -2.20291433e-03 -2.25319620e-03 -4.49595228e-02
  5.54078519e-02 -2.99655385e-02  1.46504184e-02  1.17575780e-01
 -1.80847812e-02 -5.76959401e-02 -9.56832711e-03 -4.61512133e-02
  7.46812597e-02 -1.55690191e-02 -7.31923655e-02  1.74655952e-02
 -7.27203488e-03 -4.45536114e-02 -2.14737374e-02  6.95937276e-02
 -3.90394069e-02 -5.87985106e-02 -3.87177430e-02  6.16827272e-02
  1.31189926e-02  4.25779074e-02  4.88679931e-02  1.00666292e-01
 -4.43441942e-02  4.91203889e-02  3.31992246e-02 -7.77704734e-03
  3.51240188e-02 -2.89705396e-02  5.80141321e-02  5.00137433e-02
 -5.98230474e-02  4.38150615e-02 -9.09048468e-02  3.25091407e-02
 -5.01043200e-02 -4.63556200e-02  1.72304641e-02 -2.31384463e-03
 -5.14282379e-03 -8.54956657e-02 -3.32568139e-02  4.35512029e-02
 -1.06989369e-01 -6.09240569e-02  2.48160493e-02 -2.05506980e-02
 -2.00571660e-02 -8.68843496e-02 -6.88864514e-02  1.19287067e-03
 -6.77131116e-02  3.51048745e-02  5.34828426e-03 -1.42595713e-08
 -2.71116327e-02 -3.83158140e-02  1.52392900e-02 -2.50105280e-02
  1.77997036e-03 -2.94878148e-02  3.50298323e-02  1.87460668e-02
  4.26138379e-02  6.17840625e-02 -5.92685379e-02 -1.48096057e-02
 -5.73165901e-02  1.00494802e-01  1.92690622e-02 -1.31445378e-02
 -8.17106757e-03 -1.94140989e-02 -4.15715942e-04  5.09941056e-02
  5.11026345e-02  2.83888169e-02  5.36579750e-02 -2.90604252e-02
  1.04250619e-02 -5.07335253e-02  4.74255346e-02  7.13779777e-02
  1.04421144e-02 -9.32862423e-03  2.92412583e-02  8.11794996e-02
 -2.48064585e-02 -2.10860334e-02 -3.93337570e-02 -9.15308446e-02
  2.11219303e-02  3.11428215e-02  4.08736467e-02 -2.76377262e-03
 -6.77127838e-02  3.07528749e-02  2.70171873e-02  2.72041839e-03
 -3.48232500e-02 -2.15707086e-02 -2.83344258e-02 -5.74983424e-03
 -1.78366378e-02 -5.77623397e-02 -1.74757876e-02  1.51949218e-02
  7.82815889e-02 -2.62996498e-02  2.93855593e-02 -7.14598969e-02
  2.09183283e-02 -1.38087794e-02 -5.70219941e-02  3.69396508e-02
  4.98278923e-02 -9.08899903e-02  2.59110183e-02  3.86371766e-03]"
359,Controversial Sourcing,Social,develop,12,0.3908,"[ 4.13490683e-02  2.09439006e-02 -3.80786918e-02 -3.52061616e-04
 -5.96849918e-02 -6.74262345e-02  6.11133268e-03  4.78742383e-02
  2.69848090e-02  7.77757466e-02  2.81700455e-02 -3.06590181e-02
 -3.07767792e-03  2.53094379e-02  2.50235721e-02  3.25053446e-02
 -9.94301364e-02 -1.09161912e-02 -2.79658847e-02 -6.42739683e-02
 -9.61095914e-02  1.06124244e-04  3.06239463e-02 -2.04088297e-02
 -2.01967452e-02  6.29788265e-02  4.91002575e-02 -1.54716028e-02
  1.64899200e-01 -5.54936156e-02  1.42528368e-02  3.06233987e-02
  9.41121206e-02 -5.70503362e-02 -6.47523925e-02  3.83906588e-02
  3.11146919e-02  1.30853401e-02  2.89280321e-02 -1.25746140e-02
 -9.16408822e-02 -4.93623912e-02  2.70194607e-03  7.40952604e-03
 -3.74043100e-02 -5.81192486e-02  3.52509394e-02 -8.98454338e-03
 -5.09657562e-02 -3.01370341e-02 -6.30152673e-02 -8.73297974e-02
 -2.64083035e-02 -7.83177763e-02 -1.47893736e-02  6.27159793e-03
 -5.55801764e-02  1.77723691e-02  3.61387134e-02 -1.03159873e-02
  4.16028835e-02 -4.67378795e-02 -4.37431186e-02  1.78202637e-03
  3.55713256e-02 -1.12835946e-03 -5.56523621e-04  4.50790748e-02
 -1.57629699e-02 -1.35888020e-02  2.10879613e-02 -1.77888032e-02
 -2.55486388e-02  5.24228998e-02  3.52012031e-02 -2.66963318e-02
  4.38126847e-02 -8.07125587e-03  9.08003822e-02 -2.14909222e-02
  6.98065758e-02  7.12933317e-02 -8.70271400e-02  6.60287142e-02
 -6.12116642e-02  5.37999459e-02  7.05565363e-02  3.85261625e-02
  1.33137833e-02 -1.09369447e-02  3.32763307e-02  1.57518778e-02
 -7.32982308e-02  1.50762824e-02 -5.25203012e-02 -1.36471645e-03
 -1.00008463e-02 -9.15150344e-02 -2.87940484e-02  2.03403667e-01
 -2.78432257e-02  2.15514805e-02 -1.67780127e-02 -7.95495976e-03
  1.53655959e-02 -1.12830019e-02 -6.43799081e-03  5.22057638e-02
 -3.62506360e-02  3.23158987e-02 -3.46214212e-02 -2.68276539e-02
 -7.38257840e-02  3.24417837e-02  1.05079681e-01  4.45337780e-02
 -5.63912876e-02  9.53480543e-04  3.85941416e-02  4.03340086e-02
  1.02814175e-01  8.01903680e-02 -1.04200751e-01  7.96769653e-03
 -7.21343756e-02 -9.45387334e-02 -6.06400333e-02 -5.74099025e-33
  4.82046157e-02 -9.18825436e-03 -2.53942832e-02  1.56699002e-01
  2.67559774e-02 -3.67596410e-02  5.20705134e-02  3.17582749e-02
 -6.40297160e-02 -2.18400937e-02 -1.37165952e-02 -4.43800092e-02
 -2.50219908e-02  3.91553342e-02  1.47727415e-01 -3.55442800e-02
 -1.84991565e-02  1.30429659e-02 -1.60674229e-02  2.98247430e-02
 -7.69216195e-02 -3.62739973e-02  1.98757350e-02 -3.19208875e-02
  4.12657969e-02 -2.87934230e-03  3.51654552e-02 -4.10369374e-02
 -2.27282699e-02 -1.59570668e-02 -2.89383810e-03  2.09786836e-02
 -8.46049711e-02 -1.58085786e-02 -1.60015393e-02 -4.71790228e-03
 -4.28804196e-03 -6.22710325e-02  6.38869256e-02 -3.40387039e-03
 -5.20477258e-02 -1.53745702e-02 -1.69336442e-02 -4.09232266e-02
  6.50647730e-02  9.19894427e-02  7.38988295e-02 -3.72850746e-02
 -5.32125607e-02  3.42295803e-02 -1.91392489e-02  3.26971663e-03
 -3.31143625e-02 -3.47978473e-02  4.24460024e-02 -5.17294789e-03
 -7.31758699e-02 -4.35668863e-02  1.44772315e-02  8.94177984e-03
  3.14803459e-02  9.88718495e-02 -1.15044884e-01  5.28055280e-02
 -4.49124984e-02  2.71533954e-05  5.11133708e-02 -1.54430568e-02
  1.47543475e-01 -4.22666743e-02 -3.44976969e-02  1.66180753e-03
  7.18503445e-02  2.54989113e-03 -4.03852463e-02 -5.09897694e-02
 -4.91063520e-02  3.79784778e-02  6.66849539e-02  2.47629974e-02
 -3.45296599e-02  4.88988981e-02 -3.34927291e-02  3.01163029e-02
  7.03061968e-02 -7.90147111e-03  2.07207259e-02  3.95175628e-03
 -2.56141592e-02  9.68211517e-02 -1.28853872e-01 -2.03778986e-02
 -1.69821549e-02  8.70750397e-02 -2.50917999e-03  3.89126466e-33
 -5.14349639e-02 -2.70393249e-02 -1.41286656e-01  5.07774502e-02
  1.09143853e-02  3.15266475e-02 -1.47114834e-02 -2.65228245e-02
  6.78186771e-03  2.87617315e-02 -5.32767782e-03 -3.25341448e-02
 -4.24116962e-02  7.31874406e-02 -1.16613135e-02 -4.28021476e-02
  4.35777456e-02 -1.31548550e-02 -1.55240847e-02  2.06881966e-02
 -3.93582694e-02  4.69150767e-02 -5.08316197e-02  1.44132329e-02
  2.72965524e-02 -1.37486150e-02  1.21239992e-02 -1.08258380e-02
 -5.61588928e-02  1.40403798e-02  4.51084273e-03 -1.09797427e-02
 -8.22760984e-02  3.11624166e-02 -3.29001211e-02  6.11570504e-05
 -3.53028392e-03 -4.46717069e-02  4.76227179e-02 -2.71732546e-02
  3.45911086e-02  9.91681218e-03  3.02948244e-02  4.50868867e-02
 -2.08402853e-02 -1.77602330e-03  7.42034912e-02  3.10255610e-03
  2.23152265e-02 -2.75450889e-02  8.68195817e-02  3.19689363e-02
 -4.34278175e-02 -1.44293383e-01 -9.26958211e-03  4.77854302e-03
  1.23955429e-01 -6.05508834e-02  2.15398129e-02  5.83036058e-02
  1.93720739e-02  1.09034777e-03  5.89471050e-02 -1.83092970e-02
 -2.91552097e-02  5.04758693e-02 -4.75618243e-02  8.94692615e-02
  1.85666457e-02  2.38319766e-02 -1.30273523e-02 -8.81440192e-03
 -5.89793809e-02 -4.32483964e-02 -8.75990242e-02 -3.61332521e-02
 -8.18770602e-02 -4.24783826e-02 -4.66892198e-02  2.70880423e-02
 -3.73880006e-02 -1.43747609e-02  2.43501784e-03  3.06840464e-02
 -1.23538543e-02  1.08075114e-02  1.88134015e-02  1.80796173e-03
 -1.91707090e-02 -1.32161723e-02 -4.44073230e-02  3.90390009e-02
 -5.25746718e-02 -1.29202595e-02 -3.23016718e-02 -1.27757565e-08
 -5.35318814e-03 -1.24095036e-02  2.03832258e-02  9.42530762e-03
  2.06691138e-02  7.80625045e-02 -2.12501697e-02  2.77883522e-02
  1.09190559e-02  7.62201399e-02 -4.71769013e-02 -2.57513523e-02
  8.15388095e-03  1.58489943e-01  6.54140934e-02  5.13244560e-03
  1.08616576e-02  5.22419214e-02 -7.17108026e-02 -5.19140139e-02
  5.63374572e-02  5.89049794e-02 -3.67284659e-03  2.45997049e-02
 -3.71217020e-02 -8.49093124e-02  7.89871067e-03 -4.33545262e-02
 -5.07948175e-02  2.70792432e-02  7.22044259e-02  8.09473619e-02
  7.89215602e-03  1.35861011e-02  2.45313868e-02 -3.39537561e-02
  5.72428070e-02  2.24306397e-02  4.00211960e-02  8.44093040e-02
 -7.92440847e-02  5.84071726e-02  1.23871200e-01 -5.24211768e-03
 -6.22991696e-02 -2.48208269e-02 -7.69231468e-02 -2.61115599e-02
 -2.17521582e-02 -7.74881914e-02  2.05652248e-02  8.50140303e-03
  4.75924276e-02 -3.81578729e-02  1.43631920e-01  2.74416264e-02
 -1.39772305e-02 -2.74508670e-02 -5.52073568e-02  3.38390172e-02
  6.58916086e-02  6.19701780e-02  9.18353274e-02  5.38169183e-02]"
360,Community Relations,Social,community,1,0.68,"[-3.26424092e-02 -5.68686612e-02 -9.17509869e-02  5.91025241e-02
 -6.68028044e-03 -3.85844894e-02  1.10290378e-01  5.24865836e-03
  1.53759366e-03 -3.84987667e-02  6.69906735e-02 -6.02001660e-02
 -1.98568292e-02  4.61133346e-02  3.87798399e-02  1.28209963e-02
 -3.01668588e-02  9.45353694e-03 -5.04434481e-02 -2.29570959e-02
 -1.18661866e-01  3.60543989e-02  7.00768502e-03  5.71892932e-02
 -7.78890587e-03  6.53262660e-02 -2.68379170e-02  2.43234839e-02
  1.48450490e-02 -8.39401037e-02  9.28682741e-03  2.84017883e-02
  1.46764681e-01  1.62584167e-02  1.60099063e-02  1.44150266e-02
 -1.71944173e-03  3.13995183e-02  2.47103963e-02 -4.55752015e-02
 -1.30982809e-02 -4.29216884e-02 -2.32297964e-02 -1.25906034e-03
  2.90646357e-03  3.85366827e-02  1.83378402e-02  2.44642440e-02
  7.32727125e-02 -1.51738629e-03 -4.87903599e-03 -9.90077294e-03
 -4.45965827e-02  2.67095454e-02 -1.30282743e-02  3.16279568e-03
 -2.74212547e-02  5.16282767e-02 -2.49851332e-03 -9.37093422e-02
  4.96809520e-02 -2.86169406e-02 -2.49154586e-02  9.25146863e-02
  4.77713272e-02  1.51072862e-03  2.30470039e-02  7.13041052e-02
  4.71456759e-02 -1.18229233e-01  1.32134743e-02 -7.05547223e-04
  1.71808247e-02  2.78009679e-02  5.57497106e-02  6.12767832e-03
  3.98156680e-02 -8.35980698e-02  6.39782026e-02  1.69923492e-02
  4.78272066e-02 -1.54698808e-02 -4.04650532e-02  1.72102656e-02
 -5.84114455e-02 -4.50080112e-02 -3.32071632e-02 -1.62837468e-02
 -2.19624192e-02 -4.34412109e-03 -6.08588383e-02  1.00090824e-01
  1.06049553e-01 -2.71750130e-02 -1.25022203e-01  1.53344842e-02
  4.63504307e-02 -9.04486254e-02 -2.28223875e-02  3.09655070e-01
 -1.69012323e-02 -1.51726333e-02 -7.89348315e-03 -4.42775115e-02
  4.97398060e-03 -1.08751869e-02 -1.96473505e-02  7.00743645e-02
 -3.50982160e-03  3.75012979e-02 -5.47438376e-02 -5.93796466e-03
 -4.10271026e-02  9.23442002e-03  5.44442087e-02 -2.88792960e-02
  6.43294305e-02  4.44470011e-02  1.92361847e-02  6.74298182e-02
 -2.04449631e-02  1.95177887e-02  1.97196603e-02 -7.52818072e-03
  5.04552983e-02 -1.64076071e-02 -6.30030781e-02 -5.55008776e-33
  3.93541232e-02 -4.94861752e-02 -2.61683352e-02  1.85859371e-02
  4.12679389e-02 -7.35886442e-03 -7.66277732e-03 -9.87405796e-03
 -6.28727600e-02 -3.04214396e-02  1.43069029e-02  6.28755465e-02
 -2.68744235e-03  1.33879585e-02  1.03431925e-01  5.30898245e-03
 -3.70055586e-02 -3.12871002e-02  8.21236346e-04  1.10585978e-02
 -7.18494784e-03  7.38540385e-03 -1.36718352e-03  9.08418372e-02
 -7.01998547e-02 -7.58225545e-02 -5.41402260e-03 -5.76399714e-02
  6.69159889e-02  1.75079089e-02 -2.87164142e-03  6.61742091e-02
  1.17161935e-02 -4.11805138e-02  4.50077467e-02 -5.06368978e-03
  8.52383748e-02 -1.05176307e-01 -1.85679067e-02 -3.41923609e-02
 -2.06890814e-02  2.46710051e-02 -2.65882984e-02 -1.86586101e-02
  3.49331908e-02  3.34406756e-02  6.18062392e-02  3.30133960e-02
 -5.91601767e-02  6.03937544e-02 -5.26542217e-03 -5.92522360e-02
 -3.90895605e-02  7.10086748e-02 -8.62535741e-03 -4.08662744e-02
  1.00837564e-02  2.39141304e-02  1.68879572e-02 -7.25532994e-02
  6.10539354e-02  1.14688285e-01 -1.29225459e-02 -2.21491400e-02
  7.60883652e-03 -3.62347881e-03  5.79156093e-02  1.25397509e-02
  6.97276071e-02 -4.40189391e-02 -7.27593026e-04 -9.02937353e-03
  1.07317781e-02  1.05400115e-01 -1.50718978e-02  3.70102227e-02
 -8.14017355e-02  1.33674461e-02 -3.26706246e-02  3.21031734e-02
 -2.18939800e-02  1.51827151e-03 -7.99854547e-02 -1.12362474e-03
  6.31754994e-02  1.80660300e-02 -3.42344679e-02 -2.37123668e-02
  9.18332115e-03 -5.41526079e-02 -6.27108142e-02 -1.78846773e-02
  1.13007434e-01  7.37929791e-02  5.25843212e-03  4.13823088e-33
 -7.64895007e-02 -4.34470847e-02 -1.17506338e-02  9.42998454e-02
  4.98361848e-02 -6.05985560e-02 -3.64579111e-02 -8.53502229e-02
  7.55307823e-03  9.40200835e-02 -3.97836789e-02 -8.01276416e-02
  7.78820813e-02  4.63842601e-02  6.06242847e-03 -4.75802040e-03
  8.64438713e-02  8.74807034e-03 -3.86491567e-02  2.04348452e-02
 -1.50736691e-02 -5.46506047e-02 -9.36344564e-02  4.75349165e-02
  1.77137125e-02  1.16211195e-02 -1.96395814e-02 -1.01272419e-01
 -1.81444194e-02  1.31525602e-02 -3.79234441e-02  3.69280623e-03
 -1.03588193e-03 -7.49372020e-02  3.77527885e-02  7.82659948e-02
 -2.93081137e-03 -2.07802989e-02 -7.80743808e-02 -3.02151982e-02
  7.67357871e-02 -7.79265584e-03 -6.10453971e-02  6.81748316e-02
 -4.64122333e-02  2.96820756e-02  4.72884849e-02 -1.21239591e-02
 -1.02978880e-02  6.42194822e-02 -8.42678919e-02 -4.56746258e-02
  9.83053222e-02 -5.65002114e-02  5.89667959e-03  9.67761967e-03
  1.85580738e-02  3.30805294e-02 -3.34305428e-02  5.32601587e-02
  2.21887566e-02 -6.34400770e-02 -8.42696428e-02  1.09793670e-01
  5.64029701e-02 -3.05269528e-02 -7.92839099e-03 -2.05430016e-03
 -6.16824329e-02  2.03229785e-02  1.20224431e-02 -3.15545499e-03
 -3.20818797e-02  4.69032628e-03 -1.01878747e-01 -8.38135835e-03
 -4.34084758e-02  4.76243198e-02  8.57198797e-03 -3.17289568e-02
 -1.74446590e-02 -5.16688861e-02  1.36945443e-02 -5.25954273e-03
  1.66859701e-02 -5.80006130e-02  1.97558925e-02  5.27078621e-02
 -1.94217209e-02  2.34674867e-02  1.12010874e-02  2.59670950e-02
  1.05671575e-02 -7.83087686e-02 -2.02536080e-02 -1.32734588e-08
  2.57177837e-02  1.07631637e-02 -1.98522173e-02  4.08506282e-02
  8.32859054e-02  6.43424392e-02 -7.05011487e-02  3.21624801e-02
  4.92429994e-02  1.43590286e-01  4.11097556e-02  4.32268046e-02
 -4.29942310e-02  4.40829620e-02  3.55263166e-02  4.23681550e-03
 -2.38853712e-02  4.85636201e-03 -3.47905792e-02 -6.39952123e-02
  6.80838451e-02 -5.45209646e-02 -1.10719111e-02 -6.62392657e-03
  1.29051204e-03 -6.70655891e-02 -6.35323226e-02  4.21797708e-02
 -2.87740156e-02 -9.12778378e-02 -2.58680098e-02  1.48411905e-02
 -8.62016901e-02 -2.87547102e-03 -3.40817012e-02 -2.52925903e-02
  2.38970406e-02 -1.18220253e-02  2.76355911e-03 -4.75824885e-02
 -3.08458954e-02  2.49071382e-02  6.09909929e-02 -6.01555593e-02
 -3.88603471e-02  6.60417974e-02  2.53598634e-02 -1.78241879e-02
 -7.13162869e-02 -1.15688950e-01 -4.14105207e-02 -5.66897951e-02
  1.90149583e-02  5.92899583e-02  5.07316701e-02 -3.07815652e-02
  1.54349534e-02  1.06603533e-01 -2.66019125e-02  3.61906886e-02
  1.01338618e-01  6.49647936e-02 -2.72865612e-02 -5.97221404e-02]"
361,Community Relations,Social,relationships,1,0.5611,"[-4.49621603e-02  5.69494292e-02 -2.97599100e-02  3.64803970e-02
 -1.16188765e-01  4.92470115e-02  5.20521626e-02 -4.05759141e-02
  7.49514401e-02 -5.24619259e-02  4.10514176e-02 -3.42590138e-02
  3.04985531e-02  4.76911440e-02 -6.64803141e-04 -3.86814296e-04
 -2.56203692e-02 -2.20238864e-02 -1.36822179e-01 -2.22106781e-02
 -9.67380255e-02 -4.83665317e-02 -1.07347779e-02 -1.56901963e-02
 -5.70854545e-02  7.80678354e-03  2.56572310e-02 -3.87887470e-02
 -5.42388037e-02 -1.02822110e-02  1.92576144e-02  2.18560286e-02
  7.75314942e-02 -3.68674025e-02 -4.89149913e-02  2.42044423e-02
  6.86070230e-03  6.90943152e-02  1.22719510e-02 -5.00885844e-02
 -6.85012639e-02  4.34146151e-02  7.06365705e-02  3.46557833e-02
 -1.00396471e-02  1.87393669e-02  6.28298894e-02 -9.26706567e-03
 -5.94524592e-02  2.94371340e-02 -1.03919245e-01  1.54912686e-02
 -6.38894141e-02  8.52436349e-02  1.02237672e-01  9.21557695e-02
 -1.78158451e-02 -2.53922138e-02 -7.06001893e-02  5.19212410e-02
  3.39816175e-02  4.80929054e-02 -3.23639326e-02 -7.90582318e-03
  1.37818363e-02  4.17760164e-02 -1.11735962e-01  7.89533705e-02
 -5.03401756e-02  4.88063209e-02 -5.21972999e-02  2.03456124e-03
 -7.76825994e-02  3.08027603e-02  2.62193959e-02 -5.84908630e-05
  1.16937207e-02 -5.76094761e-02  4.70914915e-02 -6.80290833e-02
 -1.31540773e-02 -3.81285772e-02 -2.84573324e-02  1.86273723e-03
 -3.30313258e-02 -3.76653150e-02  3.12855877e-02 -8.64396542e-02
 -6.11403175e-02  3.77981961e-02 -1.48086445e-02 -3.52248736e-02
  6.67036697e-02  3.13075855e-02 -8.00874978e-02  4.25352864e-02
  4.84258905e-02 -3.55067104e-02 -4.81262431e-02  2.32165426e-01
 -1.46481376e-02  1.00548379e-01 -6.16705529e-02  6.95485547e-02
 -4.22678627e-02  4.04152945e-02 -6.64047748e-02 -1.34892808e-02
  8.96050874e-03  8.03215895e-03 -9.80747864e-03 -1.07452096e-02
 -1.15158245e-01  1.14843035e-02  2.69939378e-02 -8.08128119e-02
  7.02943653e-02 -3.06401314e-04  7.21411332e-02 -5.31835528e-03
 -2.76439227e-02  1.58808976e-02  1.89796705e-02  1.37871914e-02
 -5.32462634e-02 -1.35124549e-01 -2.72464752e-02 -3.96751200e-33
  2.96756309e-02 -4.85250317e-02  3.40521634e-02  3.03596891e-02
 -4.48727012e-02  2.67910305e-02 -2.58602649e-02  5.90037443e-02
 -3.02473996e-02  6.35655746e-02 -3.59302759e-02  1.43930778e-01
 -3.58883627e-02  3.86956632e-02  1.08258203e-01  3.08364592e-02
 -1.10482527e-02  7.82343671e-02 -3.91253680e-02  2.09790077e-02
 -7.58596882e-02  5.11647239e-02 -1.05719440e-01  3.81024852e-02
 -1.28074205e-02 -2.81714574e-02  8.78513698e-03  3.83965373e-02
 -1.44088995e-02 -1.97870983e-03 -2.95290593e-02  8.66722241e-02
  4.34014611e-02 -1.01067707e-01  2.22319085e-02 -9.45209526e-03
  5.30399196e-03 -4.71241437e-02 -1.05174510e-02 -1.93651300e-02
  1.49790030e-02 -2.59485655e-02 -8.80116224e-02  1.24391327e-02
 -5.57993092e-02  7.26299658e-02  5.36456816e-02 -1.70115083e-02
 -8.66806731e-02  2.09144596e-02 -1.00158773e-01  4.71762978e-02
 -8.37835949e-03  3.26181836e-02 -6.19332157e-02  1.93881500e-03
  6.01928420e-02 -2.08868720e-02 -4.83111180e-02 -1.18321469e-02
  8.09251368e-02 -4.19473788e-03 -5.15462225e-03 -5.51491566e-02
  2.01548692e-02  1.12054748e-02  1.78979966e-03 -5.55080958e-02
  3.68686616e-02 -1.07535506e-02 -1.15849599e-01  4.53906730e-02
 -5.14381751e-02 -1.64993834e-02 -3.11871208e-02  3.66420373e-02
 -1.52699910e-02 -2.16719811e-03 -2.95621948e-03 -3.73476259e-02
 -3.84369269e-02 -3.22603155e-03  3.69664803e-02 -4.35672654e-03
 -7.88490176e-02  8.51474423e-03 -2.42487416e-02 -4.79489677e-02
  5.48401512e-02  8.34386349e-02 -3.75977419e-02 -9.37942415e-03
  4.36273357e-03  4.39387821e-02  6.13923743e-02  2.86777000e-33
  2.22974662e-02  3.90177034e-02 -7.02349767e-02 -1.78648960e-02
  1.21811114e-01 -2.31543072e-02  6.10973723e-02 -5.76918386e-02
  1.20324511e-02  9.89469811e-02 -4.19394374e-02 -9.81440097e-02
  1.23011984e-01  8.33251253e-02  6.45347834e-02 -8.85419641e-03
  7.46005625e-02 -4.80274931e-02  5.27097173e-02  3.85291278e-02
  2.51291431e-02  6.05563261e-03 -2.91154031e-02 -2.13907063e-02
 -4.95552346e-02  3.82960550e-02  5.22713698e-02 -8.50492865e-02
 -5.06325997e-02  1.46339340e-02 -1.15702080e-03  4.23881551e-03
 -1.89525932e-02  1.45627679e-02  2.83032469e-02  4.26575765e-02
 -4.62819077e-02 -3.84802222e-02  3.89422216e-02 -4.85020317e-02
  4.56408039e-02 -9.11418907e-03  3.05271335e-02  5.92507385e-02
  2.60142032e-02  2.15685442e-02  5.56045920e-02  7.42290355e-03
  8.55977014e-02  1.34343989e-02 -6.12336434e-02 -8.69827438e-03
  9.99092008e-04 -5.05111068e-02  8.50759372e-02 -2.50343326e-02
  6.13304079e-02  2.76984777e-02  3.83477099e-02  4.76575866e-02
 -4.02106531e-03  3.78284156e-02 -3.03833596e-02  9.29870084e-02
 -3.07607073e-02 -2.43674070e-02 -3.86266075e-02  2.45516114e-02
  1.72531269e-02 -4.34023216e-02 -6.96407678e-03 -6.97546406e-03
 -6.80670748e-03  5.34033701e-02 -9.90320556e-03 -7.11085051e-02
 -1.36013880e-01 -9.96633545e-02  4.24562627e-03 -5.17357625e-02
 -5.01323044e-02  3.56295742e-02  4.52518202e-02  2.52894387e-02
 -5.58568612e-02 -9.21915099e-03  5.83824515e-02  1.93988215e-02
  4.62973416e-02 -4.09013182e-02  2.57913154e-02 -2.05777399e-02
 -6.07160777e-02 -3.69619541e-02 -7.36121610e-02 -1.29285027e-08
 -4.67091762e-02 -1.83866657e-02 -2.10580882e-02 -2.12539136e-02
  1.52668124e-02  6.53970093e-02  1.07807338e-01  5.61058484e-02
 -4.55778539e-02  1.04150899e-01 -2.89706737e-02  4.43309024e-02
  5.75020071e-03  8.49017873e-02  3.33344899e-02 -2.19021202e-03
  3.50123234e-02 -6.30285889e-02 -1.27276499e-02  2.25877427e-02
  5.59075885e-02 -2.64949985e-02 -3.49533372e-02  7.26867020e-02
 -1.37565117e-02  7.50306854e-03  2.84654237e-02  4.40930799e-02
  5.82686579e-03  4.20799386e-03  2.52919830e-02 -2.99117994e-02
  2.94160880e-02 -4.02426422e-02  4.48350050e-02 -1.52939893e-02
 -3.61217186e-02 -2.01215856e-02  1.65825486e-02 -2.19329074e-02
 -4.10698950e-02 -4.97454137e-04 -9.61136911e-03  6.37998506e-02
  5.24697686e-03  3.26074101e-02  1.01539850e-01 -5.05549423e-02
 -9.02844220e-02  2.14811880e-02 -5.87356612e-02  1.87042579e-02
 -9.95644275e-03 -3.56077217e-02 -3.77914421e-02 -7.89320003e-03
  3.09251472e-02  6.26095384e-02  3.03785428e-02 -9.63315368e-03
  9.67688859e-02 -2.40950938e-03  4.53405753e-02 -6.49844063e-03]"
362,Community Relations,Social,social,5,0.5562,"[-1.36593208e-02  4.67434153e-03 -6.22736812e-02  5.02421930e-02
  6.20950432e-03  6.49007130e-03  6.08880036e-02  1.26231844e-02
 -8.03128257e-03  2.73780487e-02  8.50020349e-02  3.97223644e-02
  1.13661345e-02 -4.51015271e-02  1.10418200e-02 -3.48036587e-02
 -3.93482018e-03 -5.08612655e-02 -2.44100615e-02 -1.18430583e-02
 -1.41421720e-01 -3.33472043e-02 -4.31548692e-02  5.82798086e-02
  2.48801950e-02  2.69100703e-02 -3.05758063e-02 -2.81264409e-02
  4.38313819e-02  5.30679524e-03  2.03758590e-02  5.53674102e-02
  9.16059092e-02 -2.41566962e-03 -6.32741749e-02  7.01616611e-03
  1.67303458e-02  2.68657450e-02  7.38298334e-03 -1.63756292e-02
 -4.99899201e-02 -9.68510211e-02  1.01718735e-02 -5.74883670e-02
 -3.60638718e-03  1.69509631e-02  2.40573250e-02 -2.43817717e-02
 -7.76662603e-02 -1.02337217e-03 -1.06460750e-01 -1.55569110e-02
 -4.07250375e-02  1.09776832e-01 -2.11597048e-03  1.35825528e-03
  2.00683102e-02  1.57111064e-02 -2.52329204e-02  1.15544125e-02
  6.83308616e-02 -1.23371080e-01 -2.84396857e-02  5.21738715e-02
  9.43049937e-02  5.24724014e-02 -8.05286225e-03  1.16513841e-01
 -1.30868237e-02 -3.26841287e-02  3.80586274e-02 -1.24564404e-02
  2.66463235e-02  6.29574358e-02  4.42138091e-02 -8.22660327e-02
 -2.98258159e-02 -9.65155736e-02  2.94988789e-02  5.93022304e-03
  1.63768756e-03 -1.37857804e-02 -5.52724637e-02  6.25628531e-02
 -2.10264120e-02 -5.06126024e-02 -1.72765949e-03 -6.11079857e-02
 -2.74674594e-02  8.82592797e-02 -8.32870752e-02  6.13394119e-02
  1.47439605e-02 -6.68520853e-02 -8.06554928e-02  1.14145167e-02
  1.83673259e-02 -5.74923456e-02 -6.70618378e-03  2.38324314e-01
 -6.63210154e-02  8.93420875e-02 -2.10433546e-03  3.14221680e-02
  6.41675815e-02  4.43984792e-02 -1.96393002e-02  5.22199571e-02
  6.08983859e-02  4.19954993e-02 -1.35705844e-01 -1.24608958e-02
 -5.85017353e-02 -3.65399756e-02  1.56702921e-02  1.79081708e-02
  2.91304905e-02  2.33915895e-02  1.11238196e-01 -6.52679726e-02
  8.67203157e-03  3.98656987e-02 -1.85678862e-02 -1.73538439e-02
 -1.10179617e-03 -2.09549256e-02 -3.61545756e-02 -4.48003342e-33
  2.93895919e-02 -9.34000127e-03  2.94448878e-03  3.57339010e-02
 -1.22796772e-02  2.64377724e-02 -5.80884665e-02 -4.51148339e-02
 -8.37000310e-02  6.29964024e-02 -2.83330511e-02 -1.73922312e-02
  1.43820643e-02  5.05105406e-02  1.20439745e-01 -2.22322159e-02
 -6.71664178e-02  1.20240580e-02  1.90919600e-02  3.52808647e-02
  4.56250161e-02  6.44397959e-02 -5.43670878e-02  3.81520088e-03
  6.06980221e-03 -4.34449650e-02  7.95376003e-02 -7.74805024e-02
  2.38971692e-02  2.47133635e-02  2.07617022e-02  8.67046863e-02
 -4.57994752e-02 -5.92007786e-02  1.09921187e-01 -6.20028079e-02
  4.64268997e-02 -9.25688595e-02  4.34324704e-02 -3.83255854e-02
  4.68191952e-02  4.09644097e-02  7.98614044e-03  2.90046353e-02
 -5.66914584e-03  1.05790570e-01  4.12263162e-02  2.03794446e-02
 -3.08043621e-02  2.90457010e-02 -9.32970177e-03  1.41996555e-02
 -5.73098995e-02  3.12975012e-02 -2.33632717e-02 -3.78391407e-02
  2.65569370e-02  1.56708248e-02 -2.40401868e-02 -6.52362183e-02
  1.03735350e-01  1.35760047e-02  2.01886259e-02 -4.33368273e-02
  2.57679857e-02  1.06744356e-02 -3.08128372e-02 -5.10364845e-02
  1.21113427e-01 -8.62673000e-02 -3.65913357e-03  7.03677088e-02
 -5.74746318e-02  3.44542488e-02  2.21854020e-02  5.11962883e-02
 -6.58080855e-04  1.43883685e-02 -1.85810383e-02 -2.49444861e-02
 -7.69518465e-02 -3.14381421e-02 -4.51774560e-02  2.64429599e-02
  1.28930453e-02  4.87774285e-03 -9.75309033e-03 -4.03745286e-02
  4.06471975e-02  2.82082912e-02 -8.02931190e-02 -2.09940393e-02
  4.30769995e-02  1.21073641e-01 -8.37518573e-02  4.29762865e-33
 -1.09234363e-01 -6.28332719e-02 -8.58182926e-03  4.80337515e-02
  3.01901065e-02 -1.06413616e-02 -5.12708053e-02 -2.50476450e-02
  4.48841676e-02  1.41227663e-01  4.02182713e-03 -8.07664171e-02
  6.69122711e-02  6.53736433e-03  5.69086485e-02 -4.48222794e-02
  6.91619962e-02 -3.76185700e-02 -2.97442060e-02 -3.18606524e-03
  3.44752632e-02 -1.10006630e-02  6.60815611e-02  6.08213134e-02
  4.82323729e-02  3.47052664e-02 -4.11683433e-02 -3.22580226e-02
 -5.19577488e-02  2.24597193e-02  4.10994589e-02 -1.02563184e-02
 -2.43162960e-02  3.28343399e-02 -1.94458086e-02  8.40719342e-02
 -3.89327109e-02  2.24219244e-02 -4.65305336e-02 -7.06829503e-02
  6.59328327e-02  2.33122054e-03 -8.63468125e-02  1.10682748e-01
 -7.67171523e-03  5.22584505e-02 -5.11419848e-02  2.71022934e-02
 -4.64098118e-02  2.05938164e-02 -2.95345276e-03  3.24665867e-02
  1.60236098e-02 -5.21746613e-02  3.34777241e-03 -8.45090970e-02
 -8.41012038e-03  7.07118399e-03 -1.09938271e-01  2.82127168e-02
  9.57411677e-02  4.89727110e-02 -5.74995540e-02  8.37770626e-02
 -2.47452110e-02 -6.89527914e-02 -3.61650512e-02  3.22999135e-02
  4.61607566e-03  2.80464767e-04  4.49177660e-02  4.47788499e-02
 -6.81638569e-02 -4.74538509e-04 -2.42383759e-02 -4.37177233e-02
 -3.73331681e-02  4.51477803e-02 -1.24549018e-02 -2.86702290e-02
 -2.42911987e-02  1.35899475e-02  4.86882729e-03 -7.23244846e-02
 -4.08499278e-02  2.06287354e-02  4.53387462e-02  4.80498597e-02
 -3.78384590e-02 -7.68943429e-02 -7.39643537e-03 -8.93944502e-03
 -6.41948953e-02 -2.74995193e-02 -1.72854774e-02 -1.25578801e-08
  2.73652971e-02 -4.02955078e-02 -9.27264453e-04  4.95511182e-02
  2.86913197e-02  6.02094531e-02 -2.97588091e-02  5.06084375e-02
 -2.15880666e-02  7.38938004e-02 -7.64162391e-02  3.17993835e-02
  4.45570014e-02  6.04214147e-02  2.12079100e-02 -4.57780883e-02
 -7.57633941e-03 -6.89646080e-02 -3.77389975e-02  2.02639960e-02
  5.83806224e-02 -6.71924651e-02 -4.19365317e-02  5.38501740e-02
 -3.25551592e-02 -1.50227845e-02 -2.39222962e-03 -3.13454755e-02
  4.26619947e-02 -1.38902105e-02  2.58003287e-02  1.67712923e-02
 -7.73710534e-02 -3.70292440e-02 -4.81293583e-03  3.00565083e-02
 -7.40310084e-03 -1.23815313e-02  7.88188875e-02 -2.14047264e-02
  7.69592589e-03  4.75666532e-03  6.72791451e-02 -2.51066573e-02
 -7.72616547e-03  3.60303819e-02  5.17258793e-03  2.48708879e-04
 -2.26719324e-02 -2.80305538e-02 -2.59996392e-02 -1.84160750e-02
 -3.52145322e-02  7.66166449e-02  4.79413308e-02 -1.04486244e-02
  1.90202482e-02  1.35065064e-01  6.35180576e-03  1.98798534e-03
  1.58821389e-01  6.90039843e-02 -4.86385301e-02 -2.73968210e-03]"
363,Community Relations,Social,partners,1,0.464,"[-1.94659345e-02  8.67137685e-03 -2.17201225e-02  6.27747849e-02
 -1.12730324e-01  3.31973471e-02  3.97372916e-02 -6.85326150e-03
  6.12509660e-02 -2.56640054e-02  1.32891377e-02  2.01210612e-03
 -3.46646383e-02  4.55471836e-02  1.90025344e-02 -1.73598118e-02
 -2.94813085e-02  1.88876186e-02 -6.06734306e-02 -4.43028919e-02
 -1.38891965e-01 -1.17939338e-01 -3.10692973e-02 -2.48225294e-02
  2.61875559e-02 -1.12928534e-02 -2.48456001e-03 -1.93422418e-02
 -5.59519697e-03 -5.87870032e-02  3.41984699e-03  2.27806643e-02
  5.71369976e-02  1.85997710e-02 -5.23705110e-02  1.76840816e-02
 -1.54548893e-02  1.40220323e-03  3.63127291e-02 -5.55044189e-02
  2.66315532e-04 -2.54660379e-02 -7.43189966e-03 -2.84646433e-02
  2.88297446e-03  2.16514822e-02  1.36737190e-02  1.99998147e-03
  2.08087079e-02  4.56607714e-02 -6.33460656e-02 -1.14130545e-02
 -4.86643836e-02  4.03345749e-02  5.14519634e-03  3.32946493e-03
 -3.79643813e-02 -7.12718219e-02 -2.60195788e-02 -4.70659696e-03
  7.37153292e-02  5.67273702e-03 -5.06464802e-02  3.15033905e-02
 -7.23808929e-02  5.63401449e-03 -5.00734784e-02  1.32216990e-01
 -9.51949134e-02  2.43886304e-03 -2.73965579e-02 -2.87330262e-02
 -2.77294163e-02 -2.99736317e-02  2.76960135e-02 -1.91808622e-02
  1.52981952e-02 -3.95353213e-02  1.10558957e-01 -9.72791016e-02
 -2.19555218e-02  5.89235835e-02 -4.59153354e-02  2.36299671e-02
 -4.25112769e-02 -2.47739330e-02  1.83740780e-02 -4.28874698e-03
  2.32270379e-02 -2.28919983e-02 -8.64078477e-02  3.46863344e-02
  3.26696299e-02 -1.71954967e-02 -6.19985089e-02  7.61224926e-02
 -5.14868200e-02 -1.48784136e-02 -1.00460716e-01  2.56662816e-01
 -3.07173003e-02  6.18502274e-02 -2.32779328e-02  3.46068642e-03
 -6.66271597e-02  3.86666656e-02 -2.11861338e-02  5.19675836e-02
  7.94686750e-02  4.24659513e-02 -5.27314432e-02 -5.14341006e-03
 -8.81611630e-02 -8.60342570e-03  2.90470719e-02 -1.89526454e-02
 -5.75901533e-04  4.91566025e-02  1.44001007e-01 -6.83967993e-02
 -6.51656603e-03  4.52631377e-02 -2.00934131e-02 -6.83619827e-02
  5.11485292e-03 -9.41303447e-02 -3.64905000e-02 -5.65348241e-33
 -6.06192043e-03  3.39672454e-02  3.47867198e-02  7.04053789e-02
  6.14266004e-03  4.31406274e-02  2.92762350e-02  2.24930141e-03
 -6.87705204e-02 -1.18749142e-02 -3.32231820e-02  3.77128795e-02
 -5.14461659e-03  5.78868203e-02  7.28815198e-02 -3.98590416e-02
  1.33375721e-02  6.69297576e-02 -6.68307170e-02 -2.25401055e-02
 -6.71737418e-02  9.73931998e-02 -1.95109397e-02  8.19833353e-02
 -1.28628546e-02 -9.22191888e-02  7.63290271e-04  2.60765534e-02
  4.66375984e-02 -2.62910646e-04  5.85593805e-02  4.11571413e-02
  1.00795394e-02 -2.21974719e-02 -2.01576427e-02  4.91188914e-02
 -3.06198355e-02 -1.10537529e-01 -5.42226108e-03  2.66808588e-02
  3.50809447e-03  1.31571796e-02 -7.91118667e-02 -1.54265650e-02
 -9.40119699e-02  7.47426972e-03  1.47491097e-02  2.55598556e-02
 -1.42036157e-03  4.13061902e-02 -5.21996617e-02  6.65102080e-02
 -8.42365324e-02  6.20799549e-02  1.24326553e-02  5.96818328e-02
  3.89172621e-02 -5.68116195e-02 -4.92375530e-02 -2.98735239e-02
  4.00898121e-02  4.32374924e-02 -5.01596089e-03 -1.95632409e-02
 -1.86533537e-02  3.28931920e-02  2.87077259e-02 -3.66668683e-03
  1.20669808e-02  2.24356726e-03 -1.17436498e-01  9.62804072e-03
  5.64042740e-02 -4.17543538e-02 -4.14201207e-02 -2.59952154e-02
 -4.15893458e-02  3.62652577e-02  6.55828714e-02  4.36822288e-02
 -1.92385670e-02 -3.37984599e-02  8.11993852e-02  2.31811143e-02
 -9.42969397e-02  8.36600177e-03 -1.48007600e-02 -5.38895279e-02
  5.01946807e-02  1.30596057e-01 -1.31376922e-01  1.00319013e-02
  2.80621443e-02  6.58785701e-02  4.58404310e-02  4.15784217e-33
 -4.07988438e-03  1.91622414e-02  1.41159995e-02  6.12358712e-02
  9.68887210e-02  3.68524380e-02  5.69224469e-02 -8.41283798e-02
  8.79753567e-03  1.12897255e-01 -3.04355212e-02 -9.60042700e-02
  8.19621906e-02  1.64375473e-02  5.30824363e-02 -6.17583888e-03
  7.27701709e-02 -1.03233792e-02  5.54367825e-02  4.32609767e-02
  2.16255919e-03 -3.38555011e-03  5.01775332e-02  2.73607168e-02
  6.31346740e-03  4.16931175e-02  9.59052369e-02 -4.66398783e-02
 -5.01962798e-03  3.22110243e-02  4.13756771e-03  1.95791367e-02
 -1.17507376e-01 -3.09738610e-02 -2.59774295e-03  1.52612999e-01
 -5.78205995e-02  3.05279605e-02 -3.05361357e-02 -6.96938112e-02
  9.37117487e-02 -1.11723552e-02  4.53037350e-03  1.41940370e-01
 -7.58109288e-03  6.58094836e-03  3.16881686e-02 -2.01567467e-02
  1.31218871e-02  3.76557559e-02 -1.48777189e-02  3.68509232e-03
 -4.04324755e-02 -7.58731812e-02  3.87577415e-02 -2.56263446e-02
  5.24960347e-02  2.19944920e-02  4.43124175e-02  2.98399758e-02
  1.96091942e-02  3.97180244e-02 -2.95684300e-02  6.14494756e-02
  1.01719704e-02  2.83540860e-02  1.52830675e-03  2.57431064e-02
  4.17991355e-02 -2.43792180e-02  5.57967983e-02 -4.55599427e-02
 -4.55903783e-02 -2.85866950e-03 -4.48046736e-02 -3.68111059e-02
 -1.46176144e-01 -1.23976439e-01  1.26536870e-02  3.81529406e-02
  6.10402040e-03 -3.55641078e-03  8.68710130e-02  9.62923616e-02
 -7.32137784e-02 -1.60423517e-02  2.38775536e-02  2.76765488e-02
 -3.29272561e-02  2.98112538e-02 -1.67396273e-02  3.64152505e-03
 -2.79699522e-03 -5.73135428e-02 -3.37437280e-02 -1.28488740e-08
 -6.31883368e-02 -5.23506291e-03 -6.10980280e-02 -5.02106957e-02
  1.49279749e-02 -3.29527631e-02  4.27701548e-02  1.53716216e-02
  4.27170619e-02  1.21661767e-01 -3.21160480e-02 -2.77679060e-02
  9.29341558e-03  3.27257179e-02  9.39193517e-02 -5.14933541e-02
  6.09963760e-03  2.53854431e-02 -6.39493987e-02 -1.38459550e-02
 -1.34137673e-02  2.51777079e-02 -3.81517969e-02  1.26288366e-02
 -5.50243668e-02  6.71525896e-02  4.03583236e-02  7.82310292e-02
  4.45881523e-02  1.48460306e-02  1.10680591e-02  4.69972799e-03
 -2.75094379e-02 -4.07421216e-02  3.77781726e-02 -3.42799053e-02
 -5.59794232e-02  2.43537910e-02  3.93804424e-02 -2.08925530e-02
 -8.54020491e-02  6.38427883e-02  3.92388403e-02  6.21389190e-04
 -2.69384291e-02  5.03471009e-02 -1.19788218e-02 -4.53795446e-03
 -3.91590036e-02 -5.15828766e-02 -2.00604945e-02 -1.24762114e-02
  2.26984154e-02 -5.82230045e-03 -6.51360825e-02 -4.47519608e-02
  1.90234426e-02 -1.43894737e-04  5.04225194e-02 -1.20983291e-02
  4.17578854e-02 -4.72263657e-02  5.33287041e-02  7.86312204e-03]"
364,Community Relations,Social,forums,1,0.4543,"[-4.41420861e-02 -1.41557574e-01 -8.16592276e-02  7.96420220e-03
  3.44443694e-02  1.66417025e-02  9.27849561e-02  3.79629917e-02
  2.18760502e-02  6.86429860e-03  1.67045984e-02  4.55612130e-03
  1.13291657e-02  3.57121192e-02  7.96361174e-03  4.99991365e-02
  4.05667499e-02 -6.63869977e-02 -4.97086309e-02 -2.53518019e-02
 -8.54017287e-02  1.91873200e-02  1.42249614e-02  3.18150595e-02
 -2.03333758e-02 -4.03821059e-02 -3.15811001e-02  2.64360663e-02
 -4.57484042e-03 -9.69486162e-02 -4.47425097e-02 -9.81912203e-03
  7.51632750e-02 -1.56131899e-02  3.42560536e-03 -1.92475934e-02
 -1.42523693e-02 -8.65185447e-03 -1.32422708e-02 -4.53902921e-03
 -6.21411949e-02 -1.33184399e-02 -1.01328027e-02 -1.89335039e-03
 -1.34774540e-02 -2.53194775e-02  9.60102770e-03 -2.78160209e-03
  8.40996653e-02  3.77292298e-02  1.18111419e-02 -9.53512490e-02
 -2.56363256e-03  4.04188074e-02  3.02885510e-02  1.07672410e-02
 -4.26464006e-02  4.05636467e-02  1.79985426e-02 -6.16098680e-02
  6.03627376e-02 -2.64122915e-02 -7.72645473e-02  6.31365255e-02
  6.38277903e-02  1.23423114e-02  1.52877495e-02  9.22250599e-02
  3.04884613e-02 -9.22842622e-02 -1.32470801e-01  4.56185453e-02
 -6.85015321e-02  1.05437674e-01  2.89327931e-02 -9.54918505e-04
  1.30110877e-02 -4.42632437e-02  2.44655833e-03  1.55977886e-02
  1.66555922e-02  5.66442795e-02  3.70806642e-02 -1.33875990e-02
  6.72575273e-03 -2.14956738e-02  6.08636700e-02  1.29538283e-01
 -7.47251809e-02 -1.73853021e-02 -4.18623164e-02  8.41310099e-02
  4.30876315e-02  4.45964839e-03 -1.11131042e-01 -2.08713883e-03
  5.33615202e-02 -1.32711940e-02 -3.80253270e-02  2.35652953e-01
  3.61981839e-02 -6.77692611e-03 -1.54612102e-02 -8.20854120e-03
 -8.30795988e-02  6.96949214e-02 -4.09139544e-02  8.55759233e-02
  1.11834286e-02  5.63268876e-03 -8.49308744e-02  3.80993560e-02
 -4.66605425e-02  2.56469455e-02  9.83578041e-02 -3.74582447e-02
  1.11424521e-01  1.18011199e-02 -4.19540005e-03  1.51459668e-02
 -2.03168858e-02 -7.92027451e-03  3.68457250e-02  1.81254055e-02
  5.22114523e-02 -1.20291924e-02 -9.97331738e-02 -4.20883401e-33
  9.73035768e-02  3.66994292e-02  1.73106068e-03  5.74625693e-02
 -8.75897240e-03  4.91241105e-02 -5.47648780e-03  8.87257885e-03
  3.78063284e-02 -6.40080571e-02 -1.46726929e-02  2.14233473e-02
  3.31887752e-02 -1.07703991e-01  8.15831050e-02 -8.50046650e-02
  5.16565815e-02  5.33193648e-02 -8.61196872e-03 -7.28665665e-02
 -3.53011638e-02  4.10499163e-02  3.57879363e-02  1.16373673e-01
  6.30481765e-02  2.71236487e-02  3.14926431e-02 -2.92042959e-02
  7.75686279e-02  2.66753491e-02 -3.87362801e-02  1.53228780e-02
 -5.74586242e-02  4.17853370e-02  1.82038583e-02  3.50923054e-02
  1.51818595e-03 -7.67264068e-02  1.89678203e-02 -3.06313578e-02
 -7.42689222e-02  4.01789928e-03 -2.83239186e-02 -5.93901752e-03
  3.65780108e-02  5.60154207e-02 -1.38714604e-04 -4.55358438e-02
  4.99587320e-02 -6.21646829e-02 -2.12176014e-02 -3.02299652e-02
  2.76155099e-02  6.19454645e-02  3.57644930e-02 -1.37173189e-02
 -1.93401854e-02 -8.28857943e-02 -2.03109793e-02 -4.03624624e-02
 -5.40835201e-04  6.45954013e-02 -9.89514738e-02 -5.35693504e-02
 -8.49440247e-02  5.48355142e-03 -9.85342544e-03 -5.59158735e-02
  7.07219914e-02 -2.93258261e-02 -3.43479663e-02  2.86603644e-02
  2.01097317e-02  7.28552714e-02 -1.04387149e-01  2.37027034e-02
 -1.10272132e-01 -1.88373923e-02 -3.39449495e-02  5.44186085e-02
 -7.55661353e-02 -5.34861498e-02 -8.08625966e-02 -2.94657834e-02
  1.14535131e-01 -4.86262478e-02  4.16261330e-02 -1.70011111e-02
  4.31256890e-02  1.01541448e-02 -5.00138737e-02  3.41614261e-02
  1.15859890e-02  3.47784087e-02  5.07592037e-02  3.77712196e-33
 -3.77154835e-02 -4.04965878e-02 -1.08461373e-01  8.25549811e-02
  4.02032621e-02  3.66222672e-02 -2.03806553e-02  2.17234865e-02
  1.22856069e-02 -2.54260544e-02  6.61193684e-04  3.33160944e-02
 -3.14808153e-02  3.56994160e-02  2.21176334e-02 -2.84049306e-02
  2.07993183e-02 -4.44923453e-02 -3.56420092e-02 -3.60512920e-02
 -1.03572020e-02  3.67268398e-02 -6.59236535e-02 -6.31303564e-02
  2.90688612e-02 -5.17872348e-03  8.76039192e-02  7.39337783e-03
 -1.64075084e-02 -1.20495493e-02  5.22179576e-03  2.21707579e-02
  2.38790121e-02  1.37893134e-03  3.59918959e-02  6.30666018e-02
 -4.24815388e-03 -2.85669509e-02  5.37668413e-04 -2.26530228e-02
  7.68165216e-02  2.31396537e-02 -5.55780567e-02 -1.80137809e-02
 -1.03024982e-01 -3.18346987e-03 -2.54151709e-02 -4.21580896e-02
  6.64592609e-02  5.80738997e-03 -2.57316753e-02 -8.29572603e-02
  1.29270434e-01 -6.43091947e-02  2.89124530e-02 -3.11128311e-02
 -7.31271058e-02  4.00283448e-02  4.96871285e-02  9.24660824e-04
 -2.52400469e-02  4.61609550e-02 -8.36967304e-02 -6.68571098e-03
  6.53980076e-02 -6.11619130e-02 -3.23409634e-03  1.24248024e-02
 -6.89335316e-02  6.53901696e-03  7.01275170e-02 -3.02540697e-02
  7.06693605e-02  6.24655671e-02  8.44915435e-02 -1.59252137e-02
 -3.34142819e-02  2.97788382e-02 -3.15531902e-02 -3.43427807e-02
  1.69786010e-02  4.70961966e-02  3.93744223e-02  8.02413225e-02
  1.70840211e-02 -7.03094900e-02  1.54749090e-02  8.33659768e-02
 -3.65024619e-03 -1.99331995e-02  5.86069888e-03  3.30591984e-02
  5.97093739e-02  7.34653696e-02  5.12325726e-02 -1.13596732e-08
  1.24905612e-02  3.74781713e-02  1.66244600e-02  3.67133394e-02
  3.20073627e-02  2.44892817e-02 -1.50031848e-02  1.36868851e-02
  1.48316091e-02  1.09430872e-01 -1.81966685e-02  4.62961495e-02
  3.98077704e-02  6.82780519e-02  8.98631569e-03 -6.50483370e-02
 -6.23214133e-02  1.21451896e-02 -3.12628970e-02 -9.67034847e-02
  6.68566227e-02  1.05593521e-02  5.01978211e-03  4.31286693e-02
 -4.13473509e-03 -1.66572127e-02 -1.93153955e-02  4.86780964e-02
 -8.37058499e-02 -8.47616047e-02 -5.14994934e-02 -1.15971025e-02
 -3.26960795e-02 -4.00391892e-02  5.11639705e-03 -4.97252075e-03
 -8.61853808e-02  8.42647720e-03  1.84545685e-02  4.17350475e-06
 -1.13154771e-02 -3.49374712e-02  9.86970514e-02 -3.20749469e-02
  2.50968430e-02  1.45458002e-02 -5.92870526e-02 -4.67971452e-02
 -6.52527511e-02 -7.08314255e-02 -6.91687912e-02 -3.22403423e-02
  7.60984495e-02 -2.22763489e-03 -4.45711650e-02  2.18996461e-02
  6.55361190e-02  5.93260452e-02 -3.99764180e-02  3.53205279e-02
  3.22079808e-02  1.05474785e-01 -2.25037877e-02 -4.31883484e-02]"
365,Community Relations,Social,collaboratively,1,0.451,"[ 1.24157481e-02 -8.97927657e-02 -7.49701932e-02  2.27406751e-02
 -5.55684604e-02  2.26925164e-02  4.56604250e-02  3.55919711e-02
 -8.05967860e-03 -2.27898266e-03  5.52688679e-03  4.04873602e-02
 -1.85168087e-02  8.26106593e-02  1.04544666e-02 -5.25409915e-02
 -1.28013676e-03  1.69418771e-02 -8.06641281e-02 -7.01599419e-02
 -1.88215747e-01 -4.96951900e-02 -1.53629761e-02 -1.29351811e-02
  3.07989605e-02  2.60504596e-02 -1.03202229e-03 -4.12249193e-02
  3.04286107e-02 -7.19883889e-02 -5.35122305e-02  4.42380123e-02
 -1.39873018e-02 -1.35754212e-03 -1.13228291e-01  6.69458583e-02
 -2.21304479e-03  6.38923571e-02  1.89680234e-02 -2.45205518e-02
 -1.03093348e-01  2.52027567e-02 -2.08575581e-03 -8.30336660e-03
 -4.47140709e-02 -5.35644703e-02 -1.92756373e-02  1.12936962e-02
  1.71824009e-03  5.20083345e-02 -7.09664524e-02 -4.86932695e-02
  1.01779895e-02 -1.36963907e-03  1.17962398e-02  2.85725705e-02
  1.77071453e-03 -2.38491818e-02 -1.19959731e-02 -1.02705002e-01
  1.37394806e-02 -1.03124687e-02 -9.37683359e-02  5.46545163e-02
  1.05840623e-01 -3.29182413e-03  7.45415986e-02  9.66269895e-02
 -6.87947962e-03 -6.44484833e-02 -3.39553721e-04  2.63268165e-02
  2.90229693e-02  3.99634577e-02  9.13928300e-02  1.04257902e-02
 -5.02300169e-03 -6.67588040e-02  6.27639145e-02 -4.98351045e-02
 -1.66206975e-02  6.36115596e-02 -2.41265316e-02  6.10121666e-03
  1.40681658e-02 -3.41116413e-02  2.97939517e-02  4.92387600e-02
 -9.33775399e-03  8.96306522e-03 -4.64045815e-02  5.37266694e-02
  6.85066590e-03 -3.92113589e-02 -8.38279128e-02  9.50788893e-03
  6.64382353e-02 -2.56336071e-02 -1.77208874e-02  1.76233083e-01
 -7.42813423e-02  3.97423096e-02  1.23307863e-02 -1.10127199e-02
 -4.20080461e-02 -2.41372618e-04 -9.06496600e-04  1.86987873e-02
  2.90506240e-02 -5.85278533e-02 -1.04875930e-01  9.53059457e-03
 -9.08928365e-02 -3.26540843e-02  1.35705769e-02  3.64275053e-02
  3.66317257e-02  2.36951634e-02  1.12877063e-01 -3.55773717e-02
 -5.29866945e-03 -2.91144326e-02  6.55177236e-02 -9.95818339e-03
  3.32933962e-02  5.59227017e-04 -1.12641137e-02 -4.17250058e-33
  8.93967599e-02  3.15100700e-02  1.85875986e-02  4.50236090e-02
  2.90460549e-02 -1.45850247e-02 -4.20954637e-02  7.93839060e-03
 -1.13722995e-01 -9.60733518e-02  8.22254270e-02  7.30432719e-02
  3.24876904e-02  4.94727157e-02  1.07079215e-01 -6.74042180e-02
 -3.93552706e-02  5.28321415e-02 -7.69205391e-02 -1.72111411e-02
 -7.60179013e-03  3.76899913e-02 -2.19028462e-02  4.47954750e-03
 -4.90485542e-02 -5.99536896e-02  5.29657267e-02 -4.41237213e-03
  1.26060799e-01  1.59729905e-02  1.69860050e-02  2.23713741e-02
 -2.64503863e-02  3.61183994e-02  1.11008103e-05  5.86760826e-02
 -6.23837858e-03 -8.44004303e-02  5.14617339e-02  9.18824412e-03
  6.88370224e-03 -2.82627437e-02 -3.37697491e-02 -3.71216126e-02
  3.01097296e-02  5.88016063e-02  2.61418931e-02  8.97692982e-03
 -5.60210980e-02 -4.58117537e-02 -1.78685151e-02  4.91139246e-04
 -5.07333837e-02  4.99739535e-02 -7.71251926e-03 -1.11169359e-02
 -1.16026392e-02 -8.59120637e-02  1.07581757e-01 -3.88682857e-02
  7.59825855e-02  1.11586466e-01 -1.85622592e-02 -2.57357173e-02
 -1.23515921e-02  2.46274788e-02  1.82011761e-02 -1.33466804e-02
  8.03639367e-02 -5.31992167e-02 -1.12737037e-01  3.62237096e-02
  2.50794422e-02 -5.22589963e-03 -4.64472361e-02  2.78460793e-02
 -1.53153250e-02  7.60021014e-03  3.85270566e-02 -3.33379419e-03
 -5.89609742e-02 -7.09044859e-02 -5.89799471e-02  6.88367039e-02
 -4.01886515e-02  1.87897403e-02 -4.96994480e-02 -8.93434975e-03
 -3.23485807e-02  1.07276447e-01 -1.08882397e-01  9.65402089e-03
  5.61840534e-02  3.44231166e-02 -3.38340551e-02  3.23380369e-33
 -6.51790500e-02 -3.89990769e-02  9.20335203e-02  8.98688287e-02
  4.35467102e-02 -9.69858840e-03 -3.29311490e-02 -1.37286648e-01
  4.18252386e-02  6.22972064e-02 -1.03248358e-01 -5.36346100e-02
  7.91028962e-02  1.89958792e-02 -1.21256094e-02  3.86302471e-02
  4.38353233e-02  1.35004744e-02 -1.62673667e-02 -2.29198597e-02
 -3.31766624e-03 -2.00435221e-02  3.84616554e-02 -3.06421909e-02
 -1.17996684e-03  4.20781597e-02 -3.17013636e-03 -3.93338762e-02
 -3.68098505e-02 -7.57326791e-03  6.46876022e-02 -6.54969588e-02
 -8.48049447e-02 -4.97316122e-02 -8.20566267e-02  1.42686367e-01
 -6.89467117e-02  7.21726716e-02 -5.62938005e-02  9.13628191e-03
  5.74553832e-02  6.74628280e-03 -1.00799218e-01  3.99566814e-02
  2.42865346e-02  1.54224625e-02 -1.00180872e-01 -3.85742262e-02
 -3.37970555e-02  4.06283066e-02 -1.60395969e-02  3.12761962e-02
  1.51240369e-02 -1.06531076e-01 -3.55728753e-02  3.64980586e-02
  1.23006053e-01 -2.48853886e-03  2.67031174e-02  2.22940370e-02
 -3.36579643e-02 -5.95446341e-02  3.94409299e-02  3.56217138e-02
  1.15468111e-02 -4.59999554e-02  7.68452976e-03  7.36455321e-02
  6.27259957e-03  8.11834708e-02 -8.62605348e-02  2.65147481e-02
  1.32059148e-02 -2.40943283e-02  3.60233933e-02 -7.19258562e-04
 -1.71443745e-02 -3.74708176e-02  2.78243702e-02 -8.07293802e-02
  1.67949572e-02  2.22035870e-02  7.13687763e-02 -2.62247901e-02
 -3.09535302e-02 -1.19271437e-02  2.74515599e-02  1.22424625e-02
 -1.94744021e-02 -2.96166986e-02 -5.26260920e-02 -1.53931994e-02
  1.85915977e-02 -3.01278066e-02 -2.88331676e-02 -1.29826683e-08
  2.74417903e-02  9.14523378e-03  5.13220690e-02  5.50686866e-02
  2.94556958e-03 -9.72040836e-03  1.62931979e-02  3.06144040e-02
  2.84445677e-02  1.20831236e-01  4.52614826e-04 -3.96036617e-02
  2.43505295e-02  1.01110414e-01  6.81604519e-02 -1.73987895e-02
 -1.33874454e-02  1.42150177e-02 -9.49191526e-02 -3.26795503e-02
  2.72780694e-02 -1.89007185e-02 -1.18510295e-02  4.30623367e-02
  4.62071002e-02  1.07401917e-02  4.85423021e-02  8.69095102e-02
 -2.41760816e-02  2.88902782e-02 -1.96694769e-02  5.18222488e-02
 -4.13586721e-02 -4.29171249e-02  5.88198118e-02 -3.24535333e-02
  2.78792158e-03 -3.50575782e-02 -1.17367767e-02 -4.15192060e-02
  2.01815516e-02  6.49837330e-02 -1.68161038e-02  6.81735873e-02
  1.08761355e-01 -1.39528913e-02 -7.28135649e-03 -8.10680985e-02
 -1.34525914e-02  1.24913398e-02 -1.12179574e-02 -4.05286029e-02
  7.94621333e-02  2.91495062e-02  4.69957627e-02  5.66562340e-02
  1.08815893e-03 -9.99163371e-03  6.91497102e-02  1.93675980e-02
  4.80013900e-02  2.50312909e-02 -1.79618374e-02  6.44687265e-02]"
366,Community Relations,Social,communications,1,0.4454,"[ 2.18951167e-03 -2.32663117e-02 -2.48844246e-03 -3.99292149e-02
 -5.48990853e-02 -2.39997748e-02  1.02104843e-01 -1.64329465e-02
  3.63815837e-02 -3.15025076e-02  5.32922521e-03  5.40589616e-02
 -1.28602711e-02  1.05190696e-02  3.73350084e-02 -6.59276098e-02
  7.98572749e-02 -7.21661448e-02 -4.64559682e-02 -5.16957194e-02
  9.61247925e-03  4.59011644e-02 -4.99444548e-03  1.70749184e-02
  3.34699899e-02 -5.68653457e-03  4.41603214e-02  1.23805199e-02
 -1.88486259e-02 -6.36118725e-02  7.32597010e-03  4.67841588e-02
  8.03879425e-02  4.63173017e-02 -1.00051083e-01  6.97290674e-02
  5.91039024e-02 -2.09457637e-03  1.29508702e-02  5.52323386e-02
 -6.46606758e-02 -6.57032356e-02  7.33032962e-03  9.02458746e-03
 -1.64542049e-02 -3.84743623e-02  3.28163467e-02  6.74545392e-02
 -9.27197933e-02 -5.09224273e-02 -3.23758624e-03  1.20419646e-02
 -2.94914879e-02  1.08404495e-01  3.71039361e-02 -3.54550518e-02
 -6.67588338e-02  1.33017957e-01 -2.02160757e-02  5.61928600e-02
  1.15247779e-02 -1.29944850e-02 -7.20033273e-02  4.98126559e-02
  3.39993015e-02  1.17691886e-02  3.43374647e-02  1.21690109e-01
 -6.21081404e-02 -1.61647256e-02  1.66210700e-02 -3.64074856e-02
  1.90856941e-02  4.14585508e-02  9.97056961e-02 -2.21706331e-02
  3.90731506e-02  2.95794699e-02  6.43582866e-02 -2.25054342e-02
  3.37774046e-02 -4.83874716e-02 -4.79221866e-02 -1.97361819e-02
  2.08206568e-02 -7.41930678e-02 -6.63890913e-02 -2.15602648e-02
 -8.05202574e-02 -4.09591496e-02 -5.38675301e-02 -5.32292239e-02
  1.97308161e-03  6.37813061e-02 -1.02425218e-01 -2.09753346e-02
 -5.08552976e-02 -9.80750546e-02 -4.76219282e-02  1.97143614e-01
  2.97091957e-02  1.44225443e-02 -3.14203613e-02 -4.11212146e-02
 -5.54938503e-02 -6.72210604e-02 -2.64799166e-02  3.91603187e-02
  2.01265626e-02  2.78320648e-02 -6.54035732e-02  1.14811929e-02
 -6.84902444e-02  3.29430886e-02 -2.62160762e-03 -2.90068914e-04
  1.68266706e-02  9.74876285e-02  1.09530739e-01 -1.31166112e-02
 -5.40231615e-02 -4.65890318e-02 -2.89600305e-02  3.56637612e-02
 -2.71939412e-02 -5.89077696e-02  1.10235196e-02 -4.98313361e-33
 -2.69196555e-02  4.55174334e-02  4.54395497e-03  1.33226261e-01
  8.31304118e-03  8.45668912e-02 -3.27070914e-02 -1.66249983e-02
 -7.26600876e-04  5.79488697e-03 -2.62050647e-02  7.43236914e-02
  3.84308808e-02  1.44509971e-02  8.89386013e-02 -4.60719168e-02
 -6.34970739e-02  7.65847564e-02  8.68419092e-03 -3.43076102e-02
 -1.93931833e-02  2.65899133e-02  2.26000999e-03  6.22721016e-03
  7.34779313e-02 -6.09621406e-02  3.10627697e-03 -1.34410515e-01
  5.46195917e-02  2.94980407e-03 -6.04460798e-02  9.08119902e-02
  3.71992067e-02 -2.95491721e-02  4.03941423e-02  8.27133283e-03
  4.49338835e-03 -8.94080028e-02  2.10153535e-02 -3.96756362e-03
  1.53450388e-02 -1.11110574e-02 -5.82823642e-02 -1.43186217e-02
  2.18071248e-02  4.25741263e-02  2.01074183e-02 -2.95264125e-02
 -5.15551940e-02  2.51829885e-02 -3.36769074e-02 -3.00793555e-02
 -6.04040921e-02  2.02105325e-02  1.09377407e-01 -3.28872073e-03
  2.36436520e-02  2.81155519e-02  4.16055135e-03  4.29670401e-02
  2.14729942e-02  7.31417164e-02 -1.30609004e-02 -4.01411131e-02
  6.95350692e-02 -8.97616206e-04 -8.49418342e-02 -5.32592461e-02
  7.27846399e-02 -4.48090397e-02 -4.63401265e-02  3.54050919e-02
 -2.59886961e-02 -9.46725253e-03  8.52041412e-03  3.89047451e-02
 -4.34381440e-02  8.70600156e-03 -9.76328645e-03  8.77397656e-02
 -9.79992598e-02 -2.52412539e-03 -3.12732868e-02  4.26633283e-02
  4.51666228e-02  3.44552062e-02 -6.36880612e-03 -8.26214254e-02
 -1.26841655e-02  8.49788859e-02 -7.91807249e-02  3.00718285e-02
  2.20476426e-02  8.46637636e-02  1.46556599e-02  3.84314029e-33
 -8.19557011e-02  1.05565906e-01 -5.00157848e-02  4.94750328e-02
 -1.31990127e-02 -3.96637581e-02  7.34307840e-02 -1.60922799e-02
 -5.80029609e-03  3.48514616e-02 -3.28419916e-02 -5.85223064e-02
  1.85192320e-02  3.97604778e-02 -2.31368560e-02 -8.26308802e-02
  1.17297724e-01 -4.57512587e-02 -4.80582239e-03 -9.26642772e-03
  2.13432666e-02 -7.04959873e-03 -6.53083995e-02 -4.95896228e-02
 -1.63829904e-02  1.09560220e-02  6.90211216e-03  1.34545192e-03
 -1.94309894e-02  7.86712579e-03 -4.82064998e-03 -1.05704833e-02
  5.38556278e-03  2.21448224e-02 -2.16436442e-02  8.12972188e-02
  7.26317763e-02  3.02302223e-02 -2.43097004e-02 -2.77465489e-02
  1.09417900e-01  2.20498554e-02 -3.42905242e-03  8.87169242e-02
  6.85470179e-03 -7.77802840e-02 -8.36658627e-02 -2.16253325e-02
 -8.78535062e-02 -2.50019785e-02  3.90094221e-02 -8.73070583e-03
  1.74697489e-02 -5.47130890e-02 -6.77369237e-02  5.54316975e-02
 -2.09248494e-02  2.19718134e-03  1.62847042e-02  3.64685580e-02
  4.96544503e-02 -3.15325186e-02 -5.96537255e-03  2.90288143e-02
  1.24569852e-02  4.83792163e-02  3.26446593e-02 -8.48313607e-03
  7.34518990e-02  3.53763923e-02  1.02286004e-01  2.72358321e-02
 -6.10409379e-02 -2.88277585e-02  2.62428336e-02  3.80357653e-02
 -9.24144909e-02  2.51898412e-02 -9.72571000e-02  4.11193520e-02
 -4.32583690e-02  8.44209865e-02 -3.49504016e-02  2.45274138e-02
  1.69945229e-02  6.82806894e-02  8.80276412e-02 -5.01863882e-02
 -3.07275541e-02 -1.00904293e-01 -4.35192510e-03  1.95006561e-02
  1.13120060e-02 -2.34582927e-02 -3.06802616e-02 -1.13652776e-08
 -8.70901272e-02 -6.74752966e-02 -2.17552073e-02 -7.58013576e-02
  1.98359713e-02  3.34180780e-02  2.33934280e-02 -8.16312209e-02
  4.06507403e-02 -4.47301893e-04 -5.49275205e-02  1.10711465e-02
 -3.10854372e-02  6.44178689e-02  1.04057588e-01 -1.38135552e-02
 -6.57102466e-03 -1.04166858e-01 -3.97010632e-02  1.85508933e-02
  1.07181378e-01 -9.45142657e-03 -3.06381527e-02  1.20049603e-01
  2.51526795e-02  3.92619940e-03  7.37114102e-02  2.45386884e-02
  8.19376856e-03  4.73406166e-03 -5.02704121e-02 -2.25086678e-02
  1.51240006e-02  2.26818696e-02 -5.48745431e-02 -1.78398285e-02
 -1.50045461e-03 -6.33493885e-02  1.43056288e-02  1.84809603e-02
  1.69762112e-02 -4.35931720e-02 -2.18564253e-02  3.36226895e-02
  1.17975861e-01  4.45789099e-02 -1.51789095e-03 -5.65588800e-03
 -6.17577247e-02 -4.33455147e-02 -4.09538262e-02  5.52373789e-02
  3.15435082e-02 -2.21115649e-02  2.62342189e-02 -4.07541059e-02
  2.29764227e-02 -5.01553752e-02 -5.14386483e-02  7.68338069e-02
 -1.02892686e-02  1.18227676e-01 -3.20620947e-02  1.26169827e-02]"
367,Community Relations,Social,colleagues,1,0.4436,"[-3.04021593e-02  3.56956422e-02 -1.74843669e-02  3.30037028e-02
 -1.00563522e-02  6.34625787e-03  4.10863422e-02 -2.18650792e-03
  3.08907479e-02 -1.16431210e-02  1.10733872e-02  4.74931858e-02
 -1.45027433e-02  4.89259791e-03 -7.35794902e-02 -2.93794386e-02
 -3.39996219e-02 -3.48120667e-02 -7.02922419e-02 -6.25341237e-02
 -1.52743325e-01 -7.32470378e-02 -2.86807772e-02  2.44462825e-02
  6.24046959e-02  2.76981629e-02 -7.51391239e-03 -1.77794416e-02
 -7.37208948e-02 -4.29912321e-02 -7.29317889e-02 -1.29520297e-02
  3.80225703e-02  2.83498038e-02 -3.46183814e-02  7.08298236e-02
  6.36298582e-02  1.03903539e-01  7.27726892e-02 -3.21713239e-02
 -5.70421666e-02 -9.33072865e-02  1.65441483e-02 -3.82101238e-02
 -1.08258752e-02  1.34439170e-02  3.22689787e-02  2.71556005e-02
 -2.42998991e-02  3.74453962e-02  2.16513337e-03 -3.59769277e-02
 -1.86829064e-02  7.96210691e-02  1.75428502e-02 -4.11345102e-02
  9.24867019e-03 -4.35147360e-02 -1.25251012e-03 -9.75277741e-03
  2.34824959e-02 -8.68194401e-02 -7.71285594e-02  5.48381284e-02
  2.91690254e-03 -2.29704715e-02 -5.38928341e-03  5.95510080e-02
 -6.81502149e-02  7.69316265e-03 -1.38132218e-02 -2.14365553e-02
  2.46800259e-02  1.89934690e-02  1.03373908e-01  1.00786434e-02
  1.08251604e-03 -3.03100310e-02  8.93052444e-02 -9.72092226e-02
  1.98035799e-02  1.56045062e-02  1.90164254e-04  9.50273424e-02
 -5.24787791e-02 -1.33136706e-03  2.04621200e-02  1.77785326e-02
  4.19676211e-03  1.34606831e-04 -1.21049702e-01  4.06780727e-02
  3.21745500e-02 -3.21284123e-02 -8.88027474e-02 -2.10798047e-02
 -1.61518380e-02  3.73152420e-02 -7.15960786e-02  2.73475230e-01
 -2.65410151e-02  3.89855541e-02  4.88656014e-02  1.28711676e-02
 -5.97104691e-02 -1.13813533e-02 -1.93321016e-02 -1.47941476e-03
  3.49938311e-02 -4.68590856e-03 -4.53492850e-02  4.38589193e-02
 -1.45526990e-01 -5.01773208e-02  2.02493873e-04 -3.27873677e-02
 -1.00727277e-02  2.74662636e-02 -3.28568965e-02 -3.54015105e-03
 -1.20603340e-02  4.84602712e-02 -3.66476886e-02 -4.52105328e-02
 -2.70330142e-02  4.59752092e-03  1.70811382e-03 -5.66589857e-33
  2.02130452e-02  6.50357231e-02  2.18880400e-02  3.76291871e-02
 -1.16004481e-03  5.83058270e-03 -5.13098873e-02  1.70606840e-02
 -3.50436158e-02 -4.43180054e-02 -8.49575996e-02 -1.00018401e-02
  6.34547621e-02 -1.25136804e-02  2.52511129e-02  4.06166678e-03
  1.51616540e-02  5.91667295e-02 -1.16561152e-01  3.33332270e-02
  1.03920940e-02  2.13203635e-02 -5.23223989e-02  6.68581724e-02
 -9.17351842e-02 -3.94546166e-02 -1.96268335e-02 -2.45740637e-02
  9.46103707e-02  3.50787044e-02  8.04857537e-02  7.12770894e-02
  3.54827940e-02 -4.92828200e-03 -3.47250551e-02  7.69352019e-02
  1.67465098e-02 -7.02132881e-02  8.22556913e-02 -6.13950118e-02
  9.58219543e-03  2.70347088e-03  7.46085867e-02 -2.81540547e-02
  3.14245955e-03  3.05135585e-02  3.80360484e-02 -1.29703544e-02
 -5.21635860e-02  1.02369338e-01  3.60183716e-02  2.42414530e-02
  2.02006325e-02  1.15985736e-01  5.37223481e-02  1.33636678e-02
  5.60139194e-02 -8.61022621e-03  2.61875708e-02 -3.05622946e-02
  3.46031152e-02  1.27473265e-01 -7.04065114e-02  7.10097775e-02
 -1.83711089e-02  2.75170361e-03 -1.93611570e-02 -1.62823386e-02
  8.42871442e-02  1.14157451e-02 -6.36252463e-02  2.86943968e-02
 -5.77764399e-02  1.22689037e-02 -4.64417823e-02  4.86802943e-02
 -2.63944063e-02 -1.07419351e-02  5.03672734e-02 -2.60622357e-04
  2.83582173e-02 -3.11646815e-02  1.89324226e-02 -1.45222256e-02
 -3.65497060e-02  2.04130001e-02 -5.28792776e-02 -2.32110340e-02
  4.17672284e-02  1.04834244e-01 -8.82450119e-02 -1.94464810e-02
  9.50181410e-02  8.05094689e-02 -4.31698635e-02  4.24509691e-33
  2.84163244e-02  1.19558331e-02 -7.65797123e-02  9.35528129e-02
  9.58838314e-02  4.46686335e-02  2.94659697e-02 -9.33819264e-02
 -3.15831113e-03  5.87777942e-02 -3.35181803e-02 -1.23772703e-01
  2.36647334e-02  3.82208005e-02  5.51341735e-02 -1.74520873e-02
  9.23622027e-02 -1.92224849e-02  3.63407750e-03  1.41025763e-02
 -5.91298612e-03 -7.25498945e-02  1.49720041e-02  3.09036542e-02
  1.21852448e-02  4.60026674e-02  6.54993951e-02 -7.28984699e-02
 -4.29469757e-02 -3.70053835e-02 -8.44967365e-02  5.26120653e-03
 -8.15506652e-02 -2.24048011e-02  5.28191589e-02  1.10239081e-01
 -8.29116330e-02  3.36153209e-02 -4.76623625e-02 -1.58062167e-02
  4.26737666e-02  1.19487643e-02 -3.10300123e-02  1.18756056e-01
  2.30049863e-02  7.81625882e-03 -2.11341586e-02 -3.50894071e-02
 -7.55940005e-02  4.53553069e-03 -6.24011196e-02 -3.07198917e-03
 -7.18672760e-03 -3.16158868e-02 -1.06405132e-02 -2.79720295e-02
 -7.17520434e-03 -3.66265625e-02  8.67302269e-02  1.99849717e-02
 -2.43112985e-02 -3.67490239e-02 -5.21201938e-02  1.32888511e-01
 -4.82456572e-02 -2.51320973e-02 -5.09744100e-02  5.57127930e-02
 -2.45833751e-02  5.05980998e-02  5.70679866e-02 -3.53231095e-02
 -6.67792410e-02  4.66293236e-03 -5.45137078e-02 -4.07689810e-02
 -9.67043117e-02 -6.42119795e-02 -5.29869422e-02  9.27400216e-02
 -1.39776468e-02 -2.56103813e-03  6.13085739e-02  7.66842514e-02
 -3.33701894e-02  1.02354595e-02  7.26076439e-02  5.42193539e-02
 -3.12290732e-02 -6.52254047e-03 -2.09505786e-03 -4.73556928e-02
 -5.94465667e-03 -6.78936169e-02 -1.77726820e-02 -1.22217143e-08
  1.93555020e-02  1.70988869e-02 -6.90205907e-03 -1.53953815e-02
  1.94091164e-02 -6.85148016e-02  4.06802744e-02  8.82536769e-02
  5.80000207e-02  9.42717120e-02 -2.14259624e-02 -1.64162908e-02
  3.59530970e-02  5.19680828e-02  1.09291859e-01  6.81675225e-02
 -1.94034725e-02  2.55381577e-02 -8.71235132e-02 -4.42740545e-02
  1.37263993e-02 -1.22364322e-02 -7.00772181e-03  9.05227847e-03
 -8.11484642e-03  2.43406706e-02 -3.90579551e-02  3.73575427e-02
  2.52581332e-02  6.65825531e-02 -4.49246615e-02  3.75283435e-02
 -5.53399809e-02 -8.09954628e-02  2.52255369e-02 -1.37786865e-02
  2.40226253e-03 -1.75396409e-02  3.14977728e-02 -9.14955512e-03
 -2.24327780e-02 -2.75322190e-03  3.08195502e-03  5.66161983e-03
  2.36347225e-02 -7.41628855e-02 -2.20594499e-02  5.53473784e-03
 -2.51535922e-02 -6.67467639e-02 -1.29403546e-02 -2.29038298e-02
  3.87698528e-03  6.74020424e-02 -7.09057134e-03  1.15147484e-02
  1.27060292e-02  3.74582503e-03 -4.99077290e-02 -3.50882150e-02
  6.30308241e-02  7.82245100e-02  2.25960184e-02  2.40016747e-02]"
368,Community Relations,Social,culture,6,0.4331,"[ 2.59087384e-02  7.44475573e-02 -5.98605387e-02  7.02511938e-03
 -3.07405218e-02 -1.60107911e-02  8.30876678e-02 -7.94639438e-02
  2.22163387e-02 -2.36233510e-02  1.14630066e-01 -8.14119577e-02
  2.50016414e-02  7.57171400e-03 -3.98873612e-02 -6.80214688e-02
 -6.55224770e-02 -4.51918058e-02 -1.21340051e-01 -2.57815178e-02
 -6.64684251e-02 -2.86018346e-02  3.74492370e-02  2.08265446e-02
 -9.52589698e-03  4.70940620e-02  4.55543734e-02  3.78176197e-02
  4.83055562e-02 -7.43633658e-02 -2.57459772e-03  1.68971032e-01
  7.15323836e-02 -1.34501951e-02 -5.00306748e-02  1.19144686e-01
  2.30535325e-02 -2.62746178e-02  3.29845846e-02  1.73682626e-02
 -9.22831427e-03 -3.79069261e-02  2.61618216e-02 -5.81553392e-02
 -8.33447743e-03  6.63630068e-02  2.02114694e-02  8.91259313e-02
 -4.31384034e-02  1.91449746e-02 -6.58261077e-03  4.30002138e-02
 -1.18953576e-02  1.80000160e-02  6.31027892e-02 -4.10096571e-02
 -2.52462109e-03  2.82001961e-02  1.53918229e-02  7.32696475e-03
  4.09649499e-03 -6.46101609e-02 -2.91156881e-02  7.53321126e-02
  5.65846413e-02 -2.24606264e-02 -5.03694713e-02  8.39254707e-02
 -5.12626320e-02 -6.08342625e-02 -4.58772928e-02 -4.02699299e-02
  5.81409559e-02  8.79257098e-02 -1.19663393e-02 -3.24673541e-02
 -2.55899560e-02 -9.33508053e-02 -9.01401602e-03 -2.33031660e-02
  9.55845863e-02 -2.44059376e-02  1.16322553e-02  1.68705657e-02
  1.41229508e-02  1.58557016e-02  1.28207076e-02  8.64348281e-03
  1.48210097e-02  5.60150482e-02 -4.36662249e-02  1.47195123e-02
  3.54881138e-02 -6.28895592e-03 -4.45873588e-02  1.37790451e-02
  1.90413781e-02 -1.60877462e-02 -7.65791570e-04  2.35844284e-01
  4.05374393e-02  7.19523281e-02 -5.98803349e-03  6.24238700e-02
 -3.06112804e-02 -7.91074336e-02 -3.24206315e-02  4.24329191e-02
 -3.69935185e-02 -9.47079249e-03 -4.81350720e-02  4.75876555e-02
 -9.38139632e-02 -5.87968575e-03  7.56201521e-02 -1.00638652e-02
  9.09546241e-02 -4.37758043e-02  1.73000451e-02 -9.39980000e-02
 -3.59520130e-03  1.38424393e-02 -3.09799872e-02 -2.12253295e-02
 -4.46885601e-02 -5.21336831e-02 -4.68120761e-02 -4.25115805e-33
 -3.28339147e-03 -1.12619683e-01 -2.32545249e-02  1.24404645e-02
  4.32979269e-03  2.42097918e-02  4.15311232e-02 -5.79551198e-02
 -2.40390245e-02 -3.64543423e-02  4.82023954e-02  6.95385039e-02
 -3.83276865e-02  2.13170005e-03  9.99476612e-02  3.34265344e-02
 -5.15287407e-02  2.26422641e-02  1.40218418e-02  1.07626908e-01
 -2.24915450e-03  8.76344219e-02  7.10996613e-02 -2.99259275e-03
 -3.82504575e-02 -3.43848579e-02  8.74648895e-03 -1.94306634e-02
  4.07796428e-02 -5.49286837e-03 -1.40188460e-03  1.54328942e-02
  3.49104963e-02 -8.30874741e-02  3.20767500e-02 -1.68377627e-02
  3.94279920e-02 -3.25057134e-02  5.78416185e-03 -1.27099203e-02
 -3.47221047e-02 -2.96597462e-02 -6.71876296e-02  3.11920345e-02
 -1.66166946e-02  9.33390558e-02  1.05572701e-01 -3.39689776e-02
 -9.71458480e-02  2.90199369e-02 -2.95448452e-02  7.30783353e-03
  2.79137455e-02 -4.79602851e-02  7.37449750e-02  2.28980612e-02
  4.63451929e-02  8.77893623e-03 -1.50320856e-02 -6.25906736e-02
 -1.28858145e-02  4.55441438e-02  8.69669858e-03  4.42852937e-02
  1.61735732e-02 -2.04348195e-04  1.33920573e-02 -1.72502212e-02
  6.92599267e-02 -4.70056646e-02 -3.27391662e-02  1.51798967e-02
 -9.87572689e-03  4.92473580e-02 -1.62405260e-02  6.38631806e-02
  2.88598910e-02 -9.33265034e-03  2.98777744e-02 -3.08583044e-02
 -3.64142098e-02  9.97599098e-04 -3.73661332e-02  1.92973595e-02
  2.99438909e-02  8.36769119e-02  1.69857442e-02 -6.51036650e-02
  5.99753261e-02  2.52686162e-02 -4.79320660e-02 -9.35271755e-02
  5.98773956e-02 -3.03764199e-03  3.46219307e-03  3.17477110e-33
  2.24191509e-02 -4.84275036e-02 -5.85446618e-02  8.83599371e-02
  1.87929999e-02 -2.49665454e-02 -1.88689455e-02  5.17941900e-02
  1.05235837e-02  3.84014733e-02 -4.42342497e-02 -5.03158458e-02
  5.17388470e-02  1.12946048e-01 -7.07550906e-04 -8.72374326e-02
  1.37569860e-01  2.00501382e-02 -4.16889489e-02 -7.70061929e-03
 -1.04123708e-02  5.43972440e-02 -1.00530639e-01 -9.91290435e-03
 -1.43551871e-01  7.22632185e-02 -8.21362957e-02 -4.64645885e-02
 -8.66207033e-02 -1.31491693e-02  3.58541235e-02 -3.45682465e-02
  3.93825062e-02  4.73227687e-02 -2.68103313e-02  8.27597827e-02
  4.58512641e-02  1.48685258e-02 -1.77858416e-02  8.28967988e-03
 -2.74655819e-02  2.45899539e-02 -7.71670118e-02  1.42526448e-01
 -3.48804519e-02  6.24019913e-02 -8.22288170e-03 -4.26107226e-03
 -2.81661972e-02 -4.41283472e-02 -6.35745451e-02 -4.42125537e-02
  2.98306830e-02 -1.30242586e-01  6.00143056e-03 -2.05710530e-02
  5.54036535e-03 -2.03995537e-02 -4.21618149e-02  2.41841041e-02
  1.79425608e-02 -2.83144787e-02 -5.17899990e-02  7.59209215e-04
 -5.94544001e-02  4.62851487e-02  1.04372399e-02  8.93536434e-02
 -2.60642506e-02 -7.83898495e-03  5.83273359e-02  4.33870740e-02
 -1.05652846e-01  6.08443981e-03 -6.79926425e-02  5.56929596e-02
 -5.24655962e-03  1.45518137e-02  7.43702427e-02 -1.79227684e-02
 -6.24747947e-02 -8.26602951e-02 -4.50810306e-02  8.73969309e-03
 -2.56279185e-02  7.95150921e-02 -1.05227623e-02  2.50621978e-02
  2.32468974e-02 -5.84520362e-02  1.04589597e-03 -6.20576032e-02
 -1.32656962e-01 -1.84776168e-02 -1.80721991e-02 -1.28746898e-08
 -5.00267446e-02 -7.09133595e-02 -1.40959043e-02 -2.04636864e-02
  1.46770813e-02  5.11563309e-02  3.51885594e-02  3.91334482e-02
  1.06470119e-02  1.27120808e-01 -8.12382996e-02  3.23167406e-02
  2.58122701e-02  4.89660427e-02 -3.01797967e-02 -1.90913361e-02
 -1.49020813e-02  6.24974295e-02 -2.86301430e-02  2.55802181e-03
  5.17967790e-02 -1.86455883e-02  3.47471870e-02 -3.51852290e-02
 -2.34629251e-02 -6.39089197e-02 -2.96587683e-02  4.02643606e-02
 -2.60679461e-02 -2.50671208e-02  1.31656835e-02  1.35494405e-02
 -5.02259806e-02 -1.47321951e-02 -3.32592465e-02 -4.04283218e-02
 -9.50761978e-03 -2.47987695e-02  7.41803944e-02 -3.34534533e-02
 -5.75355534e-03 -3.09403110e-02  5.08886091e-02 -2.49746861e-03
 -6.15794212e-02  2.55249981e-02 -9.42005962e-03  6.86455518e-02
 -4.75630872e-02 -5.93541772e-04 -5.58726937e-02  1.22944117e-02
  1.55789927e-02  4.68318611e-02  3.17988843e-02 -6.48125485e-02
  3.23224813e-02  5.89657873e-02  2.11953633e-02  4.01956961e-02
  8.53705630e-02  7.23374486e-02  6.56455904e-02 -1.89339910e-02]"
369,Community Relations,Social,participation,2,0.4215,"[ 7.35965967e-02  1.74719244e-02  1.92326475e-02  2.29671020e-02
 -3.62188579e-03  4.45995666e-02  1.30354479e-01  3.19411885e-03
 -4.86140288e-02 -5.78626106e-03 -1.23802722e-02 -5.18034548e-02
  4.31103772e-03  2.42945962e-02  1.69970542e-02 -3.68892588e-02
  1.85194220e-02 -4.12458219e-02 -4.84963991e-02 -4.18878235e-02
 -9.92835090e-02 -5.35926186e-02  1.95513517e-02  4.37987596e-02
 -1.13729872e-02  2.36006603e-02  8.43329728e-03  5.89782000e-03
  6.82028905e-02 -1.65247191e-02 -1.69189647e-02  4.11377624e-02
  4.34141122e-02  5.44474907e-02 -2.44424883e-02  3.68728563e-02
  6.17176257e-02 -4.29648906e-02 -1.73172746e-02 -4.71982881e-02
 -5.91997057e-02 -4.52292822e-02  3.55531252e-03 -2.08315607e-02
  5.01869023e-02  7.87991378e-03  1.18978405e-02  7.72899948e-03
 -4.30590734e-02  3.38356160e-02  5.75390495e-02 -5.19530326e-02
  1.61923449e-02  1.83676463e-02  4.04105615e-03 -2.02106517e-02
 -2.43578181e-02 -7.69459456e-02 -3.88545245e-02 -1.08544089e-01
  1.29786720e-02 -1.36441691e-02 -6.78460300e-02  2.31792890e-02
 -7.16848858e-03 -1.05393622e-02  1.25948703e-02 -8.35165940e-03
 -6.22936431e-03 -3.13861743e-02  3.53719406e-02  1.41339535e-02
  3.50052193e-02  2.22292859e-02  4.16581184e-02 -8.29552338e-02
 -1.07647851e-03 -8.26777332e-03  1.31592780e-01 -2.43666992e-02
  2.63508074e-02  4.85934503e-02 -2.11921483e-02  6.64328858e-02
 -3.38340439e-02 -4.67235222e-02 -2.75406148e-02  3.29687037e-02
 -1.33519452e-02 -2.91001890e-02 -1.02906846e-01  8.29591751e-02
  7.29282349e-02 -3.71167623e-02 -1.37305543e-01  5.37648378e-03
  3.33340205e-02  3.56821045e-02  6.84499145e-02  2.61082560e-01
 -7.31975138e-02  4.53673713e-02 -8.58453009e-03 -5.57619818e-02
 -2.44028047e-02 -2.49074344e-02 -5.15708653e-03  9.84207541e-03
  4.66456637e-02  6.12268411e-02 -4.96169962e-02 -7.57104857e-03
  1.73384473e-02  5.67855947e-02  8.73961449e-02  5.59467524e-02
 -4.53966251e-03  3.63344513e-02  5.78958355e-03  4.28905673e-02
  3.70290689e-02  2.25634705e-02  2.31128968e-02  2.81722751e-02
  5.01883812e-02 -6.31939173e-02 -6.63381629e-03 -6.75219677e-33
 -1.15634277e-02 -6.84334189e-02  5.28685935e-02  1.56606883e-01
  3.58193531e-03  9.80878808e-03 -2.00391691e-02 -9.16953292e-03
 -5.09306006e-02 -8.51337090e-02  3.08709946e-02  2.55388785e-02
  9.29282159e-02  5.67324925e-03  1.42057776e-01 -7.71696791e-02
 -2.52742618e-02  1.29178362e-02  4.60624258e-04 -1.59762416e-03
 -1.87688004e-02 -1.57979112e-02 -9.93028656e-03  9.74538103e-02
 -2.00383402e-02 -2.33589634e-02 -1.29980398e-02 -6.26376867e-02
  2.70523932e-02  1.21786045e-02  7.68669099e-02 -1.44617436e-02
 -6.77536130e-02 -3.65169570e-02  3.21685635e-02 -2.68706810e-02
  7.45285302e-02 -4.69467491e-02  2.01763827e-02 -4.84782755e-02
 -5.69995530e-02 -2.25829370e-02  1.11231664e-02 -2.53839698e-03
 -1.59217622e-02  4.89560515e-02  7.83217847e-02 -1.28283883e-02
 -2.95617636e-02  1.23266555e-01  1.97404646e-03 -1.08164474e-02
  4.68042940e-02 -6.34016320e-02  1.54282134e-02 -5.43592609e-02
 -2.11017001e-02 -2.50177458e-04 -1.37124788e-02 -1.12475358e-01
  6.45687878e-02  6.81641102e-02 -5.14954105e-02  7.49790221e-02
 -3.50035578e-02  2.67219003e-02  2.96416264e-02 -5.78161143e-02
  1.12388708e-01 -8.96046087e-02 -8.56811032e-02 -3.16197537e-02
 -5.80800250e-02  1.40701421e-02 -7.54516572e-02  3.41077261e-02
 -1.17007475e-02 -1.34926140e-02  3.70037407e-02  8.22554976e-02
  3.02956384e-02 -6.76337779e-02  2.10922258e-03 -2.42676158e-02
  5.00676334e-02 -3.47928591e-02  4.68133092e-02 -1.31903827e-01
  7.84871227e-04 -9.75229312e-03 -6.14034198e-02 -2.83172894e-02
  1.43533396e-02  9.46169645e-02 -1.53341731e-02  5.00461871e-33
  2.63408404e-02 -3.12431734e-02 -1.62453353e-02  9.27610323e-04
  1.03685558e-01 -1.71083342e-02  1.22858938e-02 -1.65651157e-01
  6.94568232e-02  6.29661009e-02 -2.95858132e-03 -1.86473541e-02
  5.13749197e-02  1.93563364e-02 -2.58216504e-02 -1.01947248e-01
  4.73184101e-02  7.28876069e-02  1.85300841e-03  5.83654232e-02
 -3.35759036e-02  7.72837829e-03  1.71590075e-02 -9.55827981e-02
 -1.01927752e-02  5.95152974e-02 -4.32924228e-03 -2.94347759e-02
 -3.28385159e-02  6.30702078e-03  6.01441413e-02 -8.00690502e-02
 -5.10309190e-02 -4.44662757e-02 -2.73218099e-02  3.92845906e-02
 -1.20526366e-02  4.92737666e-02 -7.83480927e-02 -3.19846012e-02
  4.27573882e-02 -3.71978804e-02 -4.23675366e-02  1.06488273e-01
 -5.66060133e-02  7.95820355e-02 -1.35201560e-02 -8.82429816e-03
 -4.81955409e-02  6.06639590e-03 -5.56189306e-02 -2.60520279e-02
  3.34487669e-02 -2.58133784e-02  4.62165140e-02  3.67561094e-02
 -7.34083587e-03 -5.82994074e-02  1.43598653e-02  2.68784799e-02
 -2.50003044e-03  3.50440592e-02 -4.50956114e-02  6.82297647e-02
  6.68925345e-02 -6.38710931e-02 -5.49792349e-02  7.71204531e-02
  2.48180609e-02  2.12009922e-02 -6.24016579e-03 -1.26338731e-02
 -4.05670069e-02 -1.69734992e-02  9.27951746e-03 -2.47472618e-03
 -2.47931425e-02  8.69332328e-02 -1.59587935e-02 -6.22437755e-03
 -6.43553585e-02  1.23114502e-02  3.87407057e-02 -4.55850214e-02
 -2.18607746e-02  5.68161486e-03  8.08245130e-03  5.46486164e-03
 -2.45536957e-02  2.30931882e-02  7.59395491e-03 -5.23124170e-03
  7.83572569e-02 -4.83391061e-02  2.51246411e-02 -1.16804779e-08
  4.15107459e-02  7.02956840e-02 -4.99039963e-02 -8.83294642e-03
  3.82922105e-02 -5.54758944e-02 -8.71874094e-02 -1.96403451e-02
  3.62811498e-02  1.68880478e-01  4.64102812e-02 -5.59120551e-02
  4.14006859e-02 -1.96699407e-02  3.04351673e-02  5.86562185e-03
 -5.96768036e-02  3.40988152e-02 -1.31188631e-01 -1.65895298e-02
  4.16943096e-02 -1.49391033e-02 -8.50130096e-02 -4.03520167e-02
  8.34958442e-03  3.32091451e-02 -4.61999811e-02  5.77921085e-02
 -7.49259740e-02 -6.98763365e-03 -1.19569590e-02  6.00666553e-02
 -8.81206468e-02 -1.22318361e-02  8.46608356e-03 -3.62370573e-02
 -3.15869488e-02  2.01157182e-02  4.10289802e-02 -7.28825629e-02
 -2.72965226e-02  5.46709672e-02  7.08891824e-02  1.78563781e-02
  1.53107671e-02  3.08803115e-02 -2.31675431e-03  5.68274781e-02
 -4.88199992e-03 -3.99824791e-02 -3.41653787e-02 -3.96707319e-02
  2.20686048e-02  1.36114145e-02  1.45116821e-02  2.79006027e-02
  3.32314260e-02  4.66709994e-02 -8.03136826e-03 -7.25310016e-03
  9.36895311e-02  6.55658171e-02 -5.31304404e-02  1.29376468e-03]"
370,Community Relations,Social,network,2,0.4181,"[-9.06887464e-03 -1.44336345e-02  1.55410888e-02 -5.71017619e-03
 -2.65271403e-02  4.72598746e-02  4.92379554e-02  2.11719051e-02
  4.16233875e-02 -3.65214571e-02 -9.79905110e-03  5.57299554e-02
  4.95545194e-03 -1.77323204e-02 -3.55880186e-02 -8.82021431e-03
  2.36999057e-02 -1.05129428e-01 -4.08336781e-02 -5.76096550e-02
 -3.96935940e-02 -4.56600711e-02 -5.96943721e-02 -4.29979451e-02
  6.66747317e-02  1.18348124e-02  5.19861747e-03  1.90469939e-02
 -3.85979712e-02 -1.13546461e-01  2.14055530e-03  1.25799077e-02
 -9.69686254e-04  4.16671764e-03 -9.39409658e-02 -8.54797289e-02
 -2.00576093e-02  5.39256744e-02  5.20365089e-02 -1.27495872e-02
  5.28263487e-02 -7.36283660e-02 -1.14991823e-02  3.10843419e-02
  1.20685650e-02 -4.76836646e-03  2.74432916e-02  3.88577916e-02
  4.30991203e-02 -1.76736899e-02 -2.36370750e-02 -2.58269552e-02
 -5.96161261e-02  7.40548745e-02  8.97108689e-02 -2.91402754e-03
 -2.90591791e-02  6.88104704e-02 -2.83623300e-02 -4.82266274e-04
  7.82168284e-02 -1.82516612e-02 -4.55075428e-02  4.07726765e-02
  8.57592896e-02  1.45994322e-02  2.93927118e-02  1.10734537e-01
 -2.84506548e-02 -4.37940732e-02  1.80908125e-02  3.54364365e-02
 -1.87908281e-02  7.96440989e-02  9.10540670e-02  3.37381959e-02
  9.69606116e-02 -1.65052190e-02  7.71944821e-02 -3.10251284e-02
  3.41340937e-02  4.44708839e-02 -3.39126848e-02 -1.63541380e-02
  7.45003065e-03 -6.51015192e-02 -2.71881465e-02  1.43849459e-02
 -4.86060418e-02 -5.76872826e-02 -9.83168408e-02  2.66064573e-02
 -5.56998979e-03  3.18655372e-02 -5.64004704e-02  1.91621052e-03
 -4.19844426e-02 -9.27629769e-02 -8.18044469e-02  2.39189342e-01
  1.48300901e-02  3.82733159e-03  7.26750121e-03 -2.94444505e-02
  1.67725664e-02  4.70330752e-03  1.08235907e-02  8.40408634e-03
  6.72248378e-02 -7.56753562e-03 -9.16835889e-02 -7.69063132e-03
 -9.96034667e-02  6.14659954e-03  1.05844466e-02 -4.84342314e-02
 -5.21629117e-03  5.82751632e-02  7.03155622e-02  2.30603898e-03
 -7.37300068e-02 -1.20368078e-02 -2.84992754e-02 -3.14282924e-02
 -7.70809967e-03 -2.49278788e-02  2.52223760e-03 -4.27942392e-33
 -2.75956821e-02 -7.38286972e-03 -1.14227524e-02 -7.28359853e-04
  8.98138955e-02  6.58954354e-03  8.17892980e-03 -3.68270241e-02
 -5.84987625e-02  5.42015675e-03 -1.22697406e-01  2.64071189e-02
  2.71710753e-03 -4.27732244e-03  1.24183491e-01 -4.47897464e-02
  8.05814639e-02 -1.34011460e-02  6.11022078e-02 -2.91419420e-02
 -8.01468343e-02 -4.85966802e-02  3.94838899e-02  6.47285627e-03
 -8.68178811e-03 -1.01592787e-01 -3.69295403e-02 -9.01642740e-02
  5.97037189e-02 -8.20336118e-03  2.14124424e-03  5.18303290e-02
  4.67933565e-02 -2.38519646e-02  1.88669544e-02  8.18094425e-03
 -4.24876169e-04 -3.96702774e-02  5.83711229e-02 -5.81883220e-03
 -2.20220685e-02  8.01635999e-03 -4.88923788e-02 -7.13530974e-03
 -2.86523625e-02  4.30800728e-02  3.53458524e-02  5.23560569e-02
 -7.47083575e-02  1.21079795e-01 -1.76474378e-02 -1.23412637e-02
 -2.86184121e-02  2.56264266e-02  6.38436750e-02  3.96561138e-02
  3.21021974e-02  4.31566797e-02  6.73776045e-02  3.58434618e-02
  5.63649721e-02  3.34690027e-02 -1.65049415e-02  4.04221527e-02
  2.84157600e-02  3.72292697e-02  2.36082468e-02 -2.55599786e-02
  7.60726258e-02 -2.73310393e-02 -9.81924757e-02 -1.67251769e-02
  2.37809494e-02 -4.42567747e-03  4.43218015e-02  4.72177863e-02
 -1.62372842e-01 -6.08827919e-04 -7.30973259e-02  6.88927323e-02
 -7.82242790e-02 -4.52570122e-04 -5.03893010e-02  7.17044473e-02
 -8.99508595e-03  3.16789821e-02 -3.64376120e-02 -9.41316560e-02
  4.19757143e-02  1.39930129e-01 -3.49425748e-02  2.07217392e-02
  8.24170336e-02  8.17966163e-02  9.43366718e-03  4.01407113e-33
 -7.41539150e-02  7.47032315e-02 -2.39946898e-02  4.51431014e-02
  3.81895490e-02 -1.85683761e-02  2.91851684e-02 -5.23220263e-02
 -7.84267858e-02  8.87722149e-02  5.03529496e-02 -7.47886300e-02
  6.93172142e-02 -2.38534641e-02  4.57389615e-02 -6.39591217e-02
  2.99084969e-02 -7.14639109e-03  9.05039068e-03  1.91261247e-02
 -6.16171211e-03 -2.36696028e-03 -7.22162127e-02 -4.63105887e-02
 -2.34676003e-02  5.37626222e-02  5.05592860e-02  1.38502680e-02
 -4.68709879e-02  3.93903181e-02 -5.10559306e-02 -2.39285901e-02
  9.18635819e-03  3.20141912e-02  2.68417094e-02  1.81714356e-01
  1.15722440e-01 -1.43652018e-02 -3.80570069e-02 -7.71164298e-02
  9.24814343e-02 -2.22939625e-02 -7.52446502e-02  1.17982738e-01
 -9.70066432e-03 -6.20719455e-02 -6.00806363e-02  1.00164330e-02
 -9.54163820e-02  1.30345291e-02 -2.57689357e-02  2.14231131e-03
  2.45065074e-02 -5.30345626e-02 -1.85878053e-02  6.89227358e-02
 -1.77407432e-02  2.06607003e-02  7.66593069e-02  6.23878241e-02
  2.55031828e-02 -1.21609963e-01 -7.94385150e-02  9.66227055e-02
 -2.49264147e-02  3.48247634e-03  4.12606969e-02  1.18794218e-02
  2.28791125e-02  6.45517334e-02 -8.50137975e-03  7.60193318e-02
  2.22143997e-03  1.86674371e-02 -6.86861277e-02 -4.46284786e-02
 -3.43173593e-02  5.73136732e-02 -5.01880646e-02  9.29148030e-03
 -6.17527962e-02  3.77668589e-02 -4.32203934e-02  7.46003166e-03
  2.51181908e-02 -4.87498427e-03  7.90240988e-02  2.03982554e-02
 -1.61517635e-02 -4.64625247e-02 -3.47135887e-02  1.39521258e-02
 -4.53075320e-02 -3.09433565e-02 -2.55362205e-02 -1.19712791e-08
 -1.00403979e-01  8.69427994e-03  9.06732958e-03 -1.85395237e-02
  4.18169871e-02  2.85051409e-02  5.01339585e-02 -3.24991695e-03
  2.30657235e-02  8.63081366e-02 -2.19446514e-02  5.24129951e-03
 -6.50678724e-02  4.53662574e-02  3.97397503e-02 -1.24256508e-02
 -3.03730443e-02 -5.61869293e-02 -1.92757156e-02  3.37230489e-02
  2.05099601e-02 -5.43973595e-03 -9.06897616e-03  9.28294733e-02
  4.97160703e-02 -2.46742312e-02  3.69007401e-02  8.64693299e-02
 -3.34115475e-02  5.25235161e-02 -3.63437831e-02  1.35291973e-02
  3.52591695e-03 -4.58823430e-04 -3.60522270e-02  1.83809716e-02
 -3.03734536e-03  2.77661011e-02  2.29826681e-02  1.16378060e-02
 -6.07094094e-02 -4.03706916e-02  3.28275561e-02 -3.99525091e-02
 -7.29671074e-03 -3.87921631e-02 -2.21544262e-02 -8.82562622e-03
  5.39398240e-03 -8.30811858e-02 -1.39891012e-02  1.06856991e-02
  3.58151738e-03 -4.22355515e-06  3.21875811e-02 -3.43200751e-02
  3.10844630e-02 -3.08962651e-02 -9.44533125e-02  8.96079317e-02
  1.79108828e-02  4.20556515e-02 -1.85997263e-02 -3.42651792e-02]"
371,Community Relations,Social,influence,1,0.4172,"[ 6.67276559e-03  4.06575873e-02 -1.45128993e-02  1.32162739e-02
  1.82077941e-02  2.27444228e-02  7.74739385e-02  1.80288143e-02
  2.58132350e-02  4.52182330e-02  5.13448417e-02  4.28156741e-02
  3.10601573e-02  1.35181667e-02  1.77108273e-02  1.40240109e-02
  3.24882492e-02 -5.19205257e-02 -2.06846744e-01 -4.02185172e-02
 -6.94198385e-02 -6.83177337e-02  3.17103341e-02 -3.75569984e-03
 -6.28658757e-02  9.91023984e-03 -3.09282634e-02  4.19801436e-02
  6.98245838e-02 -1.11316986e-01 -4.85473722e-02  6.25588521e-02
  2.47437526e-02 -1.83703471e-02 -1.09111093e-01  3.23995054e-02
  6.96803853e-02  1.67559702e-02  2.73499899e-02  1.74930599e-02
  2.05943771e-02 -1.76550988e-02  6.05423152e-02  7.98339769e-03
 -8.44614394e-03 -4.78721932e-02  7.10363165e-02  7.18128309e-02
 -2.66993437e-02  4.55303192e-02 -2.32676063e-02 -1.02019593e-01
 -2.80772503e-02 -4.04802663e-03  4.73479591e-02 -2.85079740e-02
 -1.92433875e-02  7.78477862e-02  1.42077217e-02 -2.26262789e-02
  3.47151887e-03 -1.98334530e-02 -5.66530526e-02 -1.01041729e-02
  9.72948130e-03  2.80818082e-02 -1.21037485e-02  2.99255420e-02
 -1.31943524e-01 -3.01335510e-02  1.49173319e-01 -3.38261276e-02
  4.22111750e-02 -2.20945980e-02  1.72152594e-02 -5.80198839e-02
 -1.20112114e-03  4.43635182e-03  8.68687108e-02 -2.64645368e-02
  7.57414624e-02 -6.27401099e-02 -4.83116880e-02  4.81763296e-02
 -6.44113198e-02 -3.44759524e-02  5.96171767e-02 -6.17315881e-02
 -7.15112037e-05  1.05104662e-01  1.21420398e-02  5.26758805e-02
  7.41158286e-03 -4.26006652e-02 -1.04116790e-01 -2.69205570e-02
 -3.14731002e-02 -4.60056886e-02 -1.94192920e-02  2.64248848e-01
 -5.21409046e-03  8.22905004e-02 -8.11648741e-02  3.72021869e-02
  3.77792530e-02 -9.48728807e-03 -4.19567451e-02  5.29891439e-02
  1.28778564e-02  5.61940260e-02 -7.22819120e-02  4.84396182e-02
 -4.83431257e-02  2.15761666e-03  8.92108604e-02 -7.18341917e-02
  2.27768496e-02  5.08617125e-02 -4.37691472e-02 -1.00986391e-01
  3.11606228e-02 -1.81623399e-02  1.38482479e-02  2.49550752e-02
 -7.42221624e-02 -4.08237353e-02 -5.91034144e-02 -5.72502630e-33
 -5.77025712e-02 -6.17002547e-02  4.23422195e-02  7.36085624e-02
  7.25265816e-02  3.03619765e-02 -3.45007144e-02 -1.50997965e-02
 -1.05082840e-01  1.03628449e-02 -3.81923118e-03  7.97293335e-02
  5.16304299e-02  2.32174038e-03  9.72671807e-02  1.92188993e-02
 -5.66746928e-02  1.80575550e-02 -7.27222860e-02  1.22948438e-02
 -2.49269772e-02  2.77093742e-02 -2.81051230e-02  2.23066062e-02
 -1.24336770e-02 -9.33279693e-02 -5.27443513e-02 -1.72729604e-03
  3.04247625e-02  1.41085014e-02  2.70404890e-02 -3.21350656e-02
 -9.31833033e-03 -1.22626409e-01 -4.19688411e-02 -3.20586888e-03
 -2.45912373e-02 -1.06860213e-01  7.24010766e-02  2.06529237e-02
 -3.43207307e-02  1.65074896e-02 -5.08302748e-02  4.47546551e-03
 -1.97959226e-02  1.04461350e-01  8.64301622e-02  1.22547802e-02
 -4.02505323e-02  1.39807621e-02  8.09410680e-03 -3.11188158e-02
  3.79595794e-02 -1.41550479e-02  3.90271768e-02 -2.78098192e-02
 -6.11928143e-02  4.24942607e-03  1.73020847e-02 -7.23552927e-02
  8.85865688e-02  1.02309734e-02 -5.25787473e-02  1.78939663e-02
  7.62426257e-02  2.39518508e-02 -7.47315912e-03 -7.13139772e-02
  3.83765250e-02  2.83670705e-03 -4.57033440e-02  4.15834226e-02
 -4.99453582e-02  1.69676915e-02 -3.73116694e-02 -4.28848416e-02
 -1.13285944e-01  2.87776277e-03  8.64601582e-02  5.25492914e-02
 -6.72516450e-02 -5.06565310e-02  4.38937582e-02  1.32196769e-02
 -3.99412267e-04  2.46977899e-02 -1.44268461e-02 -5.99393994e-02
 -1.04557583e-02  2.61165686e-02 -4.10167947e-02  2.91617634e-03
  4.47983854e-02  4.11081575e-02 -2.86865626e-02  4.49007324e-33
 -1.39905736e-01  2.96250992e-02  2.49413382e-02  2.52504330e-02
  8.18251371e-02  2.25584600e-02 -4.01669629e-02 -1.54276220e-02
  8.78767893e-02  4.47145589e-02 -1.48752676e-02 -1.62954573e-02
  4.49935421e-02 -2.07626668e-04  5.21271452e-02 -3.88071388e-02
  8.16496983e-02  1.08253593e-02 -7.35264197e-02 -9.85275116e-03
 -5.79616912e-02 -5.12497127e-02  3.02966647e-02 -2.69771880e-03
  5.43891474e-06  7.62464805e-03  7.32019544e-04  2.01513004e-02
 -2.61359233e-02 -1.52765755e-02 -1.49502605e-02 -3.28962132e-03
 -1.60936434e-02 -2.07550805e-02 -4.20141257e-02  1.30972281e-01
 -1.44780129e-02 -1.67129971e-02 -6.24721535e-02  2.15856824e-02
  3.99195682e-03  3.78480144e-02  4.65019308e-02  3.41570117e-02
 -3.57718132e-02  8.16806182e-02  2.70778984e-02  3.32009792e-02
  4.14890051e-03  4.89291474e-02 -3.03448364e-02  2.72028986e-02
  3.25003676e-02  7.59978443e-02 -3.56211024e-03  4.08484526e-02
  8.95656794e-02  1.71904415e-02  5.40128537e-02  7.15350127e-03
 -3.22092958e-02  5.15839122e-02 -3.96041945e-02 -7.06437044e-03
 -3.29459794e-02  3.06372857e-03 -3.50684226e-02  2.05621906e-02
  7.66534582e-02 -1.99837144e-02 -5.21181431e-03  3.12952022e-03
 -2.74896305e-02  2.15030704e-02 -6.70653284e-02 -4.81077805e-02
 -5.83981909e-02 -9.35647637e-04 -4.95280698e-02 -7.06522539e-02
 -8.33971240e-03 -7.05671869e-03  1.91719234e-02 -5.66218048e-02
 -7.12671131e-03  5.96614107e-02  6.60596490e-02 -4.01449986e-02
  2.74446681e-02  2.05349158e-02 -1.01546543e-02  3.31432605e-03
 -3.77572589e-02 -4.92713489e-02 -2.42116861e-02 -1.21474022e-08
 -2.72531677e-02 -1.90192759e-02  9.65738446e-02  7.46699423e-02
  5.65645471e-02  3.20271924e-02  8.78939126e-03  3.81194241e-02
 -3.12334858e-02  6.59350380e-02  6.95195165e-04  4.36330996e-02
  1.17341504e-02  3.56624909e-02  8.90582800e-02 -3.25384550e-02
 -1.51601462e-02 -2.91106999e-02 -5.51196709e-02 -5.86480973e-03
  1.08951582e-02 -9.80694080e-04  5.07469289e-02 -9.92320199e-03
  3.97169963e-02 -4.93546762e-02 -2.36175377e-02  3.54412533e-02
 -2.64781695e-02  5.02132177e-02  9.45671275e-03  1.50777716e-02
 -9.92174670e-02 -2.04175171e-02 -4.81525771e-02 -6.13645054e-02
 -7.27770403e-02 -5.32300845e-02  1.98103711e-02  9.63321626e-02
 -4.98391176e-03  3.93408723e-03  8.59349072e-02  5.28023206e-02
 -5.67887053e-02  1.08173816e-02 -5.45862783e-03 -6.82884008e-02
 -2.75442805e-02 -2.56710276e-02  8.15228280e-03 -5.55055998e-02
  2.06799898e-02  4.33661640e-02  1.98287051e-02  7.80639844e-03
 -2.79553644e-02  7.21689537e-02 -6.76338449e-02  5.44270538e-02
  1.44272655e-01  4.58753146e-02  4.20430116e-02  1.83174647e-02]"
372,Community Relations,Social,mutual,1,0.4161,"[-2.88233235e-02 -8.38106591e-03 -1.17776878e-02  2.35104375e-02
  2.35909354e-02 -3.12931240e-02  1.45915538e-01  1.28699252e-02
  8.47629160e-02  3.32758687e-02  2.73764655e-02 -5.10284193e-02
  2.78932452e-02  5.51975183e-02 -1.66409295e-02  1.74761917e-02
 -3.32766697e-02 -5.04848659e-02 -1.03016607e-01 -2.62175058e-03
 -9.50349718e-02  5.68311545e-04 -7.32731000e-02  1.26146907e-02
 -1.34746032e-02  5.34612462e-02  3.60587686e-02  3.94204780e-02
 -6.47664517e-02 -7.07256123e-02  4.59899334e-03  1.04245041e-02
 -4.46605682e-03  1.82910040e-02 -2.97395345e-02  3.67265311e-03
 -5.08467779e-02 -2.31798459e-03  5.66557460e-02 -3.81935798e-02
 -4.63812314e-02 -4.58643101e-02  4.51689251e-02  1.17288646e-03
 -7.36981407e-02  7.07292706e-02 -1.43363327e-02  7.60251191e-03
 -6.40710955e-03  6.99238628e-02 -8.74036402e-02  1.39198536e-02
 -5.93944453e-02  1.10174501e-02  8.43558460e-02  1.02785289e-01
 -6.10755607e-02  1.20580662e-02 -1.05089648e-02  4.90963981e-02
 -4.93313931e-03 -2.66910363e-02 -8.41377582e-03  5.45652471e-02
  1.03502125e-01 -2.68538408e-02  1.30182467e-02  1.12356938e-01
 -1.54693462e-02 -3.58903557e-02  3.87825854e-02  1.43895987e-02
 -1.54198119e-02  1.72284078e-02 -2.65478082e-02 -1.76757835e-02
  3.97931263e-02 -3.72233577e-02  3.48719694e-02 -5.31733073e-02
 -1.79396838e-01  2.60440353e-02  1.20221557e-04 -2.19318140e-02
 -2.16969624e-02 -6.37963042e-02  1.64370388e-02 -1.36111081e-02
  5.22401510e-03  8.22778326e-03 -1.20124459e-01  2.15022285e-02
  4.94391983e-03 -1.70274638e-02 -3.90996858e-02  5.75778484e-02
 -1.38127487e-02 -8.96526210e-04 -1.29833281e-01  2.51365215e-01
 -9.77152959e-03  5.48614822e-02 -1.10274747e-01  3.31362709e-02
  3.64348218e-02  1.89602748e-02 -2.45349258e-02 -4.46445942e-02
  1.05471779e-02 -1.68919750e-02 -5.17130382e-02  6.51003036e-04
  7.20981043e-03  1.55712757e-02  7.23996852e-03  5.63354082e-02
  2.28391532e-02  5.37489653e-02  1.81751356e-01 -6.76557571e-02
 -2.84671318e-02 -3.25637013e-02 -4.47014011e-02 -8.73610564e-03
 -9.15515646e-02 -7.62174129e-02  2.95573119e-02 -3.66666443e-33
  4.87120124e-03 -2.02527158e-02  1.93986762e-02  6.68798462e-02
 -5.11031412e-02 -8.79356544e-03 -6.97063282e-02  1.76491700e-02
 -1.17840156e-01 -3.56557891e-02 -3.51026915e-02  1.19792670e-01
 -2.21469607e-02  2.08204798e-02  8.60673040e-02 -3.63064208e-03
 -1.19706905e-02  6.21307902e-02  4.45316778e-03 -1.10909855e-02
 -2.86759790e-02  1.34871319e-01 -3.74230482e-02  5.31469937e-03
 -3.65824960e-02 -9.17079076e-02  3.16823013e-02 -6.98672011e-02
  7.19853044e-02  2.40212176e-02  6.46642130e-03  7.78911933e-02
 -8.38162284e-03 -4.26124930e-02  1.27694197e-02  1.99292600e-03
 -4.41391058e-02 -2.95996200e-02 -2.98281070e-02  4.26100045e-02
  9.24750045e-03 -3.63043360e-02 -1.77171736e-04 -2.97629703e-02
 -2.50664391e-02  2.39119790e-02  4.16831709e-02  4.05239426e-02
 -5.54431230e-02  1.05625528e-04 -2.43704841e-02 -5.95275834e-02
 -7.85333104e-03  3.76998372e-02 -5.18899597e-02  2.18981970e-02
  1.67637523e-02 -5.11783268e-03 -1.54856844e-02  4.62949388e-02
  6.37064278e-02  5.09836003e-02 -5.65206669e-02  3.68770561e-03
  1.20883556e-02  3.80153023e-02  5.96587062e-02 -1.58865489e-02
  7.47108310e-02 -2.37296056e-02 -6.19415902e-02  3.86602357e-02
 -3.14196460e-02  3.15812640e-02  8.43249075e-03 -1.00753475e-02
  1.49616376e-02 -2.28656214e-02 -1.36465896e-02 -5.68520697e-03
 -5.78546636e-02  7.35876635e-02  1.50829433e-02  5.30768223e-02
 -4.44823653e-02 -1.25616873e-02 -4.56098653e-02 -4.91205463e-03
 -2.22389083e-02  1.06563017e-01 -3.98409851e-02  1.92825310e-02
  1.34981766e-01  4.61517982e-02  2.33528167e-02  3.04483141e-33
 -4.05400917e-02 -4.89440933e-02  5.34152500e-02  6.88431561e-02
  7.57837892e-02  2.36026384e-03  5.60711585e-02 -5.15808687e-02
  1.02277203e-02  1.46394938e-01 -2.17230823e-02 -9.95918214e-02
  7.96633586e-02  3.52935269e-02 -1.81088857e-02  2.99338363e-02
  8.49795192e-02 -8.73684138e-03  4.91773300e-02 -6.13830145e-03
  3.04437056e-02  8.30556499e-04  2.41361633e-02 -2.67193839e-02
 -1.89021155e-02  5.72190955e-02  2.85364725e-02  9.90194269e-03
 -1.02699824e-01  2.14727428e-02  1.76478401e-02 -1.70031618e-02
 -9.81709436e-02 -4.50380612e-03  3.18369754e-02  8.24142620e-02
 -5.26205376e-02 -2.87913065e-02  2.97113601e-03 -5.21701761e-02
  1.60525348e-02  6.19060639e-03 -4.40953597e-02  1.34396881e-01
  3.73340249e-02 -2.77595948e-02 -1.88004575e-03 -7.47578517e-02
  5.06681167e-02  4.39082421e-02 -7.10706860e-02  1.74093246e-02
 -3.64245586e-02 -1.11239329e-01 -2.01851726e-02 -1.20659530e-01
 -1.87260390e-03  8.76555890e-02 -6.86975522e-03  1.98093969e-02
  9.95909516e-03 -1.14953192e-02 -4.31130864e-02  1.08338818e-01
 -4.22968715e-02  1.72703695e-02  5.91691700e-04 -4.34429944e-02
  4.77472879e-02  1.21384095e-02  5.06444722e-02  1.41305160e-02
 -1.11953970e-02 -5.32064773e-03  2.69237738e-02 -5.72052412e-02
 -2.77086999e-02 -6.86168373e-02 -7.22230878e-03  5.48771806e-02
 -2.90978774e-02  3.50577943e-03  7.21817790e-03  3.72139588e-02
 -2.68123299e-02  3.26232873e-02  4.90141520e-03  2.32148524e-02
 -4.17562947e-03 -1.12075815e-02  3.18864956e-02 -7.83641823e-03
 -3.12515488e-03 -6.22386746e-02 -7.54405335e-02 -1.18609256e-08
  4.08928171e-02 -5.50257713e-02 -3.66557761e-05 -3.03531568e-02
  3.16315256e-02  1.97878461e-02  2.46435776e-02 -3.52550969e-02
 -7.19902990e-03  1.04751483e-01 -1.20710046e-03  4.17532139e-02
 -2.79909186e-02  9.73711312e-02  3.05185765e-02 -5.77732995e-02
 -3.49756214e-03 -5.68743125e-02 -3.39997858e-02  1.80616099e-02
  3.61003317e-02 -2.95961462e-02 -4.23095413e-02  6.98102191e-02
 -6.00038618e-02  5.07342571e-04  9.44038108e-02 -1.54543128e-02
  3.92884761e-02  2.10262369e-02  3.74127156e-03  2.72010360e-02
 -7.20803663e-02 -3.42646539e-02 -3.25503126e-02 -3.25528905e-03
 -3.69111449e-02  2.50091832e-02  5.58147095e-02 -1.00181950e-02
 -1.03899678e-02  4.28708978e-02 -7.31579727e-04 -5.93040930e-03
  7.48831853e-02 -9.87975206e-03  1.05177902e-01 -8.24105889e-02
 -5.88746332e-02 -5.88685945e-02 -6.16960786e-03  2.58216970e-02
  1.82826295e-02  2.46010888e-02  3.75887863e-02 -4.87514026e-02
 -3.56167406e-02  4.88388576e-02 -3.97867188e-02 -9.45245102e-03
  5.01940325e-02 -2.34758370e-02 -2.30882708e-02 -5.63966893e-02]"
373,Community Relations,Social,attendees,1,0.4092,"[ 3.21687832e-02 -2.36333702e-02  5.72318910e-03  6.76779300e-02
 -6.83942810e-02  9.42596514e-03  1.11425161e-01 -5.42562045e-02
  4.78826463e-02  1.43527035e-02  5.29346475e-03 -2.05201544e-02
 -1.65615119e-02 -1.59079283e-02 -1.13707054e-02 -2.94402558e-02
  3.89932916e-02 -5.28031737e-02 -4.46400009e-02 -2.50533279e-02
 -1.25523448e-01 -5.80070615e-02 -2.39155837e-03  5.68997152e-02
 -2.23290361e-02 -1.50272092e-02 -4.26487662e-02 -1.04488516e-02
  2.70708725e-02 -2.71758307e-02 -2.77041029e-02  5.55128641e-02
  6.16921037e-02  4.31852527e-02 -3.59162800e-02  4.60317023e-02
  1.38742756e-02 -1.05088232e-02 -1.24564329e-02  3.01480535e-02
 -4.05211635e-02 -5.13982261e-03  5.14197499e-02 -2.32985206e-02
  5.18726185e-02 -3.67007591e-02  1.55074811e-02  5.16469926e-02
 -8.55604559e-03  5.44484071e-02  5.30004352e-02 -2.22606268e-02
  1.30182868e-02  1.87683571e-02  2.49251518e-02 -3.42215821e-02
 -1.75917093e-02 -1.33688435e-01  3.31510743e-03  5.76705812e-03
 -1.08608324e-03 -5.52967787e-02 -5.96507527e-02  2.37388723e-02
 -5.71796522e-02  1.62938591e-02  9.05934721e-03  1.17675558e-01
  6.91906959e-02 -3.56948711e-02  3.03464998e-02  5.32945916e-02
  2.70270891e-02  5.05317673e-02  7.25056529e-02 -3.73923890e-02
 -4.17029969e-02 -2.93310601e-02  4.79728170e-02  1.76114906e-02
 -1.38548771e-02 -5.83154596e-02  2.98113022e-02 -4.16311249e-02
  4.83119264e-02 -2.25525424e-02 -4.43872549e-02  4.34666686e-02
 -7.88893923e-02  3.30033638e-02 -1.38585955e-01  1.05905019e-01
  2.70541832e-02 -2.66023111e-02 -2.49494631e-02  3.06959357e-02
  3.19085270e-02 -1.32706473e-02  5.77050596e-02  2.27815092e-01
 -3.06499116e-02  1.39422521e-01 -1.89559441e-02 -9.76126641e-03
 -5.22577651e-02 -3.40899564e-02 -5.79373762e-02 -1.07055353e-02
  1.07155265e-02 -9.95244598e-04  1.11356750e-02  3.68186869e-02
  1.71320292e-03 -3.05646770e-02  1.10975932e-04  1.50436573e-02
  7.60050938e-02  6.16081655e-02  3.15911993e-02  1.00285402e-02
  1.71037186e-02  5.27403317e-02  4.73702662e-02 -3.95499589e-03
 -6.25797780e-03 -3.53114828e-02 -1.22864982e-02 -5.81640776e-33
 -1.04931360e-02 -7.52183124e-02  6.30834326e-03  7.90800825e-02
  6.23891875e-02  6.64556026e-02 -9.79979858e-02 -6.10333756e-02
  1.26167331e-02 -6.68625683e-02 -4.60483767e-02  8.91340431e-04
  8.46603587e-02  2.14873394e-03  8.45866725e-02 -6.67527467e-02
  4.96813431e-02  9.88936275e-02 -9.76720899e-02 -4.67971116e-02
 -7.23842531e-02  2.53462587e-02 -3.71831469e-02  7.20131174e-02
 -5.24807461e-02  4.82041501e-02  2.00393349e-02 -1.19965449e-02
  1.02627762e-01 -7.36742979e-03  7.48115703e-02  1.32202664e-02
  1.16968714e-02  4.13621450e-03  3.91692333e-02  5.26605397e-02
  4.52690907e-02 -9.77066681e-02  4.54092138e-02 -3.26150544e-02
 -3.90702896e-02  3.20092477e-02 -3.92242074e-02 -6.09610528e-02
 -5.36139682e-02  1.01353973e-01  1.80545431e-02 -4.04990744e-03
  1.76692158e-02  4.42229696e-02 -4.22637090e-02 -3.61005068e-02
 -2.33902745e-02  1.93185862e-02  2.45447680e-02 -7.29589090e-02
  4.35554534e-02 -6.63853809e-02  6.53230846e-02 -2.76209600e-02
  2.71388628e-02  1.26271755e-01 -3.52767073e-02  3.35823558e-02
 -2.98135616e-02 -5.24889119e-02 -1.71231329e-02 -9.56424028e-02
  8.94963890e-02  1.34911779e-02 -2.08765473e-02  6.02402836e-02
  1.08772726e-03 -9.98951029e-03 -4.48679291e-02  4.86807823e-02
  1.60520803e-02 -3.99183622e-03  1.24559682e-02  4.73080017e-02
  1.53059643e-02 -6.38202131e-02  4.12996635e-02 -9.90845263e-03
  4.41414583e-03  3.15604620e-02 -2.54142974e-02 -2.09898278e-02
 -1.25963585e-02  2.88587552e-03 -4.41014171e-02 -7.17642205e-03
  9.41023678e-02  5.37161306e-02 -4.71853316e-02  3.75549249e-33
  5.67544810e-02  8.24871659e-02 -3.71870324e-02 -2.35132482e-02
  1.08400330e-01 -2.80439686e-02  1.29274344e-02 -9.67325717e-02
  2.47996505e-02 -1.36470459e-02 -4.55341786e-02  1.51292216e-02
  5.61039373e-02  1.45582622e-02  6.38322532e-02 -5.12753911e-02
  1.12257294e-01  8.80626403e-03  1.54549303e-02  2.03955118e-02
 -5.63516170e-02 -6.11738451e-02  6.30466035e-03 -7.97043368e-02
 -2.97839064e-02  2.85465308e-02  7.66947195e-02 -4.00709324e-02
 -8.84810984e-02 -3.59897651e-02 -2.14062817e-02 -5.28795533e-02
 -5.33381142e-02  4.39428585e-03  3.02500855e-02  1.26997903e-01
 -8.08179192e-03  5.96044362e-02 -4.91686948e-02 -4.56233919e-02
  4.46748324e-02 -3.25392261e-02 -1.52877076e-02  1.04788110e-01
 -4.48050611e-02  4.26922888e-02 -8.15189108e-02  3.72981699e-03
 -5.37551194e-03 -1.86210182e-02 -1.60080194e-01 -4.16686796e-02
 -2.52682362e-02 -3.17586809e-02  3.44699398e-02  3.35477218e-02
 -1.54980803e-02 -4.24429849e-02  2.66111027e-02  3.92106511e-02
 -3.48804407e-02 -3.90843339e-02 -1.58303771e-02  7.40588829e-02
 -9.69709642e-03 -2.37062722e-02 -3.36545408e-02  2.99717449e-02
 -6.84472397e-02  2.89782882e-02  3.04964501e-02 -9.20956396e-03
 -6.18058443e-02  5.68777649e-03 -1.79735832e-02 -1.18828705e-02
 -6.90149739e-02  9.75244679e-03  5.33793448e-03  1.37782814e-02
 -5.37512489e-02  7.91669860e-02 -6.71769434e-04  2.53722891e-02
 -9.84140765e-03 -1.40880598e-02  9.37727839e-02  4.17150557e-02
 -6.92344531e-02  5.79769276e-02  5.82471937e-02 -4.91821766e-02
  7.42160007e-02 -1.20920904e-01 -7.24962493e-03 -1.08699556e-08
 -2.29644347e-02  1.63952149e-02 -9.31598153e-03 -3.55906859e-02
  6.16847090e-02 -5.80905080e-02 -3.23317349e-02  2.69682743e-02
  7.93983601e-03  6.07836097e-02 -3.86453904e-02  9.08955291e-04
  2.57467423e-02 -7.42640230e-04  1.00893721e-01  3.90740298e-02
 -1.08546741e-01  3.87718529e-03 -9.92548764e-02 -7.90939182e-02
  2.01001521e-02  6.76976610e-03  4.80506048e-02 -5.38242701e-03
  1.42480880e-02  6.02331646e-02 -1.42282732e-02  5.98743074e-02
 -2.66628060e-03 -4.69842507e-03 -8.54831338e-02  1.38950266e-03
 -1.12283323e-02 -4.39844616e-02  7.28066936e-02 -3.63147594e-02
 -9.08199623e-02 -7.05600604e-02  8.53205994e-02 -6.65088817e-02
 -5.43186031e-02 -5.12125641e-02  4.48798165e-02  4.96643670e-02
  7.62410238e-02  2.41668206e-02 -1.33715505e-02  1.42578280e-03
 -6.04206808e-02 -4.61417623e-02 -4.28708456e-02 -3.97004671e-02
  2.88063101e-02  3.68327871e-02 -3.46546732e-02  3.11406106e-02
  2.47726254e-02  2.41951048e-02  7.30732083e-02 -1.49510140e-02
  4.69121821e-02  2.68425178e-02 -5.69424182e-02 -4.17575799e-03]"
374,Community Relations,Social,related,2,0.4074,"[-5.15605099e-02  4.90313880e-02 -5.72755039e-02 -9.00181849e-03
 -1.98628195e-02 -2.14590300e-02  8.52049962e-02  6.54745921e-02
 -2.68013515e-02 -6.68246523e-02  4.26205918e-02  2.37246230e-02
  3.74922380e-02  4.95467931e-02 -7.38941208e-02 -4.38090712e-02
 -1.05547989e-02 -3.71343382e-02 -1.45476267e-01 -3.47231291e-02
 -6.96047321e-02 -2.07607709e-02  3.92603092e-02 -6.38737809e-04
 -6.84389696e-02  4.02965881e-02 -2.59300191e-02 -2.98562944e-02
  7.71668851e-02 -4.30533811e-02 -3.41897160e-02  6.10752776e-02
 -7.78839644e-03 -3.64664532e-02 -4.77536917e-02  1.02483230e-02
 -2.16705296e-02  5.86474650e-02  3.42939124e-02 -4.02674377e-02
 -5.81189692e-02  1.17389644e-02  3.69316190e-02 -2.35743206e-02
  3.96044403e-02  5.57176620e-02 -4.25606519e-02  2.45078765e-02
  7.86159281e-03  9.24112871e-02 -9.39329714e-02 -1.64361764e-02
 -3.36488150e-02 -2.80760769e-02  4.14312519e-02  5.33755496e-02
 -6.66370243e-02 -3.90570052e-03 -3.73977460e-02  5.42408265e-02
  1.08495042e-01 -1.51983928e-02 -7.82724991e-02 -1.55695640e-02
 -7.16732293e-02 -3.54833454e-02  1.79920606e-02 -7.69249490e-03
 -4.12367731e-02 -4.67881262e-02  4.20226194e-02  2.46536136e-02
 -4.56658080e-02  9.08244252e-02 -4.05245982e-02  7.61628002e-02
  1.08775252e-03  5.54784946e-03 -2.87093744e-02 -6.42428696e-02
 -2.96219662e-02  1.23095557e-01 -5.75736314e-02 -3.93286049e-02
 -7.14084953e-02 -5.55598848e-02  2.14729253e-02 -3.80644612e-02
  3.74323055e-02  3.44743542e-02 -3.72034796e-02  9.18544736e-03
  2.56732535e-02  9.72944871e-03 -4.27746847e-02  1.00701619e-02
  5.21081984e-02 -4.73787673e-02 -8.94541517e-02  2.30922967e-01
  3.19220382e-03  7.56022632e-02 -6.22355789e-02  1.05495648e-02
 -4.90363352e-02 -3.70371230e-02 -2.50496827e-02  1.80607270e-02
  4.28203903e-02 -1.86234899e-02 -1.21284030e-01  4.09037247e-02
 -7.11685270e-02  4.66701612e-02  1.81211978e-02  2.87212245e-02
  5.37600368e-02  4.12510224e-02  2.17062850e-02 -5.38167916e-02
  2.15994399e-02  5.40198646e-02 -9.39948261e-02  2.17152778e-02
  1.18526658e-02 -1.26867369e-01 -7.14690089e-02 -3.86765412e-33
  1.88345499e-02 -2.94120908e-02  5.03549576e-02 -3.77271115e-03
  7.50383362e-02 -3.52226421e-02 -3.61832902e-02  6.80351704e-02
 -9.04926062e-02  4.11813520e-03 -6.56602085e-02  4.11684699e-02
 -5.66295534e-02 -6.16734028e-02  8.83387849e-02 -9.92103945e-03
 -2.86114588e-03  1.08544357e-01 -6.28474578e-02 -3.67943645e-02
 -7.40672648e-02  6.65256977e-02 -2.26533264e-02  4.28718328e-02
 -4.17454019e-02 -9.31861158e-03  6.35942295e-02 -6.06083684e-03
  7.99488742e-03  7.79135246e-03  5.34048975e-02  7.25680143e-02
 -2.75842436e-02 -5.12381718e-02 -3.07318754e-03 -1.27030315e-03
  3.56470495e-02 -1.57418430e-01  9.50564537e-03  4.69754525e-02
  7.32088508e-03  9.67665482e-03 -5.58033586e-02 -2.03526262e-02
  1.62799135e-02  2.49260068e-02  5.11788465e-02 -4.87140045e-02
  3.10088322e-02  1.21082074e-03 -5.22544682e-02 -5.59904240e-02
 -1.87228005e-02 -2.47034859e-02 -1.62810124e-02 -3.36131863e-02
  3.40427868e-02  6.75622048e-03  5.09328693e-02  6.59267381e-02
  8.90583992e-02  6.19249009e-02 -2.11880505e-02  1.65564311e-03
 -5.48127433e-03  1.60504002e-02  4.90342230e-02 -4.65315394e-03
  6.38823807e-02 -1.54082179e-02 -5.83244227e-02  3.85455787e-02
  5.64187206e-02 -1.24135625e-03 -5.79418009e-03  2.04167925e-02
 -8.15506466e-03  9.26743494e-04 -1.63401421e-02  6.53729439e-02
 -6.05852865e-02 -4.18789499e-03  6.30564243e-02  1.78597048e-02
 -4.15748060e-02  3.06404736e-02  2.18029357e-02 -2.94791795e-02
  9.11656022e-03 -2.11954620e-02  3.71524040e-03  6.12416444e-03
  1.22208418e-02  4.33883071e-02 -1.19267041e-02  2.09095098e-33
 -4.21075560e-02 -3.12994868e-02 -5.31401671e-02  9.67413746e-03
  6.60845041e-02 -5.15943859e-04  8.98699984e-02 -5.58566768e-03
 -1.25691609e-03  9.30724852e-03 -2.09007598e-02 -2.32574679e-02
  5.10428858e-04  3.99736203e-02  6.54864982e-02 -8.17294978e-03
  2.99598519e-02  4.22993228e-02 -4.14519012e-02  4.77606207e-02
  2.21357797e-03  2.49970816e-02 -2.80914512e-02 -9.51130688e-03
 -4.02704440e-02  5.93882985e-02  6.58249259e-02  5.76634482e-02
 -7.54669830e-02  1.15674697e-02 -2.57571470e-02 -3.96173727e-03
 -6.82358220e-02 -8.34663808e-02  1.14551233e-02  1.27084270e-01
  1.25310328e-02  2.89271446e-03 -3.90223339e-02 -9.04090777e-02
  1.16918832e-01  4.10890430e-02 -1.72385331e-02  1.38277933e-01
 -2.22665947e-02 -4.14485186e-02  1.94865942e-03  3.89471352e-02
  8.64413232e-02  9.69336554e-03 -4.19189408e-02  1.20043484e-02
  1.84037667e-02 -1.45657267e-02  2.78098304e-02 -2.46263333e-02
  3.39260921e-02 -1.43512143e-02 -3.80591415e-02 -7.77161680e-03
  3.25925574e-02  6.27780035e-02 -4.61126082e-02  4.96706255e-02
 -1.05777439e-02  2.40331050e-02 -5.59456833e-02 -5.12959585e-02
  7.79653415e-02 -6.55742809e-02 -3.20558180e-03 -1.49663547e-02
 -2.14661025e-02  3.39007750e-02 -3.21371034e-02 -4.46740128e-02
 -7.17358440e-02  1.30023360e-02 -1.18747225e-03  2.06350908e-02
 -7.05706552e-02  2.84173694e-02 -7.41757229e-02  3.73025797e-02
 -7.36843571e-02 -5.29331118e-02  4.90536503e-02  1.19122965e-02
  1.10226276e-03 -2.76973918e-02 -7.60657936e-02 -1.94189157e-02
 -1.54476771e-02  2.46625189e-02  2.13971827e-02 -1.34230689e-08
  1.64594781e-02 -7.05129281e-02 -2.43137078e-03 -1.30146630e-02
  7.66670182e-02  6.33152574e-02  8.87627155e-03  2.68600769e-02
 -7.23167062e-02  1.01566344e-01  6.04989417e-02 -3.90956597e-03
  1.55154979e-02  4.50544246e-02  6.42560720e-02 -3.27922851e-02
 -7.97851104e-03  9.13616363e-03 -1.40078608e-02  6.89850003e-02
 -1.99353434e-02  9.15175118e-03  6.37104064e-02  6.05630502e-02
 -8.85619596e-03  8.07568524e-03  1.04207911e-01  8.50172415e-02
  6.26223758e-02 -4.68187034e-02 -4.36242893e-02 -4.54038009e-02
 -8.04665983e-02 -1.38763785e-01 -6.25826232e-03  3.16294171e-02
  1.58384740e-02 -4.23774086e-02  3.70423645e-02  3.91278304e-02
 -2.53603347e-02 -7.01862574e-02  7.10103288e-02  2.22103298e-02
  6.94028512e-02  1.13013787e-02  3.75140086e-02 -2.38321181e-02
 -1.81347188e-02 -7.21938610e-02 -1.24455474e-01  2.55674738e-02
 -2.96430718e-02  4.15352099e-02  4.06536646e-03  1.61061957e-02
 -5.64787313e-02 -1.07468935e-02  2.60215700e-02  7.12011829e-02
  1.39436871e-01  3.01711261e-02  1.24449305e-01  3.15779373e-02]"
375,Access to Communications,Social,communications,1,0.7942,"[ 2.18951167e-03 -2.32663117e-02 -2.48844246e-03 -3.99292149e-02
 -5.48990853e-02 -2.39997748e-02  1.02104843e-01 -1.64329465e-02
  3.63815837e-02 -3.15025076e-02  5.32922521e-03  5.40589616e-02
 -1.28602711e-02  1.05190696e-02  3.73350084e-02 -6.59276098e-02
  7.98572749e-02 -7.21661448e-02 -4.64559682e-02 -5.16957194e-02
  9.61247925e-03  4.59011644e-02 -4.99444548e-03  1.70749184e-02
  3.34699899e-02 -5.68653457e-03  4.41603214e-02  1.23805199e-02
 -1.88486259e-02 -6.36118725e-02  7.32597010e-03  4.67841588e-02
  8.03879425e-02  4.63173017e-02 -1.00051083e-01  6.97290674e-02
  5.91039024e-02 -2.09457637e-03  1.29508702e-02  5.52323386e-02
 -6.46606758e-02 -6.57032356e-02  7.33032962e-03  9.02458746e-03
 -1.64542049e-02 -3.84743623e-02  3.28163467e-02  6.74545392e-02
 -9.27197933e-02 -5.09224273e-02 -3.23758624e-03  1.20419646e-02
 -2.94914879e-02  1.08404495e-01  3.71039361e-02 -3.54550518e-02
 -6.67588338e-02  1.33017957e-01 -2.02160757e-02  5.61928600e-02
  1.15247779e-02 -1.29944850e-02 -7.20033273e-02  4.98126559e-02
  3.39993015e-02  1.17691886e-02  3.43374647e-02  1.21690109e-01
 -6.21081404e-02 -1.61647256e-02  1.66210700e-02 -3.64074856e-02
  1.90856941e-02  4.14585508e-02  9.97056961e-02 -2.21706331e-02
  3.90731506e-02  2.95794699e-02  6.43582866e-02 -2.25054342e-02
  3.37774046e-02 -4.83874716e-02 -4.79221866e-02 -1.97361819e-02
  2.08206568e-02 -7.41930678e-02 -6.63890913e-02 -2.15602648e-02
 -8.05202574e-02 -4.09591496e-02 -5.38675301e-02 -5.32292239e-02
  1.97308161e-03  6.37813061e-02 -1.02425218e-01 -2.09753346e-02
 -5.08552976e-02 -9.80750546e-02 -4.76219282e-02  1.97143614e-01
  2.97091957e-02  1.44225443e-02 -3.14203613e-02 -4.11212146e-02
 -5.54938503e-02 -6.72210604e-02 -2.64799166e-02  3.91603187e-02
  2.01265626e-02  2.78320648e-02 -6.54035732e-02  1.14811929e-02
 -6.84902444e-02  3.29430886e-02 -2.62160762e-03 -2.90068914e-04
  1.68266706e-02  9.74876285e-02  1.09530739e-01 -1.31166112e-02
 -5.40231615e-02 -4.65890318e-02 -2.89600305e-02  3.56637612e-02
 -2.71939412e-02 -5.89077696e-02  1.10235196e-02 -4.98313361e-33
 -2.69196555e-02  4.55174334e-02  4.54395497e-03  1.33226261e-01
  8.31304118e-03  8.45668912e-02 -3.27070914e-02 -1.66249983e-02
 -7.26600876e-04  5.79488697e-03 -2.62050647e-02  7.43236914e-02
  3.84308808e-02  1.44509971e-02  8.89386013e-02 -4.60719168e-02
 -6.34970739e-02  7.65847564e-02  8.68419092e-03 -3.43076102e-02
 -1.93931833e-02  2.65899133e-02  2.26000999e-03  6.22721016e-03
  7.34779313e-02 -6.09621406e-02  3.10627697e-03 -1.34410515e-01
  5.46195917e-02  2.94980407e-03 -6.04460798e-02  9.08119902e-02
  3.71992067e-02 -2.95491721e-02  4.03941423e-02  8.27133283e-03
  4.49338835e-03 -8.94080028e-02  2.10153535e-02 -3.96756362e-03
  1.53450388e-02 -1.11110574e-02 -5.82823642e-02 -1.43186217e-02
  2.18071248e-02  4.25741263e-02  2.01074183e-02 -2.95264125e-02
 -5.15551940e-02  2.51829885e-02 -3.36769074e-02 -3.00793555e-02
 -6.04040921e-02  2.02105325e-02  1.09377407e-01 -3.28872073e-03
  2.36436520e-02  2.81155519e-02  4.16055135e-03  4.29670401e-02
  2.14729942e-02  7.31417164e-02 -1.30609004e-02 -4.01411131e-02
  6.95350692e-02 -8.97616206e-04 -8.49418342e-02 -5.32592461e-02
  7.27846399e-02 -4.48090397e-02 -4.63401265e-02  3.54050919e-02
 -2.59886961e-02 -9.46725253e-03  8.52041412e-03  3.89047451e-02
 -4.34381440e-02  8.70600156e-03 -9.76328645e-03  8.77397656e-02
 -9.79992598e-02 -2.52412539e-03 -3.12732868e-02  4.26633283e-02
  4.51666228e-02  3.44552062e-02 -6.36880612e-03 -8.26214254e-02
 -1.26841655e-02  8.49788859e-02 -7.91807249e-02  3.00718285e-02
  2.20476426e-02  8.46637636e-02  1.46556599e-02  3.84314029e-33
 -8.19557011e-02  1.05565906e-01 -5.00157848e-02  4.94750328e-02
 -1.31990127e-02 -3.96637581e-02  7.34307840e-02 -1.60922799e-02
 -5.80029609e-03  3.48514616e-02 -3.28419916e-02 -5.85223064e-02
  1.85192320e-02  3.97604778e-02 -2.31368560e-02 -8.26308802e-02
  1.17297724e-01 -4.57512587e-02 -4.80582239e-03 -9.26642772e-03
  2.13432666e-02 -7.04959873e-03 -6.53083995e-02 -4.95896228e-02
 -1.63829904e-02  1.09560220e-02  6.90211216e-03  1.34545192e-03
 -1.94309894e-02  7.86712579e-03 -4.82064998e-03 -1.05704833e-02
  5.38556278e-03  2.21448224e-02 -2.16436442e-02  8.12972188e-02
  7.26317763e-02  3.02302223e-02 -2.43097004e-02 -2.77465489e-02
  1.09417900e-01  2.20498554e-02 -3.42905242e-03  8.87169242e-02
  6.85470179e-03 -7.77802840e-02 -8.36658627e-02 -2.16253325e-02
 -8.78535062e-02 -2.50019785e-02  3.90094221e-02 -8.73070583e-03
  1.74697489e-02 -5.47130890e-02 -6.77369237e-02  5.54316975e-02
 -2.09248494e-02  2.19718134e-03  1.62847042e-02  3.64685580e-02
  4.96544503e-02 -3.15325186e-02 -5.96537255e-03  2.90288143e-02
  1.24569852e-02  4.83792163e-02  3.26446593e-02 -8.48313607e-03
  7.34518990e-02  3.53763923e-02  1.02286004e-01  2.72358321e-02
 -6.10409379e-02 -2.88277585e-02  2.62428336e-02  3.80357653e-02
 -9.24144909e-02  2.51898412e-02 -9.72571000e-02  4.11193520e-02
 -4.32583690e-02  8.44209865e-02 -3.49504016e-02  2.45274138e-02
  1.69945229e-02  6.82806894e-02  8.80276412e-02 -5.01863882e-02
 -3.07275541e-02 -1.00904293e-01 -4.35192510e-03  1.95006561e-02
  1.13120060e-02 -2.34582927e-02 -3.06802616e-02 -1.13652776e-08
 -8.70901272e-02 -6.74752966e-02 -2.17552073e-02 -7.58013576e-02
  1.98359713e-02  3.34180780e-02  2.33934280e-02 -8.16312209e-02
  4.06507403e-02 -4.47301893e-04 -5.49275205e-02  1.10711465e-02
 -3.10854372e-02  6.44178689e-02  1.04057588e-01 -1.38135552e-02
 -6.57102466e-03 -1.04166858e-01 -3.97010632e-02  1.85508933e-02
  1.07181378e-01 -9.45142657e-03 -3.06381527e-02  1.20049603e-01
  2.51526795e-02  3.92619940e-03  7.37114102e-02  2.45386884e-02
  8.19376856e-03  4.73406166e-03 -5.02704121e-02 -2.25086678e-02
  1.51240006e-02  2.26818696e-02 -5.48745431e-02 -1.78398285e-02
 -1.50045461e-03 -6.33493885e-02  1.43056288e-02  1.84809603e-02
  1.69762112e-02 -4.35931720e-02 -2.18564253e-02  3.36226895e-02
  1.17975861e-01  4.45789099e-02 -1.51789095e-03 -5.65588800e-03
 -6.17577247e-02 -4.33455147e-02 -4.09538262e-02  5.52373789e-02
  3.15435082e-02 -2.21115649e-02  2.62342189e-02 -4.07541059e-02
  2.29764227e-02 -5.01553752e-02 -5.14386483e-02  7.68338069e-02
 -1.02892686e-02  1.18227676e-01 -3.20620947e-02  1.26169827e-02]"
376,Access to Communications,Social,network,2,0.5511,"[-9.06887464e-03 -1.44336345e-02  1.55410888e-02 -5.71017619e-03
 -2.65271403e-02  4.72598746e-02  4.92379554e-02  2.11719051e-02
  4.16233875e-02 -3.65214571e-02 -9.79905110e-03  5.57299554e-02
  4.95545194e-03 -1.77323204e-02 -3.55880186e-02 -8.82021431e-03
  2.36999057e-02 -1.05129428e-01 -4.08336781e-02 -5.76096550e-02
 -3.96935940e-02 -4.56600711e-02 -5.96943721e-02 -4.29979451e-02
  6.66747317e-02  1.18348124e-02  5.19861747e-03  1.90469939e-02
 -3.85979712e-02 -1.13546461e-01  2.14055530e-03  1.25799077e-02
 -9.69686254e-04  4.16671764e-03 -9.39409658e-02 -8.54797289e-02
 -2.00576093e-02  5.39256744e-02  5.20365089e-02 -1.27495872e-02
  5.28263487e-02 -7.36283660e-02 -1.14991823e-02  3.10843419e-02
  1.20685650e-02 -4.76836646e-03  2.74432916e-02  3.88577916e-02
  4.30991203e-02 -1.76736899e-02 -2.36370750e-02 -2.58269552e-02
 -5.96161261e-02  7.40548745e-02  8.97108689e-02 -2.91402754e-03
 -2.90591791e-02  6.88104704e-02 -2.83623300e-02 -4.82266274e-04
  7.82168284e-02 -1.82516612e-02 -4.55075428e-02  4.07726765e-02
  8.57592896e-02  1.45994322e-02  2.93927118e-02  1.10734537e-01
 -2.84506548e-02 -4.37940732e-02  1.80908125e-02  3.54364365e-02
 -1.87908281e-02  7.96440989e-02  9.10540670e-02  3.37381959e-02
  9.69606116e-02 -1.65052190e-02  7.71944821e-02 -3.10251284e-02
  3.41340937e-02  4.44708839e-02 -3.39126848e-02 -1.63541380e-02
  7.45003065e-03 -6.51015192e-02 -2.71881465e-02  1.43849459e-02
 -4.86060418e-02 -5.76872826e-02 -9.83168408e-02  2.66064573e-02
 -5.56998979e-03  3.18655372e-02 -5.64004704e-02  1.91621052e-03
 -4.19844426e-02 -9.27629769e-02 -8.18044469e-02  2.39189342e-01
  1.48300901e-02  3.82733159e-03  7.26750121e-03 -2.94444505e-02
  1.67725664e-02  4.70330752e-03  1.08235907e-02  8.40408634e-03
  6.72248378e-02 -7.56753562e-03 -9.16835889e-02 -7.69063132e-03
 -9.96034667e-02  6.14659954e-03  1.05844466e-02 -4.84342314e-02
 -5.21629117e-03  5.82751632e-02  7.03155622e-02  2.30603898e-03
 -7.37300068e-02 -1.20368078e-02 -2.84992754e-02 -3.14282924e-02
 -7.70809967e-03 -2.49278788e-02  2.52223760e-03 -4.27942392e-33
 -2.75956821e-02 -7.38286972e-03 -1.14227524e-02 -7.28359853e-04
  8.98138955e-02  6.58954354e-03  8.17892980e-03 -3.68270241e-02
 -5.84987625e-02  5.42015675e-03 -1.22697406e-01  2.64071189e-02
  2.71710753e-03 -4.27732244e-03  1.24183491e-01 -4.47897464e-02
  8.05814639e-02 -1.34011460e-02  6.11022078e-02 -2.91419420e-02
 -8.01468343e-02 -4.85966802e-02  3.94838899e-02  6.47285627e-03
 -8.68178811e-03 -1.01592787e-01 -3.69295403e-02 -9.01642740e-02
  5.97037189e-02 -8.20336118e-03  2.14124424e-03  5.18303290e-02
  4.67933565e-02 -2.38519646e-02  1.88669544e-02  8.18094425e-03
 -4.24876169e-04 -3.96702774e-02  5.83711229e-02 -5.81883220e-03
 -2.20220685e-02  8.01635999e-03 -4.88923788e-02 -7.13530974e-03
 -2.86523625e-02  4.30800728e-02  3.53458524e-02  5.23560569e-02
 -7.47083575e-02  1.21079795e-01 -1.76474378e-02 -1.23412637e-02
 -2.86184121e-02  2.56264266e-02  6.38436750e-02  3.96561138e-02
  3.21021974e-02  4.31566797e-02  6.73776045e-02  3.58434618e-02
  5.63649721e-02  3.34690027e-02 -1.65049415e-02  4.04221527e-02
  2.84157600e-02  3.72292697e-02  2.36082468e-02 -2.55599786e-02
  7.60726258e-02 -2.73310393e-02 -9.81924757e-02 -1.67251769e-02
  2.37809494e-02 -4.42567747e-03  4.43218015e-02  4.72177863e-02
 -1.62372842e-01 -6.08827919e-04 -7.30973259e-02  6.88927323e-02
 -7.82242790e-02 -4.52570122e-04 -5.03893010e-02  7.17044473e-02
 -8.99508595e-03  3.16789821e-02 -3.64376120e-02 -9.41316560e-02
  4.19757143e-02  1.39930129e-01 -3.49425748e-02  2.07217392e-02
  8.24170336e-02  8.17966163e-02  9.43366718e-03  4.01407113e-33
 -7.41539150e-02  7.47032315e-02 -2.39946898e-02  4.51431014e-02
  3.81895490e-02 -1.85683761e-02  2.91851684e-02 -5.23220263e-02
 -7.84267858e-02  8.87722149e-02  5.03529496e-02 -7.47886300e-02
  6.93172142e-02 -2.38534641e-02  4.57389615e-02 -6.39591217e-02
  2.99084969e-02 -7.14639109e-03  9.05039068e-03  1.91261247e-02
 -6.16171211e-03 -2.36696028e-03 -7.22162127e-02 -4.63105887e-02
 -2.34676003e-02  5.37626222e-02  5.05592860e-02  1.38502680e-02
 -4.68709879e-02  3.93903181e-02 -5.10559306e-02 -2.39285901e-02
  9.18635819e-03  3.20141912e-02  2.68417094e-02  1.81714356e-01
  1.15722440e-01 -1.43652018e-02 -3.80570069e-02 -7.71164298e-02
  9.24814343e-02 -2.22939625e-02 -7.52446502e-02  1.17982738e-01
 -9.70066432e-03 -6.20719455e-02 -6.00806363e-02  1.00164330e-02
 -9.54163820e-02  1.30345291e-02 -2.57689357e-02  2.14231131e-03
  2.45065074e-02 -5.30345626e-02 -1.85878053e-02  6.89227358e-02
 -1.77407432e-02  2.06607003e-02  7.66593069e-02  6.23878241e-02
  2.55031828e-02 -1.21609963e-01 -7.94385150e-02  9.66227055e-02
 -2.49264147e-02  3.48247634e-03  4.12606969e-02  1.18794218e-02
  2.28791125e-02  6.45517334e-02 -8.50137975e-03  7.60193318e-02
  2.22143997e-03  1.86674371e-02 -6.86861277e-02 -4.46284786e-02
 -3.43173593e-02  5.73136732e-02 -5.01880646e-02  9.29148030e-03
 -6.17527962e-02  3.77668589e-02 -4.32203934e-02  7.46003166e-03
  2.51181908e-02 -4.87498427e-03  7.90240988e-02  2.03982554e-02
 -1.61517635e-02 -4.64625247e-02 -3.47135887e-02  1.39521258e-02
 -4.53075320e-02 -3.09433565e-02 -2.55362205e-02 -1.19712791e-08
 -1.00403979e-01  8.69427994e-03  9.06732958e-03 -1.85395237e-02
  4.18169871e-02  2.85051409e-02  5.01339585e-02 -3.24991695e-03
  2.30657235e-02  8.63081366e-02 -2.19446514e-02  5.24129951e-03
 -6.50678724e-02  4.53662574e-02  3.97397503e-02 -1.24256508e-02
 -3.03730443e-02 -5.61869293e-02 -1.92757156e-02  3.37230489e-02
  2.05099601e-02 -5.43973595e-03 -9.06897616e-03  9.28294733e-02
  4.97160703e-02 -2.46742312e-02  3.69007401e-02  8.64693299e-02
 -3.34115475e-02  5.25235161e-02 -3.63437831e-02  1.35291973e-02
  3.52591695e-03 -4.58823430e-04 -3.60522270e-02  1.83809716e-02
 -3.03734536e-03  2.77661011e-02  2.29826681e-02  1.16378060e-02
 -6.07094094e-02 -4.03706916e-02  3.28275561e-02 -3.99525091e-02
 -7.29671074e-03 -3.87921631e-02 -2.21544262e-02 -8.82562622e-03
  5.39398240e-03 -8.30811858e-02 -1.39891012e-02  1.06856991e-02
  3.58151738e-03 -4.22355515e-06  3.21875811e-02 -3.43200751e-02
  3.10844630e-02 -3.08962651e-02 -9.44533125e-02  8.96079317e-02
  1.79108828e-02  4.20556515e-02 -1.85997263e-02 -3.42651792e-02]"
377,Access to Communications,Social,technologies,3,0.4173,"[-4.64739911e-02  3.75833623e-02 -3.34711783e-02 -2.40879580e-02
 -4.12587151e-02 -5.15226014e-02  9.48352888e-02  6.21549897e-02
 -1.06457323e-02  3.92235890e-02  5.90983145e-02 -3.28276865e-02
  2.51034386e-02  3.41431163e-02 -3.00158467e-02 -6.46305969e-03
 -1.13659305e-02 -4.51947674e-02 -3.70314270e-02 -7.00873062e-02
  4.65393811e-03 -2.41919700e-02  3.27677764e-02  7.85314851e-03
 -3.78349423e-02  8.90800953e-02 -3.61193493e-02 -8.26980397e-02
  4.42393869e-02 -3.32393758e-02 -5.39507121e-02  1.06623061e-01
 -3.10692489e-02 -9.27387457e-03 -6.62474483e-02  2.79948022e-02
  6.92227185e-02 -2.40844470e-02  3.39076556e-02 -2.35432982e-02
 -4.13380936e-02 -1.25634611e-01  1.65221505e-02 -2.27028616e-02
  1.84636656e-02  4.33343230e-03  3.11097968e-03 -5.40147237e-02
 -9.04393867e-02 -2.74016662e-03 -8.09868425e-02 -3.85389142e-02
 -3.49006848e-04  2.35414598e-02 -4.04819697e-02 -7.37350136e-02
  4.83920798e-02  1.51697816e-02  3.26138027e-02  2.80249375e-03
  1.00192189e-01 -4.50478420e-02 -9.25688073e-02  2.46747565e-02
  8.83282050e-02  3.23796459e-02 -4.72657159e-02  6.83530644e-02
  1.29544642e-03 -6.83184117e-02  1.05076935e-02 -2.70023588e-02
 -3.87940370e-02  3.95178124e-02  5.73960468e-02 -7.09719732e-02
  2.93709990e-02  3.72847728e-02  6.66455328e-02 -1.92709211e-02
  5.28048426e-02 -4.91697751e-02 -4.19904552e-02  1.07723176e-02
  1.08364280e-02  1.56185422e-02 -6.28134310e-02  2.31986698e-02
 -2.49790139e-02 -5.12663350e-02 -3.67743187e-02 -6.21995963e-02
 -1.62978861e-02  2.23341584e-02 -5.81750758e-02 -2.03478634e-02
 -1.95664561e-05 -5.99455535e-02  1.07310014e-02  1.77702621e-01
  3.80750820e-02 -2.29139463e-03 -3.27733606e-02  5.39705306e-02
 -7.19250217e-02 -5.24310544e-02 -1.06334863e-02  3.12214307e-02
  6.14011697e-02  1.68897200e-03 -8.19523260e-02  1.94389746e-02
 -8.39033127e-02 -1.36451283e-02 -1.98553465e-02 -8.16705730e-03
 -1.16876820e-02  6.54481798e-02  8.93108845e-02 -2.25139558e-02
 -5.86798191e-02 -2.90750433e-02 -2.52458137e-02 -2.01510545e-02
 -2.38647056e-03 -8.68670270e-02 -4.24417406e-02 -5.98264397e-33
 -1.80611107e-02  4.45730276e-02  3.54874367e-03  1.15296483e-01
 -1.71878766e-02 -1.02774741e-03 -2.92626172e-02 -4.05212454e-02
 -1.72159988e-02 -3.11323386e-02  1.93214826e-02  9.57954898e-02
 -5.15316837e-02  5.98910525e-02  2.03461409e-01 -9.85230133e-02
 -7.26574566e-03  3.90475690e-02  5.90874180e-02 -1.85159606e-05
 -5.32271117e-02  8.69462546e-03  4.71080802e-02  4.51287255e-02
  7.73889497e-02 -3.45530473e-02 -3.44566144e-02 -1.70380119e-02
  1.63677540e-02  2.79811881e-02  2.40349658e-02  6.15592971e-02
 -9.18691047e-03 -8.26594681e-02  2.43153144e-02  6.07479699e-02
  1.54486671e-03 -1.22821331e-01  7.51496702e-02  1.66356470e-02
 -3.13377264e-03  3.18687372e-02 -8.72147549e-03  2.73213927e-02
  3.11795268e-02  3.09740454e-02  3.74356918e-02  3.92497703e-02
 -5.99285401e-02  1.48426834e-02 -4.42513004e-02  9.50452685e-02
 -2.11404469e-02 -9.83181372e-02  1.20487355e-01  2.45128814e-02
  5.02049662e-02 -8.56602378e-03  7.90122664e-04  2.62222886e-02
  2.55739875e-02  2.11996268e-02 -5.28386422e-02 -4.15077284e-02
  8.48220102e-03  6.37689382e-02  4.26519141e-02  7.96437915e-03
  3.97123657e-02  2.39571501e-02 -9.56696495e-02 -3.18611749e-02
  9.05824304e-02 -2.24679783e-02 -1.71029177e-02  5.80377169e-02
  3.25862952e-02  1.00480756e-02 -8.63459185e-02  3.65182087e-02
 -1.15267597e-01 -2.39328966e-02 -1.65038593e-02  1.64207090e-02
 -3.28945629e-02 -2.57528462e-02 -2.78885048e-02 -8.23286325e-02
 -6.87011471e-03  3.85139026e-02 -3.16135176e-02  5.82988188e-03
 -1.90943815e-02  9.34199467e-02 -1.97741017e-02  3.25640110e-33
 -5.37229031e-02  2.78380830e-02 -7.11376369e-02  7.34616667e-02
  5.11007383e-02 -7.10937008e-02  1.38075640e-02 -2.20647529e-02
  2.74706464e-02  7.11416379e-02  1.18809342e-02 -4.21725912e-03
 -2.30208077e-02 -4.32283478e-03 -6.96321949e-02 -4.55015488e-02
  3.68774086e-02 -9.32209343e-02  1.87454484e-02 -7.55527802e-03
 -3.96572165e-02  1.92897487e-02 -4.59524356e-02 -7.98303820e-03
 -2.85155177e-02  5.12184426e-02 -1.23794392e-01 -7.72472471e-02
 -1.80639811e-02 -2.31281910e-02 -6.37300871e-03 -1.15765199e-01
 -4.60185576e-03  7.80199319e-02  1.72026793e-03  5.55952266e-02
  8.90051425e-02 -1.51903685e-02 -1.44154727e-02 -6.59287572e-02
  9.97133255e-02  1.39554180e-02 -5.24221510e-02  6.08722493e-02
 -2.50960402e-02  3.25724017e-03 -7.29812011e-02  4.80944328e-02
  6.92589162e-03 -3.52070034e-02  1.19370572e-01 -1.64989606e-02
  5.17358482e-02 -1.20021448e-01  1.70893166e-02  3.96882407e-02
  2.57141031e-02 -9.50118992e-03 -3.69595215e-02  2.51506716e-02
  5.61378291e-03 -2.14373041e-02 -1.65602583e-02  7.13062808e-02
 -8.20586011e-02  1.78977642e-02  7.18066394e-02  7.00253621e-02
 -5.57022775e-03 -1.35086812e-02  1.14271559e-01  5.28329276e-02
 -6.47844747e-03 -1.21553140e-02 -3.49157676e-02 -3.61446664e-02
 -7.44250268e-02 -1.08882347e-02 -2.32639387e-02  5.54311555e-03
  1.10343527e-02  2.20248122e-02  1.34962145e-02 -4.50586528e-03
  2.03278800e-03  7.21243471e-02  4.97936970e-03 -8.38854015e-02
 -6.76241368e-02 -9.89578515e-02 -6.52799830e-02 -2.89182011e-02
 -1.17332500e-03  6.24076463e-02 -4.99810986e-02 -1.28637900e-08
 -1.94801595e-02 -6.58032224e-02  9.47690662e-03 -6.01396635e-02
 -3.37938406e-02  3.96918766e-02  5.80478786e-03  5.50277606e-02
 -5.05230799e-02  5.01671135e-02 -8.51623937e-02  2.63539143e-02
  5.66967316e-02  1.18001908e-01  8.26029852e-02 -9.09491722e-03
 -2.71287318e-02  6.57310849e-03 -3.84301208e-02 -2.04751249e-02
  7.86720067e-02  2.74696276e-02  4.25785519e-02  5.59808947e-02
  5.05341329e-02 -2.27782056e-02  3.94119695e-02  3.18926871e-02
  6.02895953e-02  8.25778022e-02 -3.62844020e-02 -1.31753758e-02
  4.77810949e-02  2.26801019e-02  5.20714512e-03 -3.72365639e-02
  2.86562759e-02 -3.60178836e-02  3.17769162e-02 -1.43976854e-02
 -3.16527523e-02  3.92743349e-02 -3.15700024e-02  5.05302399e-02
  2.68054716e-02 -3.73162478e-02 -3.44019718e-02  1.66554879e-02
 -4.70435247e-02  2.33986899e-02 -3.03798635e-02  2.71250438e-02
  2.82800086e-02  9.02930554e-03  2.15627700e-02  2.16387007e-02
  6.06958121e-02 -3.13034654e-02 -5.59022697e-03  5.47860563e-02
  1.09385163e-01 -8.78756121e-03  1.15496553e-01  3.87255400e-02]"
378,Access to Communications,Social,technology,10,0.4065,"[-5.33757918e-02  8.70748386e-02 -2.61892136e-02 -3.07719335e-02
 -4.94610779e-02 -2.67095771e-02  1.14675365e-01  1.07684061e-01
  3.82161583e-03  1.71767697e-02  5.52601703e-02  2.50712764e-02
  2.21847985e-02  2.40327213e-02 -5.95929883e-02 -4.08289991e-02
 -4.05058563e-02 -9.60172713e-02 -7.18125254e-02 -9.79700908e-02
  1.12676872e-02 -3.02958209e-03  3.13601494e-02 -4.90101986e-03
 -3.67557667e-02  5.84644563e-02 -4.91965339e-02 -7.91880563e-02
  3.38118002e-02 -4.48487103e-02 -4.37828265e-02  1.24608077e-01
  7.23110652e-03 -2.14530434e-02 -1.02155134e-01  2.08966620e-03
  5.22057638e-02 -1.06818844e-02  4.53412421e-02 -4.62325253e-02
 -3.81202064e-02 -1.08342677e-01  4.39138338e-03 -4.19686213e-02
  1.69690344e-02  2.40389500e-02 -9.59094986e-03 -2.63491180e-02
 -8.54433253e-02  2.06576064e-02 -9.39752385e-02 -2.73434538e-02
  2.83384789e-02 -2.17745975e-02 -3.56099755e-02 -5.51369414e-02
  3.95608842e-02  9.48389899e-03  3.12499162e-02 -2.19207797e-02
  8.83331522e-02 -1.91333555e-02 -9.68085080e-02  8.18469096e-03
  1.25003844e-01  5.48934378e-03 -4.38393094e-02  2.56221350e-02
 -1.69396233e-02 -3.56474221e-02  1.30139533e-02  3.03727179e-03
 -2.64160577e-02  3.63557748e-02  5.92076108e-02 -7.53151402e-02
  2.92648636e-02  5.68613037e-02  6.07257448e-02 -1.40220551e-02
  6.37054071e-02 -5.56986127e-03 -3.38109657e-02  1.23350490e-02
 -1.89116690e-02 -9.84323584e-03 -3.16620693e-02  2.37492975e-02
 -7.29510980e-03 -3.37973945e-02 -2.71551795e-02 -1.24777732e-02
 -1.92969721e-02  1.11690294e-02 -5.41848913e-02 -1.62809324e-02
 -2.38354169e-02 -7.90457055e-02  5.37572475e-03  2.07108930e-01
 -1.17128866e-03  2.46064998e-02 -4.32393663e-02  2.06094515e-02
 -5.51254824e-02 -7.10204616e-02 -2.76070349e-02  3.87237258e-02
  5.89195564e-02 -5.20152450e-02 -7.51154795e-02 -5.27449464e-03
 -6.68248460e-02 -2.00321287e-04 -5.87197533e-03  3.07000540e-02
  1.42400907e-02  4.68236916e-02  6.36019036e-02 -1.01416204e-02
 -4.17777821e-02 -6.88626338e-03 -5.21863624e-02 -2.41597369e-02
 -2.95347366e-02 -1.16984792e-01 -2.19757669e-02 -6.03321116e-33
 -1.37117719e-02 -7.85427913e-03  7.08166789e-03  8.89174864e-02
 -2.53930744e-02  3.23604085e-02 -4.20844257e-02 -3.64180952e-02
 -1.13486340e-02 -2.53151283e-02  2.23808605e-02  3.58177498e-02
 -3.10760681e-02  2.91449968e-02  1.98112279e-01 -5.56544736e-02
 -2.50201039e-02  6.64663836e-02  4.99722883e-02  1.75072998e-02
 -4.40002345e-02  5.65191172e-03  3.75422575e-02  2.54615694e-02
  3.03621721e-02 -2.75565591e-02 -1.06498003e-02 -1.38084637e-02
  4.01069857e-02  2.60737855e-02 -1.10956617e-02  8.04349259e-02
 -5.82213607e-03 -9.38579291e-02  2.40553860e-02 -1.36042573e-02
  2.35334802e-02 -1.34938940e-01  8.35845247e-02  8.71412642e-03
 -1.83490086e-02  2.52171624e-02 -1.36210443e-02  3.22455391e-02
  3.24484296e-02  1.94015577e-02  9.72526819e-02  3.61764431e-02
 -7.51506910e-02  2.59723086e-02 -1.36417355e-02  7.24158511e-02
 -1.53849265e-02 -7.76896253e-02  1.13526888e-01  1.72709133e-02
  2.73279641e-02  6.02357695e-03  3.64983156e-02  1.61059797e-02
  3.57419811e-02  4.23755907e-02 -3.44410166e-02  1.01361386e-02
 -1.02901179e-02  4.94015589e-02  4.34494764e-02  2.04468910e-02
  4.12407704e-02 -3.85511597e-03 -6.44424558e-02 -4.94492538e-02
  5.50978743e-02 -8.72327574e-03 -2.01236699e-02  4.93380539e-02
  4.25844863e-02  1.32832006e-02 -3.82936001e-02  4.26576240e-03
 -1.16809279e-01 -3.78768295e-02  1.99437216e-02  1.47731248e-02
  4.63213492e-03 -1.94988027e-02 -2.29335204e-02 -7.17444792e-02
  3.52290943e-02  4.25252281e-02 -3.61372307e-02 -1.03929210e-02
 -9.88287013e-03  8.05673823e-02  1.11079612e-03  3.80978454e-33
 -5.41642122e-02  3.40009592e-02 -7.93478712e-02  7.76923895e-02
  5.64934202e-02 -5.64195439e-02  3.33840847e-02 -4.62667197e-02
  3.97212468e-02  8.96753892e-02 -3.27656567e-02 -1.04494244e-02
  9.96842235e-03  2.01179851e-02 -2.99954694e-02 -3.96712869e-02
  5.70616350e-02 -7.82842264e-02 -2.31916104e-02  3.54623259e-03
 -1.10932775e-02 -5.86345838e-03 -3.37698609e-02 -3.34332488e-03
 -6.04993217e-02  6.41755462e-02 -1.12495095e-01 -7.70943463e-02
 -5.83385816e-03  8.51907954e-03 -2.40494665e-02 -8.81247073e-02
  2.50068586e-02  6.88044429e-02  1.01889111e-02  6.73225150e-02
  9.97449681e-02 -2.43408931e-03 -1.31961294e-02 -8.04551914e-02
  7.86295682e-02  1.84889007e-02 -6.25137985e-02  9.33523178e-02
 -4.49662320e-02 -4.44980199e-03 -4.95964624e-02  3.42083760e-02
  2.83569191e-02 -2.43848469e-02  1.22753620e-01 -1.51159167e-02
  7.11618215e-02 -1.37276575e-01 -3.79748121e-02  4.72649448e-02
  3.01453304e-02 -6.29324408e-04 -6.06343411e-02  4.28826623e-02
  8.66364222e-04 -4.12270725e-02  1.26275476e-02  5.30514456e-02
 -6.86127171e-02  2.77373735e-02  4.07756418e-02  7.34758526e-02
  1.49105107e-02  1.29647832e-02  1.30850896e-01  4.46308404e-02
 -1.11938724e-02 -6.93485700e-03 -3.46110351e-02 -1.30686834e-02
 -7.00728297e-02  3.96554498e-03 -4.63928282e-02  7.83972535e-03
  1.50765022e-02 -1.91850420e-02  2.12086760e-03 -2.04092590e-03
 -1.97610147e-02  5.80788888e-02  1.13062551e-02 -6.92215785e-02
 -5.61322831e-02 -9.22652259e-02 -8.13995227e-02 -4.42839116e-02
 -2.21392848e-02  6.14642911e-02 -3.95025574e-02 -1.32626550e-08
  1.74167771e-02 -8.39989185e-02  3.40274684e-02 -5.08618392e-02
 -2.52604168e-02  2.39954442e-02  2.63927709e-02  4.75160740e-02
 -4.94141392e-02  2.50540022e-02 -8.07425454e-02  4.82911617e-03
  8.33065957e-02  1.06018104e-01  9.89251956e-02  8.93562660e-03
 -2.42371988e-02  4.32614936e-03 -6.32447749e-02 -3.89332254e-03
  5.03855869e-02  9.28575639e-04  4.44948971e-02  4.92114499e-02
  1.70502160e-02 -1.58933457e-02  6.28438890e-02  6.68693185e-02
  3.62330638e-02  5.71598038e-02 -3.91361751e-02 -1.31213302e-02
  1.28225842e-02  5.53038754e-02 -2.02520434e-02 -3.07234712e-02
  2.35344172e-02 -5.05819358e-02  6.53277114e-02 -2.85970531e-02
 -3.63293663e-02  5.19286320e-02 -2.94395462e-02  6.48316294e-02
  2.85732169e-02 -4.51586023e-02 -1.40427891e-02  7.88474455e-03
 -4.90990207e-02 -2.39264034e-02 -2.48596277e-02  6.97374120e-02
  2.09054332e-02  1.07220355e-02  4.70404513e-02  1.46988127e-02
  6.58987612e-02  1.84736331e-03 -3.23844515e-02  6.70749694e-02
  1.39668077e-01 -1.09153185e-02  1.05962299e-01  8.87539331e-03]"
379,Access to Communications,Social,net,5,0.3891,"[-3.55734453e-02 -7.89186060e-02  1.06426245e-02 -2.57309694e-02
  6.67672185e-03  3.51995043e-02  1.20898083e-01  5.89084774e-02
  2.82422695e-02 -3.34254291e-04 -4.43680361e-02 -7.46890809e-03
 -2.40884572e-02  1.89902037e-02 -3.93446945e-02 -1.27673494e-02
  5.10862563e-03 -9.78894308e-02 -1.53751196e-02 -8.90552253e-02
  1.35461730e-03  2.54989490e-02 -1.20659498e-02 -9.00392085e-02
  3.14397104e-02  5.69563126e-03 -1.65554881e-02  2.08130665e-02
  5.20866290e-02 -1.22973032e-01 -1.29241645e-02  4.69455607e-02
 -1.77720748e-02  4.80154529e-02 -4.97284159e-02 -8.04001912e-02
 -7.35942423e-02  4.92567942e-02  2.39023077e-03  1.10656852e-02
  1.93554442e-02 -2.63273623e-02 -9.92390979e-03  2.23064143e-02
  4.95267436e-02  2.96249203e-02  3.52678597e-02 -2.03422084e-02
  5.47806285e-02  6.07419806e-03  5.77570358e-03 -5.70897050e-02
 -3.62666883e-02  2.90632676e-02  5.53132929e-02 -1.94209423e-02
 -3.58701348e-02  1.99837778e-02 -5.44066615e-02 -1.03939446e-02
  1.01608232e-01  1.88289769e-02 -9.72885042e-02  4.70507741e-02
  7.72159621e-02  7.19763115e-02 -1.25196716e-02  9.39952880e-02
 -3.08763236e-02 -9.63011086e-02 -3.57414968e-02  3.42238769e-02
 -3.51651348e-02  7.95927569e-02  3.55657190e-02 -2.11182311e-02
  8.52122456e-02 -2.11442094e-02  6.23365156e-02 -1.43011948e-02
  2.39447635e-02  7.04274476e-02 -1.78937353e-02  3.12718414e-02
  1.90381687e-02 -2.02374030e-02 -7.95518979e-03  6.02591634e-02
  1.02303335e-02 -2.64469460e-02 -6.89484328e-02  2.77458690e-02
  4.63301018e-02  4.93440069e-02 -2.26828307e-02  2.15918496e-02
 -4.44653071e-02 -1.21377103e-01 -8.07944387e-02  2.29919329e-01
  3.28775565e-03  1.64565388e-02 -7.00371526e-03 -2.45491993e-02
 -1.62066612e-03  9.64350626e-03  3.06585114e-02  1.43173533e-02
  6.26191497e-02 -3.80768417e-03 -9.49581861e-02 -2.13241279e-02
 -6.24353178e-02 -4.13691550e-02  2.49397215e-02 -4.38213237e-02
  5.01203947e-02  3.49086598e-02  1.04900643e-01 -2.01895158e-03
 -6.48384839e-02 -1.15635237e-02 -7.85382390e-02  1.47421956e-02
 -8.53914674e-03 -1.28022330e-02  1.36252725e-02 -3.54082225e-33
 -1.36089455e-02 -2.64505856e-03  1.98583212e-02 -1.26675246e-02
  1.04093835e-01  4.84567741e-03  8.58943686e-02 -1.39147537e-02
 -8.90250280e-02  6.41540363e-02 -1.20096967e-01 -6.89385459e-03
 -2.18786951e-02  1.14073670e-02  1.61780506e-01 -4.45949510e-02
  5.49148358e-02  6.47176504e-02  3.20252739e-02 -8.64020642e-03
 -7.86524788e-02 -1.15649719e-02  3.28504667e-02 -7.32700294e-03
 -1.17927175e-02 -1.15904905e-01 -4.18115668e-02 -1.89395677e-02
  1.19137295e-01 -1.02885405e-03 -5.75878425e-03  2.91335136e-02
 -1.58484858e-02 -2.54704319e-02  2.92977765e-02 -3.34423594e-02
 -1.93285905e-02 -4.21799012e-02  8.99212882e-02  1.26171177e-02
 -5.68002462e-02  4.20986712e-02 -3.21257636e-02  7.66230922e-04
 -4.70497347e-02 -7.51995668e-03 -4.63784905e-03  7.60045424e-02
 -4.33031470e-02  4.61174883e-02 -7.88690522e-03  5.26621826e-02
 -5.12625501e-02 -3.22428532e-02  1.14011392e-02 -9.36522614e-03
  3.05874590e-02  3.63201164e-02  3.16826478e-02  6.95834309e-02
  7.61013702e-02 -5.09153213e-03 -6.56573847e-02  1.86819851e-03
  4.09971504e-03  7.88728998e-04  3.34930755e-02 -4.37618569e-02
  8.44161212e-02 -7.31217638e-02 -1.19575851e-01 -7.29763135e-03
  5.93809374e-02  5.31494953e-02  7.90212955e-03  6.07443005e-02
 -1.02034710e-01  2.75312411e-03 -3.10516320e-02  3.98297757e-02
 -6.57790750e-02  6.21791258e-02 -5.93936443e-02  5.08914422e-03
 -1.14305066e-02 -1.08326785e-02 -4.02494807e-05 -1.13516301e-01
  4.63240147e-02  3.46327089e-02 -4.13189791e-02 -1.22683616e-02
  2.16082055e-02  7.18096718e-02 -3.64425816e-02  3.50042602e-33
 -1.40943810e-01  1.09014269e-02 -1.40695870e-01  6.87465295e-02
 -2.13473034e-03 -2.19723862e-02  3.61522250e-02 -5.28337136e-02
 -2.99613327e-02  6.13723397e-02  4.14426811e-02 -2.81059798e-02
  4.82910499e-02  1.47102559e-02  3.28269452e-02 -7.45433569e-02
 -1.77613553e-02  5.36087668e-03  2.19476335e-02 -2.14867163e-02
 -7.65283033e-03  2.53451224e-02 -6.76664263e-02 -1.95595976e-02
 -7.05990614e-03  4.08757105e-02 -4.60089669e-02  7.14333355e-02
 -5.94479628e-02  5.72916754e-02 -4.06897217e-02 -1.80859230e-02
  1.21168317e-02  3.57121608e-05 -2.27518082e-02  8.74191299e-02
  1.14948690e-01 -3.55361104e-02 -8.10058694e-03 -6.88567874e-04
  8.76302645e-02 -5.98667301e-02 -3.48896123e-02  1.02088287e-01
 -1.09370649e-02 -4.69723865e-02 -7.36246109e-02  1.50510680e-03
 -1.00484630e-02  3.54896225e-02  1.37308741e-03  4.24124785e-02
 -5.73050790e-03 -7.64647052e-02  1.17340991e-02  4.50878255e-02
 -2.11318564e-02 -3.98203023e-02  5.14054410e-02 -3.20780687e-02
  1.17418617e-02 -7.84948170e-02 -6.14217632e-02  9.68130603e-02
  4.07425128e-02  5.03037609e-02  4.83463192e-03  3.56128365e-02
 -2.41384432e-02 -1.72538627e-02 -5.56752831e-03  7.61057809e-02
 -1.65395718e-02 -3.18300910e-02 -1.05379023e-01 -3.34882662e-02
  2.43166517e-02  1.02251925e-01 -4.43491898e-02  4.11443179e-03
 -4.07837890e-02  2.39468291e-02 -2.40274910e-02 -5.22493850e-03
  1.71124786e-02 -2.70247981e-02  9.25924629e-02 -6.20180834e-03
 -3.37847881e-02 -7.83701148e-03 -3.74085605e-02  9.97018162e-03
 -4.12561446e-02  7.30228797e-02 -6.93550380e-03 -1.11769864e-08
 -8.83987695e-02  5.91237918e-02 -3.16096134e-02  3.87098244e-03
  4.40773591e-02  8.02613329e-03  2.44216379e-02  2.34603491e-02
  1.37632899e-02  6.40969276e-02 -3.64035927e-02 -4.15540813e-03
  1.36507032e-02  2.70165298e-02  4.12309580e-02  3.27612348e-02
 -3.25306132e-02 -4.02869470e-02  3.33210221e-03  9.53344442e-03
  6.44901991e-02  2.64069345e-02 -6.24432741e-03  6.00167103e-02
  1.01284478e-02 -2.12364066e-02  4.28593159e-02  1.13521941e-01
  3.22641768e-02  3.28168236e-02 -5.23909181e-03  4.72031720e-02
  4.89061959e-02 -4.22652327e-02  4.32308298e-03  6.42168596e-02
 -5.26835695e-02  2.15952583e-02  1.98912621e-02  3.22892293e-02
 -3.44059616e-02  2.30621193e-02 -7.25296792e-03 -3.90150025e-02
  8.83859247e-02 -5.01988009e-02 -4.31364551e-02 -2.67878287e-02
 -2.22778600e-03 -1.10128067e-01 -1.20897386e-02  7.48359114e-02
  6.72949245e-03  4.36743014e-02  6.14879839e-02 -4.70927544e-02
  3.42928874e-03 -3.94643247e-02 -9.95515138e-02  1.37973025e-01
 -9.70093906e-03 -1.77703090e-02  5.02142776e-03 -1.60562452e-02]"
380,Access to Communications,Social,ubiquitous,1,0.387,"[-4.75211069e-02 -1.59228109e-02 -5.12266494e-02 -3.45151499e-02
  4.15689535e-02 -4.17547077e-02  8.27529132e-02  7.08613917e-02
 -5.94075099e-02 -5.14691211e-02  3.99401039e-02  2.24303808e-02
  1.16851917e-02  8.83387122e-03  3.72149535e-02 -3.49295288e-02
  1.19335860e-01 -5.10200933e-02 -2.52194609e-02 -2.56852657e-02
 -9.89401862e-02  3.88022587e-02  5.86294159e-02  3.25800031e-02
 -2.64773462e-02  5.03403693e-02  1.07025066e-02 -1.15381880e-02
  6.44464269e-02 -2.95438226e-02  2.57826447e-02  1.06361464e-01
 -2.30851490e-03  1.09452673e-03 -7.03038722e-02  3.86281759e-02
  4.65163551e-02  5.67162186e-02 -3.22049968e-02 -7.07491934e-02
 -4.06893492e-02 -7.06275702e-02  1.62988454e-02 -2.33880635e-02
  1.14260791e-02 -7.39200264e-02 -2.91898139e-02 -1.39465639e-02
 -2.32842471e-02  2.78286549e-04  2.75524147e-03 -7.67624602e-02
 -4.19837888e-03  6.01701858e-03 -2.29862332e-03  1.65232047e-02
  1.27523588e-02 -1.26310550e-02 -8.88025388e-03 -5.79573475e-02
  2.57770959e-02 -1.92443617e-02 -4.66956757e-02  1.22324541e-01
  1.26108536e-02  6.54359087e-02  1.59670115e-02  4.54869121e-02
  5.60392812e-02 -3.70464846e-02 -6.42269244e-03  2.32641213e-02
  3.43524069e-02  7.72840977e-02  9.42850336e-02 -5.46007305e-02
 -5.31067923e-02 -4.40856665e-02  5.31511754e-02  1.09528354e-03
  1.23566715e-02 -2.14935560e-02  3.05278064e-03 -2.13379897e-02
  4.70643267e-02  2.84199007e-02 -3.90146952e-03  2.27691382e-02
 -2.30694748e-02 -1.90087240e-02 -7.82722905e-02 -5.05693741e-02
  6.79957401e-03 -6.66039810e-02 -6.48929477e-02 -8.59266818e-02
  5.50141260e-02 -1.14317589e-01 -5.17857037e-02  1.86727509e-01
 -1.91369038e-02  1.04509285e-02 -3.31261456e-02 -5.94292209e-03
  5.90647897e-03 -4.33562091e-03 -2.16245726e-02  5.77238388e-03
  3.46566737e-02  1.40372086e-02 -2.90767029e-02 -3.08200065e-02
 -8.06967840e-02 -6.65879026e-02  2.30225790e-02 -5.41056879e-02
  5.86430095e-02 -2.25669704e-02  1.24982908e-01 -3.92793231e-02
  3.17280181e-03  4.06834157e-03 -4.53677103e-02 -1.76545549e-02
  1.73403993e-02 -2.68935412e-03  2.81563085e-02 -5.06833050e-33
  3.78013477e-02  8.35567266e-02  3.91936339e-02  5.10865822e-02
  2.99376603e-02  7.74875144e-03 -1.68330446e-02 -3.63467522e-02
 -1.16066979e-02 -1.24919172e-02  3.02460622e-02  2.17590511e-01
 -3.25154960e-02  9.30394530e-02  1.29144207e-01 -5.49658621e-03
  5.11001572e-02  3.98734100e-02  9.86750349e-02 -1.46196568e-02
  1.94668851e-03 -2.53137648e-02 -4.57385033e-02  3.44008692e-02
  3.56116742e-02  4.16099057e-02  5.07302284e-02 -6.59604790e-03
  6.12151474e-02  4.04435657e-02  5.03459014e-02  3.01940413e-03
  3.51395761e-03  1.95111297e-02  1.65007692e-02 -2.10016966e-02
 -7.79236183e-02 -9.05809402e-02  9.76660997e-02 -5.71117271e-03
 -7.27240136e-03  1.70434266e-02 -2.49532294e-02 -4.54793610e-02
 -8.32609949e-04  1.20463789e-01  9.57584381e-03  3.22155245e-02
  4.36636666e-03 -3.27249765e-02  6.07244717e-03  3.88969146e-02
 -3.79258506e-02 -2.28348356e-02 -2.10866071e-02 -4.15485986e-02
 -4.47995262e-03 -6.40854565e-03  5.76956272e-02  2.89836191e-02
  2.62663998e-02  6.85034320e-02 -1.06198825e-02  3.30303423e-03
  3.84602509e-03 -1.29306260e-02  4.41629253e-02 -8.11365992e-02
 -1.61645971e-02  4.89872992e-02 -5.52928932e-02  7.71221938e-03
  3.80236581e-02  5.84915467e-02 -1.50335878e-02  1.91658940e-02
  2.91584432e-02 -7.33704912e-03 -5.88187203e-02  3.57263759e-02
 -8.02453607e-02 -2.12155953e-02  1.35057345e-02  5.54996952e-02
 -6.50137896e-04 -2.15623863e-02 -2.45990623e-02 -8.34205821e-02
 -7.94783309e-02  5.45938201e-02  3.48236375e-02  4.71129492e-02
  1.35971466e-02  3.57917957e-02 -1.38897076e-01  3.84976457e-33
  1.53553830e-02 -3.05475108e-02 -2.40690801e-02  3.89252529e-02
 -2.67658867e-02 -3.75815853e-02 -2.91320160e-02 -1.58219859e-02
 -1.10751307e-02  3.06089111e-02 -8.09845179e-02  1.75940972e-02
  8.02561790e-02 -3.34647894e-02 -3.64263332e-03  7.99023136e-02
  4.23066802e-02 -2.06149947e-02 -3.37551273e-02 -1.08850943e-02
  3.07065547e-02 -7.65915513e-02 -5.93268462e-02 -5.87354563e-02
 -3.54053415e-02  2.95220334e-02 -9.07166973e-02 -5.38755283e-02
 -5.53749166e-02 -1.98191032e-02 -5.23423180e-02 -6.91211000e-02
  5.07001160e-03 -8.13438073e-02  1.06625557e-02  7.83354938e-02
 -2.94779986e-03  1.98863093e-02 -6.71579614e-02 -2.96916459e-02
 -1.36990342e-02  1.14217857e-02 -8.71729404e-02  6.36520460e-02
  1.31076621e-02  2.86508314e-02 -1.48130611e-01  2.28885398e-03
 -5.15335388e-02  2.78604310e-02  1.49634155e-02  1.42585989e-02
  4.30045053e-02 -9.36201811e-02 -4.26805429e-02  7.58141354e-02
  3.99228334e-02 -1.86357205e-03  6.71786815e-03  4.01605479e-03
  7.67396539e-02 -7.61119947e-02 -8.65539089e-02  9.56275091e-02
  2.05117697e-03 -8.81268457e-03 -2.25143209e-02  1.62973665e-02
 -9.48361382e-02 -4.78589945e-02  3.62470932e-02 -7.21771689e-03
 -7.84827992e-02 -5.43509349e-02 -4.71039861e-02  7.43011311e-02
  8.59342143e-02 -3.00201755e-02  8.37338064e-03  4.87475358e-02
 -2.91067734e-02  3.79631184e-02  9.45578050e-03  3.26919043e-03
  2.89898533e-02 -2.15568934e-02  4.50233407e-02  2.87524126e-02
 -3.80149186e-02  5.72681567e-03 -2.49674395e-02  7.51341283e-02
 -1.55433372e-01 -2.95834150e-04 -1.37765277e-02 -1.09346976e-08
 -7.90735707e-02 -1.85046140e-02 -1.33421673e-02 -6.07140129e-03
  6.52953656e-03  1.19872391e-02  8.42495933e-02  1.71336718e-02
 -2.00502891e-02  5.99103002e-03 -5.71809858e-02 -2.64730789e-02
  2.16023941e-02  1.15512341e-01  1.08501904e-01  4.65562828e-02
 -3.71956117e-02 -2.38136705e-02 -9.38555971e-02  5.68710193e-02
  2.91731097e-02  4.83250543e-02  1.39404256e-02 -3.98558639e-02
  1.73902903e-02  3.79302166e-02 -7.03924708e-03 -9.20667406e-03
  5.22439778e-02  5.58581166e-02 -1.94610434e-03 -4.80062403e-02
 -2.20173206e-02 -2.52016988e-02 -5.36700673e-02  2.49420907e-02
  1.21158110e-02 -2.61068009e-02 -1.20066926e-02 -2.64379922e-02
 -9.48958658e-03 -1.01278476e-01 -4.18588845e-03  4.69015166e-02
  6.23968802e-02  3.34521756e-03  7.97836408e-02 -4.61021028e-02
 -1.66309029e-02  6.05976246e-02 -9.16255340e-02 -4.28368151e-02
  6.57802969e-02 -3.07779424e-02  9.60795581e-02 -8.45389813e-02
  4.63969968e-02  1.44555885e-02  1.90090258e-02  7.26892501e-02
  6.71212748e-02  4.88256142e-02  1.09896925e-03  1.16270401e-01]"
381,Access to Communications,Social,mobile,1,0.3837,"[-7.10320473e-02  4.10528779e-02  2.55990177e-02 -3.49113122e-02
 -6.48127822e-03 -4.95691486e-02  9.51373391e-03  6.66349977e-02
  5.15666008e-02 -6.33242028e-03  9.07199383e-02  3.23881954e-02
  5.09515144e-02 -1.70332100e-02  2.75072288e-02 -3.16537060e-02
  1.80077448e-03 -5.17036766e-02 -8.45539123e-02  1.05507364e-02
 -5.82743436e-02  9.32796486e-03 -2.19352487e-02 -2.23910287e-02
  4.88185771e-02 -4.14467640e-02 -1.05518699e-01  5.52409664e-02
  9.57608446e-02 -1.03271812e-01  2.79681059e-03  8.68034363e-02
  4.58780713e-02  5.42158037e-02 -1.12843037e-01 -1.09470434e-01
 -1.21552851e-02 -2.64105182e-02 -3.74408104e-02 -3.37024033e-02
 -6.38393834e-02 -1.31112868e-02  1.70646515e-02  6.49189055e-02
  3.99803557e-02 -3.59205492e-02 -1.74337626e-03  4.86774333e-02
  7.78169371e-04  4.68553863e-02  7.51284929e-03 -1.36852702e-02
 -5.04927635e-02  4.05620262e-02 -6.08684607e-02  1.13822995e-02
 -1.87902860e-02  1.15734905e-01  1.01968750e-01  8.50461572e-02
  9.76241753e-02  3.43121141e-02 -5.83250970e-02  8.42420980e-02
  1.33329825e-02  1.53414672e-02 -4.05068062e-02 -4.05508801e-02
 -2.44764369e-02 -5.84497713e-02  9.65144485e-03 -2.83438526e-02
  5.29736765e-02  4.91604246e-02  2.50568129e-02 -2.84580514e-02
  4.50567296e-03 -3.51163447e-02  6.98144827e-03  2.57844366e-02
  2.22621262e-02 -4.99499440e-02 -2.97283977e-02 -7.58839957e-03
  6.58080205e-02 -4.41544876e-02  1.11436430e-05  8.61360580e-02
 -4.56162505e-02 -7.73846060e-02 -6.57444075e-02  5.81334457e-02
 -1.65199060e-02  2.72393487e-02 -1.49878219e-01 -7.74766738e-03
 -3.64867076e-02 -1.20795973e-01 -1.12246074e-01  2.37651244e-01
  5.77064976e-02  1.03345774e-01  9.46545005e-02  4.90274988e-02
 -1.08616557e-02 -2.29701586e-02  1.59710571e-02  1.75345708e-02
  8.75674468e-03  1.32171065e-02 -2.84424964e-02 -2.28051860e-02
 -1.01398684e-01 -5.92851490e-02 -5.06391041e-02 -3.53053249e-02
 -1.32479984e-02  5.53529374e-02  1.00831315e-01  2.10853294e-02
 -1.67229380e-02 -1.50866481e-02 -8.76132250e-02 -1.13347486e-01
  1.90256666e-02 -4.97735403e-02 -2.72604870e-03 -4.84939248e-33
  1.51421316e-02 -3.59672606e-02  1.67497844e-02  5.98705932e-02
  3.79796065e-02 -1.95973720e-02  2.77139246e-02 -1.80913843e-02
 -4.09557819e-02  4.62300479e-02  2.84644179e-02  2.08769310e-02
 -4.82504144e-02  1.93854570e-02  1.49233475e-01 -7.31239393e-02
  7.30668521e-03  6.48891088e-03  3.51738520e-02 -8.96177907e-03
 -2.47537773e-02 -5.42233996e-02  1.91627238e-02  5.07813971e-03
  4.52943817e-02  5.63310012e-02  2.51567010e-02 -4.92076240e-02
  4.10556421e-02  1.46291321e-02 -1.27169648e-02 -1.21072000e-02
  1.32071702e-02 -4.54923622e-02 -4.70758090e-03 -4.96762022e-02
 -1.65525265e-02 -7.56411180e-02  4.29074652e-02 -4.78922576e-02
 -7.74223059e-02 -9.99926822e-04 -6.99997023e-02  2.21215114e-02
 -4.15670313e-02 -3.03836982e-03  1.87546518e-02 -4.37520770e-03
 -7.53884995e-03  3.27024125e-02  1.72021817e-02 -1.96805540e-02
 -4.54011112e-02 -2.32466422e-02 -2.19387785e-02  1.71123259e-02
 -1.65088829e-02  2.34018248e-02 -2.46724486e-03 -1.23278908e-02
  8.86971876e-02  2.81680934e-02 -1.09053731e-01  1.95267275e-02
 -3.94235179e-02 -7.54384771e-02  2.59133857e-02 -3.16066630e-02
  5.15857339e-02  4.65550832e-03 -4.45839055e-02 -2.98418924e-02
  1.49900973e-01  3.93381901e-02 -2.97316164e-02  7.69245550e-02
  3.59577918e-03  3.17094997e-02 -9.20423418e-02 -1.53755620e-02
 -4.59337123e-02 -4.98058498e-02  1.35632856e-02  1.35191130e-02
  2.48567276e-02 -2.14408115e-02 -6.44608885e-02 -1.54439479e-01
 -2.40779985e-02  1.31771013e-01 -1.16334446e-01  6.53097034e-02
  6.69122562e-02  2.80985646e-02 -4.04120311e-02  3.04711444e-33
 -1.18866161e-01 -1.49953226e-02 -1.86116546e-02  5.51602861e-04
  2.34320611e-02 -2.95560583e-02  6.46372586e-02  5.72959855e-02
 -4.85429689e-02  8.21715314e-03 -4.87454645e-02  2.50788312e-02
  7.06058368e-02 -2.73502804e-03 -2.18873732e-02  6.80694133e-02
  6.78305775e-02 -4.85073850e-02 -4.43259142e-02  3.16405445e-02
 -6.15561903e-02 -9.80371423e-03  1.07091502e-03  6.32578507e-02
  2.12924425e-02  1.74050976e-03  3.40694562e-02 -2.69947462e-02
 -2.16523511e-03 -1.22278174e-02  1.50915654e-02 -7.85032660e-02
  4.19363007e-02  1.90486740e-02  5.93624376e-02  6.88616186e-02
  2.31991839e-02  3.63316238e-02  6.88298419e-03 -4.50278958e-03
  1.04560077e-01  7.36998627e-03 -1.63662434e-02  7.39758536e-02
  5.13262954e-03 -2.80699525e-02 -3.25646512e-02  8.43298528e-03
 -1.71345081e-02  2.80871172e-03  8.40374604e-02  4.67305519e-02
  1.51339574e-02 -1.20370299e-01  3.86611978e-03  6.85856119e-02
  3.74578172e-03 -7.31159523e-02 -1.63511839e-02 -4.32430319e-02
  6.56590760e-02 -4.67374921e-02 -8.63400623e-02 -8.49448144e-03
 -5.19347973e-02  3.54153588e-02  3.71465757e-02 -7.88888149e-03
 -1.41016254e-02  5.48034385e-02  4.88883443e-03  2.48872559e-03
 -4.15841714e-02 -3.64637934e-02 -3.57807428e-02  1.18917897e-02
 -3.64522971e-02  1.87323522e-02 -3.30437683e-02 -4.77488674e-02
  7.95703232e-02  3.91534530e-02 -4.42377552e-02 -6.79950044e-03
 -8.89298320e-03  6.90088142e-03  1.99598223e-02 -6.33521890e-03
 -4.43819724e-02 -1.79681461e-02 -1.93722527e-02  2.52709351e-02
 -2.12640800e-02  4.22885641e-02 -4.96790074e-02 -1.23386688e-08
 -2.02178862e-03  1.39176631e-02  5.74611761e-02 -8.19003060e-02
 -2.45267209e-02 -2.67679058e-03  3.50371376e-02 -6.63333107e-03
  8.92964676e-02  1.67047549e-02 -1.68344378e-02  6.50837552e-03
 -2.51908544e-02  9.67605785e-02  6.87100738e-02  5.33859653e-04
  1.88882928e-02  3.39750387e-02 -2.53512152e-02  6.74401671e-02
  3.13222930e-02  3.69254053e-02 -1.83662940e-02  3.02759428e-02
  2.75750160e-02  9.93188098e-03 -6.13450957e-03  4.91278172e-02
  8.02134722e-02  8.28642806e-04  7.55972462e-03  5.92176765e-02
 -3.00451666e-02 -8.93596336e-02 -2.07492877e-02  1.19619798e-02
  7.88889639e-03 -5.19667417e-02  6.79359511e-02 -7.20861182e-03
  3.01104374e-02  4.93520219e-03  3.05924229e-02  1.01730535e-02
 -3.31473015e-02 -4.33465131e-02  4.62398231e-02 -5.03580458e-02
  1.84703544e-02 -3.54832783e-02 -5.55869788e-02 -3.40060890e-02
 -1.07831229e-02 -2.60203686e-02  8.89480710e-02 -2.38177143e-02
  3.74517180e-02 -3.55430022e-02 -3.57213579e-02  3.91379632e-02
  1.12388000e-01  6.57753944e-02  1.81741901e-02  2.80027594e-02]"
382,Access to Communications,Social,public,1,0.3749,"[ 7.82179609e-02  5.46859950e-03 -8.90123099e-02  3.55602540e-02
  2.12864876e-02  3.77696082e-02  6.23924732e-02 -3.13121602e-02
  2.42464077e-02  3.01202293e-02  7.65355080e-02  3.62620614e-02
 -2.27498710e-02 -7.34821409e-02  6.67156950e-02 -6.96664974e-02
  7.47197354e-03 -4.26445752e-02  2.01476761e-03  4.17188257e-02
 -4.56002634e-03  1.74701661e-02 -4.50701686e-03  2.44999994e-02
 -3.34297791e-02 -2.40739919e-02  2.19637286e-02 -7.08735257e-04
 -1.52932275e-02 -8.86665061e-02  4.45947908e-02 -2.82779709e-02
  9.30776149e-02 -1.19130621e-02 -1.06961066e-02  2.58769244e-02
  6.34205937e-02 -7.95942843e-02  2.65662111e-05 -4.11315443e-04
  2.28744876e-02 -6.69243112e-02  2.49350606e-03 -4.07685665e-03
  2.09906604e-02  1.74939018e-02  1.15447022e-01  3.26515995e-02
 -2.69152522e-02 -5.00834286e-02  5.08281328e-02 -5.27593121e-02
 -1.50766280e-02  2.77989991e-02  2.98846373e-03 -1.27446085e-01
 -2.66223606e-02 -2.30641384e-02 -2.21095700e-02 -2.45583858e-02
  5.77770174e-02 -5.92571944e-02 -1.00556962e-01  1.27236666e-02
  6.88565895e-02  1.70647781e-02  6.75683841e-02  2.16802955e-02
  8.28397796e-02 -1.40671447e-01  8.11693743e-02  4.65898439e-02
  6.62275255e-02 -9.85542126e-03  6.15928434e-02 -8.65273550e-02
  1.23670548e-02  4.14204272e-03  7.23081380e-02 -5.13919182e-02
  4.15122919e-02 -6.96595088e-02  4.52889651e-02 -1.03886123e-03
 -5.20083494e-02  4.82611265e-03 -1.19453873e-02  1.24872448e-02
  2.33176607e-03  1.32722044e-02 -8.94766226e-02  1.88173763e-02
  6.27375096e-02  1.34024285e-02 -1.01125628e-01 -4.76386696e-02
  2.88687311e-02 -5.78980055e-03  1.23494305e-02  2.65863717e-01
 -6.69927597e-02  1.08676739e-01  4.52855192e-02  5.80172502e-02
 -9.74772405e-03  2.99629718e-02  2.05749255e-02  1.96455978e-02
 -1.19210314e-02  9.01741534e-02 -4.49633738e-03 -3.25017087e-02
 -2.78442204e-02  1.95534378e-02  4.81110737e-02  1.30031386e-03
 -2.33594216e-02 -3.97228785e-02  3.36253867e-02 -8.91656652e-02
  1.37020461e-02  6.67303801e-02  6.83237938e-03 -6.32508239e-03
 -9.67299659e-03 -6.22105151e-02 -1.68728065e-02 -5.61813493e-33
  4.94856164e-02  6.56067161e-03  8.84611011e-02  6.96570277e-02
 -1.70159545e-02  4.08558585e-02 -1.32084480e-02 -4.61471975e-02
  1.28252874e-03  3.52335759e-02  7.51895756e-02  3.79843637e-02
  3.06613501e-02  2.68451194e-03  1.16292797e-01 -3.33309337e-03
 -1.07784187e-02  8.72550905e-02  2.05106549e-02  8.37674085e-03
  6.15854224e-04  3.59782763e-02 -4.50536124e-02  3.48509252e-02
 -8.82511772e-03 -4.19307724e-02  3.80937234e-02 -1.19475812e-01
  7.06832409e-02  2.45525073e-02  7.14684427e-02  5.19249961e-02
  8.24987367e-02  4.07601101e-03  9.39393491e-02 -3.95977907e-02
 -2.91268472e-02 -8.73557851e-02  4.75263521e-02 -1.64113776e-03
  1.76254213e-02 -5.47369346e-02  2.38330420e-02  7.10878521e-02
 -1.97631773e-02  7.06079677e-02 -7.51494020e-02  4.06611618e-03
 -8.07035416e-02  3.72543670e-02  1.25305522e-02  6.96572810e-02
 -1.44825771e-01 -1.75789446e-02 -3.70758995e-02 -6.18405081e-03
  3.32317241e-02 -1.88117977e-02 -5.38810296e-03 -5.36019616e-02
  3.60733680e-02  1.61513433e-01 -1.08830091e-02  3.80996838e-02
 -7.11421072e-02 -4.18304428e-02 -3.89574207e-02 -7.88626522e-02
  7.22530559e-02 -2.69809086e-02 -2.21618861e-02 -2.84125679e-03
 -6.20288923e-02 -5.82968723e-03  1.13960048e-02 -1.37327295e-02
 -1.54952789e-02  2.81156898e-02  5.38357086e-02  3.08421534e-02
 -2.28815805e-02 -4.83668223e-02 -1.42397387e-02  9.30915475e-02
  3.10715102e-02  2.22462155e-02 -4.33150344e-02  1.05651170e-02
 -5.16619114e-03  8.66676942e-02 -9.22945887e-02  3.48553248e-02
 -1.36899231e-02  1.71428248e-02 -6.70352504e-02  4.13253892e-33
 -4.89592962e-02  2.06261612e-02 -4.89466414e-02  1.47737432e-02
 -1.49986902e-02  1.18138613e-02 -7.46171735e-03 -5.52239902e-02
  6.62292019e-02  9.34255719e-02 -1.14001423e-01 -2.31729746e-02
  7.29098991e-02  2.82690916e-02  5.13843708e-02 -3.32204327e-02
  3.48580778e-02  1.62707791e-02 -9.74137262e-02  3.29728909e-02
 -8.60773921e-02 -5.91949522e-02 -1.22660836e-02  3.44830728e-03
 -1.85585674e-02 -4.89666946e-02 -6.63968623e-02 -2.19124127e-02
 -2.38203406e-02 -2.82964315e-02 -4.11765315e-02 -3.07860114e-02
 -3.46056633e-02  2.55126562e-02 -8.17027688e-02  7.50132203e-02
  4.90564341e-03  8.28579068e-03 -2.12667156e-02 -5.31411655e-02
 -2.99431663e-02  1.94540294e-03 -5.39827049e-02  3.77427451e-02
 -2.66972240e-02  4.61668260e-02 -8.49448517e-02 -5.59633784e-03
 -3.66235450e-02  3.89589556e-02 -1.02574877e-01  3.25886384e-02
  4.16165963e-03 -6.82049468e-02 -4.88195457e-02  3.77201736e-02
 -5.44888973e-02 -1.75487828e-02 -1.28913447e-02  1.85657945e-02
  6.64638057e-02  6.11764342e-02 -9.36059207e-02  1.00966185e-01
  4.22828048e-02 -8.57678875e-02 -3.68276983e-02  7.33439298e-03
 -3.08699906e-02 -2.80778063e-03  1.01688539e-03 -4.73484397e-02
 -1.20964851e-02  1.62618253e-02 -4.71407771e-02  6.76959455e-02
 -5.53544872e-02  3.85634452e-02  4.01171446e-02  3.35950814e-02
 -8.87195207e-03 -3.20662372e-02 -3.40255946e-02 -4.84442562e-02
  3.89360227e-02 -2.79949568e-02  1.58266723e-01 -5.90073615e-02
 -6.22800104e-02  2.11690385e-02 -2.11779214e-02 -1.33176269e-02
  3.45372665e-03 -3.08574550e-02  2.33578421e-02 -1.27602444e-08
  1.00093009e-03  3.95745086e-03  5.21076880e-02  6.69987733e-03
  4.58465964e-02  4.34127776e-03  3.15657211e-03 -5.82647324e-02
 -2.00217869e-02  2.29335595e-02 -2.64296234e-02  2.59739254e-02
  1.46983927e-02  7.64873326e-02  5.58908936e-03 -1.77117530e-02
 -4.90565486e-02 -5.94797619e-02 -9.71666574e-02 -2.28945389e-02
 -4.61655296e-02 -1.38235278e-02  1.56451594e-02  5.53380400e-02
  9.24115255e-03 -1.63283236e-02  2.99671646e-02  3.90691645e-02
 -1.88869797e-02  8.00242424e-02  2.96836440e-02  1.27889616e-02
 -2.23895237e-02  9.70399997e-04 -6.76277466e-03  2.01351177e-02
 -1.15372092e-02  4.47230451e-02  4.30338942e-02  6.47627264e-02
 -3.02573796e-02 -3.59586142e-02  4.87993620e-02  1.97741296e-02
  3.31598260e-02  4.85203080e-02 -8.47049151e-03 -4.72310893e-02
 -6.48654252e-02 -8.76629278e-02 -4.07486074e-02 -5.59517816e-02
  5.48032112e-02  1.86124314e-02  1.07581052e-03  5.67156300e-02
 -1.12913025e-03  5.86123057e-02 -4.11826149e-02  2.66038831e-02
  7.29541108e-02  3.51241864e-02 -1.39880897e-02  6.67456761e-02]"
383,Access to Communications,Social,services,3,0.3479,"[-8.45775306e-02 -3.25615704e-02 -2.39029787e-02 -3.78330834e-02
 -4.32014577e-02  1.22773480e-02  9.85485986e-02 -1.98151823e-02
  4.63831797e-02  8.07828456e-03 -1.04642650e-02  3.36226337e-02
  2.66210046e-02  5.43565005e-02  4.67663817e-02 -6.45553768e-02
  1.10946424e-01 -4.63548005e-02 -5.18881008e-02 -3.52570489e-02
 -7.95139894e-02  3.11617590e-02 -8.82812515e-02  6.06925339e-02
 -4.25107777e-02  3.49745266e-02 -5.83535135e-02 -3.09076179e-02
 -4.99234255e-03 -1.17565952e-01  2.56336778e-02  1.71942003e-02
  2.66358815e-02 -9.49602760e-03  2.76638963e-03  7.20037892e-02
  6.08497895e-02 -1.69461016e-02  1.09533938e-02  6.05561072e-03
 -3.92481498e-02 -7.79669806e-02 -5.58208115e-02  9.31730308e-03
  5.08152589e-04 -1.81216132e-02  2.12514065e-02 -8.15355126e-03
  1.93750225e-02  1.55288947e-03 -6.07607998e-02 -5.91866188e-02
 -1.13877663e-02  6.19035661e-02 -5.46092167e-03 -5.37327789e-02
 -2.59144790e-02  6.36480525e-02 -6.74282536e-02  1.99508108e-02
  2.76039597e-02 -1.04123978e-02 -6.37987182e-02  5.54235056e-02
  6.73106685e-02  3.30039635e-02 -4.83280718e-02  4.16772552e-02
 -5.25177643e-02 -1.12087443e-01 -4.24886905e-02  3.48769128e-02
  4.16454636e-02  6.10499606e-02  3.75453494e-02 -3.61125916e-03
  4.98441197e-02 -3.42841335e-02  7.87277818e-02 -1.37858719e-01
 -1.09222643e-02 -2.67929602e-02 -2.58327220e-02  1.31294742e-01
 -3.79003100e-02 -7.42953690e-03 -4.44915071e-02 -5.13674915e-02
  1.84793510e-02 -1.85713824e-02 -7.46225566e-03 -1.66187081e-02
  2.99989376e-02 -4.80309464e-02 -3.99405137e-02 -1.21114803e-02
  1.72964670e-02 -9.11837891e-02 -2.17964463e-02  2.13096246e-01
  1.59374606e-02  5.33368848e-02  5.91863431e-02  1.49768423e-02
 -3.51935625e-02 -4.44470532e-02 -1.04687981e-01  7.78373629e-02
 -1.31175411e-03  3.31954099e-02 -4.55390997e-02  7.10622361e-03
 -8.39744210e-02  2.22345777e-02  3.11690877e-04 -2.27939375e-02
  2.42613479e-02 -2.83842068e-02  4.81752641e-02  2.73173414e-02
 -1.31080663e-02  6.15996458e-02 -5.37839793e-02 -1.58548672e-02
 -6.98628575e-02 -1.63708497e-02  7.66803995e-02 -5.90113739e-33
 -2.43058056e-02 -2.92092059e-02  5.01463227e-02  4.68744822e-02
  1.33684799e-02 -1.84388412e-03 -7.88940873e-04  1.54750166e-03
 -2.32276730e-02  7.69798905e-02 -5.02775274e-02  1.37885630e-01
  5.31696677e-02 -3.90397175e-03  1.16726547e-01  7.01885158e-03
  2.04545669e-02  5.61496504e-02  9.85683966e-03 -3.53124514e-02
 -6.32286519e-02  6.18698820e-02  1.05960062e-02  4.69578691e-02
  6.87388852e-02 -6.14884384e-02  8.24864116e-03 -5.66764213e-02
  1.18315734e-01  4.42411983e-03  8.38954374e-02  1.91425718e-02
 -4.42038151e-03  2.36053765e-02 -8.58170819e-03  7.86764771e-02
  1.16578192e-02 -1.17678478e-01 -9.63283330e-03 -8.01457837e-02
 -5.31806014e-02  3.72604057e-02 -7.79305547e-02  6.02160618e-02
  1.30665060e-02  9.47967824e-03  2.31626886e-03 -4.32433514e-03
  8.41417629e-03  2.90250443e-02  1.05163613e-02  4.31130677e-02
 -2.87482254e-02  1.28396349e-02  3.06581110e-02 -4.01518279e-04
  5.40541448e-02  8.72223452e-03 -8.30437429e-03 -5.79599962e-02
  6.93626180e-02 -6.45258352e-02 -5.62843382e-02 -3.36392038e-02
  5.79699362e-03 -6.56412020e-02  1.28480336e-02 -4.67726178e-02
  6.24399185e-02 -1.84653513e-02 -9.61363390e-02  7.49377906e-03
  1.35290220e-01  6.48896098e-02  1.94097916e-03  3.55549864e-02
 -2.96826102e-03 -5.91044538e-02 -4.25782427e-02  3.13655660e-02
  5.25452197e-03 -2.58306526e-02 -2.80589778e-02  8.90707895e-02
  6.33548647e-02  1.97662432e-02  1.66225218e-04 -8.57655406e-02
 -1.68735646e-02 -7.89180305e-03 -1.28951386e-01  3.75018679e-02
 -9.41934437e-03  1.21713400e-01 -2.89596952e-02  3.84635968e-33
 -4.96360362e-02 -5.81811406e-02 -4.43537794e-02  8.43311176e-02
  1.22605227e-02  2.81114150e-02 -5.66517748e-03 -2.06356440e-02
 -9.83121991e-03  8.17708671e-02 -6.02816902e-02 -3.36763710e-02
  2.17186380e-02  5.39011620e-02 -5.28390445e-02 -4.15794784e-03
 -2.60061845e-02  4.71742707e-04  3.87139875e-03  4.46445830e-02
 -8.69609565e-02  1.44341439e-01  7.09919333e-02  2.48536188e-02
 -4.70405146e-02  6.82116672e-02 -1.86998919e-02 -4.94698398e-02
 -4.57813032e-02 -1.96622331e-02  1.16418386e-02 -7.48208016e-02
 -2.16512661e-02 -2.23078486e-02 -5.31857908e-02  6.81252927e-02
  8.33731815e-02  5.39332666e-02 -6.77912384e-02 -2.68867910e-02
  8.95730853e-02 -9.70354155e-02 -2.24272087e-02  3.36594507e-02
 -3.79015617e-02 -4.99623008e-02 -5.79336062e-02 -4.59569346e-05
 -7.13557936e-03  6.80017052e-03 -6.11770153e-02 -4.13719714e-02
 -7.05816969e-03 -6.27204310e-03 -2.63954978e-03  2.45575774e-02
 -3.92648764e-03 -3.70588265e-02 -6.72682226e-02 -3.91464215e-03
  5.84548935e-02  4.56142798e-03 -7.44350106e-02  8.94142613e-02
 -1.84857030e-03 -4.36204709e-02  4.21015099e-02  1.49772428e-02
 -2.38377089e-03 -2.07721423e-02  3.31478827e-02  1.75107922e-02
 -3.03652789e-02  4.68743369e-02 -7.44669512e-02 -6.25211224e-02
 -9.52869132e-02 -6.53577298e-02 -1.28657809e-02 -3.63368429e-02
  8.59924592e-03 -7.61149228e-02  9.68539901e-03  3.48150842e-02
 -3.73234525e-02 -6.09104969e-02  1.51471004e-01 -1.54077914e-02
  1.72945450e-03 -3.39059979e-02 -3.61564420e-02 -3.42331231e-02
 -4.49291430e-02  7.64700621e-02  6.13929471e-03 -1.30016913e-08
  1.53533900e-02  2.14404706e-02 -1.40080061e-02  4.10553291e-02
 -2.70631332e-02 -1.20514017e-02 -2.86091994e-02  1.27586931e-01
  4.17011082e-02  1.09831378e-01 -2.82193422e-02 -1.49381934e-02
 -5.77898091e-03  2.64514945e-02  6.28970563e-02 -8.56321957e-03
 -1.26852170e-02 -8.30671191e-03 -3.38274166e-02 -1.36653043e-03
  6.35327473e-02  5.12896217e-02  4.54829782e-02 -2.01263838e-02
  2.14841459e-02 -1.57157122e-03 -5.59115689e-03  6.23187982e-02
  4.99453433e-02  3.03337276e-02 -1.74639691e-02 -1.10913860e-02
  6.04429245e-02 -4.77946922e-02 -2.92175561e-02 -2.87761129e-02
 -3.04482915e-02 -4.50882539e-02  1.95563212e-03  8.95715971e-03
  1.27586466e-03  2.79905964e-02 -2.39822865e-02 -1.80664589e-03
  4.47378159e-02  5.42832427e-02  1.30067216e-02  3.82817462e-02
  2.44100410e-02 -4.51382101e-02 -2.93090791e-02  2.23104209e-02
  8.81801173e-02  3.92112248e-02  5.79492413e-02 -2.05654372e-02
  6.19735979e-02 -3.73173989e-02 -1.60362036e-03  1.26440197e-01
  2.16629859e-02 -7.68818101e-03  6.06960692e-02 -4.55543324e-02]"
384,Access to Communications,Social,reach,2,0.3392,"[-1.88075416e-02  4.95815054e-02 -3.30133028e-02 -1.06825614e-02
 -7.03898221e-02  1.39038730e-02  1.37996776e-02  1.08450115e-01
 -1.49597200e-02 -2.25142017e-02  2.15618685e-02 -6.04426824e-02
 -3.41272503e-02 -1.69050843e-02  4.16739322e-02  1.79409459e-02
  4.46160026e-02 -4.32665385e-02 -2.27549411e-02  2.61154100e-02
 -2.05547921e-02  6.83119297e-02  1.35536455e-02  1.67660434e-02
 -5.13528250e-02 -6.44457787e-02 -3.58875245e-02  1.59101915e-02
  7.12531358e-02 -6.32437840e-02 -4.50817794e-02  2.40544192e-02
 -1.38943866e-02 -9.36298631e-03 -4.10461389e-02  2.45937593e-02
  2.21272632e-02  4.37429361e-02 -5.21064829e-03 -3.56056318e-02
  2.42177732e-02 -7.95893148e-02  4.24377322e-02  1.98833551e-02
  3.15379500e-02 -3.00169736e-02  2.74755284e-02  3.59642878e-02
  4.28411327e-02 -3.05692665e-02 -1.11265361e-01 -2.17710212e-02
 -1.53489737e-03  4.96551879e-02  2.65653487e-02  1.01572111e-01
 -3.61266956e-02  2.21105795e-02  2.54094880e-02 -1.87572744e-02
  2.53859423e-02 -3.15043479e-02 -9.32325125e-02 -4.96703312e-02
 -1.68445036e-02 -4.95252572e-02  2.29947865e-02  1.81451105e-02
 -6.47881478e-02  8.99174903e-03  1.15725771e-02  1.25838090e-02
  6.22777231e-02  5.93669526e-02  7.38895610e-02 -1.77971423e-02
 -7.07823550e-03 -2.03843042e-02  6.50683567e-02 -6.47332072e-02
 -1.42524522e-02 -3.42594124e-02  2.60630762e-03  5.33183888e-02
 -7.07084462e-02  3.22299004e-02  2.75384337e-02  1.12386100e-01
  6.41255677e-02  8.28205198e-02 -7.18067028e-03 -1.46655031e-02
 -4.01267670e-02  5.35923755e-03 -9.55537856e-02 -6.83983639e-02
 -7.49395555e-03 -1.03142187e-01 -3.87773700e-02  1.93662450e-01
 -1.07635930e-02  5.72307445e-02 -8.03009272e-02 -3.25920396e-02
  1.16381077e-02  1.10376962e-02  9.48489271e-03  4.75545563e-02
  2.01920029e-02  4.38732095e-02 -2.02612691e-02 -9.84760821e-02
 -2.30806731e-02  3.51922400e-02  1.76547449e-02 -3.65373567e-02
 -9.76752788e-02 -6.40520826e-02  1.04043810e-02 -7.71722421e-02
  3.57135758e-02  1.84547566e-02 -8.75981338e-03 -2.52788570e-02
 -7.60215521e-02 -5.33141978e-02  4.61021550e-02 -5.07658394e-33
  2.24938244e-02  4.34138626e-02  4.04157676e-02 -1.08335484e-02
 -1.13453064e-02 -1.14245871e-02 -7.05010220e-02  1.11267548e-02
 -5.56670539e-02  5.07266186e-02 -6.93861544e-02  8.24393108e-02
  2.37232447e-02 -3.95129621e-02  1.26136556e-01 -1.05771031e-02
  4.93700318e-02  4.76369113e-02 -1.12686053e-01  1.52031723e-02
 -2.36434527e-02 -3.32236253e-02  1.96409225e-02  8.40274617e-02
  2.90913414e-02 -6.12592027e-02 -8.29750970e-02  6.69339765e-03
  2.61623319e-02 -2.79428996e-02  3.39336954e-02 -1.51675027e-02
 -3.30159664e-02  7.29340315e-03 -1.75002906e-02 -4.55737747e-02
  2.01147236e-02 -7.00300857e-02 -2.71065962e-02 -6.69221207e-02
 -5.60688786e-02 -3.62956300e-02 -1.27213006e-03 -1.33965500e-02
 -3.02588157e-02  3.87152322e-02  4.74512391e-02 -1.62440557e-02
 -4.77055050e-02  6.88537359e-02 -6.62409002e-03  2.40629143e-03
 -3.89933363e-02 -1.75592173e-02  3.61081213e-03 -2.06782967e-02
 -4.55189086e-02  5.64914793e-02  2.77047493e-02  2.65038908e-02
  6.95174411e-02 -5.32288738e-02  1.94386404e-03  3.58513817e-02
  4.75491490e-03  6.90988405e-03 -8.54600891e-02 -1.43634668e-02
  8.45239758e-02  2.42914576e-02 -2.70467196e-02 -2.33855098e-02
  1.15233161e-01  7.93993622e-02  6.42248848e-03 -2.15342101e-02
 -3.96165773e-02 -3.61792818e-02  6.17704876e-02  6.37614867e-03
 -7.59249479e-02  2.03185007e-02  1.95873026e-02 -3.93090071e-03
  8.04214254e-02  3.44513655e-02 -9.84614864e-02 -1.20268717e-01
 -2.69775707e-02  2.45312974e-02 -1.19214624e-01  1.78719554e-02
  5.83860790e-03  5.23888692e-02 -4.83142920e-02  4.59333711e-33
  2.32767072e-02  2.78723780e-02 -3.20287608e-02  1.19531434e-02
  2.75118221e-02  7.96849257e-04  2.61067078e-02  6.70004487e-02
  3.49555425e-02  3.24267298e-02 -5.96264424e-03 -1.59059931e-02
  6.50300756e-02  5.90254460e-03  3.15505378e-02  1.99347418e-02
  1.42321378e-01 -5.13492674e-02 -1.89106427e-02  1.36446208e-02
  2.48916610e-03 -1.13079950e-01  1.10973138e-02 -1.94432996e-02
 -3.77631653e-03  7.59801865e-02  1.06049880e-01 -2.28281412e-02
 -1.17672801e-01 -9.13274065e-02  1.73127223e-02 -1.40863303e-02
  1.32238418e-02 -5.33523364e-03  2.54796315e-02  1.29226655e-01
  9.37453881e-02  4.01804857e-02  3.93154919e-02  4.81028296e-02
  1.11237295e-01  5.69073856e-03  4.02782299e-02  1.52198181e-01
  3.72204743e-02  5.77504374e-02 -2.36499719e-02  3.23934183e-02
 -8.44807625e-02 -2.11565141e-02  4.39697765e-02 -1.64884832e-02
  4.81875278e-02 -2.03182157e-02  2.98962952e-03  4.08714861e-02
  4.19039018e-02 -1.68146919e-02  3.72536145e-02 -1.72520857e-02
  1.78782623e-02 -2.98795067e-02 -1.88701507e-02  5.48503213e-02
  1.58581380e-02  3.04236934e-02 -2.55133845e-02  3.29536349e-02
 -4.30332907e-02  7.87545182e-03 -3.09007131e-02  3.65173817e-02
  2.72165406e-02 -2.10706890e-02 -8.80795792e-02 -5.59284166e-02
 -3.11630685e-02 -2.95657795e-02 -1.44013055e-02 -7.53100738e-02
 -4.47736755e-02 -6.24497794e-03  9.67023522e-03 -1.50140133e-02
  4.09650393e-02  2.97292564e-02  9.92479101e-02 -7.25259958e-03
  6.38403445e-02 -1.72685180e-02 -2.16247272e-02  6.29866570e-02
  8.95428658e-03 -5.72878085e-02 -4.94898036e-02 -1.16151959e-08
 -5.62232956e-02  5.70151992e-02 -3.67943496e-02  2.65170913e-02
  1.08915314e-01  1.45559847e-01  2.44489443e-02  6.66823015e-02
 -1.50244338e-02  7.25288764e-02 -2.66599637e-02  2.39478983e-02
  3.98732200e-02  1.01713873e-01  8.04078579e-02 -4.38435152e-02
  9.46259126e-03 -8.79136845e-02 -9.34527665e-02  2.31344271e-02
 -5.49634099e-02 -2.64441241e-02  6.16202541e-02  8.13571177e-03
 -3.55915874e-02 -5.15404679e-02 -8.30984563e-02  5.52522987e-02
  4.76692319e-02 -5.79702109e-02  4.85149622e-02  3.99135426e-02
 -5.13395593e-02 -1.80487963e-03 -7.21733645e-02  1.57439969e-02
 -2.13382468e-02  2.54935045e-02 -4.25524823e-02  7.35975727e-02
  1.82065703e-02 -3.09455246e-02  3.78511362e-02  4.98745888e-02
 -5.20611294e-02 -2.05766223e-03  1.74183939e-02 -1.26318298e-02
 -4.03608792e-02 -1.10533528e-01  1.13883307e-02  1.91694554e-02
  5.57444477e-03 -2.34036823e-03  6.29745722e-02 -1.63605195e-02
 -3.07928305e-02 -1.66656394e-02 -6.48745596e-02  7.90012926e-02
  1.17614031e-01  3.28492746e-03 -7.78934872e-03  8.57598409e-02]"
385,Access to Communications,Social,service,7,0.337,"[-1.24083146e-01  2.02380214e-02 -7.62999896e-03 -4.88204621e-02
 -4.70532700e-02 -2.03284770e-04  1.38631105e-01 -3.50449532e-02
  2.83347219e-02  2.10121404e-02 -6.61502732e-03  2.25132890e-02
  5.45353629e-02  3.56583521e-02  2.05130614e-02 -7.01365918e-02
  1.15413435e-01 -6.23644628e-02 -8.63305032e-02 -2.19113333e-03
 -8.01116824e-02  3.98433357e-02 -8.89964849e-02  6.24265447e-02
 -6.75398633e-02  3.38575058e-02 -5.47156557e-02  2.01088586e-03
 -1.74184348e-02 -1.26397401e-01  2.63373367e-02 -8.14046152e-03
  3.51823680e-02 -6.18731743e-03  1.47865936e-02  3.81340086e-02
  5.15783764e-02 -1.56964231e-02  3.72531195e-03  1.69469789e-02
 -3.89057808e-02 -9.58525538e-02 -7.64332041e-02  1.19476551e-02
  9.07813944e-03  9.21091251e-03  1.54641997e-02  5.31883119e-03
  3.76856886e-02  2.53651030e-02 -7.13350922e-02 -6.42118305e-02
  2.15490963e-02  4.08863164e-02  8.34498648e-03 -2.87874006e-02
 -7.74922455e-03  4.86987010e-02 -6.68383911e-02  8.48492514e-03
  2.57463660e-02 -1.64815523e-02 -4.55381423e-02  5.99719398e-02
  8.03973079e-02  2.67226957e-02 -2.49906778e-02 -1.17240101e-02
 -4.79239300e-02 -1.09244995e-01 -3.74187678e-02  8.38038623e-02
  3.33104320e-02  8.41137618e-02  2.64410749e-02  1.63144059e-02
  4.84164432e-02 -5.41396104e-02  8.97142813e-02 -9.73337516e-02
  1.49923638e-02 -4.21672873e-02 -2.54055317e-02  1.06808543e-01
 -1.88115444e-02 -4.24402766e-02 -1.99474487e-02 -4.43452969e-02
  2.27644201e-02 -6.70100423e-03 -3.02784052e-02  1.00112474e-02
  1.94275100e-02 -4.31002118e-02 -6.76860362e-02  1.11599807e-02
  1.16018057e-02 -9.71328989e-02 -4.34349664e-02  2.25308880e-01
  5.09196855e-02  5.99442385e-02  1.88222900e-02 -1.32475775e-02
 -1.62708331e-02 -3.80293652e-02 -1.03779308e-01  9.16670412e-02
  2.06526020e-03 -1.31218918e-02 -3.64769362e-02 -1.05226142e-02
 -6.22729547e-02  3.71039622e-02  4.91569343e-04  5.67207206e-03
 -1.07468814e-02 -2.59351376e-02  1.85239222e-02  1.73007082e-02
  2.79098283e-02  4.11925614e-02 -4.70630862e-02 -2.00095493e-02
 -6.89355060e-02 -3.71254049e-02  1.33734658e-01 -6.19909950e-33
 -4.09788117e-02 -3.15509811e-02  6.01224154e-02  1.86699424e-02
  2.61200592e-02 -5.27065666e-03 -2.98812483e-02  7.66512053e-03
 -3.26394811e-02  8.50215182e-02 -5.10291159e-02  9.97357145e-02
  5.77024408e-02 -1.54487614e-03  9.68040824e-02  2.12575682e-03
  1.49627430e-02  2.16895770e-02  1.15757659e-02 -3.85493077e-02
 -5.50139025e-02  3.23698856e-02  3.07294982e-03  6.75061122e-02
  4.95716482e-02 -5.66900373e-02  2.89520063e-03 -6.40715808e-02
  9.24822539e-02  7.00058928e-03  5.61326072e-02  2.99173351e-02
  1.50399683e-02  1.95535682e-02 -1.97958965e-02  1.30351027e-02
  4.30319756e-02 -9.31302533e-02 -6.19921228e-03 -9.04136524e-02
 -3.68515067e-02  1.10853715e-02 -9.85884815e-02  5.55437729e-02
 -2.08353376e-04  1.14612645e-02  2.47061346e-02 -6.45955699e-03
  5.57862746e-04  5.47846667e-02  3.93202268e-02  3.31455804e-02
 -2.98550799e-02  2.03881431e-02  1.21882129e-02  1.32192932e-02
  3.48110832e-02 -7.86505267e-03 -1.27691282e-02 -6.37663901e-02
  8.44085962e-02 -7.76810050e-02 -3.83033454e-02  2.20801006e-03
  2.34763734e-02 -7.38417357e-02  1.73490401e-02 -4.77128178e-02
  4.71008681e-02 -2.30288524e-02 -6.17353022e-02 -2.15922240e-02
  1.06069267e-01  6.47358820e-02 -7.53239403e-03  3.46129611e-02
  1.42294001e-02 -3.09121702e-02 -4.95887399e-02  1.02993958e-02
 -2.35633943e-02 -2.27678344e-02 -1.04510924e-02  6.14743978e-02
  8.45546499e-02  2.61451174e-02  5.25657553e-03 -6.81241602e-02
 -8.42191279e-03 -2.09461129e-03 -1.10319175e-01  5.23350835e-02
  6.76447665e-03  1.16336741e-01  8.59834161e-03  4.80317314e-33
 -4.53823991e-02 -2.61534117e-02 -4.42056023e-02  1.01138681e-01
  1.51721081e-02  2.93346238e-03 -1.71740726e-02  4.07172833e-03
 -2.53756382e-02  1.38302952e-01 -6.19392172e-02 -3.15176211e-02
  2.68837214e-02  4.03392538e-02 -5.42067364e-02  1.68121587e-02
 -1.15998620e-02  1.98423117e-02 -9.90432315e-03  6.20164126e-02
 -7.01414123e-02  8.52413699e-02  5.68954796e-02  2.13207006e-02
 -8.10594559e-02  7.21994713e-02  2.29109768e-02 -3.19460453e-03
 -4.84829322e-02 -3.90974022e-02  1.56891458e-02 -6.29013106e-02
 -1.99308470e-02 -2.54820120e-02 -3.20353322e-02  6.24727756e-02
  1.17419906e-01  5.52478209e-02 -7.61914104e-02 -6.47876784e-03
  6.07435256e-02 -7.09123611e-02 -6.32825047e-02  4.42198329e-02
 -3.81468125e-02 -4.41590920e-02 -4.64159027e-02 -2.20212974e-02
 -7.72582972e-03  2.11917646e-02 -7.37088919e-02 -6.86643571e-02
  9.32973437e-03  4.64380195e-04 -2.87160464e-02  2.79306490e-02
 -1.36132129e-02 -2.42659282e-02 -1.00683957e-01  2.00203154e-02
  7.48693869e-02  1.39318518e-02 -5.01579233e-02  5.61838225e-02
  3.55486237e-02 -5.32977842e-02  5.70528135e-02  2.19932459e-02
 -2.52078939e-03  6.17734250e-03  1.79087883e-03  1.47169083e-02
 -2.76634768e-02  9.07505006e-02 -5.69483414e-02 -6.83848634e-02
 -1.07886307e-01 -4.86906618e-02 -2.61704773e-02 -5.54514043e-02
 -2.09575538e-02 -7.49808401e-02 -1.67921595e-02  2.77410019e-02
 -2.72875316e-02 -7.95628652e-02  1.65238008e-01  2.32111774e-02
  9.30199493e-03 -2.59316154e-02 -2.06512865e-02 -3.76990996e-02
 -8.05670992e-02  4.44250070e-02 -4.49042860e-03 -1.29272726e-08
 -1.63155869e-02  3.34566832e-02  1.35058491e-02  2.79869121e-02
 -7.33114220e-03 -2.31966674e-02 -4.69794683e-03  6.90509155e-02
  4.99256961e-02  6.59419894e-02 -6.97084423e-03 -2.79720360e-03
 -1.10589911e-03  7.17865005e-02  7.62901679e-02 -1.49309365e-02
 -2.31101923e-02 -2.64016688e-02 -4.19289172e-02  9.01773106e-03
  4.14988883e-02  3.92523967e-02  5.92346527e-02 -3.45551595e-02
  2.18057241e-02  2.28040572e-02 -3.05620744e-03  9.40394923e-02
  4.93662246e-02  1.53738642e-02 -1.73584428e-02 -3.06920405e-03
  1.95177309e-02 -4.54093702e-02 -3.86955924e-02 -2.19682232e-02
 -3.63869593e-02 -5.16432635e-02  5.48716867e-03  1.38140246e-02
 -4.32399771e-04  7.29738474e-02  4.43440955e-03 -1.94153171e-02
  5.02252057e-02  4.30445746e-02  1.21418023e-02  1.37578351e-02
  2.41232105e-02 -3.03522907e-02 -2.09335405e-02  1.65357571e-02
  8.53884071e-02  7.32355416e-02  6.64340258e-02 -2.86271684e-02
  5.00427075e-02 -1.59914494e-02 -1.42329847e-02  1.62889123e-01
  4.05681431e-02 -1.18183875e-02  7.73386238e-03 -5.10588512e-02]"
386,Access to Communications,Social,conduct,16,0.3321,"[-2.47029383e-02  2.03267075e-02  2.68065091e-02  3.01245619e-02
  4.37301677e-03  4.46727574e-02  8.89988765e-02 -3.18434611e-02
 -3.28340358e-03  6.17731549e-02  1.17868790e-02 -5.16966023e-02
  5.63129131e-03  1.02682427e-01  7.55433692e-03 -3.23677100e-02
  5.00488393e-02 -1.10461311e-02 -2.46376004e-02  4.18592021e-02
 -8.59908387e-03  2.92324275e-02  2.63945404e-02 -5.13740368e-02
 -1.05150945e-01  5.63665517e-02  1.77498050e-02 -4.05190289e-02
  9.19040572e-03 -1.02875419e-01 -7.21501559e-02  5.15184179e-02
 -9.80792847e-03  9.97048840e-02 -9.22037736e-02  6.95329234e-02
  5.69503382e-02 -4.21002787e-03 -2.48787981e-02  1.59573760e-02
 -1.78749096e-02 -6.29837289e-02  4.80775312e-02 -2.03282107e-02
 -4.98662004e-03 -1.38568236e-02  7.05624819e-02 -5.69979474e-03
 -5.23616299e-02 -2.29360424e-02  1.57589242e-02 -9.65240318e-03
  3.24621121e-03  8.08907226e-02  3.48820277e-02 -3.61279957e-02
  6.57888129e-02  3.26440111e-02 -6.31129276e-03 -1.17449211e-02
  3.01483925e-03  4.31776978e-02 -2.64615379e-02  2.28745956e-02
  2.52652466e-02 -4.46684062e-02 -1.98408049e-02  7.67877474e-02
 -2.35959496e-02  2.73901448e-02  5.37852831e-02 -4.86960374e-02
  4.49802391e-02 -3.25352661e-02  8.29114243e-02 -7.80221745e-02
 -4.99874875e-02  2.43755430e-02  3.89525741e-02 -1.16876893e-01
 -2.90006492e-03 -6.34100959e-02 -6.45202920e-02  5.93352504e-02
 -4.07847650e-02  2.45160256e-02 -1.64564662e-02 -7.16160014e-02
 -3.36297899e-02 -8.26765224e-03 -3.82707384e-03 -6.16702775e-04
 -1.85652804e-02 -2.74995733e-02 -1.02473289e-01 -3.76131833e-02
 -3.70683074e-02 -9.93891247e-03  3.08589339e-02  1.77935913e-01
  3.87564003e-02  9.36511531e-02 -1.25220299e-01  1.35464547e-03
 -4.53516692e-02 -7.21480176e-02  1.49679873e-02 -1.55172404e-02
 -6.80216327e-02  3.80474515e-02 -4.56063915e-03 -4.14753519e-02
 -7.15646371e-02  1.95544176e-02  1.17990293e-01  3.24174911e-02
 -2.29334868e-02  4.28860374e-02  1.12727664e-01  2.09785276e-03
  7.11670741e-02 -2.00605933e-02 -3.11417528e-03  7.53738638e-03
 -3.42799053e-02 -1.21283844e-01  2.00126842e-02 -4.74630199e-33
  1.96455233e-02 -4.10149321e-02 -8.52068420e-03  4.88534849e-03
  6.04593940e-02 -1.12324264e-02  6.58787275e-03  1.44744199e-02
  3.38198990e-02  9.87658948e-02  1.99204078e-03  1.22938327e-01
  3.30697969e-02  6.34205565e-02  2.57935375e-02  7.04950700e-03
 -4.30851318e-02  2.10248952e-04 -4.76792119e-02 -2.24241335e-02
 -3.70667403e-04  3.93684991e-02  1.55648999e-02  2.16983780e-02
 -4.33377083e-03 -4.73960005e-02 -3.94404382e-02 -6.47805771e-03
  1.74381230e-02  3.56221641e-03  6.50753221e-03  4.45777699e-02
 -1.85911711e-02  5.27237840e-02  1.07747363e-02  1.42915457e-01
 -1.30104199e-02 -1.63004119e-02  4.59765047e-02 -7.13464916e-02
 -9.69641507e-02 -4.36979420e-02  3.04065179e-02  3.96414250e-02
  2.14328594e-03  5.13392873e-02  5.54048605e-02 -6.66365921e-02
 -7.98373148e-02  4.08445857e-02 -7.35990354e-04 -3.99491005e-02
  1.00231998e-01 -4.12268704e-03  3.62467058e-02  1.33533906e-02
  1.31120868e-02  5.45674078e-02  3.47180699e-04 -1.46208536e-02
  4.46879677e-02  1.28463775e-01 -9.22430232e-02  2.81595383e-02
  2.47397693e-03 -6.73264712e-02 -4.84331287e-02 -5.89728318e-02
  8.86399522e-02 -1.20081507e-01 -7.99152404e-02  6.49734065e-02
 -8.87912698e-03 -7.52988039e-03 -4.25154977e-02 -6.80992156e-02
 -5.08122444e-02 -1.89318098e-02  7.75628388e-02 -7.08904956e-03
 -1.09729804e-01 -7.31197447e-02 -7.70331826e-03  1.18008899e-02
 -1.89526286e-02 -3.46763134e-02  4.62098196e-02 -1.21534048e-02
 -4.25531417e-02  3.24436165e-02 -1.11052543e-02 -2.25895587e-02
  1.22049309e-01  3.36936638e-02  3.25314105e-02  2.72564042e-33
  3.38181332e-02  3.14633995e-02  1.18258968e-02  6.77367747e-02
 -5.40095828e-02 -5.14973216e-02 -6.68363832e-03 -1.28277009e-02
  6.72724769e-02  8.78439657e-03 -1.24011170e-02 -4.03792970e-03
  6.11212812e-02  2.28091851e-02 -1.23325931e-02 -6.96343780e-02
  2.94860564e-02  4.88519147e-02  2.93826219e-04 -1.78526938e-02
 -1.72869563e-02  3.81177999e-02 -2.44750883e-02 -3.87251414e-02
 -9.37086269e-02  1.92231918e-03  2.67239958e-02 -7.17367530e-02
 -9.91076976e-02  2.93404870e-02  4.43450399e-02 -2.08656825e-02
 -4.99033630e-02  2.10752562e-02 -3.98658104e-02 -5.63463569e-02
  1.04047492e-01  7.67107382e-02 -4.82587926e-02 -1.04787230e-01
  2.94015612e-02  4.92163636e-02  4.44650427e-02  7.93260708e-02
 -1.36840474e-02  1.71012636e-02 -1.38558909e-01 -1.96444113e-02
 -3.02228052e-02  1.61995795e-02 -5.25031611e-02  1.85300421e-03
 -2.97311824e-02 -1.25459224e-01  6.76262134e-04  4.40459698e-02
 -2.50975508e-02  1.44690610e-02 -2.55073551e-02  3.01664304e-02
  6.47219718e-02  3.32368128e-02 -4.46502268e-02  4.82497970e-03
  3.69144008e-02  5.82344197e-02 -7.77040049e-02  5.87836578e-02
  1.03442900e-01  4.70604338e-02  5.26733361e-02  5.14684841e-02
 -8.33920091e-02 -7.36104026e-02 -1.03132501e-02 -7.11527392e-02
 -6.01510368e-02 -6.47775978e-02 -4.92916256e-02  8.37698504e-02
  6.66931644e-02  1.10690892e-02 -1.12926237e-01 -3.41371670e-02
 -3.28172967e-02  3.04229762e-02  7.92955756e-02  2.69416198e-02
 -1.26464879e-02 -2.25612707e-02 -5.83930640e-03  2.41332278e-02
 -2.29445491e-02 -4.27167639e-02 -6.71576858e-02 -1.17862786e-08
 -1.64949391e-02  1.13780601e-02  5.96597008e-02 -4.68372107e-02
  3.50575820e-02  1.58351026e-02  3.35201696e-02 -1.12580337e-01
 -3.62239107e-02  4.63625938e-02 -2.08510496e-02 -5.61856618e-03
  4.31888551e-02  6.10347197e-04  9.85617340e-02  3.14361765e-03
  3.23047750e-02 -4.94571291e-02 -8.35735202e-02 -1.06908586e-02
  5.92603423e-02  2.09549814e-02 -4.54195328e-02  9.07472074e-02
  2.50100438e-02  3.81021947e-02  5.14418026e-03 -3.91263403e-02
 -5.16026653e-02  6.16589002e-02 -1.34315118e-02  4.58286330e-02
 -3.04189343e-02 -1.32321063e-02 -6.89880103e-02  9.43894964e-03
  1.08525092e-02 -5.63705042e-02  3.03487275e-02 -1.57253742e-02
 -1.78544503e-02 -1.18927695e-02  2.82276087e-02  1.36904893e-02
  4.21515889e-02 -5.35113551e-02  5.09191416e-02 -4.17944184e-03
 -3.18419673e-02  1.98851526e-03 -2.55694613e-03  6.90892106e-03
 -1.45692062e-02  5.55315278e-02  4.48538512e-02  3.10628880e-02
  1.88073013e-02  5.20894453e-02 -7.44107738e-02  1.43644223e-02
  7.50365406e-02  2.63188984e-02  6.51067644e-02  2.46311929e-02]"
387,Access to Communications,Social,applications,1,0.3256,"[-4.84019592e-02 -1.31235309e-02 -3.97825278e-02 -9.58661959e-02
 -7.91677460e-03 -1.99451651e-02  8.02465454e-02  1.14735603e-01
 -1.85463410e-02 -8.97964928e-03 -1.28019499e-02  2.08404567e-02
  1.21218199e-02  6.06247783e-03  2.49463096e-02  1.89215001e-02
  6.74157739e-02 -8.40733293e-03 -1.20604634e-02 -6.27162606e-02
 -1.95352621e-02 -2.18490884e-02 -4.58063409e-02  2.64479201e-02
 -6.21476397e-02  1.74331907e-02 -3.49642560e-02  3.45356995e-03
  1.01549082e-01 -8.82951766e-02 -1.75133739e-02  7.62168244e-02
  8.53460580e-02  2.05372553e-03 -2.30325405e-02  2.28853039e-02
  1.61099769e-02 -4.00588699e-02 -2.39163861e-02 -2.93665025e-02
 -4.77589443e-02 -8.69856030e-02 -1.38254650e-02  5.09528024e-03
  3.33233476e-02 -1.30958095e-01  1.71561502e-02 -9.96832736e-03
  1.09386621e-02  6.71279384e-03 -3.21543701e-02 -1.00853052e-02
 -1.13348253e-02  3.29681188e-02 -4.49478291e-02 -1.79222804e-02
  1.82788540e-02  3.19493301e-02 -1.76961217e-02 -3.09377280e-03
  7.58024156e-02  5.93481073e-03 -1.08570829e-01  9.93265510e-02
  4.94463779e-02  5.13732098e-02 -4.48678881e-02  1.83764435e-02
  1.38650145e-02 -1.41398370e-01 -7.11501315e-02 -3.70606035e-02
 -8.79431739e-02 -2.11929977e-02 -7.66462507e-03 -8.66141468e-02
 -3.06931864e-02 -2.12625694e-02  3.45140733e-02 -6.87483400e-02
  6.69690594e-02 -6.01909906e-02 -7.93585926e-02  4.64712232e-02
  1.79435667e-02  3.57600451e-02 -2.04586033e-02 -2.86869612e-02
  5.24366759e-02  1.00937365e-02  4.39093523e-02 -4.73032929e-02
 -5.50607219e-03 -2.85195801e-02 -4.26517427e-02 -3.32290679e-02
  1.39541980e-02 -4.14909758e-02 -2.55279224e-02  2.43393376e-01
  2.55387202e-02 -7.36867860e-02 -9.26536042e-03 -2.37182118e-02
 -7.13538332e-03 -5.75416982e-02  3.85682732e-02 -5.53842895e-02
  3.08942664e-02  2.64685042e-02 -1.20391399e-01 -4.49958928e-02
 -3.00216787e-02 -2.94922516e-02  3.07490192e-02 -2.82480177e-02
  9.85769555e-03  2.57352218e-02  3.03739565e-03  7.45011866e-02
 -3.55092771e-02  7.65014580e-03 -4.01835628e-02 -6.01302385e-02
 -1.42781914e-03 -5.66856079e-02 -6.95821419e-02 -4.99398783e-33
 -7.14391321e-02 -1.78248286e-02 -8.18563066e-03  3.90579179e-02
 -5.35390864e-04 -5.09569757e-02 -3.82519886e-03 -2.09662318e-02
 -2.67833583e-02 -3.47954780e-03  2.54183728e-03  1.63152516e-01
  3.23057314e-03  4.28424776e-02  1.50500134e-01  2.68105511e-02
 -3.17307897e-02  1.53006122e-01  6.54114597e-03  1.30830212e-02
 -2.09881812e-02 -7.90772587e-02  1.49084479e-02  6.34994358e-02
  3.71375345e-02  1.88604258e-02  1.39029007e-02 -5.22478707e-02
  6.81261271e-02  3.61569412e-02  1.05095252e-01  5.77693991e-02
 -7.00281486e-02 -3.84364612e-02  2.35951133e-02  2.84744259e-02
 -1.55536402e-02 -6.73093200e-02  5.46868630e-02 -1.35766203e-02
 -4.26490121e-02 -1.25782937e-02  9.03751701e-03  1.37359053e-02
  5.70941493e-02  9.05869994e-03  6.47325963e-02  3.24035138e-02
  5.77891769e-04  3.72798182e-02  5.02854679e-03  5.35486005e-02
 -6.24138638e-02  1.52899651e-02  2.89395498e-03  3.69789600e-02
  2.26310384e-03 -1.75192896e-02  7.88332429e-03  2.51937583e-02
 -1.97952166e-02 -4.53003589e-03 -8.45432952e-02 -6.08281270e-02
 -5.27768768e-02 -1.08371079e-02  9.72750131e-03 -9.19414684e-02
  1.97313428e-02  3.21059488e-02 -1.36204377e-01 -3.00078169e-02
  1.07781820e-01 -3.26998867e-02  1.25399893e-02  4.33573313e-03
 -4.15416528e-03  3.91039485e-03 -8.26898068e-02  3.39593589e-02
 -5.97227775e-02 -2.39995178e-02  1.39461188e-02 -9.31290258e-03
 -2.99895070e-02  1.20405480e-02  3.10323527e-03 -1.04433566e-01
 -3.66993397e-02  5.19689023e-02 -3.60627174e-02  6.48816749e-02
 -2.40816101e-02  1.16049536e-01  1.34813413e-02  2.68662466e-33
 -2.93425396e-02  2.75616394e-03 -3.14081125e-02  3.06794830e-02
  6.70707002e-02  2.68271416e-02  1.50451418e-02  3.46096203e-05
  2.04960816e-02 -6.91028964e-03 -5.37898801e-02  2.31803283e-02
  6.54173642e-02  3.86927240e-02 -1.01495564e-01 -7.16038689e-04
  5.61078638e-02 -3.32417041e-02 -1.62096731e-02  1.95517112e-02
 -5.13748564e-02  7.75090903e-02 -7.60902138e-03 -3.22184861e-02
 -2.14239932e-03 -3.45765166e-02 -4.40741554e-02 -9.43699181e-02
  2.34841201e-02 -3.69473398e-02 -2.27925815e-02 -2.50572246e-02
 -1.02148034e-01 -9.12260357e-03 -6.33948892e-02  2.30072197e-02
  1.36130840e-01  1.51487403e-02  3.33675817e-02 -3.51432450e-02
  1.11491717e-01 -1.53074628e-02  6.93733841e-02  5.40957674e-02
 -1.92797240e-02  8.41230806e-03 -1.01602942e-01  4.44106944e-02
  4.07282859e-02  1.50688905e-02  2.04981528e-02 -2.30087666e-03
  3.20425555e-02 -3.58007625e-02  3.51880863e-02  4.98600975e-02
  2.40438990e-02 -3.26828174e-02 -5.32066450e-02  6.37453496e-02
 -7.62517303e-02  3.80761363e-02 -2.44051199e-02 -1.21563346e-04
 -8.22150894e-03  1.13177449e-02  7.58257322e-03  2.28145123e-02
 -3.57987806e-02  3.17187458e-02  9.73886847e-02  3.33545916e-02
 -7.70395249e-03  2.44293064e-02 -1.13994457e-01 -1.96163245e-02
  4.22720201e-02 -2.24227998e-02 -6.42300546e-02 -3.72860841e-02
 -4.40551639e-02  9.65555385e-03  4.48836349e-02  2.77205631e-02
 -5.53995781e-02  8.87203496e-03  5.69150299e-02 -9.40175429e-02
  1.71557441e-02 -7.43076950e-02 -5.09116501e-02  5.24708368e-02
  2.84851622e-02  5.17404899e-02 -3.35775390e-02 -1.22067867e-08
 -1.24834701e-02 -5.33750392e-02  6.76081236e-03 -3.87672931e-02
 -3.68600264e-02  2.53565814e-02 -4.34025973e-02  1.00293674e-01
  1.18810991e-02  3.87905072e-03 -6.80621862e-02  3.56636345e-02
 -7.16133788e-02  8.48661065e-02  8.50649253e-02 -6.38504606e-03
  2.72883233e-02  5.85713163e-02 -5.44387698e-02 -3.27699929e-02
  3.68552506e-02  5.99648729e-02  1.90428291e-02  7.75625333e-02
  4.35450003e-02 -4.89194784e-03  9.40843374e-02  3.48830502e-03
  1.79866198e-02  5.54367416e-02 -3.07720173e-02  7.41554648e-02
  7.49342293e-02 -5.99493412e-03  3.63478959e-02  2.40865313e-02
  1.08258277e-02  2.58516502e-02  3.39592583e-02 -1.09411543e-02
 -1.97247658e-02  2.32978780e-02  5.33622354e-02 -7.32923895e-02
  1.97872519e-02  2.15674639e-02  9.52595938e-03 -2.13360656e-02
  1.66927539e-02  6.36007935e-02 -3.76618169e-02  3.25616114e-02
 -1.81414932e-02  1.66630484e-02  4.92273532e-02  8.88709277e-02
  6.02727905e-02 -1.11288153e-01  8.15878157e-03  5.56426607e-02
  8.54302347e-02  3.20935175e-02 -3.94119089e-03  5.92188127e-02]"
388,Access to Communications,Social,facilities,9,0.3256,"[ 7.17870668e-02  7.11912615e-03 -2.68937405e-02  3.48630473e-02
 -7.48900250e-02  1.07634440e-02  6.45663068e-02 -3.52379493e-02
  2.13557873e-02  1.99208409e-02  4.75982726e-02 -3.52458619e-02
  1.13540338e-02  7.49115869e-02  7.08049834e-02 -1.94329750e-02
  5.71269020e-02 -5.53017780e-02 -2.35963780e-02 -8.00855830e-02
  8.19842797e-03 -3.62448879e-02  6.94836024e-04 -1.44797442e-02
 -4.05855924e-02  7.58212060e-02 -7.14134872e-02  6.65711910e-02
  7.30207935e-02 -7.52723813e-02  2.13564858e-02  2.48217918e-02
  3.60962413e-02 -4.57272455e-02  6.55338541e-02  1.00192845e-01
  3.32667120e-02 -5.12078889e-02  5.42165563e-02  1.01788277e-02
 -3.59614231e-02 -6.54771775e-02  2.08283849e-02  4.57604462e-03
  2.96535287e-02  4.61653061e-03  1.31535123e-03 -3.10726054e-02
  4.04761620e-02 -2.73130964e-02  9.34144035e-02 -3.84622067e-02
  4.29423638e-02  5.46880923e-02 -4.14317250e-02 -5.90647236e-02
 -6.41196920e-03 -4.12214622e-02  2.93418695e-03 -1.52091356e-02
  6.02494814e-02 -2.11990494e-02 -8.21503624e-02 -1.16400830e-02
  1.88476201e-02 -4.56422046e-02 -2.62526199e-02  8.30496624e-02
  6.38006181e-02 -9.56341922e-02  1.52418213e-02 -4.82916869e-02
  1.29915467e-02 -3.48061533e-03  3.61216739e-02  2.61305645e-02
 -4.96096089e-02  5.76554332e-03  8.47084597e-02 -4.49663587e-02
  7.34500140e-02 -2.72180960e-02  1.09142419e-02  4.06470485e-02
 -4.17598151e-02 -4.59316373e-02 -2.67913062e-02  1.76614989e-02
 -2.06485707e-02 -1.73724834e-02 -9.76635516e-03  3.58224623e-02
 -1.90981608e-02 -3.60922776e-02 -8.34282022e-03 -1.87668242e-02
 -3.15601788e-02 -3.77586856e-02 -2.33978909e-02  1.91097811e-01
  2.20623035e-02  4.56542186e-02  7.54637867e-02  2.23821052e-03
 -1.03970639e-01 -7.07809627e-02 -4.02680077e-02  5.82890771e-02
  3.18657346e-02 -1.05553688e-02 -4.17436399e-02  1.71459559e-02
 -6.17793165e-02 -1.74869932e-02 -6.17696568e-02  5.96422888e-02
  4.55772355e-02 -1.44040175e-02  3.81001756e-02 -3.71026210e-02
 -2.51331162e-02  2.87473598e-03  2.36548670e-03 -7.84425717e-03
 -3.35799232e-02 -2.85874382e-02 -5.25419675e-02 -4.64851004e-33
 -4.20952588e-02 -4.52850051e-02 -4.77933399e-02  5.48966937e-02
  4.77442406e-02 -8.00159469e-04 -7.48139024e-02  1.09794978e-02
  9.43939015e-03 -5.77010075e-03 -4.05724831e-02  2.39931531e-02
  2.55661625e-02 -6.90068156e-02  1.27465010e-01 -7.43692666e-02
  6.68621212e-02  1.04989983e-01  1.30949803e-02  8.48554820e-03
 -2.54882220e-02  5.74165198e-04 -1.35790706e-02  4.32533473e-02
  1.12418845e-01  2.51186863e-02 -3.62460427e-02  1.12537751e-02
 -1.27340769e-02  2.12155934e-02  4.34357896e-02  6.47972450e-02
 -2.88168080e-02 -6.84226630e-03  1.05082896e-02  2.35431641e-02
 -3.05602662e-02 -4.20361497e-02  7.84373656e-03 -6.52384162e-02
  7.52612110e-03  5.38580231e-02 -2.63426527e-02  6.90657943e-02
  7.23793879e-02  8.12793225e-02  3.66621325e-03  1.24717578e-02
  8.79465789e-02  1.04796467e-02 -5.22582717e-02  3.54404747e-02
 -1.32477015e-01 -4.45122831e-02  7.51952976e-02 -2.00466923e-02
  1.67734269e-02  5.91241568e-02  5.79434931e-02 -1.12305293e-02
  4.32884917e-02  8.87381881e-02 -1.52583584e-01 -1.38250468e-02
  3.96742448e-02 -7.91653842e-02  1.07635269e-02 -2.27108058e-02
  1.63932979e-01  3.30681279e-02 -8.54564309e-02 -1.07060382e-02
  7.76365846e-02  4.07593809e-02 -3.13323587e-02 -8.80379416e-03
 -1.11204684e-01  5.45416139e-02 -8.61788020e-02  5.15510701e-02
 -3.61083224e-02 -1.32113984e-02 -3.01034506e-02  1.05853863e-01
  2.32084244e-02 -5.12644015e-02  1.89091451e-02 -3.34472992e-02
 -5.99574968e-02 -2.15251744e-02 -5.00053279e-02 -8.03841371e-03
  2.04454791e-02  3.77654098e-02 -4.53754365e-02  3.53121589e-33
  5.08600511e-02 -6.16351794e-03 -6.77552968e-02  1.76733155e-02
 -4.45213728e-03  4.08163518e-02  5.75566106e-02 -7.02130049e-02
  3.53846438e-02  5.20929731e-02 -7.77031779e-02 -4.08524182e-03
  5.09599298e-02  1.68075284e-03 -2.73233205e-02  2.00691000e-02
  3.01738977e-02 -3.42842899e-02 -4.01367843e-02  6.64365888e-02
 -3.09832580e-02  2.84716785e-02  7.56502599e-02 -2.93360483e-02
 -3.54493409e-02  4.75388616e-02 -1.36106275e-03 -1.24762662e-01
 -6.00861236e-02  2.45744437e-02 -9.50731933e-02 -6.64404556e-02
 -4.83536758e-02  1.15474381e-01 -2.09557023e-02 -5.01083164e-03
  4.88231666e-02  6.77763671e-02 -6.09150268e-02  2.72278185e-03
  1.29557520e-01 -2.25291550e-02 -5.05207703e-02  1.50873989e-01
  3.61650027e-02 -5.80246001e-03 -6.12580366e-02 -3.79694370e-03
 -9.22327675e-03 -4.98648360e-02 -5.10605201e-02 -5.01541011e-02
 -8.38172883e-02 -7.24548846e-02  3.25311609e-02 -6.99124625e-03
 -2.64340937e-02 -6.65884931e-03 -3.19578350e-02 -1.03924870e-02
  5.60288206e-02  1.02259414e-02 -6.58853278e-02  8.98335725e-02
 -4.63586077e-02  3.65934558e-02 -2.78847981e-02  5.71021438e-03
 -2.68864110e-02  2.02242984e-03  2.05087159e-02 -3.86279486e-02
  1.66700594e-02  1.39811942e-02 -5.99944293e-02 -8.28140997e-04
  2.26039123e-02 -1.49871921e-02 -5.41212969e-03 -3.70915681e-02
 -1.26189031e-02  1.40055642e-02 -7.50353858e-02  1.47202704e-02
  3.96302156e-02  3.00819576e-02  1.02402478e-01 -2.82012299e-02
 -4.77047963e-03  3.33253207e-04 -1.89828835e-02  4.09810245e-02
 -3.09747811e-02 -2.59761829e-02  3.96718178e-03 -1.13040040e-08
 -2.57325843e-02  3.33020724e-02 -7.23766861e-03  9.50877182e-03
 -1.26204127e-02 -1.11590594e-01  1.93275902e-02  5.52432388e-02
  3.50041315e-02  1.33238211e-01 -6.47675321e-02  1.54781397e-02
 -1.39010120e-02  1.91824157e-02  1.20609589e-02  6.81803152e-02
 -9.05693769e-02  5.07231355e-02 -6.32716566e-02 -1.01513639e-02
  6.02074945e-03  2.80422270e-02  2.09651534e-02  3.28604467e-02
  7.08591251e-04 -2.96992734e-02 -1.34969165e-03 -4.27751802e-03
  8.09507594e-02  3.98406163e-02  6.26124144e-02 -4.52239923e-02
  1.66360028e-02 -3.54120210e-02 -1.25915196e-03 -2.44658012e-02
 -3.61966062e-03 -3.22822556e-02  4.84936647e-02 -9.91456509e-02
 -9.31146219e-02 -1.41304836e-01 -3.31327207e-02  3.27968262e-02
  9.24179628e-02  5.23691326e-02 -3.69360223e-02  2.54977886e-02
 -1.24745416e-02 -4.62617427e-02 -4.45692092e-02  9.06505063e-03
  3.18116334e-04  2.79836711e-02  5.30570410e-02  6.05998002e-02
  1.32472590e-02 -4.75051962e-02  5.05540287e-04  7.66013414e-02
  1.46416482e-02  6.12667501e-02  8.09803903e-02 -2.09665224e-02]"
389,Access to Communications,Social,electronic,1,0.32,"[-5.57873100e-02  3.70787643e-02  5.82653610e-03 -9.36489087e-03
 -4.08578292e-02 -4.59877700e-02  1.62724480e-01  8.61945674e-02
  9.10238400e-02  4.02651019e-02  2.26394683e-02 -9.97919217e-03
  2.80803964e-02  1.87904928e-02  2.78932229e-02 -6.31606877e-02
 -1.21021494e-02 -1.02381781e-01 -4.83422764e-02  4.88989102e-03
  1.74786095e-02 -5.10044675e-03  9.13552195e-03 -3.02016921e-02
 -4.41782847e-02  3.88805307e-02 -4.26086299e-02  3.05678491e-02
 -4.30912003e-02 -1.39484674e-01 -1.36389368e-04  3.65480557e-02
  1.50814876e-02  2.03157030e-02 -1.04669213e-01 -5.97534589e-02
  1.67215206e-02 -1.80545298e-03  5.61619550e-02 -3.40063982e-02
 -6.94065467e-02 -1.03786595e-01  5.25505245e-02 -3.30717601e-02
  3.09859775e-02  4.84229205e-03 -7.01036397e-03 -1.86219495e-02
 -2.04707384e-02 -1.45273311e-02  1.49579281e-02 -4.60297614e-02
  4.04876517e-03  6.87408894e-02  7.60665024e-03 -1.72682684e-02
  7.30963498e-02  2.44210400e-02 -5.62256835e-02 -1.61754864e-03
  7.33403713e-02 -3.21432911e-02 -4.14404459e-02  3.21134590e-02
  2.97075976e-03  1.57291014e-02  5.13269864e-02 -4.85833883e-02
  6.43180078e-03 -9.43796895e-03 -3.06721758e-02 -6.56478703e-02
  9.01897810e-03  2.07606871e-02  1.11658312e-01 -8.60101730e-02
  6.38439506e-02  9.16786212e-03  5.92592806e-02  3.43201868e-02
 -9.80707724e-03 -4.32959385e-02 -1.23812906e-01 -1.81625821e-02
  2.51270775e-02 -1.99767365e-03  7.71261100e-03 -2.66890358e-02
 -7.90377855e-02 -5.50928190e-02 -6.67054728e-02 -5.58245182e-03
  3.40525061e-02  1.15349926e-02 -2.35947520e-02 -4.77766879e-02
  7.72917038e-03 -7.21066147e-02 -3.78117301e-02  1.84085339e-01
  4.68505174e-02  1.33938193e-01 -9.92632844e-03 -3.36332582e-02
 -1.03874259e-01 -9.05865431e-02  2.45177727e-02  9.90665630e-02
  1.14547424e-02 -5.51350042e-02 -7.94066563e-02 -2.97791827e-02
 -2.80403737e-02 -9.52441525e-03 -2.81534418e-02  2.74282321e-02
 -2.02798955e-02  8.93906802e-02  9.56956446e-02 -2.07269657e-03
 -1.41443294e-02  6.18580903e-04 -6.88743740e-02  6.10938519e-02
 -3.02665657e-03 -1.14012018e-01  5.00747450e-02 -4.83160210e-33
 -2.25987621e-02  2.42385943e-03  1.77195240e-02 -9.59504209e-03
  6.89814938e-03  6.75745532e-02 -5.79025373e-02  1.97265856e-02
 -4.83249053e-02  3.06182671e-02 -3.06687243e-02  9.22756791e-02
  2.69238465e-02  6.65742010e-02  1.25094309e-01 -6.73056245e-02
 -5.51503077e-02  1.19267572e-02  3.05553358e-02 -6.53090477e-02
 -1.19221453e-02  1.52624492e-02  5.45097739e-02  1.80459116e-02
  5.23654521e-02 -3.00348103e-02 -3.59362960e-02 -1.94120612e-02
  1.90433748e-02 -3.84002749e-04 -5.24748638e-02  5.88256381e-02
  9.06979013e-03  4.86689107e-03  4.40592831e-03  2.73750667e-02
 -9.55718849e-03 -3.06934491e-02  9.55887437e-02 -3.35199758e-02
 -2.98159532e-02  3.76152247e-02  5.23958541e-03  5.99676520e-02
  1.05518103e-03  1.98658518e-02  3.90840061e-02  5.45405224e-02
  3.52671258e-02  4.42363620e-02 -5.54921106e-03 -2.48469990e-02
  4.87892888e-03 -1.83761641e-02  2.97386176e-03  3.12179383e-02
  9.22684558e-03  6.45775199e-02  2.07843562e-03 -4.98070084e-02
  1.08872235e-01  1.81218863e-01  2.26266719e-02 -4.44080792e-02
 -1.23648625e-02  3.81449759e-02  6.60478249e-02 -7.13793859e-02
  5.58121651e-02 -1.37520051e-02 -6.52877539e-02 -2.57823449e-02
  8.90361294e-02 -1.87158752e-02  1.38804754e-02  2.83808615e-02
 -8.42912048e-02 -4.33624759e-02 -1.88273494e-03  3.15029873e-03
 -9.86931697e-02 -7.25413114e-02 -7.19241658e-03  1.94258280e-02
 -1.41014345e-02 -5.87242208e-02 -6.59982339e-02 -2.27343794e-02
  3.21109891e-02  1.45279877e-02  1.52740283e-02 -4.48583141e-02
 -1.51523110e-02  3.53971273e-02  9.66905337e-03  3.65454398e-33
 -3.71724479e-02 -1.31205786e-02 -5.12253456e-02  8.88123736e-02
  4.32513058e-02 -2.67019887e-02 -1.03580495e-02 -2.05332059e-02
  1.89004596e-02  2.38659009e-02 -6.35102717e-03 -1.78518128e-02
  4.29607220e-02 -6.88642729e-03  1.95160452e-02 -3.59019563e-02
 -3.91258448e-02  2.89646443e-03  1.21829525e-01  7.03706890e-02
  2.85624079e-02 -2.44167657e-03  2.66319327e-03 -4.95032687e-03
 -2.05935854e-02  7.64247477e-02 -2.38347203e-02  1.26982732e-02
 -5.99135309e-02 -5.05686319e-03 -3.04568354e-02 -7.48287067e-02
  6.58065965e-03  9.61600319e-02 -3.66636217e-02  1.69807822e-02
  9.31729898e-02  1.29919755e-03 -2.06376594e-02 -6.64258897e-02
  1.48458974e-02  4.60616574e-02  3.35791297e-02  1.16507180e-01
 -3.48235108e-03 -3.73503715e-02 -8.31962302e-02  6.45047799e-02
 -1.99939143e-02  1.09706139e-02 -4.31816513e-03  1.60023645e-02
 -9.98975802e-03 -1.19695574e-01 -1.73840858e-03  4.26909328e-02
 -1.20779015e-02  6.73047220e-03  3.27929389e-03  5.97546669e-03
  3.03299036e-02 -2.00887378e-02  5.40327206e-02  3.13489027e-02
 -9.60012898e-02  4.76062624e-03  3.60225029e-02  8.78341570e-02
  2.79969852e-02 -1.15446346e-02  1.35830536e-01  6.39507473e-02
 -2.91214176e-02 -8.53028595e-02 -3.97469662e-02 -7.01378435e-02
 -5.22806123e-02 -3.75135988e-02 -1.94031484e-02 -2.73543950e-02
 -2.92363446e-02  3.25823501e-02 -3.95611562e-02 -1.19962171e-02
 -8.31843987e-02  1.46532869e-02  8.23082030e-03 -5.21890703e-04
 -1.29346792e-02 -6.30422905e-02  1.50696570e-02  5.57194836e-02
  1.45452190e-02  3.27563137e-02 -2.55538672e-02 -1.11366010e-08
  5.14877997e-02  5.97017966e-02  6.55615702e-02 -5.23767136e-02
  7.73315132e-02 -6.92523792e-02  1.18217766e-01 -7.23193586e-03
 -1.97712262e-03 -2.99371239e-02  3.81843820e-02 -7.86004867e-03
  5.70199639e-02  7.77588636e-02  1.35492057e-01  2.61567272e-02
 -2.63004191e-02  4.00566459e-02 -6.73115179e-02  5.25295474e-02
  9.47313607e-02 -1.31488778e-02 -2.07671504e-02 -7.76938861e-03
  8.82984102e-02  1.87888592e-02  3.75776328e-02  3.12698856e-02
 -1.06799148e-03  3.97716425e-02 -7.97629505e-02  5.15793450e-03
 -6.07227907e-02  5.15681086e-03 -7.12610260e-02 -8.90013054e-02
  1.89893600e-02 -6.22582994e-02 -6.72746152e-02 -3.03251389e-02
 -4.26733121e-03 -5.89450747e-02 -5.84510416e-02  8.96332785e-03
  2.67119501e-02 -2.21275277e-02  1.44306105e-02 -8.27402100e-02
  2.88314128e-04 -6.08440442e-03 -3.41473408e-02  1.06329769e-02
  5.28005557e-03  2.46739555e-02  1.11636585e-02  4.24240204e-03
 -2.52757724e-02 -3.54232336e-03 -4.39042896e-02  8.04523230e-02
  9.91603583e-02  7.37574510e-03  3.84735614e-02  1.11192679e-02]"
390,Access to Health Care,Social,health,5,0.5256,"[ 5.37123438e-03  9.97414514e-02  1.91134890e-03  8.38104934e-02
 -2.22391598e-02  5.08642569e-02  1.25899836e-01  3.50416861e-02
 -8.00787210e-02 -2.53760293e-02  2.24868339e-02 -1.18055064e-02
 -4.67448048e-02 -8.85407105e-02 -1.33799100e-02 -7.67619461e-02
 -1.65396743e-02  2.04998739e-02 -9.20241922e-02  4.00275514e-02
 -8.48541111e-02  1.17842123e-01  6.23122975e-02  6.39799610e-02
 -6.87919632e-02  8.65728930e-02 -1.30520593e-02 -6.96765929e-02
 -1.87501051e-02 -4.39839177e-02  7.50633776e-02  2.67405305e-02
  7.46407807e-02 -1.89797133e-02 -5.31700999e-02  2.36164150e-03
  5.83902188e-02 -4.50640544e-02 -6.10716380e-02 -7.24489018e-02
 -4.66363691e-02 -7.37746805e-02  2.40134150e-02  2.39480287e-02
  3.60913016e-02 -1.70135591e-02 -3.48460153e-02 -1.48821180e-03
  8.15757513e-02  1.75007470e-02 -7.87486881e-02  6.85469061e-03
  3.67106544e-03  4.84067313e-02  1.05895899e-01 -3.89761999e-02
 -6.25088066e-02 -8.71843249e-02 -8.56771916e-02  2.88186092e-02
  7.40112811e-02 -7.63535034e-03  1.53860217e-02  6.19725101e-02
  7.14427233e-02 -1.75928250e-02 -3.72048356e-02  2.37937365e-02
 -5.05838767e-02 -5.10534846e-06 -3.53512168e-02 -9.44931954e-02
 -2.52397135e-02  4.20893766e-02  7.59914592e-02  2.43649110e-02
 -6.16188198e-02 -9.11518708e-02  7.69328699e-02  2.12488952e-03
  4.27264534e-02  1.87974442e-02  2.53665727e-02  1.09769747e-01
  2.13757586e-02  1.74314622e-02  9.87705812e-02  1.06953373e-02
 -6.79079071e-02  7.23599782e-03 -4.98767309e-02 -2.45786812e-02
  4.30098325e-02  5.22806048e-02 -2.75510550e-02  2.50209328e-02
 -2.81046219e-02 -7.43551776e-02 -5.60972914e-02  2.09060758e-01
 -2.05601119e-02  9.14966501e-03  1.25062848e-02  7.22572878e-02
 -2.46338006e-02 -1.24549596e-02 -3.76604274e-02  2.65376717e-02
  2.78761517e-02  1.85325462e-02 -3.83028314e-02  4.32151705e-02
 -9.42651555e-03  1.00031225e-02  2.00723130e-02  2.09167413e-02
  1.01501029e-02 -6.86053187e-02 -1.72647722e-02 -2.00532675e-02
 -7.61366729e-03 -6.32247627e-02  9.88753233e-03  9.77477990e-03
 -2.29227357e-02 -9.24503431e-02  2.24340893e-02 -6.14722934e-33
 -1.06252846e-03 -8.56531933e-02  1.47644907e-01  4.95084226e-02
 -1.89727712e-02  4.29080091e-02 -2.58337893e-02 -7.02107474e-02
  1.82728525e-02 -6.78755483e-03  1.92644615e-02 -7.62591464e-03
 -1.56567674e-02  4.21755053e-02  2.78620478e-02 -9.13773477e-03
 -9.84768867e-02  7.42173791e-02 -1.74940471e-02  2.51418855e-02
  3.76332225e-03 -4.78493907e-02 -8.05747230e-03  7.71740302e-02
 -4.28220779e-02  5.59713989e-02  1.48747005e-02 -6.14827238e-02
  4.18789349e-02  1.05806394e-02 -4.34195884e-02  6.00280762e-02
 -2.68613081e-02 -1.40227348e-01 -2.06817649e-02 -4.69994769e-02
 -3.77959237e-02 -3.47582325e-02 -5.12745827e-02 -6.18010163e-02
  9.91606712e-03 -2.09494494e-03  2.41463240e-02  3.22052650e-02
  4.86132279e-02  3.84361297e-03 -1.19498251e-02 -9.60628095e-04
 -1.13997534e-01 -2.17824187e-02 -5.58792390e-02  9.15367622e-03
 -8.62479769e-03 -2.62368340e-02  3.23679717e-03 -2.82216277e-02
  1.66203473e-02  1.23932771e-02 -7.79984370e-02  3.37543674e-02
  9.80043486e-02  6.17396794e-02 -5.36023416e-02 -2.73295082e-02
 -4.37831357e-02 -3.28039601e-02  1.38798656e-04 -5.53135835e-02
  3.13322805e-02  1.45491417e-02  1.21148722e-02  3.72152515e-02
 -1.81977265e-02  2.04879548e-02 -5.50231263e-02  3.60890627e-02
 -6.59352448e-03 -4.36691307e-02 -8.70679617e-02  2.58840714e-02
  2.89109331e-02  3.38586196e-02 -2.10219845e-02  5.13027981e-02
  5.52435778e-02  5.47038391e-02 -2.76211742e-02 -2.95840185e-02
  3.45293316e-03  9.78255365e-03 -9.11254734e-02  2.29895599e-02
  9.01133269e-02  4.21853513e-02 -1.75824277e-02  3.74367033e-33
 -7.93729722e-03  1.20220939e-03 -7.65881315e-02  9.76044685e-02
  5.93985915e-02 -6.05680011e-02  9.73851886e-03 -4.32126923e-03
  5.44070974e-02  1.07256837e-01  3.46021801e-02 -7.53901452e-02
  3.52806374e-02 -1.62294637e-02  3.75511460e-02  5.00624515e-02
  4.70811352e-02 -2.01899167e-02 -3.29498984e-02  7.25660101e-02
 -1.68711003e-02  3.61825190e-02 -5.69520809e-04  1.29054161e-02
 -5.82864322e-02  9.39490870e-02 -3.65922637e-02  3.61403897e-02
  3.65441516e-02 -9.94864106e-03  2.89596431e-02  4.93565761e-02
 -8.30426253e-03 -2.83726938e-02  3.16934921e-02  2.25883368e-02
  4.12307084e-02 -1.68720465e-02 -3.98306064e-02  3.22226286e-02
  1.36453837e-01 -7.39254814e-04 -1.98331792e-02  1.00447252e-01
 -8.49623792e-03  4.05098088e-02 -1.11643579e-02  3.02662645e-02
 -3.95160839e-02  1.69808399e-02  4.14584428e-02 -1.93931833e-02
 -5.94130643e-02  4.60596383e-02  2.53981035e-02 -3.10970675e-02
 -1.05775677e-01 -5.60910925e-02 -6.10580072e-02 -8.68348498e-03
 -1.24801602e-02  5.51457480e-02 -1.08039118e-01  3.68471108e-02
 -9.67275277e-02 -1.53591046e-02  1.86782163e-02 -2.40950882e-02
  4.22031095e-04 -4.02951837e-02 -1.23774465e-02 -3.77950259e-02
 -1.42504945e-02 -1.64273046e-02 -5.23026064e-02  1.74470637e-02
 -8.13520327e-02 -2.70874556e-02 -1.58212278e-02  1.04232039e-02
 -8.08312744e-02 -1.07540131e-01 -1.48519799e-02 -3.01885046e-02
 -8.82780105e-02 -2.82875225e-02 -5.53533027e-04  2.57935026e-03
 -9.13260784e-03  1.36039872e-02 -3.55117619e-02  3.88916470e-02
 -1.25106409e-01  3.43981944e-02 -3.54320221e-02 -1.38960106e-08
  5.41888662e-02 -7.08016455e-02  1.75380260e-02 -5.91897815e-02
 -1.44343888e-02 -2.14510597e-04 -2.05068476e-02  8.24092403e-02
  8.62330943e-02  1.06143937e-01 -8.99954140e-03  7.03351498e-02
  4.34746444e-02  2.11753324e-02  1.28591452e-02 -1.87780429e-02
 -4.23133373e-02  3.19506042e-02 -2.80897804e-02  1.27863744e-02
  2.57245693e-02 -3.07652988e-02  6.53957203e-02  3.91035266e-02
 -9.66141745e-02 -3.72873358e-02  4.45294194e-02 -1.85504071e-02
  7.93929864e-03 -1.62014458e-02  5.98579906e-02  6.90155923e-02
  2.45570783e-02  1.16725042e-02 -2.52039190e-02 -6.17082193e-02
  4.86882068e-02 -5.38016222e-02 -2.30083503e-02  1.50195537e-02
 -2.57034414e-03  6.45710528e-02  3.70848551e-02  1.84496567e-02
 -3.35254595e-02 -9.00502801e-02  2.42790431e-02  3.71634774e-02
  3.38827558e-02 -8.51295441e-02 -1.32026523e-02  7.24240905e-03
  4.71745767e-02  8.30229372e-03 -1.08865397e-02  4.50820290e-02
  3.43024433e-02  3.07960622e-02 -5.15435115e-02 -1.69488788e-02
  1.42157704e-01 -3.23175564e-02  3.84027287e-02  5.43064140e-02]"
391,Access to Health Care,Social,hospital,1,0.4868,"[ 4.83564893e-03  3.70635986e-02 -3.82723100e-02  1.28519768e-02
 -5.40127009e-02 -2.87636966e-02  3.55363227e-02  8.38476513e-03
  5.12674972e-02 -2.13176012e-02  8.04776791e-03 -1.61882937e-02
  1.06593193e-02 -5.52658923e-03 -5.14908098e-02 -7.65613317e-02
  5.14332429e-02 -4.82351892e-02 -6.98857615e-03 -5.29639050e-02
 -7.24281520e-02  7.87602291e-02 -8.91230628e-03  1.44538283e-02
 -1.71845425e-02  2.47463174e-02 -7.34563768e-02  3.79858975e-04
  3.43178250e-02 -4.46088985e-02  2.90792286e-02 -5.03605194e-02
  3.79793495e-02 -5.53291552e-02  6.12785965e-02  1.78130362e-02
  7.76727358e-03  2.72022672e-02  2.21188050e-02  7.75560811e-02
 -3.83568592e-02  4.05232748e-03  2.48107575e-02  1.66661330e-02
  6.02779277e-02  1.42676607e-02 -6.46359846e-03  2.83216871e-02
  9.90755334e-02  2.52810735e-02  5.27051603e-03 -3.68507653e-02
 -2.71291677e-02  9.25458893e-02 -1.22676371e-02  3.68501060e-02
 -1.03232292e-02 -4.91126291e-02 -9.18482542e-02 -9.76282230e-04
 -2.35022884e-02  3.46112289e-02  4.45912927e-02  3.95903997e-02
  5.26014529e-03 -1.73095148e-02  5.19183092e-02  2.68709380e-02
  5.59048355e-02 -8.40374455e-02  2.85858661e-02 -8.31804797e-02
  5.40365092e-02  1.11337520e-01 -2.48475969e-02  1.07461605e-02
  4.17728126e-02 -1.27780614e-02  6.13300093e-02  8.34992249e-03
  3.30696553e-02 -1.34464666e-01 -3.13283573e-03  2.54175290e-02
 -6.35939315e-02 -7.77335837e-03  2.12663058e-02  3.93484719e-02
 -4.10078242e-02 -4.10748608e-02 -8.32237676e-03 -1.06569715e-02
 -2.39852769e-03 -5.57850972e-02  5.14791813e-03 -1.94589254e-02
 -1.50884110e-02 -7.25127012e-02 -1.69472694e-02  2.03914762e-01
  1.17804920e-02  4.79710475e-02  9.72315446e-02  3.15348208e-02
  2.41091158e-02 -7.66478553e-02 -2.04304960e-02  5.20909391e-02
 -1.91075914e-02 -2.64234915e-02 -1.72964623e-03  6.03153557e-02
  2.82389228e-03 -3.28239873e-02 -2.56856568e-02  6.66300356e-02
  5.20195998e-02 -7.99941346e-02 -8.32944456e-03  1.07596874e-01
 -1.75571740e-02  2.44231075e-02 -8.93596709e-02  4.84368112e-03
 -5.30966781e-02 -3.74964364e-02 -1.63327008e-02 -5.23860894e-33
  4.07990962e-02 -6.61117658e-02  6.60723969e-02  5.91351325e-03
  5.58593683e-02  2.03641430e-02 -5.74235804e-02  2.09693220e-02
  6.32226048e-03 -1.26684159e-02 -1.47869298e-02 -3.50682288e-02
  3.98175716e-02 -9.11595151e-02 -2.14423668e-02  4.96056080e-02
 -3.21108177e-02  6.84757158e-02 -7.49585554e-02  6.61048964e-02
 -2.87321508e-02 -7.60134775e-03 -4.50627767e-02  5.11391684e-02
  8.04619305e-03  3.18553001e-02 -8.58393535e-02  4.66827623e-05
  1.19409308e-01 -3.68996221e-03  1.36584500e-02  3.68654616e-02
 -1.32133206e-02 -2.76481751e-02 -2.98180524e-02 -1.88811067e-02
 -7.27430433e-02 -5.53481802e-02 -3.06854374e-03 -2.11112127e-02
 -3.76828015e-02  1.54521288e-02  7.62993330e-03  9.54736769e-02
  5.76078519e-02  6.49828836e-02 -2.26034541e-02 -1.62123994e-03
  3.20857167e-02 -4.82187457e-02 -1.54920228e-04 -5.34697622e-02
 -1.39322817e-01 -2.08030157e-02  3.27135250e-02 -5.24028856e-03
  1.48674874e-02  3.09642684e-02  5.31432852e-02  4.94788215e-02
  8.81204829e-02  1.28775030e-01 -7.29089901e-02  9.08856280e-03
  3.07525974e-02 -1.26149818e-01  9.87251475e-03 -2.76361704e-02
  7.89522007e-02 -1.45983761e-02 -3.16777676e-02  1.39525561e-02
  6.52783066e-02  8.46938565e-02 -3.03076953e-02  1.20378872e-02
 -5.76126873e-02  8.81252170e-04 -7.06612542e-02 -1.26210535e-02
 -2.99677975e-03  1.67002901e-02  2.41959380e-04  9.53921750e-02
  6.68366551e-02  4.07163147e-03 -4.04594764e-02  2.77452562e-02
 -1.33121982e-01 -5.50186820e-02 -1.42430052e-01  5.89131601e-02
  9.38849300e-02  4.38885055e-02 -2.77548134e-02  3.22227834e-33
  2.72469558e-02 -6.52587265e-02 -9.68990102e-02  4.45430987e-02
  3.93243730e-02  1.71515183e-03 -1.55980168e-02  2.53410358e-02
  2.76055429e-02  5.74188232e-02  8.50744173e-03 -3.71104926e-02
  3.09475530e-02  2.75326073e-02 -2.50723399e-03  2.76019443e-02
  1.86124742e-02 -5.11529930e-02 -7.96037242e-02  7.54225031e-02
 -2.08603162e-02  9.81295388e-03 -1.22568314e-03 -1.53789343e-02
 -2.00869632e-03  7.68427327e-02 -3.57397385e-02  1.58513412e-02
 -3.15902308e-02 -8.06319937e-02 -1.05236188e-01  8.08223675e-04
 -7.54022272e-03  4.48984690e-02 -3.89280133e-02  4.37484197e-02
  1.18404301e-03 -3.27039417e-03 -3.95749249e-02 -8.28351767e-04
  6.66050538e-02 -6.52511194e-02 -3.53419632e-02  1.27574712e-01
  5.77177554e-02  2.67919409e-03 -5.18586040e-02  5.97367063e-03
  5.09939045e-02 -1.31781045e-02 -9.23537910e-02 -6.29609674e-02
 -4.22615856e-02  1.03228418e-02 -2.30385587e-02 -1.87021637e-04
 -9.36411917e-02 -5.74864410e-02 -5.18387072e-02 -5.37682977e-03
  1.03811778e-01 -2.86220852e-02 -7.65910894e-02  1.01707794e-01
 -1.09886251e-01  4.28792648e-03  6.13604225e-02  8.95890221e-03
 -4.55107614e-02  2.42671743e-02  1.20214699e-02  1.44059642e-03
 -4.29785252e-02  4.51406091e-02  1.33214481e-02 -4.25214171e-02
  3.45503651e-02 -5.24967797e-02 -2.93070972e-02 -6.52758256e-02
 -1.53368583e-03 -6.27053082e-02 -4.07505445e-02  9.37631875e-02
 -3.01103387e-02 -2.24976558e-02  1.11235343e-01 -3.91107127e-02
  1.81634594e-02 -4.32895869e-02 -2.93825176e-02  2.71320548e-02
 -7.90421218e-02 -9.93874446e-02 -2.23308690e-02 -1.19358257e-08
 -1.22350361e-02  1.64064821e-02 -2.10726541e-02 -4.13380843e-03
  5.10463770e-03 -1.11262999e-01 -4.39842492e-02  9.96842608e-02
  2.56601796e-02  9.39568505e-02 -5.92663959e-02  6.74328133e-02
 -1.52908196e-03 -3.41544822e-02 -1.94581542e-02  5.22384681e-02
 -1.08153857e-01  1.34418765e-02  2.52218638e-02 -4.45943847e-02
 -4.24872190e-02 -2.54546478e-02  5.21515757e-02  1.16236741e-02
  2.21344456e-02  3.08104772e-02  3.09024937e-02  2.11327560e-02
  1.68992020e-02  1.31700328e-02  3.76358069e-03  4.99574058e-02
  1.90464372e-03 -2.23433282e-02 -3.10088694e-02 -5.72104827e-02
  8.29497427e-02 -6.99084848e-02  4.17467467e-02 -3.90563831e-02
  2.87112053e-02 -4.66065928e-02  1.96115859e-03 -8.30556359e-03
  3.97160500e-02 -2.89443713e-02  8.73687118e-02  4.17549685e-02
  2.55838390e-02 -8.30210596e-02  5.16379550e-02 -8.06722019e-05
  5.47794439e-02  2.47119069e-02  1.51455533e-02  3.68959308e-02
  2.67118961e-02 -2.86164954e-02 -7.90608004e-02  1.05083577e-01
  8.68865401e-02  2.75398102e-02  5.27582504e-02 -8.34667590e-03]"
392,Access to Health Care,Social,medical,2,0.4807,"[-6.21454325e-03  6.38702065e-02  2.87156412e-03  2.88592614e-02
 -7.13092312e-02 -2.54122876e-02  1.12864695e-01  1.26642048e-01
  5.71475876e-03  3.08157504e-03 -6.84368983e-02  1.90031901e-02
 -4.89114001e-02  2.46144668e-03 -9.92990062e-02 -9.26958323e-02
 -4.61870357e-02 -4.87984642e-02 -3.64022106e-02  2.49665398e-02
 -7.88234323e-02  1.17776096e-01  5.03609050e-03  4.26639356e-02
 -4.04549316e-02  3.79492901e-02 -2.76958495e-02 -5.81676140e-02
  2.04833597e-02 -5.66992015e-02  3.82475816e-02  2.22091600e-02
  9.87155661e-02 -6.84263371e-03 -1.31111722e-02 -3.21089104e-03
  1.68893050e-04  8.72316863e-03 -9.61408298e-03  6.87857866e-02
 -1.50961503e-02 -5.41682988e-02  2.27839407e-03  1.25826756e-02
  2.77167503e-02  1.72939766e-02  8.14332161e-03  3.55002703e-03
  5.97102009e-02  5.39185740e-02 -7.85245597e-02 -7.78898690e-03
 -6.46227077e-02  8.05453062e-02  4.27727625e-02 -6.20202906e-02
 -2.45368201e-02 -6.02689758e-02 -1.15704142e-01 -3.45119946e-02
 -5.59735298e-03  4.61571030e-02  2.40359195e-02  5.31065427e-02
  3.41981351e-02 -2.00385805e-02 -8.73756409e-03 -3.09848469e-02
  3.10111623e-02 -1.90264862e-02  3.65482271e-02 -8.79008546e-02
  9.67269484e-03  1.13899529e-01  7.41391405e-02  9.31220967e-03
  3.76198739e-02 -4.05164175e-02  6.10606484e-02 -3.53288986e-02
  7.85677657e-02 -4.15360965e-02 -8.86506066e-02  1.78410448e-02
 -3.67599018e-02  8.03532824e-03  7.27239717e-03  4.14747261e-02
 -7.48833567e-02 -3.58211137e-02 -3.39470105e-03 -8.03488418e-02
  3.09472941e-02 -8.48453771e-03 -9.90754552e-03  2.91170999e-02
 -7.50540476e-03 -8.12299103e-02 -3.97865064e-02  1.69945657e-01
  1.19365258e-02  2.84580532e-02  1.06379027e-02  7.95125142e-02
 -5.63671766e-03 -4.44930792e-02  6.71828957e-03 -3.02936751e-02
  1.91008858e-02 -3.61690484e-02 -1.81651041e-02  4.53694314e-02
 -1.57240294e-02  1.03000477e-02 -3.69153991e-02  1.07885592e-01
  8.93308595e-03 -7.47113442e-03  4.07404378e-02  6.23418018e-02
 -2.82603912e-02 -2.41460092e-02 -7.57328719e-02 -6.41977265e-02
 -1.67022217e-02 -8.99335667e-02  5.26322424e-03 -6.39153600e-33
 -3.32362801e-02 -7.98491240e-02  8.97303000e-02  7.92630389e-03
 -1.06841214e-02  5.39999828e-02  1.99527573e-02 -6.18701242e-02
  3.98045033e-02 -2.21443605e-02 -1.88360680e-02  2.01820079e-02
  3.17762629e-03  3.05550266e-02  1.33411484e-02  1.63041037e-02
 -8.06819871e-02  6.25618622e-02 -4.51932326e-02  3.34709920e-02
 -4.62006172e-03  5.31698577e-02 -7.55876526e-02  5.65053262e-02
 -4.43972424e-02  3.70206982e-02 -6.51067495e-02 -9.00646821e-02
  1.18281327e-01 -1.11019947e-02 -2.89502554e-02  9.57562923e-02
 -1.80981588e-02 -8.16409290e-02 -3.57137471e-02  2.51982678e-02
 -4.69091348e-02 -2.97978763e-02  2.60065496e-02  2.44670757e-03
 -3.77724245e-02  4.80210828e-03  8.56517907e-03  4.02440280e-02
  6.26134053e-02  5.12505509e-02 -4.05847803e-02 -2.72977576e-02
 -9.59823355e-02 -3.09125520e-02 -1.64586268e-02 -1.97400488e-02
  3.19426358e-02 -7.31447190e-02  6.23499304e-02 -1.15198120e-02
  2.98929010e-02  8.86611920e-03 -4.46134247e-02  3.12276334e-02
  1.12800762e-01  8.17693546e-02 -2.43115108e-02  5.82576729e-02
 -1.99377835e-02 -7.12556541e-02  1.21204890e-02 -7.69456476e-02
  5.53109273e-02 -7.03227986e-03 -7.93007314e-02  5.28077967e-02
  2.30636019e-02  2.97775138e-02 -6.67828992e-02  1.97135992e-02
  1.55493766e-02 -2.54105050e-02 -5.06063178e-02 -3.18509564e-02
 -2.09216252e-02  1.84600763e-02 -3.18982685e-03  8.54972377e-02
  8.35241973e-02  1.53882243e-03 -5.40304892e-02 -8.34243745e-03
 -2.81483680e-02 -6.25737198e-03 -1.41626030e-01  2.26013456e-02
  2.24663839e-02  6.99742809e-02 -2.87960153e-02  3.58422297e-33
 -1.82716250e-02 -2.32281704e-02 -5.34452274e-02  8.54628310e-02
  9.85683128e-02 -1.15873208e-02  3.79460528e-02  2.06795032e-03
  2.06154808e-02  9.19316560e-02  2.54980288e-02 -6.49507716e-02
  6.60410943e-03  2.97567854e-03 -2.93862466e-02  2.65260716e-03
 -8.16638116e-03 -8.90076254e-03 -4.33348194e-02  8.06797892e-02
 -3.39984298e-02  8.33437592e-02 -2.30663531e-02 -6.20080438e-03
 -1.95577405e-02  7.35866353e-02  7.09456508e-04  5.44580119e-03
 -4.15344499e-02 -4.93013524e-02 -3.42421457e-02  3.59621048e-02
 -1.87066942e-02 -6.12623245e-02  1.19720679e-03  7.42007270e-02
 -1.92424504e-03  4.62773070e-03 -3.07133328e-02 -1.93348899e-02
  1.33792490e-01 -3.40283401e-02  4.98261936e-02  1.14362426e-01
  2.52896883e-02 -3.39146815e-02 -7.78463930e-02  3.20863761e-02
  2.33268775e-02  1.44419304e-04 -5.87377809e-02 -2.26885080e-02
 -1.26683377e-02  2.02618390e-02 -1.37886712e-02 -3.20059620e-02
 -1.25283271e-01 -7.91150928e-02 -5.19869886e-02 -8.94927047e-03
  6.87672943e-02 -8.68122093e-03 -6.93385750e-02  4.90846857e-02
 -1.00546971e-01  3.56367379e-02  6.43658116e-02 -6.60427986e-03
 -4.82707545e-02  7.14974478e-03  9.45763662e-02  4.00599167e-02
 -4.22955677e-02  6.52679279e-02  3.41313072e-02 -1.67816002e-02
 -4.91188318e-02 -3.30253667e-03  7.04006583e-04 -4.39155512e-02
 -1.64497457e-02 -1.13920502e-01 -6.77250372e-03  9.81959626e-02
 -8.05692375e-02 -1.24732768e-02  5.17766736e-02 -1.15098692e-02
 -4.71720137e-02 -5.93918301e-02 -4.80977772e-03  1.89454891e-02
 -5.51830232e-02 -8.22814368e-03  1.68566518e-02 -1.29819808e-08
  8.34629592e-03 -2.84557343e-02 -8.06732196e-03 -6.02505505e-02
  8.30179430e-04 -5.58937006e-02 -7.44065195e-02  5.78930900e-02
  2.66289413e-02  4.10402864e-02 -7.10054263e-02  4.40897048e-02
  4.54304442e-02  7.27423094e-03  7.36848563e-02 -1.12617156e-02
 -2.35205814e-02  5.59056327e-02 -1.85736343e-02 -4.70718220e-02
 -5.43197151e-03 -2.80221961e-02  5.55629842e-02  4.79273088e-02
 -2.07157154e-02 -1.11515531e-02  6.66873530e-02  3.06803696e-02
 -2.31520738e-03  3.42610665e-02  2.42713857e-02  4.79334891e-02
  2.46534385e-02 -4.64607868e-03 -4.71506501e-03 -9.24701244e-02
  6.48179725e-02 -8.97080973e-02  2.98895384e-03 -4.25444059e-02
  2.64944918e-02  4.19449992e-02  6.81459233e-02 -1.07498718e-02
  1.73133332e-02 -8.04779157e-02  6.47066161e-02  2.69723870e-02
  4.08798642e-02 -9.17003900e-02  2.65208166e-02  1.42166857e-02
  4.14849706e-02 -3.10428850e-02 -1.90383103e-02  7.48415217e-02
  2.82956082e-02  2.62554754e-02 -1.12390131e-01  2.69580185e-02
  1.47969767e-01  1.95667683e-03  6.90466389e-02  6.78179041e-02]"
393,Access to Health Care,Social,welfare,1,0.3721,"[-7.72912949e-02  8.39176327e-02 -2.17696819e-02  1.02610374e-02
  3.14722885e-03  7.87320584e-02  8.96833986e-02 -1.72327328e-02
 -5.54284900e-02  4.59120460e-02  8.00532773e-02  5.33020496e-02
  1.40673732e-02 -2.39847526e-02  3.94226685e-02 -4.98802448e-03
  7.92655274e-02 -1.73437949e-02 -7.71860033e-02 -1.14002079e-02
 -1.09309331e-01 -1.12529453e-02 -1.41975991e-02  6.57071779e-03
 -4.74621691e-02  3.62724252e-02 -4.26216684e-02 -3.11480239e-02
  5.92372492e-02 -2.51125563e-02  8.15103799e-02 -2.51793005e-02
  1.99946743e-02  5.10350103e-03 -5.22359982e-02  2.65770890e-02
  6.25941530e-02 -5.98153099e-02 -3.70085463e-02 -4.19217683e-02
 -3.05956136e-02 -7.96274692e-02 -9.40925926e-02  1.75835025e-02
  3.36910994e-03 -5.65667078e-03  5.35168722e-02  1.63284931e-02
  5.95096946e-02 -1.64184887e-02  7.27632493e-02  2.68255305e-02
  2.10835151e-02  6.48908988e-02  3.41563001e-02 -2.84131933e-02
  3.22472975e-02  8.05925205e-03 -3.65328938e-02  2.41525378e-02
  9.88686923e-03 -1.97675955e-02 -3.44632976e-02  8.19125772e-03
  1.32209182e-01  6.02377299e-03 -2.51602903e-02  4.20666039e-02
 -3.94247994e-02 -3.85915712e-02 -4.50630812e-03 -4.57256809e-02
  6.30246922e-02 -1.70470998e-02  4.76553030e-02 -7.68425167e-02
  4.23835926e-02  2.27975454e-02  4.48497646e-02 -7.82300010e-02
 -9.81088262e-03  1.04404008e-02 -6.91562444e-02  6.18881099e-02
  7.62576412e-04 -1.42217018e-02 -1.69698913e-02 -3.58921513e-02
  5.50959185e-02  6.49135420e-03 -2.16112472e-02  2.26101484e-02
  3.71062867e-02 -2.84023639e-02 -3.09519693e-02 -1.48215098e-02
  5.01365028e-03 -3.03616114e-02 -1.33688807e-01  2.45480597e-01
 -2.20666472e-02 -1.20441550e-02  5.78618161e-02  3.08010671e-02
 -8.73377267e-03 -8.03508088e-02 -9.64913592e-02  1.04626812e-01
 -1.27165625e-02  2.37242654e-02 -4.66499776e-02 -1.90242212e-02
 -4.40061502e-02  4.23999988e-02 -7.04554096e-02 -6.20791912e-02
  6.29417226e-02 -5.77971600e-02  1.91788692e-02 -4.54635583e-02
  3.75541039e-02  2.84252875e-02 -4.92059477e-02  5.20705506e-02
 -4.90502715e-02 -6.18571192e-02 -5.72572611e-02 -5.81600258e-33
  1.79710910e-02 -2.88421884e-02  3.55610773e-02 -7.42463991e-02
 -4.91310805e-02 -6.50458690e-03 -1.91946384e-02 -5.21459430e-03
 -3.17146555e-02  1.00720271e-01 -1.55186877e-02  3.09156738e-02
  5.03950007e-02  4.71031256e-02  5.24781533e-02 -2.10065804e-02
 -9.99620408e-02  4.61741611e-02 -7.63783697e-03  5.68281300e-02
  2.75929626e-02  8.55697840e-02  2.98994128e-02  3.16002406e-02
 -2.61442829e-02 -3.92037183e-02 -1.94959925e-04 -9.52181146e-02
  4.29706313e-02  8.78843758e-03  1.80277918e-02  6.83311075e-02
  2.68333182e-02 -7.62535036e-02  3.25441249e-02 -7.50377178e-02
  4.74651984e-04 -3.82912196e-02 -2.39003655e-02 -8.64444748e-02
  3.09397932e-03 -6.71491306e-03  1.26808554e-01  1.69742480e-02
  5.31749129e-02  3.12429275e-02  7.26248622e-02 -3.45080420e-02
 -7.00826719e-02  2.79413313e-02  2.43008286e-02  2.99325623e-02
 -7.77660236e-02 -7.27560297e-02 -3.75923105e-02 -8.00481439e-02
 -3.31530161e-02  5.35615673e-03 -4.71555963e-02 -8.38875622e-02
  3.56790200e-02 -1.21582948e-01  1.62611145e-03 -3.48549187e-02
 -3.63216065e-02  2.24160659e-03  1.37939360e-02 -6.46727951e-03
  1.25819193e-02  1.53525099e-02 -3.00391167e-02  6.14675246e-02
  7.06873089e-02  4.63116206e-02 -2.50365548e-02  1.30736351e-01
  4.86470871e-02  1.82607826e-02 -2.13775784e-02 -3.54944170e-02
  2.87902262e-02 -2.20953226e-02  1.36297597e-02  4.70174989e-03
  9.34137702e-02  1.22802489e-01 -6.91428557e-02 -3.56342643e-02
  4.56665903e-02 -4.22995202e-02 -5.75937368e-02  7.02372938e-03
 -8.68440885e-03 -7.54439319e-03  1.65079106e-02  3.80771053e-33
 -2.77774557e-02 -3.35388258e-02 -6.58994764e-02 -5.24511598e-02
  4.12597843e-02 -8.16377811e-03 -4.05568443e-03 -8.03346708e-02
 -1.18546337e-02  1.49740279e-01 -7.82440379e-02 -5.44820242e-02
  6.09699041e-02  8.33124444e-02 -7.57437497e-02 -3.00989002e-02
  2.48551387e-02  9.95754171e-03  3.51616330e-02 -1.94369815e-04
 -5.04737757e-02  1.25960216e-01  4.73764353e-02  1.03785478e-01
  2.57816128e-02  6.79452792e-02 -5.52400388e-02 -1.58019476e-02
  5.88441603e-02  6.60209684e-03 -1.34915216e-02 -2.93691419e-02
 -4.32046689e-02 -2.30531283e-02 -4.95719686e-02  8.61913487e-02
 -1.12642879e-02  5.18888421e-02 -4.05088365e-02 -1.82910415e-03
  6.19103797e-02 -5.14980331e-02 -1.99493971e-02  9.13405269e-02
 -1.02335596e-02  7.79585121e-03 -8.73354003e-02  4.42070626e-02
 -1.52490865e-02  4.90548508e-03 -9.97493553e-05  5.11450274e-03
  9.21325460e-02  3.21063139e-02 -2.41720807e-02 -2.87614707e-02
 -2.61984728e-02 -6.78504929e-02  2.03828570e-02 -2.86896508e-02
  8.82001780e-03  1.30181710e-04 -6.03814386e-02  8.05609897e-02
 -4.14695181e-02 -5.22041842e-02 -2.54838876e-02 -9.98554006e-02
  1.41983023e-02 -1.79861742e-03  8.77822787e-02 -1.00187324e-02
 -1.60532556e-02 -7.32909143e-02 -4.98557687e-02  1.10089809e-01
 -1.87519509e-02  3.37852091e-02 -4.47158851e-02  3.84276286e-02
  4.82024346e-03 -1.09527066e-01  3.75072211e-02 -4.64473180e-02
 -9.14821178e-02 -1.73350666e-02  6.24096990e-02  1.55729381e-02
 -2.25908076e-03 -6.49804622e-02 -6.93693236e-02  1.50157232e-02
 -5.69092669e-02  7.68321157e-02  1.97559148e-02 -1.22567050e-08
  1.11454010e-01  1.64566608e-03 -6.08154088e-02 -2.77828015e-02
 -1.96316540e-02  1.39221363e-02 -5.72493970e-02  4.04698998e-02
  3.34303454e-02  5.93294837e-02 -2.54338104e-02  7.71900788e-02
 -6.46145782e-03 -7.45328027e-04 -3.36902984e-03  3.12801115e-02
 -3.88302095e-02  1.15179811e-02 -3.21298167e-02  2.85592303e-02
  4.39994857e-02  1.48846600e-02 -4.15638415e-03  2.49314476e-02
 -1.40798395e-03  1.56378001e-02  5.19840494e-02  2.02264991e-02
  2.13864986e-02 -3.08755739e-03  3.19880210e-02 -1.71140265e-02
 -4.01704833e-02 -1.39403734e-02 -7.24266190e-03  6.83740806e-03
 -3.37322280e-02  2.84332540e-02  4.57853004e-02 -5.64213134e-02
  1.52507182e-02  6.50205314e-02 -1.65396482e-02  2.82234550e-02
  6.16261642e-03 -1.04115522e-02 -1.06827885e-01 -1.16539199e-03
 -1.57951098e-02 -6.78845868e-02 -1.45028401e-02  2.53996085e-02
  3.16022825e-03 -1.39247207e-02  2.96912137e-02 -3.64529751e-02
  5.06486930e-02 -2.25774944e-02 -4.87399995e-02  4.68514301e-02
  1.00451864e-01  2.22007800e-02  8.99328515e-02  1.26759894e-02]"
394,Access to Health Care,Social,care,3,0.3635,"[-4.48037721e-02  2.65641473e-02  2.73384955e-02 -3.76651995e-02
 -7.22280610e-03  3.85758211e-03  9.48154554e-02  3.60446312e-02
  2.73479912e-02 -4.72511500e-02 -4.17035219e-04 -2.80575790e-02
  1.05646569e-02 -7.40791261e-02 -7.83547312e-02  1.75855178e-02
 -5.63271455e-02 -3.75819579e-02 -1.80046096e-01  6.07952243e-03
 -4.34720106e-02  3.73641513e-02  5.11749536e-02 -6.00507250e-03
 -1.10046297e-01  7.70751387e-02 -3.09103951e-02 -3.89907360e-02
  4.74894121e-02 -4.08504307e-02  8.70888401e-03  7.64541253e-02
  3.33523378e-02 -2.77707148e-02 -2.37225760e-02  3.62123847e-02
  3.50028053e-02  2.43039639e-03 -1.38371876e-02 -1.06499091e-01
  1.79563612e-02 -4.26879004e-02 -1.80537682e-02  4.66863848e-02
  8.11111704e-02  3.59739140e-02 -1.79633368e-02 -4.13250737e-02
  6.60518631e-02 -1.99463964e-02 -8.65973607e-02  8.62934534e-03
 -2.72398740e-02 -8.48160125e-03  5.86421639e-02  4.29008864e-02
 -3.71683016e-02 -2.12428253e-03 -5.71301160e-03 -5.56772761e-02
  4.42714021e-02 -3.63279507e-03 -2.41253059e-02  4.85132821e-03
 -1.01548852e-02 -1.31901456e-02 -4.79411893e-02  1.70440227e-02
 -3.00285760e-02 -2.20052861e-02  2.92410259e-03  3.66478637e-02
  2.46848371e-02  3.98487560e-02  2.64629330e-02  8.60363916e-02
  5.43648843e-03 -8.94021019e-02  3.51319276e-02 -1.80610809e-02
  4.14094664e-02  1.07163452e-01  3.69144347e-03  4.26254049e-02
 -5.01668006e-02 -3.14597189e-02  4.95097786e-02 -1.28154298e-02
  1.58298668e-03 -3.47951846e-03 -1.37202721e-02  4.20765057e-02
  4.18150909e-02 -2.47937199e-02 -7.56514892e-02 -4.69664708e-02
  1.49168903e-02 -2.55915206e-02 -1.13098770e-01  3.37082833e-01
  3.98413390e-02 -2.20551211e-02  4.37322855e-02  6.35568500e-02
 -3.51427682e-02  4.37277965e-02 -1.04288802e-01  1.25936180e-01
 -5.43641374e-02 -5.14582172e-03 -7.40311667e-02  4.55766842e-02
  2.04422250e-02  4.12653349e-02  1.56972266e-03  1.54859163e-02
  2.78463177e-02 -3.24305929e-02  7.57655054e-02  4.35592933e-03
  1.30063435e-02  2.63556615e-02  4.10474138e-03  1.01340599e-02
  2.53485944e-02 -1.25899687e-01  5.98516762e-02 -5.73245102e-33
  8.56859833e-02 -3.30518745e-02  2.09217705e-02  2.66467482e-02
 -3.41050588e-02  2.75515653e-02  2.99194641e-02 -7.45011121e-03
  5.96314948e-03  4.42341752e-02  4.61821817e-02 -2.98686214e-02
 -3.28778550e-02  1.48583082e-02 -2.98160426e-02 -8.87875431e-05
 -1.14461936e-01  7.05801474e-04 -6.52034581e-02  4.38822666e-03
  1.41312974e-02 -5.17990552e-02 -3.36532518e-02  2.88166218e-02
 -8.53562802e-02  8.44736863e-03 -2.52482458e-03 -3.61883193e-02
  6.03644848e-02  2.69513130e-02 -5.15425764e-02  3.75357978e-02
  4.10556905e-02 -7.55704492e-02 -9.58134606e-02 -3.70454155e-02
 -1.46944923e-02 -1.38075426e-02 -4.69976105e-02 -9.89309251e-02
  6.42196983e-02  5.20837605e-02 -4.59261015e-02 -3.41234053e-03
 -2.57178154e-02  6.19511772e-03  5.42906523e-02 -1.32454624e-02
 -2.36599948e-02 -3.57252695e-02  3.60503718e-02 -1.82690602e-02
 -8.54084864e-02  4.17697653e-02 -4.90304502e-03  9.50750802e-03
  6.79612905e-02  5.95645681e-02 -3.17657478e-02 -4.31193411e-02
  1.22356586e-01 -7.17020109e-02 -4.16313037e-02  1.42195281e-02
  4.25495580e-02 -2.79772747e-02  2.41728406e-03  2.30088588e-02
 -2.76156496e-02  2.04875357e-02 -8.71389806e-02 -2.54826136e-02
  5.74156940e-02  3.30483429e-02 -8.70155543e-02  8.37501511e-03
  3.31785791e-02 -6.85945079e-02  2.04735994e-02  8.11120216e-03
  1.55214742e-02  2.90560275e-02 -3.61566171e-02  8.44752602e-03
  6.18684739e-02 -4.05577458e-02  3.27088172e-04  1.78314745e-02
 -5.58329821e-02 -2.70008873e-02 -4.90192659e-02  5.59832491e-02
  1.33333504e-01 -3.32429148e-02  5.46892174e-03  3.63989365e-33
  9.53705609e-03  2.93553881e-02  3.34261544e-02  9.40025449e-02
 -5.38507663e-02 -5.47796786e-02 -5.01747318e-02 -1.73934903e-02
  4.85621840e-02  6.02315702e-02 -5.23745716e-02 -8.71595964e-02
  6.21161014e-02 -4.16010618e-02  3.99163626e-02  2.12201849e-02
  4.95637730e-02 -5.90656325e-02 -5.61298802e-02  7.21776336e-02
 -1.29681258e-02  1.59779508e-02 -2.65039727e-02  8.70847926e-02
 -3.37459669e-02  2.55747922e-02  4.04977165e-02  2.31433772e-02
  8.02048966e-02 -4.52047847e-02  5.23461401e-02 -1.30006885e-02
  6.24998845e-03 -1.26172015e-02 -8.11921433e-02  3.92590314e-02
  5.17950840e-02  6.72311783e-02 -4.03786786e-02  8.00314844e-02
  5.53187504e-02 -3.83881480e-02 -5.96021451e-02  8.46829638e-02
 -4.68189530e-02  2.38141660e-02  8.29274300e-03  1.71008371e-02
 -4.94624637e-02  1.22835692e-02 -6.34569898e-02  3.89039260e-03
  1.48436362e-02 -3.34815681e-02  8.39888991e-04  3.09768189e-02
 -2.19206456e-02 -1.54450664e-03 -3.64413559e-02  2.35368200e-02
  3.46705355e-02 -2.38350630e-02 -9.57535803e-02 -3.07912454e-02
 -4.68138643e-02 -2.27036159e-02  7.33431382e-03 -7.88668618e-02
  3.14990915e-02  8.40084918e-04  6.23279139e-02 -2.25384496e-02
 -9.92464796e-02 -2.33842004e-02 -5.65892011e-02 -1.70125999e-02
 -2.10850816e-02  2.09166072e-02 -1.80495549e-02  1.21947182e-02
 -4.59164828e-02 -2.50488259e-02  4.77922261e-02  8.79297405e-03
 -2.32404619e-02 -2.30939835e-02  5.66910133e-02  1.40922545e-02
 -9.71903428e-02 -6.62610233e-02 -3.53842787e-02  1.05795167e-01
  1.18269213e-03 -3.10977120e-02 -8.38234872e-02 -1.54873998e-08
 -2.23908853e-02  2.27526501e-02  1.43160820e-02  5.30298101e-03
  5.88967800e-02 -1.42846182e-02 -7.90177658e-02  2.06734370e-02
  7.13857859e-02  1.17754214e-01  5.60607649e-02  2.48655747e-03
  3.33169885e-02  6.87875459e-03  6.51219934e-02 -7.79466778e-02
 -6.23929463e-02  4.42208946e-02 -5.07186763e-02  5.76286614e-02
 -4.86429296e-02 -1.42299049e-02 -2.79989857e-02 -6.36655232e-03
 -2.94776261e-02  8.61437898e-03  3.65183316e-02  8.65440369e-02
  1.28672766e-02  4.64218482e-02 -2.81612556e-02  6.42985478e-02
  2.24436279e-02 -3.64621691e-02 -5.39975241e-04 -4.89673503e-02
  1.04305021e-01 -6.15613125e-02  2.19525658e-02 -6.57457858e-02
  2.57704034e-02  5.38722835e-02  1.49483688e-03 -3.29990275e-02
 -1.49151636e-02  2.29135789e-02 -4.37185541e-03 -7.46363448e-03
 -7.66455196e-03 -6.54062852e-02  2.89631058e-02 -1.46840671e-02
  2.32908856e-02  7.40990862e-02 -8.77584983e-03 -5.00192121e-03
  2.54267473e-02  7.52374157e-02  4.31415997e-03  4.52243164e-02
  6.69009164e-02 -3.90821993e-02  6.90991804e-02  1.82401072e-02]"
395,Access to Health Care,Social,grants,1,0.3545,"[-1.76621340e-02  6.78031966e-02  1.82516631e-02  1.60105061e-02
 -4.59628440e-02  1.68338604e-02  5.84915690e-02 -1.93562042e-02
  6.78612441e-02  1.31290993e-02 -5.97154982e-02 -2.24470794e-02
 -5.82465716e-02 -1.12677766e-02 -4.51665334e-02  3.75681408e-02
  2.22522747e-02  2.85624024e-02 -4.89990078e-02 -5.16581237e-02
  1.39708957e-02 -1.63681973e-02 -4.65811118e-02 -3.45021784e-02
  6.64312989e-02  9.78313386e-03 -7.36414269e-02 -3.58183905e-02
  8.80378485e-02 -3.15978602e-02  2.57756114e-02 -3.48791666e-03
 -3.10366750e-02 -3.30801532e-02  1.02106808e-02  6.50989339e-02
  2.72012390e-02 -3.01639480e-03  6.82023494e-03  2.07637083e-02
 -2.20994167e-02 -4.08858061e-02  8.75261426e-02  4.58885953e-02
 -3.15420702e-02  5.59096830e-03  2.52831262e-02  3.93501930e-02
  4.61113453e-02  2.83891987e-02  7.98389465e-02  3.59038375e-02
  3.37605253e-02  4.38210517e-02 -8.67177639e-03  8.51786323e-03
  3.85119654e-02 -2.59260274e-02  1.40472804e-03 -4.34079655e-02
 -2.89766360e-02  1.33100078e-02 -2.30259318e-02  3.29375416e-02
 -5.20069990e-03 -4.95064892e-02 -3.98058556e-02  3.81094627e-02
 -2.39073504e-02 -9.73191857e-02  2.91701425e-02 -1.15494579e-02
  7.06790108e-03 -7.95618668e-02  1.10827178e-01  7.71968737e-02
 -2.15185899e-02  7.50891045e-02  5.35654463e-02 -1.28694996e-01
  2.35596504e-02  5.56453541e-02 -4.92658885e-03  2.51301983e-03
 -1.55133214e-02  4.55253758e-02  1.47067476e-02 -4.29309644e-02
  3.42793316e-02  8.04078057e-02 -5.65692550e-03 -6.72345757e-02
  2.22733039e-02 -2.61919368e-02 -1.21379331e-01 -2.46884897e-02
  2.76198257e-02 -1.16591141e-01 -5.95907904e-02  2.05420986e-01
 -3.05489786e-02 -6.16494846e-03  1.66333802e-02 -1.00786760e-02
  3.05102728e-02  2.60370504e-02  1.97680835e-02  5.29896431e-02
  8.32566693e-02  4.99070883e-02 -3.03105339e-02 -3.84057662e-03
  6.13789782e-02  4.95703034e-02 -3.52142490e-02 -1.65251624e-02
 -8.30139592e-02 -5.16620539e-02  1.24461032e-01 -2.19405312e-02
  4.19849306e-02  4.37958986e-02  3.60469073e-02 -7.91187808e-02
 -2.02780794e-02 -8.16190541e-02 -1.14006385e-01 -5.19826304e-33
  2.70150905e-03  7.50025734e-03  1.52461631e-02  2.92280056e-02
  4.88547608e-02 -8.11719242e-03  4.71677333e-02  2.61873193e-03
 -1.41729355e-01  2.20334213e-02 -3.59709933e-02  1.30747080e-01
  1.14447121e-02  1.06775966e-02  2.55133938e-02  3.10400687e-02
  2.14362815e-02  3.25618275e-02  7.96007887e-02  3.43891643e-02
  5.33645898e-02  4.09136526e-03  4.27659713e-02  9.08104256e-02
  8.97909552e-02 -8.10233131e-02 -8.09742436e-02 -3.05049513e-02
  8.23471174e-02  2.11010873e-02  5.65843610e-03  4.97209653e-02
  8.44939053e-02 -1.29077241e-01 -3.01307021e-03 -1.84854213e-02
  6.21255785e-02 -3.66221666e-02  2.21197549e-02 -1.06518887e-01
  3.33664264e-03 -6.20483272e-02  2.75845267e-02  9.65131389e-04
 -3.69393788e-02 -2.67869849e-02  8.38436335e-02  3.93687673e-02
 -3.95929255e-02  4.00840901e-02 -4.74808663e-02 -9.00329929e-03
 -9.62566435e-02 -2.19842652e-04 -2.55658645e-02 -7.08451271e-02
 -3.61567363e-02  1.57707985e-02 -1.62752122e-02 -6.08675331e-02
 -1.01361014e-02  2.30068397e-02 -4.02988270e-02  5.78729212e-02
 -2.97245998e-02 -8.73974860e-02  5.89563362e-02  4.74455254e-03
  1.16097011e-01 -6.63905358e-03 -8.87347311e-02 -2.24451013e-02
  5.66943176e-02  6.45707455e-03 -7.35209510e-02 -3.66996266e-02
  2.30857059e-02  6.06614053e-02  2.82720085e-02  3.40946428e-02
  4.71520424e-02 -5.08275181e-02  1.67922080e-02  7.00801089e-02
  5.45489043e-02  6.56692609e-02  2.33115610e-02 -3.14756781e-02
  3.60996649e-02 -9.48717967e-02 -1.05992243e-01 -9.66513716e-03
  1.93903018e-02 -3.42926644e-02 -8.50736164e-03  2.90051541e-33
 -1.39752124e-02  4.39373869e-03  2.78187227e-02 -6.81532873e-03
  4.70045581e-02  2.92532295e-02 -1.77715197e-02 -8.81232098e-02
  7.23692626e-02  5.17818555e-02 -2.52632629e-02 -2.72610132e-03
  5.85355461e-02  4.37128022e-02 -5.15996478e-02 -8.90511572e-02
  2.15425119e-02 -3.91629599e-02  1.58241186e-02  2.04189364e-02
 -4.50956970e-02  1.09350428e-01  4.63592857e-02  1.78487655e-02
  3.01130116e-02  2.80272346e-02 -7.50115439e-02  4.34759967e-02
 -1.26452595e-01  9.39745605e-02  6.06023110e-02 -3.04781692e-03
 -1.25269771e-01  8.15460365e-03 -1.04906015e-01 -4.52935062e-02
  5.92290647e-02 -1.00290552e-02 -1.42957699e-02  4.09371220e-02
  9.63702351e-02 -5.73704913e-02  1.09917298e-01  4.64038216e-02
 -6.99190749e-03 -2.20706151e-03 -8.42012614e-02  7.99929630e-03
  3.65993008e-02 -1.36353001e-02 -9.15104225e-02 -4.61401083e-02
  7.88210854e-02  6.20062798e-02  3.23700806e-04 -2.28553396e-02
  1.30227488e-02 -1.90956928e-02  1.21017836e-01  1.75998267e-02
  8.84340610e-03  4.34977189e-02 -8.78550410e-02  3.88738252e-02
 -6.30219132e-02 -6.15381934e-02  2.43895166e-02 -2.29414217e-02
 -6.41619787e-03  3.06356903e-02  4.04890440e-02  3.10415239e-03
  7.15998560e-02  6.99136266e-03 -1.63070466e-02  9.09610242e-02
  1.64353289e-02 -4.14873753e-03 -5.04615828e-02  2.47721579e-02
 -2.00134572e-02 -4.64879349e-02  5.74289784e-02  2.39233077e-02
  2.90036388e-03 -5.37863076e-02  5.45215979e-02 -9.36471596e-02
  1.41446749e-02 -2.92431377e-02 -6.63381666e-02  1.30601386e-02
  4.19144779e-02  3.02846543e-03 -2.00756695e-02 -1.11944809e-08
  3.54686268e-02 -4.17839270e-03 -6.49367794e-02 -3.10786404e-02
  1.22353975e-02 -2.73914114e-02 -1.06188066e-01  8.92852694e-02
 -3.76792951e-03 -4.22700569e-02  1.95860583e-02  4.03792821e-02
 -1.10970950e-02 -6.73609376e-02 -2.05498897e-02 -9.31563415e-03
 -1.39318239e-02  1.07101826e-02 -2.46819481e-02 -6.12692051e-02
 -5.21158762e-02  2.67275143e-02  1.99761745e-02 -4.64352313e-03
 -3.75634059e-02 -7.65978917e-03  2.35941038e-02 -5.62052764e-02
 -4.05029915e-02  6.05863109e-02  6.18128630e-04  3.37229483e-02
  7.91892782e-03  5.02777882e-02  2.49800389e-03 -1.75714083e-02
 -2.85207853e-02 -1.33002447e-02 -3.61080887e-03 -8.07904545e-03
 -1.70084573e-02  3.09201423e-02  1.72457453e-02 -5.85361496e-02
 -1.17506877e-01  4.19675335e-02 -5.52239902e-02 -4.79028374e-03
  5.27125672e-02 -7.71524534e-02  1.13513405e-02 -1.04649796e-03
 -5.16838580e-02 -2.45069172e-02  6.23768121e-02 -2.13800482e-02
 -9.05151945e-04 -2.18670990e-04 -5.70514053e-03 -2.18119510e-02
  7.12912017e-03 -3.23861800e-02  3.97020280e-02 -3.66962552e-02]"
396,Access to Health Care,Social,enrolled,1,0.3407,"[ 1.63526647e-02 -3.61826010e-02 -2.42925584e-02  1.97124183e-02
 -3.97431524e-03  7.15409033e-03  6.73546568e-02 -8.03618878e-03
 -2.77847871e-02 -2.21545361e-02  3.06613781e-02 -4.05688025e-02
  2.16453075e-02 -3.86142056e-03 -1.85209624e-02 -1.42801180e-02
  3.29047926e-02 -2.97259055e-02  2.11971812e-03 -7.30819553e-02
 -7.69003853e-02 -2.39448491e-02 -4.16708365e-02  3.45741026e-02
  4.99033704e-02 -9.45243146e-03  4.91155609e-02  1.55190686e-02
  1.24227349e-02 -1.37809804e-02  4.52138111e-02  5.72597794e-02
  6.20466620e-02  3.45203243e-02  4.00894955e-02 -3.44830640e-02
  2.58742701e-02  3.10007762e-02 -4.39199731e-02 -1.30064217e-02
 -3.26242000e-02 -5.47108203e-02 -3.70445736e-02  5.61700799e-02
  1.94919389e-02 -5.10931574e-03 -4.11857516e-02  2.78278608e-02
 -5.98968845e-03  6.86478615e-02 -1.51597997e-02 -5.71156032e-02
  2.16997135e-02  9.25126821e-02 -5.19472398e-02  2.31960863e-02
 -1.31772840e-02  3.90283726e-02 -4.90467362e-02  1.73109316e-03
  3.68603226e-03 -2.24857517e-02 -5.60899414e-02  4.11906987e-02
 -1.66580416e-02  2.90946718e-02 -4.49321046e-02 -8.26958194e-02
  7.78896585e-02 -1.01730302e-01 -2.85233874e-02  8.99760146e-03
 -6.27134144e-02  4.80054766e-02  7.80527443e-02  2.85305385e-03
  2.50127241e-02  3.64701785e-02  1.91045925e-01 -7.86808506e-02
 -3.83904614e-02  2.85382941e-02 -8.54616798e-03  3.85072851e-03
  4.53455150e-02 -5.35985176e-03 -8.72261066e-04  6.07175715e-02
 -4.70393673e-02  4.60081920e-02  9.48746353e-02  1.78417489e-02
  4.65860441e-02 -5.84835149e-02 -7.12368637e-02 -5.74084790e-03
 -1.17025888e-02 -3.87044996e-02  1.77795661e-03  2.28422180e-01
 -1.14685953e-01 -1.50879705e-02 -3.56041752e-02  2.72991676e-02
 -9.30492729e-02 -2.99335849e-02  3.06614824e-02 -1.48967002e-02
  4.84828576e-02  6.74675405e-02 -1.46635110e-02  3.38791870e-02
 -5.10071404e-02  6.75591975e-02  1.02320090e-02  6.36295304e-02
  7.78644392e-03  2.13233046e-02  3.90066616e-02  2.52721328e-02
  1.49364220e-02  7.28140324e-02 -7.66067347e-03 -4.66395840e-02
  2.45207287e-02 -8.42162445e-02 -3.92786674e-02 -5.93473927e-33
  3.63144884e-03  1.00643001e-01  2.68871989e-02  1.90731212e-02
 -1.45066017e-02 -3.30455676e-02  2.73966100e-02 -1.71814468e-02
 -8.27160701e-02  3.93238552e-02 -6.30306751e-02  9.83032212e-02
  3.61258201e-02  4.19958606e-02  6.23164102e-02 -2.99419090e-02
 -4.62210439e-02  6.56535551e-02  1.57890413e-02  8.05690959e-02
  1.31955901e-02 -2.93162023e-03 -1.37046603e-02  2.16498915e-02
 -3.20358798e-02  4.59737889e-02 -3.76210064e-02  1.91651732e-02
  3.79718132e-02  4.96818051e-02  5.20924851e-02 -2.46643741e-02
 -6.79181293e-02 -8.47826749e-02  5.52916490e-02 -3.36272642e-02
  1.13479523e-02 -4.65560034e-02  5.32677490e-03 -3.43787000e-02
  1.83799621e-02  2.11487506e-02  8.82512033e-02  7.97018781e-03
 -1.35874376e-02  8.68723635e-03  5.16340099e-02  9.09559894e-03
  7.71757960e-02  1.02417074e-01 -4.80906218e-02 -9.53085124e-02
 -7.60504454e-02 -8.16550702e-02  5.80529775e-03 -5.95403239e-02
 -3.57016386e-03  4.97372150e-02 -4.17371206e-02 -8.95945132e-02
  3.09712496e-02  3.74292843e-02 -7.71192312e-02  4.48825723e-03
 -7.52706900e-02 -7.58322179e-02 -4.90674935e-02 -6.19526915e-02
  1.24870740e-01 -5.21587506e-02 -6.04775958e-02 -6.87033590e-03
 -3.47654638e-03  2.07300950e-02 -8.22976455e-02 -3.17837298e-02
  2.77294479e-02 -5.79600269e-03  4.02151421e-03  8.58492777e-02
  4.96279672e-02 -6.81942254e-02 -6.38065338e-02  1.84663646e-02
  2.74116807e-02  4.77424487e-02  1.71195995e-02 -4.02273685e-02
 -4.49349172e-03  1.40983926e-03 -7.55981950e-04 -3.52961943e-02
  2.60245763e-02  1.03843465e-01  2.20605526e-02  3.94105273e-33
  1.42169874e-02  1.78712432e-03  2.50984542e-02  3.09823942e-03
  8.18534568e-02  2.81895231e-02  7.68326819e-02  5.60682500e-03
  2.44119149e-02  7.51034310e-03  6.88539669e-02  1.15613351e-02
 -1.47104645e-02  4.30351570e-02  3.66378464e-02 -5.41073084e-03
 -5.93424030e-02  1.30783850e-02 -3.40958039e-04  9.40558873e-03
 -4.83583771e-02  4.80761100e-03  3.60181630e-02 -2.61325687e-02
  5.07814921e-02  6.70057256e-03  3.72533128e-02  1.37970954e-01
 -4.03448194e-02 -3.70689295e-03  7.84451589e-02 -2.88479738e-02
 -9.15359557e-02 -2.22972361e-03 -6.53348491e-02 -1.84042417e-02
  5.40407151e-02  5.99393435e-02 -6.51800781e-02 -1.14836609e-02
  1.29436716e-01 -7.50940293e-02 -6.46926537e-02  1.16573378e-01
  7.45630730e-03  1.72422435e-02  1.31816328e-01  2.41312422e-02
  2.05004681e-02  4.79231961e-02 -9.71468836e-02 -4.76792455e-02
  1.16205879e-01  7.49560399e-03  1.44119961e-02 -1.36271771e-03
  2.30998173e-02 -5.50523996e-02 -4.85367258e-04 -2.99168415e-02
  6.32049963e-02  4.91902642e-02 -3.31514515e-02  9.25242752e-02
 -6.08658977e-03 -1.13952301e-01 -3.67884710e-02  2.51007490e-02
 -6.12482615e-02  4.83558625e-02 -5.11688516e-02 -7.33914971e-02
  3.16002518e-02 -8.30609649e-02 -4.93590496e-02 -7.78367147e-02
 -9.43139866e-02  6.39948668e-03 -5.03561758e-02  3.55817290e-04
 -1.17361583e-01 -2.65426431e-02 -8.98736902e-03  6.89458698e-02
  2.86677089e-02 -6.64517209e-02  2.07132790e-02 -5.72533123e-02
  1.30647095e-02  3.78379114e-02  3.60974087e-03  1.33264987e-02
  9.06057097e-03 -5.45329079e-02 -3.36545818e-02 -1.12807950e-08
 -1.00162700e-02  6.18797801e-02  1.99533557e-03  2.49800943e-02
  6.62120134e-02  1.71756670e-02 -8.63660574e-02 -1.20955463e-02
  3.44704278e-02  6.93117380e-02  1.22536207e-03 -1.73906516e-02
 -1.12930695e-02 -3.80645469e-02  4.84591983e-02  4.13515456e-02
 -4.38596010e-02  5.25052324e-02 -5.25245927e-02  2.33577900e-02
 -2.72580571e-02 -2.48694289e-02 -1.18728243e-02 -6.03053207e-03
 -5.88444993e-02  3.44561674e-02  2.66529117e-02  1.12530969e-01
 -1.07065560e-07  1.62702873e-02 -2.97133848e-02  4.90927473e-02
  2.38833074e-02 -8.90593156e-02 -2.42988598e-02 -7.32719824e-02
 -2.53474563e-02  1.17426161e-02  3.64861637e-02 -1.03431799e-01
 -2.41242517e-02 -1.68171041e-02  4.40453887e-02 -4.31362027e-03
  4.13193218e-02  8.99468362e-02 -9.22655985e-02 -5.44121861e-03
  5.59030697e-02 -2.36208830e-02 -2.56788135e-02 -4.69949804e-02
 -3.17421928e-02  1.17187370e-02 -5.41382320e-02  4.58526090e-02
 -6.67612301e-03 -1.91710264e-04 -5.84532209e-02 -4.90520895e-02
  5.79335280e-02 -1.34480763e-02 -1.62468683e-02 -6.52868599e-02]"
397,Access to Health Care,Social,rights,4,0.3316,"[-5.02304398e-02  9.19448808e-02 -4.46229093e-02  2.15228293e-02
  2.82218773e-02  8.34794566e-02  8.26021284e-02 -7.57010356e-02
 -6.03124425e-02 -2.28036754e-02  1.99880488e-02  7.91439787e-02
 -1.26253357e-02 -4.86188270e-02  5.21798134e-02 -5.90694416e-03
 -1.29475603e-02  2.73518302e-02 -1.42051414e-01  1.09563814e-02
 -4.84865941e-02  1.97680034e-02 -2.31895633e-02  3.27711366e-02
 -3.36774811e-02  6.60227984e-02  1.49771897e-02 -2.80344076e-02
  9.82212350e-02 -7.70501122e-02  4.51583974e-02 -4.33186963e-02
  3.49105336e-02  2.52019637e-03 -7.71151036e-02  9.05271433e-03
 -6.46814355e-04 -8.42676014e-02  1.47552826e-02 -4.46944609e-02
 -2.12333836e-02 -1.24954291e-01 -5.31498343e-03  4.84939781e-04
 -1.06303650e-03  6.95282891e-02  1.15656838e-01  2.49599777e-02
  6.18507154e-02  2.00444255e-02  3.53572108e-02  3.00891697e-02
 -5.42421676e-02  3.85513566e-02 -2.19078846e-02 -3.10030510e-03
 -2.03487407e-02 -3.92419919e-02  6.24640696e-02 -4.30258689e-03
  9.95700061e-03 -3.49357277e-02 -7.01858774e-02  2.17605662e-02
 -1.49340769e-02 -4.32713563e-03  4.15846668e-02  4.21820171e-02
 -8.77714157e-03  3.74027118e-02 -8.52275826e-03  5.01549318e-02
  7.05063269e-02  3.26627046e-02  8.59356672e-02 -3.95726375e-02
  3.43399532e-02 -2.07787845e-02  2.01271940e-02 -8.09014142e-02
  2.32139789e-02  8.73281097e-04  3.06101167e-03  2.51386175e-03
 -3.32672074e-02  1.18484758e-02  3.02881692e-02  7.57352859e-02
  6.15698360e-02  4.58129123e-02 -9.65460390e-03 -2.14083884e-02
  1.04574829e-01 -3.27028483e-02 -9.88370627e-02 -4.70690243e-02
 -3.41090336e-02 -2.36959793e-02 -8.52466822e-02  2.00899556e-01
 -7.89927412e-03 -3.55270319e-02 -5.52574918e-02 -9.85113997e-03
  5.20135500e-02 -2.98455227e-02 -4.74393088e-03  3.85660566e-02
 -3.39803100e-02  6.47379830e-02 -5.16230799e-02  1.49793513e-02
 -3.89292203e-02  7.75405914e-02  8.81570131e-02  2.92461906e-02
 -2.32668724e-02 -5.96843194e-03  3.94549370e-02 -7.23233819e-02
 -2.20519118e-02  4.33663838e-02  1.36895664e-02 -1.69096471e-04
 -2.00711563e-02 -9.63721499e-02 -9.70953181e-02 -6.85995801e-33
 -4.43915017e-02 -6.79254234e-02  3.70746627e-02 -7.45952502e-03
  4.33144718e-02  1.20293954e-02 -8.64100009e-02 -1.62760019e-02
 -8.49989429e-02  1.31791130e-01  6.44024685e-02  2.57992912e-02
  1.05088847e-02 -6.65199459e-02  8.01489502e-02  5.85147217e-02
 -2.09542327e-02  8.00656304e-02  4.38845381e-02  2.63557453e-02
 -1.53746866e-02  8.38192776e-02  2.36950023e-03  8.87237042e-02
 -8.99808109e-02 -7.14522898e-02 -2.96894629e-02 -7.80936778e-02
  2.55099647e-02 -1.90059636e-02 -4.87546483e-03  6.25157133e-02
  3.71285453e-02 -7.04858974e-02  1.79329086e-02 -3.84813771e-02
 -1.62091162e-02 -3.64282280e-02  1.94426738e-02 -4.22874950e-02
 -3.14581171e-02  1.72626041e-02 -3.13013420e-02 -7.80113973e-03
  3.97468656e-02 -1.44355791e-02 -2.84368470e-02  3.85549776e-02
 -6.27363520e-03  7.79842436e-02 -4.64644879e-02  7.14203492e-02
 -4.72096950e-02 -3.72203216e-02  3.86182778e-02  1.93680450e-02
 -7.81096751e-03  8.07374790e-02 -3.35750692e-02 -8.07508677e-02
  1.94755904e-02  6.51620775e-02  3.83475423e-02  2.23846082e-02
 -3.01041361e-02 -1.27356909e-02  6.55936729e-03 -5.60121760e-02
  4.08958532e-02 -3.14362980e-02 -8.37058499e-02 -2.59382520e-02
  5.00744097e-02 -1.05294930e-02 -3.61872613e-02  2.14021578e-02
 -6.13232143e-04  4.76683266e-02  1.48537662e-02  1.71766058e-02
 -4.83746752e-02  2.45750602e-02  8.69136117e-03  5.97212277e-03
  2.94879377e-02 -6.13299496e-02 -2.89345756e-02 -7.28777051e-02
  3.48343514e-02  1.59681626e-02 -9.76058245e-02 -7.40512926e-03
 -2.08478011e-02 -2.10682340e-02 -4.22384553e-02  4.15752442e-33
 -6.83115870e-02 -1.27953961e-01 -8.72469395e-02  6.79457039e-02
  1.40866805e-02  1.98832471e-02 -6.92887697e-03 -3.82451294e-03
 -1.87524967e-02  9.25734192e-02 -4.62093689e-02 -3.39372270e-03
 -3.13776657e-02  4.12422121e-02 -1.15437228e-02 -5.11053577e-02
  6.50737137e-02 -6.77956492e-02  2.08222307e-02 -3.50325294e-02
 -1.01653241e-01  7.32307741e-03  3.13109085e-02  7.64399692e-02
 -1.43292667e-02  9.56858974e-03 -2.77634640e-03  2.26324331e-02
  1.69851612e-02 -4.61595431e-02 -2.16470025e-02 -5.60357571e-02
 -1.33785591e-01  1.85989290e-02 -6.75335573e-03 -1.22976243e-01
  4.59102280e-02  7.27850348e-02  2.13673189e-02  5.23874685e-02
  3.71482112e-02 -4.07836726e-03  2.73777340e-02  1.09465234e-01
 -4.93764989e-02  9.92673784e-02  4.43521738e-02 -4.26616333e-03
 -8.67264718e-03  2.47037737e-03 -1.31087480e-02  9.93635226e-03
  1.08745739e-01 -3.72563419e-03 -1.34956306e-02 -4.09930386e-02
 -6.68698829e-03 -4.05055098e-02  6.20558187e-02  3.95828998e-03
  8.10727030e-02  5.50734363e-02 -9.96033251e-02  4.13199849e-02
 -6.04843087e-02  1.13322837e-02 -1.24187740e-02 -4.82318290e-02
 -1.53766107e-02  8.85813776e-03  6.36512190e-02 -9.37429890e-02
 -8.26485083e-02  5.21039031e-03 -2.82404516e-02  2.07921863e-03
 -4.52478193e-02 -1.44228747e-03 -5.85875213e-02 -7.77750835e-02
 -3.64506850e-03 -6.42534271e-02 -4.34771217e-02  5.43572307e-02
 -4.31934604e-03  8.39028880e-03  7.59752318e-02 -8.44913423e-02
  3.97564322e-02 -2.36663017e-02  7.11495876e-02  7.84934983e-02
 -5.05692922e-02  5.28583452e-02  7.49672996e-03 -1.38256091e-08
 -1.67514011e-02  3.34704324e-04  2.43503149e-04 -2.11987775e-02
  6.67654024e-03 -1.23948967e-02 -3.92702557e-02 -4.70769368e-02
  3.17880996e-02  1.27894551e-01 -1.80869959e-02 -4.07447889e-02
  5.96538978e-03  4.59365211e-02  3.31767611e-02 -1.69461574e-02
 -1.52573036e-02 -7.07294792e-02  7.70405121e-03  5.74954897e-02
 -4.72363867e-02 -4.32524234e-02  6.79912567e-02 -4.06704620e-02
 -8.99260922e-04  1.17125222e-02  3.58234011e-02 -9.75866523e-03
 -2.45539080e-02  9.64590684e-02  1.90358479e-02  1.82360224e-02
 -1.67588890e-02  2.00001094e-02  2.96670347e-02 -1.06931306e-01
 -3.65255140e-02 -1.23188430e-02  4.27854545e-02 -4.22521457e-02
 -3.09443064e-02  7.62550607e-02  4.70745936e-02 -1.37878477e-03
 -3.84643525e-02  1.31523339e-02  5.03724776e-02 -7.09956558e-03
 -3.34148295e-02 -1.94822773e-02 -3.39403972e-02  1.84263714e-04
  6.24168254e-02  3.62342782e-02  9.39944610e-02  1.08259976e-01
  3.87573838e-02  1.69914030e-02 -8.78308807e-03  4.30459157e-02
  1.22682720e-01  7.52043054e-02  7.84024689e-03  3.81954536e-02]"
398,Access to Health Care,Social,policy,2,0.3164,"[-7.45749287e-03  1.09971441e-01  2.09145173e-02 -1.45959517e-03
  3.79180685e-02  6.02825209e-02  1.35385811e-01 -5.18814139e-02
 -5.54699004e-02  6.53621927e-02  5.76025061e-02  5.51853329e-02
  4.46601491e-03 -9.93106794e-03  3.09585221e-02  2.55784336e-02
 -2.64127441e-02 -5.16855046e-02 -1.69172361e-01 -4.46774904e-03
 -9.84843634e-03 -1.17767621e-02  5.53847551e-02  3.18146423e-02
 -6.26492128e-02  5.86283505e-02  4.29002102e-03  5.40223829e-02
 -5.62778078e-02  4.32361569e-03  8.10271315e-03 -3.16740274e-02
 -1.43596791e-02 -4.96290438e-02 -4.24514450e-02  3.23844180e-02
 -6.99513033e-02 -7.09677115e-02 -3.73856202e-02 -3.01804151e-02
 -1.88745912e-02 -8.69466960e-02 -5.47735989e-02  5.56319095e-02
  5.34296967e-02  1.70139726e-02  5.99605329e-02 -7.04657007e-03
 -3.48075107e-03  1.83503889e-03  2.30498295e-02  8.59068334e-03
  4.31142971e-02 -1.47362957e-02  5.97569086e-02 -2.97134183e-02
 -4.93204966e-03 -3.20854560e-02  3.78414318e-02 -3.05551402e-02
  3.25744301e-02 -7.78347105e-02 -1.06629141e-01  2.78479382e-02
  4.73432243e-02 -3.44497822e-02 -2.73802690e-02  3.37903202e-02
 -6.76668733e-02  1.51429754e-02 -5.60813732e-02  9.85349901e-03
  4.87923995e-03  4.88065481e-02  2.10192055e-02 -8.67190734e-02
 -1.12214563e-02  4.76231836e-02  9.75297689e-02 -8.76535475e-02
 -1.24616711e-03 -5.51820099e-02  6.32299036e-02  1.93372909e-02
 -3.11108548e-02 -2.80701667e-02 -2.36489531e-02 -5.60940523e-03
  2.17413586e-02  1.35605643e-02 -6.79028966e-03 -3.04688383e-02
  1.03351764e-01  6.63296320e-03 -5.48410527e-02  1.11303087e-02
 -3.64293903e-02 -9.31748301e-02 -1.33340001e-01  2.37904221e-01
  4.85304557e-03 -5.63399261e-03 -6.49312362e-02  2.19187234e-02
 -2.50943452e-02 -3.63742486e-02 -5.01182154e-02  6.01929948e-02
 -1.09307086e-02  1.36348177e-02 -2.08373573e-02  2.23200694e-02
  6.18985780e-02 -5.08607645e-03  2.20478531e-02 -4.31903712e-02
 -4.52695191e-02 -5.77430800e-03  5.31217568e-02  2.71162521e-02
 -4.75337990e-02 -2.90569924e-02  2.97024921e-02 -1.44190965e-02
 -1.64874401e-02 -6.69388473e-02  5.85882645e-03 -6.86089767e-33
  2.05852580e-03 -1.45225683e-02 -4.53835689e-02  1.44395540e-02
  4.50433744e-03  2.39427085e-03 -3.54902260e-02 -7.09131267e-03
  1.57018732e-02 -2.34103091e-02  3.94706465e-02  5.37644327e-02
 -9.06124525e-03  2.65065562e-02  1.35326415e-01  1.68380532e-02
 -4.47300784e-02  1.97047651e-01  2.32186820e-02  4.56404388e-02
 -2.45619453e-02  2.96456125e-02  2.64604818e-02  1.24711832e-02
  1.38159124e-02 -1.48712238e-03 -3.56044099e-02 -2.75932457e-02
  6.33040220e-02  4.06695604e-02  1.81335006e-02  7.41051957e-02
 -1.76726189e-02 -8.34583566e-02  3.07216700e-02 -1.61121339e-02
 -1.67160109e-02  3.98059795e-03 -5.29526621e-02 -5.10421097e-02
 -1.57736931e-02 -3.34464572e-02  5.05633056e-02  1.45768421e-02
  2.66151726e-02  1.85999833e-02  4.57741767e-02 -1.69706140e-02
 -2.16525514e-02 -1.42767616e-02  2.77056675e-02  1.63228083e-02
 -5.31982332e-02 -2.46089734e-02  7.44438823e-03 -7.05332262e-03
 -5.40757403e-02  2.99754813e-02 -1.39828995e-02 -4.39938679e-02
  1.03404261e-01  3.44066992e-02 -2.73941867e-02  3.94289382e-02
 -6.30368665e-02  4.68485169e-02 -4.62708920e-02  7.62695400e-03
  2.19981670e-02 -5.59785143e-02 -4.93074730e-02  4.11922894e-02
  3.97050977e-02  4.66633635e-03 -2.97318138e-02  6.01600483e-02
 -2.12104432e-02  3.33842859e-02 -2.07421724e-02 -6.88254982e-02
 -8.83100331e-02  2.95694228e-02  2.41452605e-02 -1.47729022e-02
  5.09522296e-02 -1.23631842e-02  2.66384091e-02  2.11930275e-02
  3.06064095e-02  4.69271541e-02 -1.35807320e-01 -2.48622969e-02
 -9.51843709e-03  8.86356607e-02  5.35362996e-02  3.66083104e-33
 -2.03991844e-03  2.65441975e-03 -2.01061205e-03  1.90768819e-02
 -1.07330009e-02 -1.01392064e-03 -1.92141216e-02 -9.41034406e-02
  7.34528154e-02 -1.26391165e-02 -9.41871703e-02 -2.52973568e-02
  7.71291181e-02  2.37437319e-02 -6.30300632e-03 -4.38214764e-02
  4.20940556e-02 -5.77873588e-02 -6.05498664e-02  1.85177326e-02
 -3.89365368e-02 -7.65849724e-02 -7.00357556e-02  1.02747008e-01
 -8.21257085e-02  1.01605188e-02  6.71152491e-04 -3.40196416e-02
  3.01689729e-02 -3.36655155e-02 -1.60189420e-02 -3.94914933e-02
 -9.94949043e-02  4.24435101e-02 -6.42973855e-02  2.07278915e-02
  6.07205443e-02  1.33129489e-02 -6.13364913e-02  2.30156798e-02
  8.43750536e-02 -5.86777329e-02  4.14910726e-03  1.09855436e-01
 -4.07043248e-02 -1.33196702e-02  3.47445272e-02 -1.30581325e-02
 -1.41459703e-02 -6.01605931e-03 -6.03981316e-02 -2.34569050e-02
  3.26427519e-02 -5.76554835e-02 -4.14210483e-02 -5.10514900e-02
  1.68405008e-02  3.73973809e-02 -6.48854151e-02  6.17721342e-02
  1.61672849e-02  4.73224297e-02 -8.91678184e-02  8.10198560e-02
 -1.63941626e-02  2.98700146e-02 -4.59273830e-02 -1.74833871e-02
  1.38956591e-01 -1.98249612e-02  4.71148342e-02 -4.46110554e-02
 -1.44639462e-01  5.84474318e-02 -1.06103742e-03 -1.62117044e-03
  2.97854878e-02 -1.65926833e-02 -3.07505392e-02  8.64958465e-02
 -3.12552378e-02 -3.64168212e-02 -3.37732472e-02  3.75192799e-02
 -1.37529895e-03 -2.39268541e-02  3.15517187e-02 -3.16759087e-02
 -3.96156460e-02 -9.45221260e-03 -3.82421017e-02  3.52531718e-03
 -2.91126575e-02 -2.13098042e-02 -6.16951361e-02 -1.29502720e-08
  4.45576385e-03 -1.51406145e-02  1.73523173e-01  4.80240248e-02
  3.35263573e-02 -3.36602679e-03 -4.71650995e-02 -3.73647511e-02
  3.11289188e-02  1.98470429e-02  2.41479613e-02  1.15822643e-01
  4.52127233e-02 -3.70880254e-02  1.57720950e-02 -8.39926526e-02
  1.34254815e-02  4.76278290e-02 -5.39002120e-02  7.16821998e-02
 -3.13800883e-05  1.58349872e-02  1.52068613e-02 -8.97107180e-03
  3.76402051e-03  3.81476879e-02  6.78799450e-02  5.60372248e-02
  2.96294000e-02  8.95713642e-02  1.42873749e-02  3.27442735e-02
 -3.65325958e-02 -2.85007544e-02  2.17143144e-03 -1.12142481e-01
  5.75699545e-02 -1.33143533e-02  1.17759839e-01 -8.06448460e-02
 -1.27039514e-02  4.88522928e-04  7.60907456e-02  2.99442001e-03
  1.04229723e-03  3.03674024e-02 -5.06171957e-02 -1.65121537e-02
  5.71900085e-02 -2.00306326e-02 -1.84773821e-02 -2.05882033e-03
  3.87212411e-02  1.06087476e-01  3.24537605e-02 -2.79978048e-02
  5.03532495e-03  1.53966900e-02 -9.54738483e-02  8.91025364e-02
  6.74867928e-02 -9.15404037e-03  1.47047630e-02 -3.07203289e-02]"
399,Access to Health Care,Social,visit,1,0.3148,"[ 3.74656580e-02  8.34405888e-03  2.29900759e-02  3.11457161e-02
 -3.39214653e-02 -4.19856794e-02  8.81872177e-02 -1.00178607e-02
  1.58974063e-02 -3.31349135e-03 -1.35386437e-02 -3.42685990e-02
 -3.10572181e-02  7.48207420e-03  4.88178805e-02 -2.74632741e-02
  1.33753577e-02 -1.23332068e-02  5.00549190e-02 -5.49296811e-02
 -7.25270882e-02 -1.37694143e-02 -3.11719961e-02  6.06754124e-02
 -5.77259436e-02  4.21650782e-02 -8.76823626e-03  1.67952254e-02
  6.30245656e-02 -5.77320568e-02  7.67783169e-03  1.19586378e-01
 -6.30944371e-02  1.01550305e-02  2.97497679e-02  4.82453965e-02
  1.06258783e-02 -1.01562634e-01  1.51431337e-02  1.89924818e-02
  1.82104576e-02  5.95494406e-03  6.84291720e-02 -7.68581033e-03
 -5.89290075e-03 -6.72129402e-03  9.02147777e-03  2.80973618e-03
  8.79405290e-02  7.98489973e-02 -2.07592025e-02  1.17412694e-02
  2.31634383e-03 -5.06986268e-02  4.16018479e-02  4.15712930e-02
 -5.36062680e-02 -1.16814286e-01 -7.91602135e-02 -1.04955700e-03
  4.42729183e-02 -6.87351525e-02 -6.19741082e-02  3.45280766e-02
 -8.49982798e-02  4.91273683e-03 -2.60737669e-02 -4.92517464e-03
  7.83585757e-02 -6.51061535e-02 -7.56688649e-03  3.53149418e-03
 -1.43901585e-03  3.78825665e-02  2.80797612e-02 -5.46234213e-02
  7.54773570e-03 -1.33028328e-02  3.51857133e-02 -5.33293709e-02
  3.62964794e-02  2.51800530e-02  1.87747460e-02 -5.89825353e-03
  2.04160232e-02 -4.00104560e-02  4.43243003e-03 -1.30226519e-02
  6.15409622e-03  3.06045562e-02  9.41439793e-02 -5.88656403e-03
 -4.16288003e-02 -6.11236580e-02 -3.94345783e-02 -6.31400570e-02
  3.87711972e-02  2.79199556e-02  3.77452485e-02  2.53849715e-01
  4.63534594e-02  9.77747366e-02  3.27659547e-02  2.07143072e-02
 -1.05256267e-01  8.93907342e-03  4.46066745e-02  8.32333565e-02
  1.04131522e-02  4.54533957e-02 -8.45203400e-02 -5.45920851e-03
  6.00536121e-04  1.65573973e-02 -1.29324999e-02 -3.40616517e-02
  2.10098317e-03  1.11531019e-02  1.92005858e-02 -1.97210796e-02
  2.96847261e-02 -2.51690932e-02 -1.43439192e-02  1.41358352e-03
 -3.53572741e-02 -1.18817091e-01  1.34038776e-02 -6.92406948e-33
  1.85278524e-02  5.20124957e-02  1.21439341e-02 -4.05173711e-02
  2.38885675e-02  3.78911719e-02 -3.40824462e-02 -7.75663704e-02
 -5.68173937e-02 -2.51934342e-02  9.72182155e-02  3.95045578e-02
  7.76970834e-02 -3.55877765e-02 -1.37532568e-02  4.17831577e-02
  5.83346784e-02  3.27568352e-02 -5.41639701e-03 -7.25043118e-02
 -2.80405059e-02 -4.93531711e-02  7.11940676e-02  8.00366849e-02
 -7.03042606e-03 -6.22755215e-02 -1.46307871e-02 -8.94923806e-02
  3.14000179e-03  2.82766670e-02  1.67621467e-02 -8.72879382e-03
 -5.91749884e-02 -2.24060286e-02  2.71594953e-02  1.07374787e-03
 -8.60092603e-03 -1.58897005e-02  2.58410326e-03 -3.49463746e-02
 -7.38988072e-02 -1.86992879e-03 -3.86486612e-02  2.73739342e-02
 -4.06953022e-02  7.63089582e-02  9.53475982e-02  2.90882657e-03
 -1.26814805e-02  4.47858647e-02 -7.18656927e-02 -7.63619468e-02
 -1.35954618e-01 -3.46017972e-04 -1.28924781e-02  1.70825124e-02
 -1.34716239e-02  3.85885388e-02  4.38617915e-02 -4.00414579e-02
  1.25584260e-01  6.41291216e-02 -5.47569916e-02 -1.97337717e-02
  2.97047128e-03 -3.62999737e-02 -8.55784491e-03 -3.14219445e-02
  6.53132051e-02 -1.06917496e-03 -4.69316542e-02  4.10843678e-02
  8.19160566e-02  2.85917539e-02 -4.70162593e-02  1.15441466e-02
  1.34960414e-04  2.89080180e-02  2.36583259e-02  4.21384759e-02
 -5.86268418e-02 -3.05267796e-02 -1.55352522e-02  8.20971429e-02
  5.49513362e-02  2.89767291e-02 -7.50734564e-03 -1.08833179e-01
 -7.07878768e-02 -4.37328368e-02 -4.24509384e-02 -1.57746149e-03
  1.38273478e-01  2.99442671e-02 -4.35041487e-02  5.05033589e-33
  3.08850128e-02 -8.20028186e-02  8.00706670e-02  1.98579989e-02
 -3.42529528e-02 -1.24093452e-02  3.69074419e-02  3.18006165e-02
  2.01239828e-02  2.92900298e-02 -2.66383365e-02  3.03988568e-02
  8.10357705e-02  9.12924111e-03  3.87090854e-02  6.39067516e-02
  1.45349950e-01  3.65332293e-04 -4.65245508e-02  5.57196476e-02
 -7.06192032e-02  5.52301593e-02 -5.92132099e-02 -8.38103220e-02
 -1.77891236e-02  3.37724946e-02  5.54236509e-02 -6.35600686e-02
 -4.37603332e-02 -2.67289467e-02  3.84452119e-02 -1.04190037e-02
 -7.27736875e-02  2.78748181e-02 -2.20195185e-02  1.67497694e-01
  1.08848475e-01  8.23290870e-02 -2.39492767e-02  4.07995693e-02
  7.96923116e-02 -5.11854291e-02  2.37538908e-02  7.42819384e-02
  3.73909026e-02  1.29113337e-02 -9.81507078e-02  8.12301785e-02
 -6.43410459e-02  2.53912108e-03  2.10687742e-02  2.30924264e-02
 -2.75473017e-02 -3.54849137e-02 -1.61347762e-02  3.73075902e-02
 -3.84503752e-02 -9.67155676e-03 -2.39763856e-02 -2.81617548e-02
 -1.73882104e-03 -1.21095190e-02 -7.99932927e-02  7.87084326e-02
 -6.53698519e-02 -1.43833710e-02 -1.08767003e-02  4.71228622e-02
  1.31138433e-02 -8.61781463e-03 -9.39019024e-02 -5.75716384e-02
 -6.30174056e-02 -5.81211112e-02  1.56198312e-02 -6.11701086e-02
  6.35786280e-02 -1.61083862e-02  1.53246485e-02 -1.23114204e-02
  8.36667884e-03  1.06719369e-02 -7.64763216e-03  8.65603611e-03
  6.90173581e-02 -2.72922497e-02  1.34895435e-02 -5.75419255e-02
 -1.12414490e-02 -3.03802006e-02 -3.45833302e-02 -4.69504520e-02
 -1.30225988e-02 -6.60615861e-02 -3.00619006e-02 -1.40049030e-08
 -3.32420617e-02 -5.74395806e-03  5.50160371e-02  3.17337550e-02
  6.50953576e-02 -6.66067302e-02 -3.48517038e-02  7.61286914e-02
  1.05144898e-03  1.28354445e-01 -3.38394903e-02 -3.81384008e-02
  1.71254501e-02  2.86597591e-02  8.21302384e-02 -1.44265732e-02
 -1.89081971e-02  3.22273262e-02 -4.62874919e-02 -9.27095115e-03
 -5.80293275e-02 -2.66925748e-02  6.38233796e-02  4.28540558e-02
 -7.80456373e-03  2.76282988e-02 -1.12542547e-02 -8.84580147e-03
  7.44015053e-02 -3.27875800e-02 -4.84540872e-02  1.11805186e-01
 -3.75795811e-02 -6.01354055e-02 -2.39780582e-02 -5.12613729e-02
 -1.27613265e-02 -5.81472665e-02  4.28943560e-02 -4.46993709e-02
 -3.74634042e-02 -2.58746501e-02  8.86363015e-02  3.92844528e-02
 -7.66219273e-02 -4.38287575e-03  6.17518462e-02 -2.49076299e-02
 -3.41190584e-02 -2.95078754e-02 -6.58697560e-02 -1.52397621e-02
  5.92467487e-02  3.32578123e-02  2.62823068e-02  1.89794190e-02
 -2.89658327e-02 -4.62377667e-02 -6.54138178e-02  7.04910979e-02
  1.34393200e-01  4.45733406e-03  3.77343521e-02 -4.95053641e-02]"
400,Access to Health Care,Social,mandated,1,0.2992,"[-3.95644642e-02  3.58011872e-02  2.65241228e-02  6.53389422e-03
 -3.12515907e-02  5.28140664e-02  1.84037175e-03 -7.21128657e-02
 -4.29376625e-02  1.35295819e-02  4.52999100e-02  3.46688516e-02
 -2.39934977e-02  3.94882038e-02  2.78659873e-02 -4.39181812e-02
  1.46725923e-01 -5.56386225e-02 -1.03272118e-01 -1.56386178e-02
  4.24195789e-02  5.05786240e-02  2.68120691e-02  2.56042238e-02
 -3.47392447e-02 -3.53669338e-02 -2.60643587e-02 -3.22206095e-02
  1.51514178e-02 -5.76563040e-03 -1.76866781e-02 -4.71778736e-02
  1.15253732e-01  5.93988865e-04 -3.97719368e-02  1.62074119e-02
  3.94847393e-02 -6.05954565e-02 -6.52241781e-02 -4.73857112e-02
 -2.04676576e-02 -8.14581364e-02 -4.53478582e-02  2.57103182e-02
  1.01022534e-02  3.20717804e-02  4.17796820e-02  3.11909765e-02
 -5.70655577e-02  3.48422378e-02  3.94806340e-02  2.42608525e-02
  4.14007939e-02  4.33708318e-02  1.08220698e-02 -5.27942963e-02
  7.04889372e-02 -7.12858737e-02  7.35597238e-02 -1.59957241e-02
 -1.19069396e-02  1.06740380e-02 -1.18746363e-01  4.64530736e-02
  7.05789924e-02  1.31712053e-02  3.63667984e-03 -1.03763930e-01
 -3.05766036e-04  6.63579628e-03 -1.45745846e-02 -2.75969021e-02
  4.18004170e-02  7.03039989e-02  5.28560467e-02 -5.45832813e-02
 -1.59020852e-02  9.22250934e-03  8.22706968e-02 -1.27549499e-01
 -2.71608327e-02 -4.67387363e-02 -7.22311845e-04  6.93203807e-02
  2.88313739e-02 -6.19632564e-02  1.02822797e-03  5.32839622e-04
  5.45622036e-02  6.17411174e-02  3.36028151e-02 -5.41828834e-02
  7.63392001e-02 -1.72771923e-02 -1.58651881e-02 -2.48220265e-02
  3.93117368e-02 -2.07933262e-02 -4.37651612e-02  2.24306598e-01
 -3.71189602e-02 -4.19852771e-02 -4.51281630e-02  2.98224241e-02
 -4.38187271e-02 -5.62057383e-02 -4.82765548e-02  2.54992731e-02
 -4.38964888e-02  3.59906778e-02  2.15816069e-02  1.21138999e-02
 -2.29901192e-03 -3.85125950e-02 -4.04507592e-02  4.79282849e-02
 -2.29012854e-02  1.25206504e-02  1.60420127e-02 -2.49465276e-02
 -4.14149128e-02  1.58954356e-02 -7.12776706e-02 -3.19196321e-02
 -5.37592806e-02 -5.74267134e-02 -2.45221574e-02 -5.79501597e-33
  7.04483241e-02 -1.22676045e-02  4.85790409e-02 -3.16761918e-02
 -3.17918584e-02 -4.60492969e-02 -2.21699197e-02  1.07063185e-02
 -3.18246707e-02 -1.50812045e-02 -2.10311562e-02  6.62575364e-02
  1.98728386e-02  3.75322886e-02  7.24877790e-02 -1.96002517e-02
 -5.96363982e-03  7.92364329e-02  1.68766156e-02  7.66191483e-02
  2.28008386e-02  4.34659533e-02 -2.57700458e-02 -1.15596252e-02
 -5.15033752e-02  1.50169712e-02 -6.04428761e-02  1.58235827e-03
  3.51599790e-02  2.96327379e-02  5.36207445e-02 -2.50527989e-02
  5.14195263e-02 -1.42817935e-02 -2.26347186e-02  1.77076049e-02
 -2.72200741e-02  4.45067883e-03  1.22460900e-02 -6.29746243e-02
  7.44772255e-02 -3.13466936e-02  2.42316294e-02 -1.31435655e-02
  6.35701194e-02 -6.69957884e-03 -3.18856002e-03 -4.93142158e-02
 -1.17762648e-02  5.77913336e-02  5.63051850e-02  4.14535291e-02
 -2.39742864e-02 -6.39050305e-02  4.63686585e-02 -3.73786613e-02
  5.20092547e-02 -1.05308332e-02  1.43546108e-02 -3.78301330e-02
 -2.39216490e-03  2.86413776e-03  2.06765644e-02  7.73752779e-02
  1.20314211e-02 -2.64298487e-02 -8.46064533e-04  8.49803630e-03
  7.17175603e-02 -4.13725451e-02 -7.45184571e-02  3.27429362e-02
 -4.07450087e-02  5.26219569e-02 -3.50801423e-02  7.72251859e-02
  6.09317981e-02 -5.12668751e-02  1.36115812e-02 -1.58165284e-02
 -1.53344031e-02 -9.15268902e-03  3.51020359e-02  2.07580663e-02
  1.25391245e-01  4.29059612e-03  4.40643448e-03  4.99704434e-03
  5.91353811e-02 -2.19986192e-03 -2.30966695e-03 -4.37603109e-02
 -3.43125723e-02  6.57875836e-02  7.98451304e-02  3.54605320e-33
  3.96831334e-03  2.41469350e-02 -4.50972840e-02  8.65994841e-02
  2.98349485e-02  5.01395902e-03 -2.97820792e-02 -1.36487141e-01
 -7.01530930e-03  6.42992929e-02 -2.79153939e-02 -1.13865502e-01
  1.74207035e-02  3.61993425e-02  1.86899528e-02 -3.65961939e-02
 -1.18898218e-02 -8.06453601e-02 -5.26301228e-02  1.83776319e-02
  2.00208668e-02 -3.22880335e-02  3.71596962e-02  2.80051660e-02
 -2.15527415e-02  2.05381606e-02 -4.62612547e-02  3.88859622e-02
 -5.04449271e-02 -7.18309404e-03 -3.76595370e-02 -4.78246659e-02
 -7.11611435e-02  5.49418777e-02 -3.55899148e-02  2.71208826e-02
 -3.17605026e-02  1.13098353e-01 -8.97580087e-02  3.83424908e-02
  8.61377120e-02  2.13645063e-02 -9.90111306e-02  2.16145962e-01
 -4.38984558e-02  1.35755651e-02  7.51040429e-02 -7.24120289e-02
 -9.65388375e-04  2.93039321e-03 -1.40976876e-01 -2.48877257e-02
  7.39602521e-02 -1.54595878e-02 -4.03746217e-02 -9.38152224e-02
 -9.67982505e-03 -4.76659425e-02 -4.61617298e-03  1.17637971e-02
  5.34040295e-02  6.29800512e-03 -5.85119873e-02  2.41947211e-02
  3.01925428e-02 -7.64824972e-02  1.65595468e-02 -2.87939515e-02
  5.56500554e-02 -2.77374517e-02  2.64683496e-02 -3.23929521e-03
  1.30054876e-02 -1.62681390e-03 -2.23391838e-02  3.59132364e-02
  2.06300262e-02  3.39361094e-02 -7.93073624e-02  1.92992892e-02
 -2.59377100e-02 -6.87491596e-02 -1.30763799e-02  3.95642743e-02
 -5.57306409e-02 -3.20124836e-03  7.96755925e-02 -2.35925186e-02
  2.69753095e-02  2.17778068e-02 -2.09472086e-02  1.03615969e-03
 -3.87519300e-02  3.31139192e-02 -2.22613309e-02 -1.24934445e-08
 -3.94902490e-02  1.05773602e-02  8.78379680e-03  1.53052714e-02
  6.93493038e-02 -4.51494455e-02  1.03996303e-02 -1.22872218e-02
  1.36698578e-02  1.09610404e-03 -1.20349890e-02 -2.88206618e-02
  5.34128323e-02 -3.28953452e-02  8.83314982e-02 -6.89500710e-03
  6.91114739e-02  5.41488864e-02 -1.14253171e-01  3.72146294e-02
 -6.35070205e-02  1.68574210e-02 -6.38507865e-03  4.94906604e-02
  3.38783400e-04  2.77507417e-02  3.01160365e-02  1.07474655e-01
  5.67927659e-02  1.41259968e-01 -1.03520486e-03  3.22168544e-02
 -1.83929522e-02 -1.19622283e-01 -1.03539310e-01 -4.29261662e-02
 -3.44928354e-02 -3.86994481e-02  4.36179079e-02 -1.87204853e-01
  1.76203344e-02  7.00913146e-02  3.58992144e-02  7.30157038e-03
 -7.36324023e-03  3.62844355e-02 -7.51575008e-02  3.75771299e-02
 -8.12637340e-03 -6.17428496e-02 -3.39113474e-02 -9.26516205e-03
  6.52571991e-02  3.54654938e-02  3.47933918e-02  2.55992189e-02
  1.17765153e-02 -7.37749264e-02 -9.14930850e-02 -3.57847475e-02
  9.23898295e-02  6.14660233e-02  7.11339116e-02 -4.65063564e-02]"
401,Access to Health Care,Social,services,3,0.2989,"[-8.45775306e-02 -3.25615704e-02 -2.39029787e-02 -3.78330834e-02
 -4.32014577e-02  1.22773480e-02  9.85485986e-02 -1.98151823e-02
  4.63831797e-02  8.07828456e-03 -1.04642650e-02  3.36226337e-02
  2.66210046e-02  5.43565005e-02  4.67663817e-02 -6.45553768e-02
  1.10946424e-01 -4.63548005e-02 -5.18881008e-02 -3.52570489e-02
 -7.95139894e-02  3.11617590e-02 -8.82812515e-02  6.06925339e-02
 -4.25107777e-02  3.49745266e-02 -5.83535135e-02 -3.09076179e-02
 -4.99234255e-03 -1.17565952e-01  2.56336778e-02  1.71942003e-02
  2.66358815e-02 -9.49602760e-03  2.76638963e-03  7.20037892e-02
  6.08497895e-02 -1.69461016e-02  1.09533938e-02  6.05561072e-03
 -3.92481498e-02 -7.79669806e-02 -5.58208115e-02  9.31730308e-03
  5.08152589e-04 -1.81216132e-02  2.12514065e-02 -8.15355126e-03
  1.93750225e-02  1.55288947e-03 -6.07607998e-02 -5.91866188e-02
 -1.13877663e-02  6.19035661e-02 -5.46092167e-03 -5.37327789e-02
 -2.59144790e-02  6.36480525e-02 -6.74282536e-02  1.99508108e-02
  2.76039597e-02 -1.04123978e-02 -6.37987182e-02  5.54235056e-02
  6.73106685e-02  3.30039635e-02 -4.83280718e-02  4.16772552e-02
 -5.25177643e-02 -1.12087443e-01 -4.24886905e-02  3.48769128e-02
  4.16454636e-02  6.10499606e-02  3.75453494e-02 -3.61125916e-03
  4.98441197e-02 -3.42841335e-02  7.87277818e-02 -1.37858719e-01
 -1.09222643e-02 -2.67929602e-02 -2.58327220e-02  1.31294742e-01
 -3.79003100e-02 -7.42953690e-03 -4.44915071e-02 -5.13674915e-02
  1.84793510e-02 -1.85713824e-02 -7.46225566e-03 -1.66187081e-02
  2.99989376e-02 -4.80309464e-02 -3.99405137e-02 -1.21114803e-02
  1.72964670e-02 -9.11837891e-02 -2.17964463e-02  2.13096246e-01
  1.59374606e-02  5.33368848e-02  5.91863431e-02  1.49768423e-02
 -3.51935625e-02 -4.44470532e-02 -1.04687981e-01  7.78373629e-02
 -1.31175411e-03  3.31954099e-02 -4.55390997e-02  7.10622361e-03
 -8.39744210e-02  2.22345777e-02  3.11690877e-04 -2.27939375e-02
  2.42613479e-02 -2.83842068e-02  4.81752641e-02  2.73173414e-02
 -1.31080663e-02  6.15996458e-02 -5.37839793e-02 -1.58548672e-02
 -6.98628575e-02 -1.63708497e-02  7.66803995e-02 -5.90113739e-33
 -2.43058056e-02 -2.92092059e-02  5.01463227e-02  4.68744822e-02
  1.33684799e-02 -1.84388412e-03 -7.88940873e-04  1.54750166e-03
 -2.32276730e-02  7.69798905e-02 -5.02775274e-02  1.37885630e-01
  5.31696677e-02 -3.90397175e-03  1.16726547e-01  7.01885158e-03
  2.04545669e-02  5.61496504e-02  9.85683966e-03 -3.53124514e-02
 -6.32286519e-02  6.18698820e-02  1.05960062e-02  4.69578691e-02
  6.87388852e-02 -6.14884384e-02  8.24864116e-03 -5.66764213e-02
  1.18315734e-01  4.42411983e-03  8.38954374e-02  1.91425718e-02
 -4.42038151e-03  2.36053765e-02 -8.58170819e-03  7.86764771e-02
  1.16578192e-02 -1.17678478e-01 -9.63283330e-03 -8.01457837e-02
 -5.31806014e-02  3.72604057e-02 -7.79305547e-02  6.02160618e-02
  1.30665060e-02  9.47967824e-03  2.31626886e-03 -4.32433514e-03
  8.41417629e-03  2.90250443e-02  1.05163613e-02  4.31130677e-02
 -2.87482254e-02  1.28396349e-02  3.06581110e-02 -4.01518279e-04
  5.40541448e-02  8.72223452e-03 -8.30437429e-03 -5.79599962e-02
  6.93626180e-02 -6.45258352e-02 -5.62843382e-02 -3.36392038e-02
  5.79699362e-03 -6.56412020e-02  1.28480336e-02 -4.67726178e-02
  6.24399185e-02 -1.84653513e-02 -9.61363390e-02  7.49377906e-03
  1.35290220e-01  6.48896098e-02  1.94097916e-03  3.55549864e-02
 -2.96826102e-03 -5.91044538e-02 -4.25782427e-02  3.13655660e-02
  5.25452197e-03 -2.58306526e-02 -2.80589778e-02  8.90707895e-02
  6.33548647e-02  1.97662432e-02  1.66225218e-04 -8.57655406e-02
 -1.68735646e-02 -7.89180305e-03 -1.28951386e-01  3.75018679e-02
 -9.41934437e-03  1.21713400e-01 -2.89596952e-02  3.84635968e-33
 -4.96360362e-02 -5.81811406e-02 -4.43537794e-02  8.43311176e-02
  1.22605227e-02  2.81114150e-02 -5.66517748e-03 -2.06356440e-02
 -9.83121991e-03  8.17708671e-02 -6.02816902e-02 -3.36763710e-02
  2.17186380e-02  5.39011620e-02 -5.28390445e-02 -4.15794784e-03
 -2.60061845e-02  4.71742707e-04  3.87139875e-03  4.46445830e-02
 -8.69609565e-02  1.44341439e-01  7.09919333e-02  2.48536188e-02
 -4.70405146e-02  6.82116672e-02 -1.86998919e-02 -4.94698398e-02
 -4.57813032e-02 -1.96622331e-02  1.16418386e-02 -7.48208016e-02
 -2.16512661e-02 -2.23078486e-02 -5.31857908e-02  6.81252927e-02
  8.33731815e-02  5.39332666e-02 -6.77912384e-02 -2.68867910e-02
  8.95730853e-02 -9.70354155e-02 -2.24272087e-02  3.36594507e-02
 -3.79015617e-02 -4.99623008e-02 -5.79336062e-02 -4.59569346e-05
 -7.13557936e-03  6.80017052e-03 -6.11770153e-02 -4.13719714e-02
 -7.05816969e-03 -6.27204310e-03 -2.63954978e-03  2.45575774e-02
 -3.92648764e-03 -3.70588265e-02 -6.72682226e-02 -3.91464215e-03
  5.84548935e-02  4.56142798e-03 -7.44350106e-02  8.94142613e-02
 -1.84857030e-03 -4.36204709e-02  4.21015099e-02  1.49772428e-02
 -2.38377089e-03 -2.07721423e-02  3.31478827e-02  1.75107922e-02
 -3.03652789e-02  4.68743369e-02 -7.44669512e-02 -6.25211224e-02
 -9.52869132e-02 -6.53577298e-02 -1.28657809e-02 -3.63368429e-02
  8.59924592e-03 -7.61149228e-02  9.68539901e-03  3.48150842e-02
 -3.73234525e-02 -6.09104969e-02  1.51471004e-01 -1.54077914e-02
  1.72945450e-03 -3.39059979e-02 -3.61564420e-02 -3.42331231e-02
 -4.49291430e-02  7.64700621e-02  6.13929471e-03 -1.30016913e-08
  1.53533900e-02  2.14404706e-02 -1.40080061e-02  4.10553291e-02
 -2.70631332e-02 -1.20514017e-02 -2.86091994e-02  1.27586931e-01
  4.17011082e-02  1.09831378e-01 -2.82193422e-02 -1.49381934e-02
 -5.77898091e-03  2.64514945e-02  6.28970563e-02 -8.56321957e-03
 -1.26852170e-02 -8.30671191e-03 -3.38274166e-02 -1.36653043e-03
  6.35327473e-02  5.12896217e-02  4.54829782e-02 -2.01263838e-02
  2.14841459e-02 -1.57157122e-03 -5.59115689e-03  6.23187982e-02
  4.99453433e-02  3.03337276e-02 -1.74639691e-02 -1.10913860e-02
  6.04429245e-02 -4.77946922e-02 -2.92175561e-02 -2.87761129e-02
 -3.04482915e-02 -4.50882539e-02  1.95563212e-03  8.95715971e-03
  1.27586466e-03  2.79905964e-02 -2.39822865e-02 -1.80664589e-03
  4.47378159e-02  5.42832427e-02  1.30067216e-02  3.82817462e-02
  2.44100410e-02 -4.51382101e-02 -2.93090791e-02  2.23104209e-02
  8.81801173e-02  3.92112248e-02  5.79492413e-02 -2.05654372e-02
  6.19735979e-02 -3.73173989e-02 -1.60362036e-03  1.26440197e-01
  2.16629859e-02 -7.68818101e-03  6.06960692e-02 -4.55543324e-02]"
402,Access to Health Care,Social,government,2,0.292,"[-6.13600612e-02  4.28662822e-02  9.10554174e-03  2.59222332e-02
 -2.10717553e-03  8.81484617e-03  1.12785205e-01 -1.46455830e-02
 -4.69325902e-03  4.08969335e-02  2.17023445e-03 -2.53378712e-02
 -2.03485298e-03 -5.67556508e-02 -4.41358797e-03 -2.89094262e-02
 -2.93950327e-02 -3.12214866e-02 -1.18998639e-01 -9.48588829e-03
  1.06737148e-02  4.55833934e-02 -6.26836345e-02  3.69099677e-02
 -4.35665622e-02  8.46977532e-02 -1.00133404e-01 -2.86527779e-02
  1.31435003e-02 -9.68651399e-02  1.21832974e-02 -9.04270168e-03
  4.79965694e-02 -1.07429065e-02 -3.29216942e-02  2.02881675e-02
  8.32627788e-02 -5.79833016e-02  2.21059341e-02 -4.44728509e-02
  2.19484139e-02 -6.20857179e-02  5.27312234e-03 -3.39289419e-02
  6.90263649e-03  7.61127705e-03  7.75106102e-02  2.20651887e-02
 -7.24882726e-03 -3.77230570e-02  3.65363136e-02  6.81934133e-03
 -1.28264753e-02  3.77634168e-02  2.08932664e-02 -9.17973816e-02
 -1.26041090e-02 -6.61998056e-03 -2.27005053e-02 -9.04071182e-02
  1.13848625e-02 -2.97246575e-02 -4.08174209e-02  7.51318410e-04
  9.84737873e-02  1.62126049e-02 -2.97784526e-02  8.10345821e-03
 -1.75250974e-02 -1.22783974e-01  1.88357886e-02 -5.93771636e-02
  8.48698523e-03  3.61490250e-02  1.86750889e-02 -1.32746279e-01
  2.77963420e-03  5.66703416e-02  1.18403584e-01 -5.87367117e-02
  1.03210405e-01  1.22951670e-02 -4.10259143e-02  1.00585923e-01
  9.59141180e-03 -5.81246316e-02 -2.54483353e-02  7.34970998e-03
 -2.22418234e-02  1.06926654e-02 -4.60060388e-02 -4.54994179e-02
  9.03670490e-02  2.69106794e-02 -8.90835971e-02  6.76667690e-02
  4.50852215e-02 -5.02370819e-02 -7.69725116e-03  2.86060154e-01
 -3.80088985e-02  9.35151242e-03 -4.88328689e-04  3.35404389e-02
  1.81032568e-02 -1.92848016e-02 -5.76199070e-02  2.09509376e-02
  2.43300106e-02 -8.02177470e-04 -4.75674793e-02  1.39160017e-02
 -2.02215631e-02 -2.38717024e-04  3.32781374e-02 -4.50407751e-02
  8.65289103e-03  4.46819551e-02  6.75738230e-03 -2.70212367e-02
 -3.18078399e-02  1.04676047e-03 -2.72444300e-02 -8.48348252e-03
 -3.05468012e-02  1.36528455e-03 -1.01548349e-02 -5.51967038e-33
 -2.83398088e-02 -4.36108187e-02  4.82764877e-02  3.40163074e-02
 -4.75207530e-02  8.84476863e-03 -2.14633662e-02 -6.92129834e-03
 -3.74904834e-02  9.84916165e-02  2.63381880e-02  1.16941333e-02
  2.94097438e-02  2.63486169e-02  1.30244553e-01  1.50410160e-02
 -8.27508122e-02  1.05824098e-02  3.84190213e-03  4.97343726e-02
 -1.48216700e-02  8.74306783e-02  2.23995112e-02 -1.08635603e-02
  6.21430464e-02 -2.33348645e-02 -8.39341991e-03 -2.98710186e-02
  5.61572909e-02  2.71855816e-02  7.06937239e-02  1.00156941e-01
  3.08445543e-02 -3.71909402e-02  1.81004207e-03 -4.80803214e-02
  2.14766823e-02 -6.85963854e-02  2.37132069e-02 -7.74726123e-02
 -3.82563360e-02 -2.12097391e-02  3.35253254e-02  4.83475626e-02
  3.45596261e-02  1.22811263e-02  4.50047925e-02  2.04612594e-02
 -1.22095784e-02  4.40444276e-02  1.40247233e-02  2.67133676e-02
 -5.81367500e-02 -4.50967215e-02  3.54461148e-02 -4.78897393e-02
  2.99613248e-03  2.71552913e-02 -1.65830292e-02 -1.41085563e-02
  5.76168597e-02  3.88485286e-03 -1.65045820e-02  7.75763839e-02
  3.81440669e-02  5.07070730e-03 -1.15936762e-02 -2.46876031e-02
  7.20836222e-02 -3.39226164e-02 -5.80132604e-02  1.79299358e-02
  2.65089404e-02  6.18387125e-02  2.72393823e-02  3.63859944e-02
  3.78187262e-02  8.82421993e-03 -1.14078395e-01  8.45899805e-03
 -5.86016066e-02 -3.19201201e-02  4.96708825e-02  9.94223543e-03
  1.06924124e-01  5.60950711e-02 -2.54803617e-02 -4.29645330e-02
  8.44804123e-02  1.59643590e-03 -1.44993678e-01 -4.27922755e-02
  4.00807634e-02  5.20637929e-02 -1.40125572e-03  3.30876129e-33
 -1.06495561e-03 -5.84336370e-02 -6.16281554e-02  8.39095563e-03
  2.70358529e-02  3.02860867e-02 -3.80319655e-02 -1.11730546e-01
  6.96856230e-02  4.71078828e-02 -6.38324022e-02 -8.99358988e-02
  1.05720788e-01  7.11856708e-02  6.49154559e-02 -4.79292758e-02
  5.08112945e-02 -5.92996515e-02 -3.13224345e-02  1.32731469e-02
 -4.08960953e-02 -3.25522423e-02 -6.96884394e-02  1.74769219e-02
 -3.30094919e-02  5.68374246e-03 -1.15641348e-01 -7.56896660e-02
  8.46723467e-02 -1.99605133e-02 -1.54031236e-02 -3.56995873e-02
 -7.19889328e-02  3.50685045e-02 -9.46629271e-02  2.76834033e-02
  2.45997086e-02 -5.49881980e-02 -2.05007922e-02  1.46922446e-03
  2.24345792e-02 -6.47016466e-02  1.99591685e-02  1.11642569e-01
 -1.28086090e-01 -1.33312391e-02 -7.82118887e-02  7.30735362e-02
 -5.92534766e-02 -6.60868883e-02 -8.18984285e-02 -1.87321994e-02
 -3.63906771e-02 -4.95847315e-02 -2.21216455e-02 -2.40557734e-02
 -5.72155323e-03  3.62600759e-02  6.67568902e-03  3.70733514e-02
  2.34499970e-03  1.74883343e-02 -3.71424258e-02  7.23847002e-02
 -7.03975558e-02  5.43390587e-02 -2.34425105e-02 -2.63285246e-02
  8.64413232e-02 -9.33657400e-03  9.25478563e-02 -1.90118346e-02
 -1.36440456e-01  7.27527812e-02 -8.96327570e-03  3.82572263e-02
 -3.63392979e-02  4.44279388e-02  4.21222812e-03 -1.02203330e-02
  6.93522766e-02 -4.26350050e-02 -5.28844930e-02 -2.98518296e-02
 -3.10944561e-02  1.84595771e-02  9.47743505e-02 -5.12827896e-02
  1.28180506e-02 -3.71900760e-02 -4.64136377e-02 -1.14901261e-02
  3.86979105e-03  2.21096613e-02  2.45413128e-02 -1.28660691e-08
  5.58185950e-02  2.70854961e-02 -8.92975740e-03 -3.68969813e-02
  4.88302612e-04 -1.02961427e-02  3.19471322e-02  1.15637789e-02
 -4.76189964e-02  1.09172948e-02  3.23106423e-02  3.76528054e-02
  2.06118096e-02 -3.08801699e-02 -6.35837717e-03  1.81631986e-02
 -2.90184841e-02  5.86687699e-02 -4.68044309e-03  1.45393033e-02
 -1.00060729e-02 -9.06920526e-03 -6.30162051e-03 -8.43487959e-03
  3.44397649e-02  8.11621454e-03  8.06813687e-02  8.95966366e-02
  2.17857696e-02  1.17709123e-01  2.30247527e-02  2.55611315e-02
 -3.62805799e-02  1.86327230e-02 -3.64542231e-02 -2.18217317e-02
 -2.73629334e-02 -3.58126536e-02  8.80595148e-02 -1.05780602e-01
  4.43104655e-03  1.05664782e-01  4.28538658e-02 -2.75945887e-02
  2.31865235e-02  2.87403906e-04  3.30818072e-02 -3.95213366e-02
  4.94083986e-02 -9.29537490e-02 -3.95256951e-02  6.85337977e-03
  3.12488321e-02  6.61475956e-02  1.60019435e-02 -3.58024724e-02
 -7.57991103e-03  4.81939949e-02 -3.64650525e-02  2.96285581e-02
  7.14688003e-02 -5.02702640e-03  9.27540064e-02  1.40286414e-02]"
403,Access to Health Care,Social,compliance,7,0.2823,"[-2.99824420e-02  5.28523810e-02 -1.88163742e-02 -5.81790619e-02
  2.58778706e-02 -5.18887211e-03  1.76535062e-02 -3.01724207e-02
 -4.22920696e-02  1.07546318e-02  1.03261530e-01 -2.26497706e-02
  1.82715561e-02  2.92120948e-02  1.47883864e-02 -5.06182350e-02
  7.18500689e-02  3.68977375e-02 -9.18418318e-02 -2.80041876e-03
 -2.56908704e-02  2.50052959e-02  5.64586651e-03  4.78822775e-02
 -1.56186819e-01  4.36782725e-02 -4.68674339e-02 -3.34176794e-02
  8.26202333e-02 -5.96977137e-02 -2.84529384e-02  3.40458155e-02
  1.08161919e-01  4.10936922e-02 -3.27254124e-02  3.20848301e-02
  5.41706719e-02 -4.68249433e-02  2.87900940e-02 -3.00270636e-02
 -6.66708797e-02 -1.12365291e-01 -2.62573175e-02 -2.65404768e-02
  3.79481874e-02 -1.84415393e-02  4.23943326e-02 -3.12746018e-02
 -3.67852822e-02 -2.63968599e-03 -2.83867400e-02 -3.44536565e-02
 -2.40767840e-02 -1.64912327e-03  1.49800349e-02 -5.49298041e-02
  1.84116755e-02  5.65584889e-03  3.03871091e-02 -4.28657383e-02
  1.03572376e-01 -4.64026779e-02 -1.07300431e-01  1.05209604e-01
  1.99402086e-02  3.05031165e-02 -4.75250706e-02 -3.67999217e-03
  1.51027385e-02  1.71205346e-02 -6.80308044e-02 -3.62687446e-02
 -6.30344748e-02  5.65510206e-02  2.79564112e-02 -3.87152880e-02
 -3.69161814e-02 -1.75007414e-02  1.29149199e-01 -9.03875902e-02
 -1.72123592e-02 -6.84349537e-02  5.87126240e-02  6.39074296e-02
 -1.90139543e-02 -5.00251725e-02 -1.65545754e-02  1.70466825e-02
  7.12041408e-02  1.75023638e-02  6.86293170e-02 -4.89457659e-02
  8.45748857e-02 -2.51739789e-02 -1.25100091e-01 -7.10909218e-02
 -7.55331144e-02 -1.29401637e-02 -1.45351896e-02  2.00748622e-01
  1.93322841e-02  4.56626154e-02 -1.48202047e-01  3.57187390e-02
 -2.15395875e-02 -4.26671654e-02  2.41087973e-02 -3.13167945e-02
  1.50496829e-02  7.04606175e-02 -2.59633474e-02  7.10386410e-02
 -1.77631974e-02 -2.21541282e-02  1.04915258e-02 -3.60985249e-02
 -3.98281664e-02  1.68563146e-02  5.78646511e-02  3.21452096e-02
  2.24706680e-02  5.81182018e-02  3.85766737e-02 -1.12370746e-02
  1.78994574e-02 -9.44602862e-02 -2.65016463e-02 -6.34382342e-33
  1.14392582e-02  8.40071123e-03 -1.14627238e-02 -1.43063888e-02
  2.88837217e-02  8.35870393e-03 -5.15112914e-02 -3.69353853e-02
 -1.24901766e-02  5.29913083e-02  8.71679485e-02  1.09434076e-01
 -4.05075923e-02 -5.22146374e-02  7.17362389e-02  6.19305633e-02
 -5.60093448e-02  9.12851170e-02  1.90078262e-02  1.14358209e-01
  2.29898579e-02 -1.24961555e-01  2.79334071e-03  8.84002447e-02
 -1.66657008e-02 -4.74745855e-02 -2.70670224e-02  1.69197265e-02
  5.83247058e-02  3.91757451e-02  5.12398295e-02  4.94927820e-03
  9.44548845e-02 -4.15785499e-02  5.60633978e-03  5.45896143e-02
  1.08664213e-02 -4.12827954e-02  3.77044897e-03 -8.20869952e-02
 -5.94127364e-02 -1.13007016e-02  7.10528493e-02  5.18400501e-03
  4.09948826e-02  3.04730348e-02  5.80359325e-02 -4.71596122e-02
  2.58242432e-02  6.10055588e-02 -5.48682502e-03  4.95206825e-02
 -2.96420529e-02 -4.18721139e-02 -4.48517129e-02 -2.20670477e-02
 -4.20374759e-02  2.35360656e-02 -5.64518608e-02  3.26062888e-02
  1.44146103e-03  1.49942702e-03 -4.22406420e-02  1.01957219e-02
  1.06160354e-03  1.22016985e-02 -7.57803321e-02 -5.33696543e-03
  3.95092629e-02 -3.58562060e-02 -1.04879461e-01  1.29083125e-02
 -6.93214461e-02  6.43551573e-02 -6.22653365e-02 -3.59546654e-02
 -1.64768137e-02  4.69321124e-02  1.94278602e-02 -3.69696841e-02
 -1.15194343e-01  2.06537824e-02  2.63962504e-02  4.82759960e-02
  1.18591189e-02 -3.61226238e-02  5.28158322e-02  2.87193209e-02
  4.72894462e-05  2.32822224e-02  2.38926685e-03 -4.27701212e-02
  7.13987425e-02  9.05132815e-02  6.84964359e-02  3.94509973e-33
  1.21727586e-02 -3.97621794e-03 -9.42349155e-03  3.71163264e-02
  1.37435747e-02  4.11008969e-02 -2.38128528e-02 -5.28218374e-02
  5.42395338e-02 -1.06810983e-02 -4.16506529e-02 -3.15316468e-02
  6.18664548e-02  5.87856816e-03 -6.71818182e-02 -5.43749407e-02
  2.69540511e-02 -2.27027829e-03 -7.53135607e-02  2.92412229e-02
  3.12776193e-02 -6.22219183e-02  4.09431718e-02  4.94964980e-02
 -4.18600589e-02  4.11011949e-02 -6.78716153e-02 -1.05044514e-01
  1.25853512e-02 -4.39429004e-03 -3.36396135e-02  1.28048584e-02
 -2.20298264e-02  8.12885612e-02 -1.38802873e-02 -9.32500809e-02
 -6.90672966e-03  2.18467116e-02 -2.28636544e-02 -1.23141520e-02
  7.63154626e-02  6.51140586e-02 -6.79492056e-02  7.07567707e-02
 -1.07399607e-02 -3.59717086e-02 -2.61475379e-03 -2.06045955e-02
 -3.21482047e-02 -5.77365095e-03 -4.63272296e-02 -2.72311755e-02
  6.40123636e-02 -4.48437072e-02 -9.18359868e-03  1.10148802e-01
 -1.41329737e-02  2.20175413e-03 -5.46624362e-02  5.00308610e-02
 -2.39092782e-02  8.13674033e-02 -4.80654538e-02  4.34716269e-02
  5.50230891e-02  2.03947518e-02 -2.88722888e-02  9.12008882e-02
  1.33547550e-02 -2.24643126e-02  3.16017531e-02 -6.00505285e-02
 -2.92739850e-02 -4.07096632e-02  4.75212187e-02 -6.76315501e-02
 -2.47893017e-02 -1.04632571e-01 -5.32360598e-02  5.64048626e-02
 -6.81972429e-02  2.08131615e-02 -3.58103216e-02  7.91711882e-02
 -9.98672098e-03 -5.21134734e-02  5.22162281e-02 -6.61590919e-02
  1.55682033e-02  3.97406071e-02 -3.44951153e-02  9.04973447e-02
 -4.22218069e-02 -9.06189997e-03 -4.43916321e-02 -1.20237775e-08
 -3.53080966e-02 -3.82972881e-02 -3.45440730e-02  5.35023771e-02
  4.48925309e-02  5.11346236e-02 -3.66478078e-02 -1.15664922e-01
 -3.64651643e-02  2.39340924e-02  2.83506699e-02 -9.80643439e-04
 -1.60002690e-02  1.35541921e-02  1.49604529e-02 -2.93050632e-02
 -2.40796283e-02  1.32770417e-02 -8.44160765e-02  7.97614008e-02
 -4.40994464e-02  1.08024357e-02  3.10889892e-02 -1.17305191e-02
  4.88871336e-02  2.33464353e-02 -3.21419612e-02  6.03991225e-02
  6.53122663e-02  9.42268968e-02  5.15972376e-02  7.50899781e-03
  1.91053208e-02 -3.98705527e-02 -7.81436488e-02 -5.50150275e-02
  4.28620093e-02 -3.07195988e-02  1.00501694e-01 -1.52725484e-02
 -1.74468271e-02  2.92847790e-02  1.12438835e-01  6.06077984e-02
  2.38106418e-02 -9.88873094e-03 -2.61397548e-02  4.73129489e-02
  1.51047837e-02 -3.26207206e-02 -1.02818580e-02 -6.67784316e-03
  1.98422577e-02  1.00104220e-01  1.38815800e-02 -1.25351478e-03
  2.68257465e-02  8.96818377e-03 -4.55915965e-02  9.04631685e-04
  8.46081004e-02  2.09843200e-02  7.49817342e-02 -2.99754813e-02]"
404,Access to Health Care,Social,employer,3,0.2812,"[-8.25185478e-02  7.37528205e-02  1.93586983e-02  1.48803070e-02
  1.66150723e-02  3.05240182e-03  1.04045711e-01 -5.56581244e-02
 -2.06485055e-02 -6.96082562e-02 -1.59894899e-02 -7.75782578e-03
 -7.68225268e-02 -1.73810571e-02 -5.42092808e-02  1.91552602e-02
  2.43395418e-02 -1.75234326e-03  1.86575335e-02 -9.36590284e-02
 -8.90308991e-02 -2.45104893e-03 -6.88133761e-02 -3.70537722e-03
  1.91454198e-02  6.00537769e-02 -1.00338943e-02  7.61329830e-02
  2.30402835e-02 -7.11030439e-02 -2.58459505e-02 -1.14285443e-02
  4.86628748e-02 -1.15931500e-03 -1.95526090e-02 -1.05278865e-02
 -6.06085733e-03  1.52161736e-02  2.04241686e-02  1.09757262e-03
 -1.81957558e-02 -7.17728510e-02  1.45296771e-02 -1.85543112e-02
  9.17440467e-03  1.44075667e-02  8.02312046e-02  6.09416515e-02
 -4.23993655e-02  1.09617189e-01  1.29199950e-02 -7.36200586e-02
  4.22107615e-02  8.34577382e-02 -2.10254500e-03 -2.72656810e-02
 -3.92523222e-03 -1.78001113e-02 -4.57307734e-02  4.75069880e-03
  1.92529708e-02 -7.43729472e-02 -3.58954184e-02  2.60285493e-02
  6.35145307e-02 -3.90762053e-02 -6.38549700e-02 -3.00150681e-02
 -7.10145384e-02 -8.71032253e-02  1.00860819e-02 -1.08779944e-01
 -7.18551055e-02  7.15131164e-02  5.67070656e-02 -5.18583730e-02
  1.16667980e-02  1.97201017e-02  9.69869047e-02 -7.19057992e-02
 -3.18467472e-04 -1.85571797e-02 -1.36766825e-02  4.77612801e-02
 -4.82471250e-02 -4.09971625e-02  7.19441622e-02  7.59964064e-02
  9.31048766e-02  3.54843363e-02  1.96890756e-02 -1.02084503e-01
  2.24129073e-02 -1.29017849e-02 -5.87609559e-02 -3.94574404e-02
  2.69599110e-02  8.38876069e-02 -2.08677407e-02  2.22987846e-01
  2.35993788e-03 -1.90786365e-02 -6.10290878e-02  1.37160551e-02
 -4.70096469e-02  1.05701145e-02 -5.15753925e-02  4.16783169e-02
 -2.03532130e-02  2.10256595e-02 -5.72833978e-02  7.13819563e-02
 -8.13267305e-02  2.79680640e-02  4.02849261e-03  2.52540279e-02
 -7.34699219e-02  5.23128659e-02 -5.18576661e-03  2.38934588e-02
 -1.95939350e-03  1.04387611e-01 -1.00990005e-01  2.79918183e-02
 -1.44625515e-01 -8.50041211e-02 -1.38688851e-02 -5.50399846e-33
  6.16793782e-02  1.38617177e-02  9.97541472e-03  2.03556102e-02
  6.97852895e-02 -2.78496253e-03 -3.75739597e-02  4.60052900e-02
 -1.95879880e-02  5.94893247e-02 -9.46547762e-02  4.45448384e-02
  1.30118933e-02 -2.57479288e-02  3.37735750e-02  8.96575395e-03
  2.21879464e-02  1.09396219e-01  1.03852730e-02  2.17283648e-02
 -5.40573942e-03 -9.59585514e-03 -1.02771953e-01  6.73620850e-02
 -2.02493891e-02  7.02830218e-03 -4.89489585e-02 -9.01723094e-03
  1.49818202e-02  3.76806520e-02  7.30588138e-02  1.72824191e-03
  3.81519832e-02 -3.45199220e-02 -2.55687460e-02 -5.22221215e-02
 -2.41213683e-02 -6.39953464e-02  5.39423525e-03 -5.17898798e-02
 -4.20169253e-03 -3.75324525e-02  7.74271414e-02  1.04093822e-02
  4.02424894e-02 -1.93749890e-02  5.78064565e-03  3.05222385e-02
  1.81138460e-02  1.46394864e-01  6.75432384e-03 -5.12819458e-03
  4.61911149e-02  1.33864284e-02  6.03962652e-02 -1.96597222e-02
 -4.53831832e-04  8.64743069e-03  5.38556203e-02 -4.73734289e-02
  7.51771638e-03  1.12770706e-01 -7.99972638e-02  5.33731617e-02
 -2.08065659e-02 -2.85784546e-02  4.74833138e-02 -2.67124642e-02
  1.06458269e-01 -7.35113956e-03 -2.18386557e-02  4.85140458e-02
  6.51450977e-02 -1.19314063e-03 -7.51715153e-02  6.04075901e-02
 -3.07425931e-02  4.33859564e-02 -1.99906789e-02 -1.06737837e-02
  1.74866430e-02  2.11320985e-02  6.47213263e-03  5.12564613e-04
  7.76171833e-02  3.97637747e-02 -1.29169421e-02 -6.64779022e-02
  3.80215272e-02  5.18069938e-02 -7.14956522e-02  9.48431611e-04
  2.18401849e-02  8.01874027e-02  4.68978882e-02  3.75728696e-33
 -6.60341326e-03 -6.81547374e-02 -4.73529100e-02 -1.46573773e-02
  3.50369029e-02 -6.31751586e-03  6.52014464e-02 -6.21361546e-02
 -4.49066907e-02  7.61523619e-02 -3.24335918e-02 -6.38001710e-02
  4.82986979e-02  3.06576677e-02 -3.01649552e-02 -2.44191717e-02
  3.55516486e-02 -1.32638002e-02 -8.66586342e-02  1.92725323e-02
 -3.75588471e-03 -4.60079201e-02  1.01771718e-02  1.20687056e-02
  2.18025763e-02  3.29201221e-02 -4.77248058e-02 -3.63751948e-02
 -7.17818663e-02  1.14990566e-02 -7.00012073e-02 -1.34555912e-02
 -7.14484826e-02  8.81209224e-02  8.72611720e-03 -2.26778146e-02
 -7.64956027e-02  1.82606354e-02  5.62857697e-03 -2.97714341e-02
  4.16934676e-02 -2.46132463e-02  4.28004414e-02  1.39469460e-01
 -4.05474380e-02 -1.91980693e-02 -3.35405841e-02 -4.80360836e-02
  6.76768646e-02 -3.20884585e-02 -7.58097023e-02  1.52506009e-02
  3.72351333e-02 -1.87731124e-02 -3.79243493e-02 -5.57260998e-02
 -1.54375629e-02 -6.25286475e-02 -4.25318852e-02  2.27287952e-02
  2.88017336e-02 -5.76609606e-03  5.27101196e-02  1.25802532e-01
 -2.01483183e-02 -3.18631828e-02  3.47963087e-02 -2.05028593e-03
  3.37293521e-02  2.05865726e-02  3.54715660e-02 -1.95474550e-02
  1.01317763e-02  2.95393504e-02  4.96868975e-03 -7.23992512e-02
  1.29844872e-02 -1.80314537e-02 -9.58687440e-02  1.54742599e-02
 -4.28795489e-03 -5.16333245e-02  5.29910028e-02  8.07400495e-02
 -3.31178494e-02  9.87704564e-03  3.27569805e-02  2.24355403e-02
 -3.06541426e-03 -4.80742678e-02 -1.10212276e-02  1.34211418e-03
 -8.21881071e-02  1.89763978e-02  1.47204427e-02 -1.23994877e-08
 -1.81335453e-02 -1.86695736e-02  4.47511822e-02 -7.63542727e-02
  3.37949581e-02 -1.05218343e-01  4.37598117e-03 -3.40599492e-02
  4.74895500e-02  3.32355276e-02 -3.07053663e-02 -4.18971851e-02
 -3.55606037e-03  2.93857604e-02  1.04759440e-01  6.34494722e-02
  1.31233633e-02  2.25972049e-02 -1.42100714e-02 -3.51691023e-02
 -3.92559450e-03  5.63677512e-02  2.33430676e-02  1.24609666e-02
 -1.97648667e-02  4.20844592e-02 -1.38622802e-02  4.42182831e-02
  8.22913423e-02  1.02584980e-01  1.42496452e-02  1.10912181e-01
 -1.36309918e-02 -1.02657169e-01 -7.23203048e-02 -6.77986071e-02
  4.57366407e-02 -7.30486661e-02 -7.46766571e-03 -1.16311543e-01
 -9.08111222e-03  4.30823676e-02  5.12396581e-02 -3.58023569e-02
  7.87304807e-03 -5.46459965e-02 -1.83130372e-02  1.90049130e-02
 -3.35582756e-02 -2.85290424e-02 -1.79658644e-02 -3.55772930e-03
  3.41205224e-02  5.81999384e-02 -7.93901086e-03 -1.10100079e-02
  8.18920974e-03 -5.11742830e-02 -1.07271157e-01 -2.48298906e-02
  1.29537970e-01  1.05781732e-02  1.20994769e-01  1.66080762e-02]"
405,Access to Finance,Social,grants,1,0.4836,"[-1.76621340e-02  6.78031966e-02  1.82516631e-02  1.60105061e-02
 -4.59628440e-02  1.68338604e-02  5.84915690e-02 -1.93562042e-02
  6.78612441e-02  1.31290993e-02 -5.97154982e-02 -2.24470794e-02
 -5.82465716e-02 -1.12677766e-02 -4.51665334e-02  3.75681408e-02
  2.22522747e-02  2.85624024e-02 -4.89990078e-02 -5.16581237e-02
  1.39708957e-02 -1.63681973e-02 -4.65811118e-02 -3.45021784e-02
  6.64312989e-02  9.78313386e-03 -7.36414269e-02 -3.58183905e-02
  8.80378485e-02 -3.15978602e-02  2.57756114e-02 -3.48791666e-03
 -3.10366750e-02 -3.30801532e-02  1.02106808e-02  6.50989339e-02
  2.72012390e-02 -3.01639480e-03  6.82023494e-03  2.07637083e-02
 -2.20994167e-02 -4.08858061e-02  8.75261426e-02  4.58885953e-02
 -3.15420702e-02  5.59096830e-03  2.52831262e-02  3.93501930e-02
  4.61113453e-02  2.83891987e-02  7.98389465e-02  3.59038375e-02
  3.37605253e-02  4.38210517e-02 -8.67177639e-03  8.51786323e-03
  3.85119654e-02 -2.59260274e-02  1.40472804e-03 -4.34079655e-02
 -2.89766360e-02  1.33100078e-02 -2.30259318e-02  3.29375416e-02
 -5.20069990e-03 -4.95064892e-02 -3.98058556e-02  3.81094627e-02
 -2.39073504e-02 -9.73191857e-02  2.91701425e-02 -1.15494579e-02
  7.06790108e-03 -7.95618668e-02  1.10827178e-01  7.71968737e-02
 -2.15185899e-02  7.50891045e-02  5.35654463e-02 -1.28694996e-01
  2.35596504e-02  5.56453541e-02 -4.92658885e-03  2.51301983e-03
 -1.55133214e-02  4.55253758e-02  1.47067476e-02 -4.29309644e-02
  3.42793316e-02  8.04078057e-02 -5.65692550e-03 -6.72345757e-02
  2.22733039e-02 -2.61919368e-02 -1.21379331e-01 -2.46884897e-02
  2.76198257e-02 -1.16591141e-01 -5.95907904e-02  2.05420986e-01
 -3.05489786e-02 -6.16494846e-03  1.66333802e-02 -1.00786760e-02
  3.05102728e-02  2.60370504e-02  1.97680835e-02  5.29896431e-02
  8.32566693e-02  4.99070883e-02 -3.03105339e-02 -3.84057662e-03
  6.13789782e-02  4.95703034e-02 -3.52142490e-02 -1.65251624e-02
 -8.30139592e-02 -5.16620539e-02  1.24461032e-01 -2.19405312e-02
  4.19849306e-02  4.37958986e-02  3.60469073e-02 -7.91187808e-02
 -2.02780794e-02 -8.16190541e-02 -1.14006385e-01 -5.19826304e-33
  2.70150905e-03  7.50025734e-03  1.52461631e-02  2.92280056e-02
  4.88547608e-02 -8.11719242e-03  4.71677333e-02  2.61873193e-03
 -1.41729355e-01  2.20334213e-02 -3.59709933e-02  1.30747080e-01
  1.14447121e-02  1.06775966e-02  2.55133938e-02  3.10400687e-02
  2.14362815e-02  3.25618275e-02  7.96007887e-02  3.43891643e-02
  5.33645898e-02  4.09136526e-03  4.27659713e-02  9.08104256e-02
  8.97909552e-02 -8.10233131e-02 -8.09742436e-02 -3.05049513e-02
  8.23471174e-02  2.11010873e-02  5.65843610e-03  4.97209653e-02
  8.44939053e-02 -1.29077241e-01 -3.01307021e-03 -1.84854213e-02
  6.21255785e-02 -3.66221666e-02  2.21197549e-02 -1.06518887e-01
  3.33664264e-03 -6.20483272e-02  2.75845267e-02  9.65131389e-04
 -3.69393788e-02 -2.67869849e-02  8.38436335e-02  3.93687673e-02
 -3.95929255e-02  4.00840901e-02 -4.74808663e-02 -9.00329929e-03
 -9.62566435e-02 -2.19842652e-04 -2.55658645e-02 -7.08451271e-02
 -3.61567363e-02  1.57707985e-02 -1.62752122e-02 -6.08675331e-02
 -1.01361014e-02  2.30068397e-02 -4.02988270e-02  5.78729212e-02
 -2.97245998e-02 -8.73974860e-02  5.89563362e-02  4.74455254e-03
  1.16097011e-01 -6.63905358e-03 -8.87347311e-02 -2.24451013e-02
  5.66943176e-02  6.45707455e-03 -7.35209510e-02 -3.66996266e-02
  2.30857059e-02  6.06614053e-02  2.82720085e-02  3.40946428e-02
  4.71520424e-02 -5.08275181e-02  1.67922080e-02  7.00801089e-02
  5.45489043e-02  6.56692609e-02  2.33115610e-02 -3.14756781e-02
  3.60996649e-02 -9.48717967e-02 -1.05992243e-01 -9.66513716e-03
  1.93903018e-02 -3.42926644e-02 -8.50736164e-03  2.90051541e-33
 -1.39752124e-02  4.39373869e-03  2.78187227e-02 -6.81532873e-03
  4.70045581e-02  2.92532295e-02 -1.77715197e-02 -8.81232098e-02
  7.23692626e-02  5.17818555e-02 -2.52632629e-02 -2.72610132e-03
  5.85355461e-02  4.37128022e-02 -5.15996478e-02 -8.90511572e-02
  2.15425119e-02 -3.91629599e-02  1.58241186e-02  2.04189364e-02
 -4.50956970e-02  1.09350428e-01  4.63592857e-02  1.78487655e-02
  3.01130116e-02  2.80272346e-02 -7.50115439e-02  4.34759967e-02
 -1.26452595e-01  9.39745605e-02  6.06023110e-02 -3.04781692e-03
 -1.25269771e-01  8.15460365e-03 -1.04906015e-01 -4.52935062e-02
  5.92290647e-02 -1.00290552e-02 -1.42957699e-02  4.09371220e-02
  9.63702351e-02 -5.73704913e-02  1.09917298e-01  4.64038216e-02
 -6.99190749e-03 -2.20706151e-03 -8.42012614e-02  7.99929630e-03
  3.65993008e-02 -1.36353001e-02 -9.15104225e-02 -4.61401083e-02
  7.88210854e-02  6.20062798e-02  3.23700806e-04 -2.28553396e-02
  1.30227488e-02 -1.90956928e-02  1.21017836e-01  1.75998267e-02
  8.84340610e-03  4.34977189e-02 -8.78550410e-02  3.88738252e-02
 -6.30219132e-02 -6.15381934e-02  2.43895166e-02 -2.29414217e-02
 -6.41619787e-03  3.06356903e-02  4.04890440e-02  3.10415239e-03
  7.15998560e-02  6.99136266e-03 -1.63070466e-02  9.09610242e-02
  1.64353289e-02 -4.14873753e-03 -5.04615828e-02  2.47721579e-02
 -2.00134572e-02 -4.64879349e-02  5.74289784e-02  2.39233077e-02
  2.90036388e-03 -5.37863076e-02  5.45215979e-02 -9.36471596e-02
  1.41446749e-02 -2.92431377e-02 -6.63381666e-02  1.30601386e-02
  4.19144779e-02  3.02846543e-03 -2.00756695e-02 -1.11944809e-08
  3.54686268e-02 -4.17839270e-03 -6.49367794e-02 -3.10786404e-02
  1.22353975e-02 -2.73914114e-02 -1.06188066e-01  8.92852694e-02
 -3.76792951e-03 -4.22700569e-02  1.95860583e-02  4.03792821e-02
 -1.10970950e-02 -6.73609376e-02 -2.05498897e-02 -9.31563415e-03
 -1.39318239e-02  1.07101826e-02 -2.46819481e-02 -6.12692051e-02
 -5.21158762e-02  2.67275143e-02  1.99761745e-02 -4.64352313e-03
 -3.75634059e-02 -7.65978917e-03  2.35941038e-02 -5.62052764e-02
 -4.05029915e-02  6.05863109e-02  6.18128630e-04  3.37229483e-02
  7.91892782e-03  5.02777882e-02  2.49800389e-03 -1.75714083e-02
 -2.85207853e-02 -1.33002447e-02 -3.61080887e-03 -8.07904545e-03
 -1.70084573e-02  3.09201423e-02  1.72457453e-02 -5.85361496e-02
 -1.17506877e-01  4.19675335e-02 -5.52239902e-02 -4.79028374e-03
  5.27125672e-02 -7.71524534e-02  1.13513405e-02 -1.04649796e-03
 -5.16838580e-02 -2.45069172e-02  6.23768121e-02 -2.13800482e-02
 -9.05151945e-04 -2.18670990e-04 -5.70514053e-03 -2.18119510e-02
  7.12912017e-03 -3.23861800e-02  3.97020280e-02 -3.66962552e-02]"
406,Access to Finance,Social,invest,2,0.4795,"[ 9.33816209e-02 -7.52421445e-04 -5.86248152e-02  4.18101400e-02
 -3.33550349e-02 -1.39370654e-02  1.14004411e-01  3.33945602e-02
  3.96719053e-02  7.38973245e-02  3.91746834e-02 -7.43525429e-03
 -5.02794348e-02 -2.75028404e-02 -5.24682030e-02 -4.70516346e-02
 -8.55501220e-02  1.41916005e-03 -8.87931809e-02  2.62890570e-03
 -5.50175682e-02 -9.10949633e-02 -5.44992695e-03  5.94325177e-03
  7.98752755e-02  6.54032379e-02  3.41580436e-03  3.27612162e-02
  1.03830416e-02 -5.61163239e-02  5.22498265e-02  1.61298346e-02
  3.02751288e-02 -4.35908623e-02 -3.04279160e-02  5.24924211e-02
 -1.51623879e-02  1.81763154e-02  1.30307814e-02 -5.15114702e-03
 -2.42776964e-02 -3.75207216e-02  3.06576733e-02 -3.40436623e-02
 -1.27280653e-02 -1.59507450e-02 -2.00972930e-02  7.45111555e-02
  7.48583823e-02  1.07339751e-02 -5.88385575e-02  2.85091752e-04
 -3.56392078e-02 -4.63801576e-03 -7.09547028e-02  5.80362277e-04
 -4.15568501e-02  6.46467507e-02  7.16909990e-02 -3.67937833e-02
  8.33169520e-02  9.92490328e-04  6.50393814e-02  2.42518764e-02
  2.24065483e-02 -1.55546172e-02 -5.73571073e-03  7.09798485e-02
 -7.54538924e-02 -8.94694310e-03  8.84405300e-02 -5.26830666e-02
 -1.79899216e-01 -8.05875361e-02 -5.50324246e-02 -1.91973150e-02
  8.56061578e-02  3.67436907e-03  8.37223828e-02 -1.79350078e-02
  1.37945246e-02  2.27948930e-02 -1.93133987e-02 -6.98803291e-02
 -3.30135785e-02  6.27676249e-02  6.32355660e-02  6.31644949e-02
  7.27180019e-02 -1.13697047e-03 -7.55341025e-03 -6.08065398e-03
  6.36212574e-03 -3.36119048e-02 -3.51323299e-02 -1.51909040e-02
 -5.27248392e-03 -4.25584279e-02 -1.06561832e-01  2.17392966e-01
  6.96954653e-02 -3.52510102e-02 -3.73417176e-02 -1.55556872e-02
 -2.58014891e-02 -1.59699041e-02  1.56540349e-02 -1.33906715e-02
  5.72629496e-02 -2.47436743e-02 -1.02125064e-01  5.22295497e-02
  8.77350103e-03  3.32193151e-02 -1.89031623e-02  3.83260548e-02
 -2.06078012e-02 -3.00722551e-02  6.82125837e-02  1.21502075e-02
  4.46765460e-02  1.78238600e-02 -5.06928936e-02  1.24718749e-03
 -6.58723712e-02 -1.03628144e-01 -2.42179129e-02 -4.21551670e-33
 -7.58508146e-02 -2.15219241e-02 -7.12048355e-03  7.10510164e-02
 -5.24611846e-02 -7.53840758e-03  6.22974746e-02 -2.17643753e-02
 -1.30666360e-01 -3.31075899e-02 -3.09408456e-02  4.83854711e-02
 -5.97557798e-02  7.85631910e-02  3.24657708e-02 -1.47510292e-02
  9.31603927e-03  4.57317904e-02  1.26439124e-01 -9.67482552e-02
  2.63923965e-02 -2.73284428e-02  1.98366139e-02  3.53094237e-03
  6.32007197e-02 -8.72241557e-02 -2.00469680e-02 -8.27700868e-02
  6.12065420e-02  2.29633730e-02  6.59693927e-02  3.40279154e-02
 -6.67885244e-02 -5.56853674e-02 -3.29611078e-02 -1.16788065e-02
 -3.03298817e-03  1.27304029e-02 -1.09583866e-02 -2.65840478e-02
 -4.88540716e-02  2.56069005e-02 -7.48905092e-02  6.99360436e-03
 -4.06283606e-03  8.00846517e-02  7.90926665e-02  3.60742472e-02
 -4.01011370e-02  2.26303819e-04 -4.76897284e-02 -2.65663546e-02
 -6.66799322e-02 -2.97549516e-02  3.27633275e-03 -5.03671318e-02
 -3.46241938e-03 -4.83834557e-02 -8.02214891e-02 -6.66628331e-02
  5.54684177e-02 -2.56002694e-02 -9.40211117e-02  8.30897689e-02
 -9.34827253e-02  1.07727736e-01  3.26895341e-03  4.55570966e-02
 -5.21415519e-03  6.84331581e-02 -6.42011911e-02 -4.79998514e-02
  1.22292109e-01 -2.45930851e-02  3.75404442e-03 -2.47947294e-02
 -7.82395750e-02  3.28551754e-02 -1.16386404e-03  4.63657044e-02
  5.78121394e-02 -4.74382974e-02 -2.01996528e-02  4.61192578e-02
  3.48867662e-02  3.95329706e-02 -7.99681433e-03  8.19533411e-03
  5.52478395e-02 -9.19576269e-03 -6.19124211e-02 -8.36681575e-03
  7.21595958e-02 -1.56517960e-02 -1.89353731e-02  2.49270777e-33
 -4.92342152e-02 -3.33822370e-02  4.99609187e-02  4.50902432e-02
 -3.26580815e-02  2.04760581e-02  3.99959497e-02 -2.64896993e-02
  3.55787352e-02  3.82987782e-02 -5.26263788e-02 -3.73480767e-02
  7.54201263e-02  1.49329705e-02 -3.76130119e-02 -1.11090846e-01
  6.18157089e-02  2.03937665e-03 -1.46706018e-03 -1.76299363e-02
 -1.74825322e-02 -5.31449057e-02  5.88661171e-02  7.23377094e-02
  2.09533144e-03  1.52168376e-02  9.10531450e-03  8.89425799e-02
 -5.13148420e-02  2.00355556e-02  8.58969614e-03  6.01448305e-02
 -1.34322708e-02  5.91814378e-03 -7.07831681e-02  6.18025772e-02
  6.50965050e-02 -3.46066281e-02 -5.82910255e-02  2.62398310e-02
  6.01455383e-02  1.97942946e-02  9.66868550e-02  3.13481614e-02
  1.39407143e-02 -3.08220908e-02 -1.24724712e-02  4.05491367e-02
  7.72268474e-02  9.03254404e-05 -1.82346739e-02  1.46336318e-03
  3.58780995e-02 -3.54353115e-02 -1.22149587e-02  6.70739561e-02
  6.77563017e-03 -2.27831490e-02 -3.48673835e-02  4.96869870e-02
 -4.85448241e-02  5.81372306e-02  1.13022560e-02  1.14664704e-01
 -7.48691335e-02 -2.82740761e-02 -2.99917869e-02 -3.08686476e-02
  6.03332072e-02 -6.83200285e-02  7.79225677e-02 -1.11365747e-02
 -1.27008250e-02 -5.34905493e-02 -5.75327268e-03  3.25127766e-02
 -2.35933159e-02 -1.65515486e-02  2.52674669e-02  2.80673616e-02
  4.11262299e-04  4.83887270e-02  5.01465797e-02 -5.33675402e-03
 -1.84451900e-02  3.06582563e-02 -3.01284492e-02 -5.03259338e-03
 -3.57899889e-02 -6.61929548e-02 -4.31901217e-02  6.40302598e-02
  1.87876169e-02 -7.45602883e-05 -3.56103182e-02 -1.15807595e-08
 -2.74135508e-02 -5.16105443e-02  9.62386653e-02 -1.88005231e-02
  3.09202056e-02 -4.84166779e-02  2.48112082e-02  3.03492486e-03
  5.64568304e-02  3.38579565e-02 -1.61923878e-02  1.03533547e-02
 -5.16669974e-02  1.38471359e-02 -2.92679910e-02 -4.73798588e-02
 -5.32766469e-02 -1.16753755e-02 -9.54999588e-03  2.85190949e-03
  1.19457394e-01 -6.07373938e-03  8.87004063e-02  1.12948697e-02
  1.03235999e-02 -3.64671312e-02  7.23369271e-02  6.15699030e-02
 -2.01514307e-02  9.32018235e-02 -2.29277387e-02  3.23069207e-02
  2.05079056e-02  8.89127981e-03 -9.07407627e-02 -2.05324255e-02
  1.01356946e-01  3.12832445e-02  2.16822978e-02 -4.12675506e-03
 -3.44235115e-02 -5.10558765e-03  3.13526578e-02 -7.11697489e-02
 -7.25309625e-02  4.43419404e-02 -5.12888506e-02 -8.05035084e-02
  8.57766867e-02 -9.22600105e-02  5.99677814e-03 -8.81534629e-03
  4.88344170e-02  2.31487155e-02  2.00869446e-03  2.84933560e-02
 -5.27603179e-02  3.81535031e-02 -6.03262894e-02 -1.93034224e-02
  5.28450459e-02 -1.37307599e-01 -1.11831017e-02  6.19739993e-03]"
407,Access to Finance,Social,investing,1,0.4584,"[ 7.55818114e-02  2.02089082e-02 -8.87748748e-02  4.85692918e-02
 -3.35649811e-02 -6.53105555e-04  1.13076411e-01 -3.56501387e-03
  2.11218111e-02  7.48120546e-02  7.53673026e-03  1.99860092e-02
 -7.07095042e-02 -2.48564649e-02 -5.72795831e-02 -5.39101698e-02
 -7.93751553e-02  4.74555418e-03 -9.95654166e-02 -3.52828354e-02
 -7.77608380e-02 -1.09179370e-01 -8.85513518e-03 -4.80964826e-03
  1.15111277e-01  6.22086376e-02 -1.02569880e-02  3.95018235e-02
  3.17860307e-04 -5.21520227e-02  8.14357400e-03  1.67610440e-02
  3.48460674e-02 -8.50855373e-03 -7.84101114e-02  2.42905412e-02
  2.54752561e-02  3.36810686e-02  2.61401720e-02  1.03441952e-02
 -4.25186306e-02 -4.27744091e-02  1.61121450e-02 -2.73884926e-02
 -1.37766693e-02 -3.64587419e-02  5.80015033e-03  4.17904519e-02
  7.08402544e-02 -1.26479715e-02 -4.57527712e-02  1.51178371e-02
 -6.02170676e-02  1.41578680e-03 -5.27647845e-02  1.30576752e-02
 -4.39602993e-02  5.30411378e-02  6.27166703e-02 -4.10225727e-02
  6.05448335e-02 -2.87914090e-03  5.12173101e-02  3.73305194e-02
  3.98879908e-02 -3.98348048e-02 -2.34048609e-02  8.56182501e-02
 -8.56020525e-02 -8.12022202e-03  8.19397271e-02 -4.38875407e-02
 -1.54134065e-01 -5.17193042e-02 -1.19182970e-02 -1.76317561e-02
  7.14635402e-02  1.09545402e-02  8.16262439e-02 -1.54730706e-02
  4.80123311e-02  6.57451921e-04 -3.57636660e-02 -3.92913371e-02
  3.39900632e-03  3.26858684e-02  6.08535111e-02  5.76660112e-02
  7.14708939e-02  8.47600680e-03  5.89440716e-03 -1.99923255e-02
  2.84188834e-04 -1.48837194e-02 -4.45349775e-02  4.47503105e-02
 -4.72232290e-02 -5.54155521e-02 -9.62143466e-02  2.05283821e-01
  6.67210817e-02 -7.27725402e-02 -9.00347903e-03 -1.87457390e-02
 -8.33618827e-03 -6.91017956e-02  1.44229243e-02 -2.27306876e-02
  5.68705983e-02 -8.26202612e-03 -7.50793070e-02  7.12153018e-02
 -2.89076532e-04  3.45740244e-02 -4.36916649e-02  7.57175907e-02
  1.59921346e-03 -1.86400190e-02  6.58461973e-02  7.21561164e-02
  2.30217017e-02  2.03104373e-02 -3.67050059e-02  2.07123011e-02
 -7.56900087e-02 -9.93935168e-02 -3.97376195e-02 -4.54081786e-33
 -8.49711969e-02 -5.73407859e-02 -2.17329618e-02  8.27304646e-02
 -4.87467311e-02  2.68043485e-03  5.32794967e-02 -4.29220349e-02
 -7.71684051e-02 -3.61380503e-02  4.59927507e-03  5.57889566e-02
 -4.82386462e-02  1.09626532e-01  7.92714283e-02 -2.37464868e-02
 -4.53605950e-02  7.79357925e-02  9.26509723e-02 -6.59272447e-02
  2.88848579e-02 -2.22793035e-02  2.50928160e-02  4.16872976e-03
  4.17629145e-02 -6.83880746e-02 -3.35281603e-02 -1.28473759e-01
  3.94219980e-02  2.40595713e-02  5.59360981e-02  6.39446154e-02
 -8.60964060e-02 -5.99362440e-02 -3.53525244e-02 -3.02976184e-02
  9.74128023e-03 -1.59898270e-02 -1.63675938e-03 -1.69766229e-02
 -8.51480812e-02  5.61127672e-03 -2.91262083e-02  1.91146473e-03
 -9.24155116e-03  7.00019225e-02  6.07634485e-02  3.83045115e-02
 -8.78508538e-02  1.44170481e-03 -4.99366187e-02 -8.05100054e-03
 -1.65769700e-02 -5.41591719e-02  1.16490284e-02 -3.42570134e-02
  3.43593862e-03 -6.92194775e-02 -1.18750826e-01 -5.07937334e-02
  3.14290226e-02 -5.90911368e-03 -7.92204142e-02  4.14075926e-02
 -1.17667176e-01  1.07372321e-01  9.40480735e-03  5.57121672e-02
 -4.23657615e-03  4.99263555e-02 -4.15096991e-02 -4.75006290e-02
  6.15950003e-02 -4.13300470e-02  1.71853080e-02  1.66177414e-02
 -3.14083993e-02  4.55685966e-02  9.89456475e-03  2.35262625e-02
  6.56514019e-02 -2.27404609e-02 -2.02335287e-02  2.97523625e-02
  3.36362645e-02  3.63142528e-02 -7.79763144e-03  9.52449720e-03
  6.82492703e-02 -2.07702373e-03 -4.66379039e-02 -2.69988552e-02
  2.75559388e-02  6.76557794e-03 -5.34174778e-03  2.10140939e-33
 -7.89179802e-02 -8.75544641e-03  4.61326651e-02  4.33836728e-02
  4.06478718e-03 -7.74390809e-03  3.52772586e-02 -6.33712485e-02
  5.92073426e-02  6.26205280e-02 -5.94125316e-02 -8.17409810e-03
  5.20932972e-02  3.49567980e-02 -6.84196576e-02 -1.29409775e-01
  4.49867807e-02 -2.19220463e-02  1.16446177e-02 -5.26201315e-02
 -6.08248496e-03 -4.26480398e-02  3.31792422e-02  2.06659045e-02
  1.06679993e-02  1.44255720e-02 -4.25144844e-02  9.70725641e-02
 -2.71523204e-02 -1.92923262e-03 -2.57565454e-02  6.74567074e-02
  1.82374567e-02 -1.51170548e-02 -5.72508499e-02  7.09353089e-02
  8.46362859e-02 -1.67541262e-02 -5.88841364e-02  1.11741740e-02
  9.76103619e-02 -1.45639386e-02  6.91698790e-02  2.74336189e-02
  9.15007666e-03 -2.02033259e-02  9.55624320e-03  6.09470345e-02
  9.95970517e-02  1.26043996e-02 -1.26043446e-02  2.70411223e-02
  3.97939570e-02 -1.02410242e-02 -2.74029784e-02  4.16893326e-02
 -1.33404005e-02 -2.13163495e-02 -5.80305532e-02  7.45204985e-02
 -7.22106323e-02  6.59920871e-02  2.07563564e-02  1.29965618e-01
 -9.01925862e-02 -9.90830921e-03 -3.59821394e-02 -5.36567792e-02
  1.95453106e-03 -7.93704018e-02  7.81368464e-02 -1.15805808e-02
  2.86221248e-03 -2.37162933e-02 -2.54310779e-02  5.58051057e-02
 -1.87287235e-03  1.01555269e-02  2.11386438e-02  3.16886976e-02
 -2.92245708e-02  1.19771967e-02  1.68840345e-02  6.88802451e-03
 -2.39516348e-02  2.14323513e-02 -1.47370268e-02  4.86447150e-03
 -1.85472835e-02 -8.76826793e-02 -5.70524558e-02  2.62587089e-02
  1.27648748e-02 -7.25078024e-03 -5.08050881e-02 -1.21111228e-08
 -9.57068894e-03 -6.69509843e-02  8.28521550e-02 -2.05966830e-02
  1.39359999e-02 -1.68588720e-02  4.69685122e-02 -4.94855782e-03
  4.91484441e-02  5.99111430e-02 -7.93654006e-03  4.04684208e-02
 -3.02966740e-02  3.07019651e-02 -5.90966493e-02 -4.88125980e-02
 -4.61000130e-02 -1.49593269e-02 -1.55342650e-02  2.02370938e-04
  1.32079974e-01 -1.05443066e-02  6.96575269e-02  3.32576185e-02
  4.92910076e-05 -3.21422741e-02  8.37824568e-02  4.95522134e-02
  4.74892650e-03  8.17996189e-02  7.54781591e-04  2.69519910e-02
  6.07083440e-02  2.17926502e-02 -7.44149759e-02 -3.15472856e-02
  9.64557678e-02  2.88172923e-02  3.04543264e-02 -5.70307896e-02
 -4.02595997e-02 -1.20229246e-02  4.12785485e-02 -6.81790188e-02
 -1.98084824e-02  1.20523013e-02 -4.68583480e-02 -5.25284261e-02
  7.01261684e-02 -9.68191773e-02  2.42814105e-02 -1.44004298e-03
  4.22335751e-02 -1.34410746e-02 -7.36959139e-03  4.12942432e-02
 -5.01749814e-02  4.52343635e-02 -5.13056554e-02 -1.45509746e-02
  4.09147888e-02 -1.30483940e-01 -1.64166484e-02  3.87085192e-02]"
408,Access to Finance,Social,income,3,0.4477,"[-1.66089907e-02  3.39689068e-02  3.09168798e-04  4.50641289e-02
 -4.49000709e-02 -1.69536956e-02  9.86164063e-02  1.83076337e-02
 -5.97190158e-03 -3.92351747e-02  3.22295167e-02 -8.98902863e-02
 -7.51173943e-02 -1.43963506e-03 -5.41411042e-02 -9.88860338e-05
  1.94014702e-02  1.38272587e-02 -1.05683217e-02 -2.40024924e-02
  4.24391031e-02 -8.72176979e-03 -3.26983593e-02 -6.50993511e-02
  1.20256782e-01  2.28157631e-04  6.72817277e-03  5.59499525e-02
  4.70610410e-02 -3.01732961e-02  4.97279279e-02  6.63686991e-02
  9.18282270e-02 -4.06611059e-03 -2.84782387e-02 -1.12063661e-02
  7.48328120e-02  2.72210427e-02 -8.14792328e-03  3.22464965e-02
  1.58959266e-03 -7.53773823e-02 -1.23146828e-02 -7.04913437e-02
  7.39801582e-03 -5.81175722e-02  1.04589693e-01  6.70900866e-02
  1.70239192e-02  1.29393712e-01 -2.56312452e-02  6.28975704e-02
  2.20477842e-02  3.18581834e-02  2.98165977e-02 -1.95550397e-02
  2.33074985e-02  8.09988566e-03  1.73974894e-02 -3.72579731e-02
 -1.08074360e-02  1.43026384e-02 -8.76987062e-04  1.73684023e-02
  1.16887949e-01 -3.61011252e-02 -5.08233532e-02 -3.20792431e-03
 -1.51380628e-01 -3.70844565e-02 -3.04332972e-02 -7.09349960e-02
 -6.56948239e-02 -4.54428084e-02  5.39521128e-02 -7.70629495e-02
  6.32249042e-02  1.44818854e-02 -2.06149518e-02 -5.31440340e-02
  7.16158329e-03  1.56863369e-02 -8.91513601e-02  4.27784175e-02
 -9.66116879e-03  1.62569415e-02  5.86685613e-02  4.88653854e-02
  7.38478750e-02  3.45357321e-02  2.56352425e-02 -5.25944540e-03
  4.39574271e-02 -9.21411254e-03 -3.67449000e-02  1.66791622e-02
  2.98813195e-03 -1.05621457e-01 -5.79236913e-03  2.03113347e-01
  8.23903177e-03 -8.08997359e-03  9.75411199e-03 -4.88683172e-02
 -2.67248005e-02 -3.43268402e-02  3.77999209e-02  1.27405673e-01
 -4.33884002e-02  2.39796937e-02 -2.41110101e-02  4.24829405e-03
 -9.02605057e-02 -1.40669402e-02  1.99360261e-03 -6.93053082e-02
 -6.20345771e-02 -1.72464293e-04  1.92618892e-02  3.97576652e-02
  8.87923092e-02  4.84946780e-02 -4.33216766e-02  4.05337662e-02
 -4.71024476e-02 -1.11084960e-01 -9.74342402e-04 -5.22250173e-33
  5.03663942e-02 -1.28592066e-02  5.51819950e-02 -2.64975913e-02
 -2.39714067e-02  4.50691693e-02  3.27603407e-02  3.05816140e-02
 -2.46221945e-02  3.31480131e-02 -2.70804297e-02  6.99288175e-02
  1.51871918e-02  1.66875403e-02  8.02097619e-02  5.74875548e-02
 -3.37505937e-02  2.80530136e-02  2.60292180e-02  4.79341447e-02
  3.87354642e-02 -1.94679517e-02  4.29884046e-02  8.07578191e-02
  3.05643231e-02  2.77534928e-02 -6.19589426e-02 -2.51132939e-02
  6.24104254e-02 -2.74775922e-03  9.08477046e-03  2.43717805e-02
  5.98229878e-02 -1.34390280e-01 -4.67307307e-02  2.31193248e-02
 -1.24315936e-02 -3.82729769e-02  2.43758056e-02 -4.58289124e-02
 -4.55560721e-02 -6.08659647e-02  6.33116290e-02  1.90287512e-02
 -9.39525291e-02  5.82015179e-02  9.93160680e-02  7.63742700e-02
 -3.64551209e-02  9.98353213e-02 -9.95796453e-03  2.78992113e-03
 -9.07792225e-02 -8.70480463e-02 -6.07745126e-02 -2.24717539e-02
  2.17713304e-02  5.94222173e-03 -1.39134992e-02 -6.29654750e-02
  1.20688369e-02 -4.73140776e-02 -1.57868359e-02 -8.87429435e-03
 -4.03133221e-02  4.89534438e-02  4.17526476e-02  8.67263041e-03
  7.99259990e-02 -1.04623707e-02 -6.45513609e-02  2.89658271e-02
  7.33988211e-02  1.01468735e-03 -1.32086016e-02  4.13409211e-02
 -1.62052419e-02 -1.49026327e-02  2.47986205e-02  9.00832266e-02
 -1.94406379e-02  3.78712304e-02 -1.10041229e-02 -3.53224911e-02
  9.58841741e-02  1.04271226e-01 -1.04136663e-02 -2.13984656e-03
  3.98873724e-02  2.05124468e-02  3.26271605e-04 -4.03845794e-02
 -2.78880466e-02 -3.47940028e-02  1.45767471e-02  2.62075676e-33
 -8.35944489e-02  4.28940319e-02 -6.72588274e-02  5.32062948e-02
 -1.38197150e-02  4.50995332e-03  7.66755566e-02 -2.32175216e-02
 -4.15976951e-03  9.78875607e-02 -7.53218010e-02 -1.93160512e-02
  6.64541721e-02  5.58257997e-02 -7.29287788e-02 -4.51309308e-02
  1.17368679e-02 -2.87267286e-02  3.90636474e-02 -1.35356076e-02
 -3.54762599e-02  5.85725531e-02  5.86518534e-02  6.83710426e-02
  3.66547774e-03  4.84071709e-02 -8.77647325e-02  5.99095188e-02
 -8.57877508e-02  1.67867839e-02  6.12851493e-02 -4.33050375e-03
 -4.83639613e-02 -5.30845560e-02 -2.93237790e-02  4.75645624e-02
 -6.50030449e-02 -1.16644101e-02  7.01695168e-03  2.92474474e-03
  5.19376621e-02 -4.55015227e-02 -2.01098304e-02  3.68850268e-02
 -1.60224531e-02 -5.93953393e-02  4.80348244e-03 -8.35906249e-03
  8.59183744e-02 -1.97468791e-02  2.60566305e-02  7.81481806e-03
  4.76185940e-02  5.14945202e-02 -6.27433807e-02  6.13539889e-02
 -3.04683931e-02 -4.53302823e-02 -1.52417338e-02 -3.88229564e-02
  1.94593295e-02  2.69619860e-02 -4.12931554e-02  1.54845640e-01
 -3.14624794e-02 -5.40374517e-02  2.13916954e-02 -8.12464431e-02
  2.76549924e-02 -7.09067136e-02  3.97268906e-02 -4.92287092e-02
  7.78817907e-02 -9.18423980e-02 -3.09765898e-02  1.05045632e-01
 -1.90345850e-02  3.14098038e-02  5.71939796e-02  1.85457654e-02
 -4.68574017e-02 -6.99920952e-02  4.25457247e-02 -1.42599072e-03
 -7.89004713e-02 -8.13498199e-02 -3.84561755e-02 -3.98010500e-02
 -1.77716818e-02  9.57926456e-03 -9.25997421e-02  5.94084002e-02
 -2.25062314e-02  3.01788673e-02 -3.42041929e-03 -1.24634658e-08
  4.46072854e-02  2.24944931e-02 -4.88904826e-02 -1.03223948e-02
  9.22118407e-03 -6.51905462e-02  3.20389718e-02  1.40156291e-04
  4.36045639e-02  8.43356848e-02  2.48838170e-03 -4.05837782e-02
 -1.56026557e-02 -1.96672063e-02  7.09959911e-03  4.14790697e-02
  3.62551659e-02 -2.72128042e-02 -2.53245737e-02 -1.40057495e-02
  9.63745564e-02 -1.62845105e-02 -1.60664134e-02  3.18517610e-02
 -1.18373716e-02 -6.02545170e-03  2.23541353e-02  7.77272657e-02
 -1.22147826e-02  3.28991376e-02 -6.51157508e-03 -5.26874792e-03
 -4.10341732e-02 -3.03884633e-02  1.02242855e-02 -6.12844341e-02
 -5.76401176e-03  3.65436822e-02  2.01425087e-02 -3.22215110e-02
  2.91550271e-02 -4.71884198e-02 -6.14447817e-02 -7.18749091e-02
 -5.26615754e-02  1.40148010e-02 -1.56989545e-01 -4.46106717e-02
  3.18049715e-04 -1.21852748e-01  9.14095622e-03  2.08626781e-02
 -1.62241552e-02 -5.64600378e-02 -2.47502550e-02 -7.05685765e-02
  3.14836241e-02  1.55418701e-02 -7.83189386e-02 -2.36676969e-02
  7.49432445e-02 -9.93043706e-02  2.65384950e-02 -6.31218702e-02]"
409,Access to Finance,Social,expense,1,0.4428,"[-1.63565744e-02  1.22137539e-01 -2.57996563e-02  3.27599235e-02
  6.83242306e-02  1.40004624e-02  1.66929260e-01  7.60759460e-04
  2.43970901e-02  3.34730409e-02  4.63297591e-02 -5.17470390e-02
 -5.08533008e-02  1.05642397e-02 -9.97797549e-02 -7.50976577e-02
  3.29526626e-02 -1.19980704e-03 -7.73569420e-02  4.89019752e-02
 -1.59396175e-02 -1.36765861e-03  2.27577947e-02  4.96757068e-02
  2.71918550e-02  2.70599965e-02  1.46996500e-02  6.13175472e-03
  7.20709702e-03 -7.57102221e-02  2.06321813e-02 -4.27430943e-02
  1.42624564e-02 -4.23899032e-02  4.78102230e-02  4.64664288e-02
 -5.71578089e-03  2.42416412e-02  5.97849395e-03  2.25499924e-02
 -7.64634013e-02 -2.54862290e-02 -2.32539140e-02 -1.34546617e-02
  5.91235841e-03 -2.69560460e-02 -1.85616850e-03  2.02831738e-02
  1.25986533e-02  9.10045579e-02  6.37499318e-02 -4.78063943e-03
 -1.75113212e-02 -3.37936394e-02  1.79736875e-02 -3.10974903e-02
  2.50115357e-02 -4.80035096e-02 -3.43269184e-02 -4.56890762e-02
 -4.87143435e-02  1.90160461e-02 -4.99953665e-02  3.73783000e-02
  6.97859749e-02  4.70597483e-03  3.69818462e-03  4.24409546e-02
 -1.32664770e-01  1.60668492e-02 -5.36833704e-02 -1.48961898e-02
 -4.59607914e-02 -3.28484038e-03  4.21848111e-02  1.58316223e-03
  1.23638295e-01  4.52016965e-02  1.96552183e-02 -1.93706118e-02
  4.20274436e-02  3.36726382e-02 -1.93612352e-02  1.57692283e-02
  5.33955880e-02  8.54628440e-03  1.03627564e-02  6.62570354e-03
  1.98306795e-02 -1.75112411e-02  3.39863673e-02 -6.92313984e-02
  3.87494862e-02 -2.94147376e-02  1.68389063e-02  1.80219002e-02
  4.83108778e-03  1.94627605e-02 -8.06125998e-03  1.98196709e-01
  2.67550573e-02  3.62094380e-02  7.45547786e-02  1.26445084e-03
 -2.52007544e-02 -2.99397483e-02  5.35278283e-02  5.80843836e-02
  4.70068492e-02  1.10540800e-02 -3.19636837e-02 -3.84777300e-02
 -4.01170552e-02 -8.05440079e-03  5.39653264e-02  4.43705022e-02
 -6.22379370e-02 -1.50913897e-03  1.00429356e-01 -2.37406678e-02
  5.37673570e-03  1.94806512e-02 -8.19076225e-03 -8.18897411e-03
 -1.40974283e-01 -1.45608738e-01 -3.25344391e-02 -4.58602591e-33
 -2.56209541e-02 -2.07224861e-02 -1.28076319e-02 -3.59212942e-02
 -6.07440099e-02 -2.95109209e-02 -1.83222874e-03  1.37613937e-02
 -5.94907291e-02  2.28315704e-02  8.05824436e-03  1.00406803e-01
 -2.92734113e-02 -3.13319708e-03  9.25004482e-02  2.37428863e-02
  1.61549449e-02  1.50664866e-01  7.20424056e-02 -3.29120792e-02
 -2.79599484e-02 -3.71849686e-02  5.61105981e-02  1.59463584e-02
  1.43072475e-02 -3.47601995e-02  2.01945640e-02 -7.19791427e-02
  4.18083221e-02 -4.64510609e-04  3.01564392e-02  3.29763666e-02
  6.51572794e-02 -1.90885067e-02 -5.70510980e-03  1.47756916e-02
 -3.30419652e-02 -8.46527424e-03  2.12832410e-02 -4.02331613e-02
 -3.07414215e-02 -3.74483392e-02  6.73258351e-03 -4.03363141e-04
 -5.72063550e-02 -4.83943382e-03  1.39663965e-01 -1.64686388e-03
 -8.32640305e-02  2.63123307e-02 -4.88888547e-02 -4.10292782e-02
 -6.79416060e-02 -2.32733916e-02 -3.77232470e-02 -8.45339224e-02
  4.98535447e-02 -3.04846019e-02  2.54601259e-02 -7.09829181e-02
  3.19979750e-02  6.22442784e-03 -5.07050706e-03 -6.28247531e-03
 -4.62354794e-02 -4.69665565e-02  8.69558100e-03 -1.03714662e-02
  4.67853062e-02 -2.92222835e-02 -9.35008228e-02 -3.29899602e-02
  7.16703162e-02  3.46073247e-02  1.88855436e-02  7.09749386e-02
 -2.26736385e-02 -2.99675297e-02 -6.53950172e-03  3.87309231e-02
 -7.47596920e-02 -5.53179942e-02  1.05524752e-02  4.31521684e-02
  1.91366095e-02  1.78157929e-02  2.93569528e-02 -2.26296503e-02
 -2.24195775e-02  2.41286270e-02  1.67030829e-03  5.09674521e-03
 -4.21557091e-02 -5.60809523e-02  5.63131943e-02  3.09865968e-33
  2.54482329e-02  3.72876227e-02  4.10644114e-02 -8.73378292e-03
 -1.73228011e-02  8.45905673e-03 -2.20703594e-02 -6.42618835e-02
  1.45401922e-04  6.98277131e-02 -1.52567521e-01  1.72348600e-02
 -4.07529809e-02  1.07117267e-02  3.87516171e-02 -6.31802157e-02
  6.12586290e-02 -5.03634773e-02 -1.81386690e-03 -5.75728975e-02
 -4.78130504e-02  9.23388004e-02  9.47149694e-02 -7.19401166e-02
 -7.58740157e-02  6.27736002e-02 -3.36614884e-02 -7.84296915e-03
 -4.84051332e-02  3.55000794e-02 -2.47250721e-02 -1.87673848e-02
 -2.02075616e-02  4.96611968e-02 -6.25531524e-02  2.15245672e-02
 -2.23159995e-02  1.06947944e-01 -4.07849159e-03 -2.17887498e-02
  3.85074057e-02 -2.88848188e-02  5.31292297e-02  5.56307957e-02
  4.44942415e-02 -8.34125504e-02 -9.12485868e-02 -8.48962069e-02
  1.05040178e-01 -4.66191657e-02  7.53259228e-04 -2.52553690e-02
  6.12343429e-03  4.00832901e-03 -1.20761685e-01  8.35846588e-02
  1.59626398e-02 -4.00771312e-02  3.24736312e-02 -1.44320242e-02
  1.07626142e-02  7.65349716e-02 -1.07929194e-02  5.44561148e-02
 -9.19575915e-02  9.35977232e-03  4.72733229e-02 -8.37110654e-02
  2.45724581e-02  1.04822377e-02 -2.63196845e-02  4.48610354e-03
 -7.43426830e-02 -9.99499299e-03 -8.25341418e-03  8.78227577e-02
 -4.38300456e-04  1.81830097e-02  3.52115147e-02 -4.53571742e-03
  3.86100188e-02 -4.36400101e-02  5.37416199e-04 -3.64524536e-02
 -7.32007697e-02 -1.07413799e-01  1.01969540e-02 -3.10715437e-02
 -4.83687557e-02  1.83014050e-02 -2.81118173e-02  4.25008824e-03
 -3.49301449e-03  9.26390141e-02 -1.93841029e-02 -1.21413830e-08
 -5.70780365e-03  2.92445868e-02  8.53143632e-02  1.93981901e-02
 -7.51081016e-03 -1.28185093e-01  3.39011066e-02  1.39226839e-01
  1.66194662e-02  1.11576900e-01  2.11559236e-02 -2.97672488e-02
  1.25690801e-02  7.01404437e-02 -5.00777364e-02  2.27498058e-02
 -6.93194009e-03 -2.62068156e-02 -4.89056632e-02  1.85109396e-02
 -3.45810986e-05  8.91911145e-03 -1.20909242e-02  6.08715303e-02
  2.89238291e-03 -5.83644733e-02  1.96797755e-02  1.30579025e-01
  1.64106041e-02 -1.55909834e-02  5.30366674e-02  6.83815926e-02
  2.46365797e-02 -2.73051877e-02 -7.35626668e-02 -1.04315706e-01
 -8.12849328e-02  1.01146484e-02  1.34786181e-02  8.58510062e-02
  2.05497677e-03  3.46397806e-04  4.56634685e-02  1.14546455e-02
  3.14598419e-02  1.04331216e-02 -1.60954252e-01 -3.93029824e-02
 -7.70105422e-02 -3.06337755e-02 -8.84746946e-03  2.03623325e-02
  6.17743470e-02  2.82977838e-02 -1.12683754e-02  3.76186194e-03
  6.69868514e-02  3.57781909e-02 -5.97681552e-02  3.78981568e-02
  8.83718207e-02 -6.61034882e-02  2.66110338e-02 -5.52146211e-02]"
410,Access to Finance,Social,cash,2,0.4199,"[-7.13160038e-02  8.24405178e-02 -4.27188464e-02  1.61488894e-02
 -6.60521835e-02 -3.10544055e-02  2.24474072e-01  1.38423480e-02
  1.42433988e-02  2.47073881e-02  3.88397649e-02 -6.96110204e-02
 -5.53918295e-02 -1.44280586e-02  4.39447388e-02  4.49083978e-03
  4.67495210e-02 -1.43682854e-02 -3.26335728e-02  3.36571373e-02
 -3.05082127e-02 -5.30785099e-02  1.29298195e-02 -3.20115432e-05
  9.54600200e-02  4.31270711e-02 -2.50457954e-02  3.42718996e-02
 -1.33704571e-02 -8.05230439e-02  6.08737990e-02  4.70074750e-02
  8.41845572e-02 -3.64464521e-02 -2.08953694e-02 -4.34779469e-03
  4.59406078e-02  3.46425511e-02  1.25501910e-02  2.59080995e-02
 -8.31703767e-02 -8.82321820e-02 -2.41498165e-02 -6.62418231e-02
  3.88418957e-05 -7.88726509e-02  7.66873881e-02  8.00861493e-02
  4.23493497e-02  1.06467783e-01  1.28413513e-02 -8.66876449e-03
 -6.07902333e-02  6.32458776e-02  4.47013490e-02 -2.26652939e-02
  4.71528657e-02  4.44238298e-02  1.85184944e-02 -6.00644685e-02
  2.91815232e-02 -3.83716188e-02 -2.10683309e-02 -1.62708052e-02
  2.28678901e-02  2.13326607e-02 -3.56379859e-02  9.01823025e-03
 -4.06283513e-02 -5.09353913e-02  2.41423491e-02 -2.84043513e-02
 -2.07992233e-02 -6.73377141e-02  4.14040051e-02 -1.77479209e-03
  7.07575828e-02 -4.07887548e-02  7.53548071e-02 -4.20282483e-02
 -2.52507394e-03 -5.61910458e-02 -5.18135913e-02  1.32906623e-02
 -5.30876592e-03 -1.96699426e-02  2.06458140e-02 -2.58668587e-02
  1.32831242e-02 -1.25217196e-02 -2.57649161e-02 -5.72913513e-03
 -1.32172334e-03  6.64262380e-03 -5.09199277e-02  2.14335639e-02
  1.65190417e-02 -1.70842966e-03  2.28737406e-02  2.21455067e-01
  1.11125447e-01  7.66540393e-02 -2.12750062e-02 -5.14860600e-02
  6.29238412e-02  5.05492883e-03 -2.04854887e-02  9.22740437e-03
  1.99554600e-02 -2.38231085e-02 -6.84514046e-02  3.23091373e-02
 -3.80681492e-02  4.14951071e-02  2.57518655e-03  5.08979149e-02
 -4.35715802e-02  3.24645685e-03 -2.22729286e-03  2.93786693e-02
  6.80567026e-02  6.48682043e-02 -2.96090543e-02 -1.19524915e-02
 -8.32118168e-02 -6.96254671e-02 -1.99923329e-02 -4.35423458e-33
 -1.56225655e-02 -1.67695396e-02  3.69820669e-02  1.73537470e-02
  8.28809477e-03  4.45632115e-02 -9.38432664e-03  6.63254829e-03
 -5.28810285e-02  1.03029162e-01 -2.13884078e-02 -9.30851884e-03
  2.30122395e-02  5.46433218e-02  7.38384351e-02  8.40322673e-03
 -8.10681805e-02 -4.63795885e-02  6.65606931e-02  2.15573385e-02
 -7.49141946e-02  1.46613619e-03 -5.57773514e-03  7.05771148e-02
  3.00140101e-02  1.29693551e-02 -4.91689332e-03 -6.38644844e-02
  9.22116488e-02  1.00730974e-02 -5.29070646e-02  5.02135865e-02
  3.98373790e-02 -3.75210755e-02 -3.22485007e-02  3.15535581e-03
  1.02435891e-02 -6.24084622e-02  2.77712941e-02 -7.40887374e-02
 -1.53299626e-02  2.53322572e-02 -6.27057767e-03  1.96356680e-02
 -2.89721861e-02  7.01476932e-02  7.23122433e-02 -9.31836606e-04
 -3.65558118e-02  4.43488285e-02 -8.95017665e-03  3.75686400e-02
 -1.20850354e-01 -4.90234420e-03 -8.02029520e-02 -9.47974697e-02
  4.73436676e-02 -1.39038265e-02 -5.77679984e-02 -4.54771332e-02
  3.59374769e-02  3.75558599e-03 -1.31378826e-02  2.06306949e-02
 -1.30582601e-01  5.94209544e-02  7.45327771e-02  3.86055163e-03
  2.46543791e-02 -8.42742436e-03 -4.92517427e-02  9.51060932e-03
  8.21377486e-02  2.79316399e-02  2.27169562e-02  2.76678465e-02
  2.72416286e-02 -1.73445009e-02 -1.43049499e-02  2.37281583e-02
 -5.30735366e-02 -4.44949837e-03  5.69844395e-02  6.04516193e-02
  2.80411951e-02  5.45794368e-02 -5.24389595e-02 -1.00159630e-01
  5.62357530e-02  2.66940258e-02 -6.53690249e-02 -2.51726788e-02
  4.87077832e-02 -1.84865091e-02  4.43655998e-03  3.11129404e-33
 -3.61012928e-02 -7.01177306e-03 -3.98158431e-02  9.89048854e-02
  3.38975224e-03  4.25456353e-02  6.41266480e-02  8.95093754e-03
  8.33495557e-02  3.52754146e-02 -8.94755051e-02 -5.66003807e-02
  6.47403747e-02  6.15383275e-02  5.89463599e-02 -6.09998368e-02
 -7.42465910e-03 -1.59460399e-02  2.73071397e-02  1.44203398e-02
 -1.21131132e-03 -1.74390934e-02  4.90462966e-02  3.44727524e-02
  4.35054116e-03  5.97775169e-02 -1.01893462e-01 -1.24086579e-02
 -3.51304337e-02  2.06774250e-02  5.73088750e-02 -2.34452952e-02
 -1.57216620e-02 -6.87914491e-02 -6.17769137e-02 -9.37447790e-03
  6.58846051e-02 -1.71927903e-02 -4.23078313e-02  2.09932122e-02
  1.38562769e-02 -4.82877567e-02  3.63631323e-02  8.45486596e-02
 -5.11060283e-02 -4.73865978e-02 -3.74909118e-02  1.48873283e-02
  2.73479111e-02  3.05684898e-02 -2.09538336e-03 -1.86939705e-02
  1.95661467e-02  4.36780341e-02 -7.56600872e-02  9.06084627e-02
 -3.22767533e-02 -5.24093397e-02  2.91015282e-02  3.61109823e-02
 -3.56584936e-02  2.47987080e-02 -2.74081491e-02  1.07662290e-01
 -4.31536585e-02  1.53837577e-02 -2.07569022e-02 -2.11773682e-02
 -5.14292121e-02  2.34123431e-02  2.64201052e-02  4.11106534e-02
  5.06251305e-02  2.31606402e-02 -2.90035307e-02  1.19621761e-01
 -7.56110474e-02  7.27006060e-04  4.56680208e-02 -5.35059907e-02
 -5.63706532e-02 -9.27909911e-02  2.35674009e-02 -1.97424483e-03
 -5.77011984e-03 -5.43210283e-03 -5.05059138e-02 -7.81494752e-02
 -5.34414239e-02 -6.75384477e-02 -1.75920278e-02 -2.55405772e-02
 -8.44338443e-03 -4.01612148e-02 -5.36693558e-02 -1.21425510e-08
 -2.13674251e-02  1.70456583e-03  5.84913092e-03 -5.82836680e-02
  7.49835670e-02  2.34931067e-04  1.09022679e-02  7.23996237e-02
 -2.41100183e-03  5.95988706e-02  8.54036510e-02  8.20450336e-02
 -6.10169023e-02 -3.69846225e-02 -2.22873222e-02 -1.84943583e-02
 -2.00234167e-02 -6.60603568e-02 -2.41573295e-03  9.42515954e-03
  5.09339869e-02 -8.40217154e-03 -4.33396548e-02  1.56914035e-03
 -1.92829631e-02 -3.91890593e-02  9.84642282e-02  2.18940690e-01
  5.97727075e-02  4.50844653e-02 -3.77089307e-02  1.19106779e-02
 -3.29128318e-02 -3.96890417e-02  2.95845214e-02 -1.02057129e-01
  4.02886644e-02 -1.50634944e-02  8.10255203e-03  2.41263788e-02
  3.96841718e-03 -8.37906450e-02 -7.62524679e-02 -1.05565466e-01
  8.10396671e-03  1.24418652e-02 -1.17256626e-01 -1.44905550e-03
 -5.53783355e-03 -5.80858514e-02 -3.74447331e-02  2.59531382e-02
  5.29500134e-02 -2.52415463e-02  4.89112101e-02 -5.11211678e-02
 -1.46678668e-02  6.89002723e-02 -2.28407290e-02 -1.01774381e-02
  6.89346120e-02 -1.00740932e-01  2.74579111e-03 -1.77183487e-02]"
411,Access to Finance,Social,earnings,1,0.4098,"[ 6.02241140e-04  1.02761276e-01 -2.40628812e-02  4.83977981e-02
 -4.97361273e-02 -4.64047818e-03  9.21857953e-02  6.14578975e-03
  5.39921001e-02 -2.29924684e-03  2.46901717e-02 -1.93941891e-02
 -4.38347571e-02 -7.53181241e-03 -8.85474980e-02 -4.51482693e-03
  1.91090722e-02  1.28402011e-02 -9.19795595e-03 -2.04787636e-03
 -4.96970750e-02 -3.60682979e-02  1.61994360e-02 -3.58103998e-02
  1.56470358e-01 -2.61422228e-02  3.46406107e-03  1.01632290e-01
  3.67169604e-02 -5.88401370e-02 -8.55289251e-02 -5.12389317e-02
  1.29839957e-01  1.95470476e-03 -4.55173887e-02 -5.64967468e-02
 -8.25420301e-03  2.98956297e-02 -3.43188364e-03  4.63006198e-02
 -2.39083543e-02 -5.09684086e-02 -3.13201062e-02 -8.09339583e-02
 -7.81446174e-02 -4.51851413e-02  4.94755544e-02  1.12055369e-01
  1.53374346e-02  1.38369709e-01  1.61753986e-02  5.91050647e-03
  2.46339329e-02  4.07425035e-03  3.01271621e-02 -3.39420256e-03
 -6.76500658e-03 -3.25454473e-02  2.82842610e-02 -4.73930920e-03
 -4.21724021e-02  3.41574550e-02 -6.06031455e-02  9.27955210e-02
  1.50311321e-01 -5.15905768e-02 -2.29438879e-02  5.27583733e-02
 -1.10957332e-01 -4.35698703e-02  1.33582596e-02 -6.14458881e-02
 -5.95289394e-02 -4.17824760e-02 -3.20929848e-03 -2.82140970e-02
  3.10764518e-02 -9.29353293e-03 -2.47915424e-02 -1.83765553e-02
 -1.17764913e-03 -3.77887189e-02 -5.97121008e-02  1.37526989e-02
  1.85605790e-02 -1.32711381e-02  1.05346948e-01  7.19525740e-02
  4.00074869e-02  2.36834195e-02 -1.01129692e-02 -2.82913279e-02
  5.60555086e-02 -3.21530811e-02 -4.84780557e-02  9.10598040e-03
 -5.21363765e-02 -7.57156163e-02  2.19590347e-02  1.86363935e-01
  2.63861008e-02  1.72430314e-02 -3.31273116e-02 -3.85572538e-02
 -3.90547961e-02 -5.45734242e-02  5.66950925e-02  4.80419695e-02
 -3.06483060e-02 -7.53893331e-03  6.13821158e-03  1.48988562e-02
 -5.27669117e-02 -3.68518122e-02 -8.51651561e-03 -1.21835396e-02
 -6.15889579e-02  6.07215874e-02  5.21225519e-02 -3.46713625e-02
  7.74984211e-02  3.55860479e-02 -4.29418497e-02  2.28175279e-02
 -9.06615406e-02 -5.84083758e-02 -4.30208892e-02 -5.29500292e-33
  4.06726785e-02 -2.71220002e-02  3.30126956e-02 -1.24119327e-03
 -8.96796491e-03  7.73428380e-03 -1.63433962e-02 -2.54449621e-02
  2.90099457e-02  1.53411767e-02 -5.83014451e-02  3.17888334e-02
  4.97038290e-02 -4.69421409e-02  5.07040136e-02  5.05076014e-02
  2.45041456e-02  6.50708526e-02  4.26813066e-02  6.00814074e-02
  4.29406669e-03 -7.08044991e-02  3.51983905e-02  5.67823835e-02
  7.36674145e-02  2.48954948e-02 -8.48715827e-02 -2.38633286e-02
 -6.41549155e-02  8.29888694e-03  6.71876371e-02  9.12735332e-03
  6.49834797e-02 -5.08511104e-02 -5.33170402e-02 -4.58048582e-02
 -4.22991160e-03  3.19147436e-03  9.76562798e-02  2.02166419e-02
 -4.72289249e-02 -5.60890548e-02 -2.81571858e-02 -8.13724399e-02
 -9.72956792e-02  8.98429155e-02  6.21327981e-02  3.68057117e-02
  1.54851675e-02  6.20699078e-02 -7.33459042e-03  8.95219296e-03
 -6.59216493e-02 -5.34485579e-02  3.89680155e-02 -1.59654282e-02
  4.38940478e-03 -1.88526195e-02 -4.20814892e-03 -3.61772925e-02
  1.70235205e-02  1.28751904e-01  5.14701530e-02 -3.71768326e-02
 -1.22962922e-01  8.87002498e-02  2.75626536e-02  4.14953269e-02
  6.30505458e-02  3.98042277e-02 -1.16127156e-01 -1.70494206e-02
  5.70462085e-02  2.14182120e-03  3.20900977e-02  5.94224036e-03
 -7.64322048e-03 -3.86425108e-02  1.20017715e-01  1.04287632e-01
 -1.54337002e-04  4.64116484e-02  2.26289220e-02 -2.80710105e-02
  7.46363327e-02  9.72554460e-02 -8.91243108e-03  4.90910038e-02
  8.36697146e-02  6.23085499e-02  1.18592009e-02 -5.87814227e-02
 -1.65932551e-02  2.38201227e-02 -4.57122065e-02  2.92279452e-33
 -5.54651991e-02  6.73860535e-02 -3.85976210e-02 -4.48025875e-02
 -9.89639089e-02 -1.41479084e-02  8.25164542e-02  1.91399008e-02
  1.77560449e-02  1.03383012e-01 -2.09832960e-03  3.95006537e-02
 -2.72872467e-02  1.39378812e-02 -1.98938381e-02 -5.51447868e-02
  8.26774538e-02 -5.59469052e-02  2.83105648e-03 -2.60125902e-02
  2.48360317e-02  4.91396077e-02  7.63722062e-02  2.91937590e-02
  4.25522961e-02  8.13313574e-03  8.41275416e-03  6.40964694e-03
 -2.84362268e-02  9.25896876e-03  4.30902615e-02 -5.15789054e-02
  1.49587747e-02  3.94176133e-02 -7.43719924e-04 -2.06655581e-02
  3.10797170e-02 -4.88205180e-02  2.65840348e-02 -5.89956455e-02
  6.78554550e-02 -6.29001036e-02  1.85585786e-02  7.43223652e-02
  2.43737996e-02 -4.86311130e-02  9.53095593e-03  2.56045107e-02
  7.25258291e-02 -2.29523499e-02 -4.20800596e-02 -1.33143859e-02
 -1.56811171e-03  5.68069555e-02 -1.02017961e-01  4.83316109e-02
 -3.65051553e-02 -3.35493684e-02 -1.72230247e-02  7.63277570e-03
 -4.71730419e-02  4.66363616e-02  2.73882225e-02  1.49682730e-01
 -5.07912524e-02 -2.17274274e-03  1.29558155e-02 -3.31865549e-02
  2.42494456e-02 -7.67734274e-02  5.79653122e-02 -4.09451984e-02
  2.00712290e-02 -7.46045336e-02 -1.68556608e-02  1.27492428e-01
  8.05009273e-04 -5.12847714e-02  8.55133054e-04  3.36118639e-02
 -3.85327600e-02  1.27532147e-02  1.18486108e-02  1.02032367e-02
 -5.42423576e-02  1.75805371e-02 -2.21883074e-05 -2.20933245e-04
  1.38953468e-02 -3.57709154e-02 -6.51145726e-02 -6.70899544e-03
 -4.48643193e-02 -9.61235818e-03  1.09888874e-02 -1.22343842e-08
 -7.75734242e-03 -1.34470668e-02  4.13710587e-02 -4.96544652e-02
  4.37510498e-02 -7.86691681e-02  1.63854957e-02 -5.91409504e-02
  1.82350911e-02  4.66188453e-02 -3.27589549e-02 -1.72431730e-02
 -9.97758806e-02 -1.37253869e-02 -4.05924357e-02 -3.41602811e-03
 -5.25772572e-02  4.18553054e-02 -2.11929474e-02 -9.38241109e-02
  6.59234151e-02 -1.14084093e-03  3.12678851e-02  3.36768129e-03
 -3.70647237e-02 -3.33634056e-02 -2.74324678e-02  3.30494046e-02
 -4.71199583e-03 -3.78722139e-02  1.99231170e-02  1.92060135e-02
 -7.30231591e-03  1.25022614e-02  2.62737144e-02 -5.10177873e-02
  5.48630282e-02  2.61450820e-02  2.71579716e-02 -1.75352804e-02
 -1.47206578e-02 -6.09038286e-02  2.47330554e-02 -2.72741797e-03
 -6.93858787e-02  6.28933031e-03 -7.34974965e-02 -1.81200150e-02
 -3.40805501e-02 -1.41508460e-01  5.85985072e-02 -2.05341820e-03
  3.19356024e-02 -1.90904941e-02  9.91857424e-03 -3.41498405e-02
 -3.19876894e-02 -1.71077941e-02 -9.85768363e-02 -4.88822199e-02
  8.13417435e-02 -1.18404225e-01  2.62189619e-02 -4.31752317e-02]"
412,Access to Finance,Social,economy,2,0.4025,"[-3.20174657e-02  4.58573885e-02 -6.58578277e-02  2.80930661e-02
  6.37050271e-02  1.82745755e-02  8.78482908e-02 -4.82337028e-02
 -2.43608970e-02 -3.16795185e-02  3.56442779e-02 -2.03166660e-02
 -1.95266549e-02 -3.16317491e-02 -1.16060199e-02 -6.87182648e-04
 -3.09956484e-02 -5.95938750e-02 -8.17503408e-02 -3.32517512e-02
 -4.33762185e-02  4.57852054e-03 -2.84693390e-02 -3.26325782e-02
 -2.29248665e-02  6.38511851e-02 -2.47567482e-02  3.29201892e-02
 -2.40525939e-02 -1.01461165e-01 -2.62509882e-02  5.69949858e-02
  9.72543061e-02  1.52395647e-02 -2.01478302e-02  1.19772581e-02
  7.52224997e-02 -4.48249700e-03  3.89562435e-02 -2.53562629e-02
 -1.42526440e-02 -8.47115964e-02 -4.02645096e-02 -3.70153151e-02
  2.25848164e-02 -2.00036988e-02  4.15486842e-02  2.97849495e-02
  5.94760478e-02  5.91947585e-02  1.71841886e-02  4.40252200e-02
 -2.46755462e-02 -1.88149847e-02  3.42240222e-02  4.02570553e-02
 -2.08445489e-02 -5.76315820e-02  5.16649988e-03 -3.62905562e-02
  5.88152334e-02 -3.96554880e-02 -2.75276043e-02  1.24350470e-03
  1.41401112e-01 -3.59249450e-02 -5.95518798e-02  5.58521487e-02
 -1.64783716e-01  3.85884428e-03  5.05775623e-02 -9.81284529e-02
 -8.96998569e-02 -6.80130944e-02  1.68780629e-02 -6.75704926e-02
  4.53489199e-02  2.64761653e-02  4.67968248e-02 -3.41955014e-02
  7.98320323e-02 -6.79150373e-02 -1.10668108e-01 -3.90193821e-03
 -3.44474725e-02 -7.94118177e-03 -1.45566678e-02 -2.24277247e-02
  6.92863911e-02  5.80910454e-03 -1.04963016e-02 -3.54559980e-02
  3.73907224e-03  1.46874497e-02 -1.40674319e-02  4.06034477e-02
  1.22891022e-02 -3.64217311e-02  1.45679228e-02  2.57325858e-01
  6.09082021e-02  2.08994728e-02  6.15313500e-02  3.92584167e-02
 -5.47587462e-02 -8.59558582e-02 -2.35904269e-02  1.26156852e-01
  6.17103325e-03 -4.47431440e-03 -3.51380259e-02 -9.15644784e-03
 -3.43183242e-02  4.19592559e-02  3.73332016e-03 -2.06753090e-02
  5.45232035e-02 -4.47358191e-02  1.61934178e-02  5.83370849e-02
  1.39273554e-02  5.39132692e-02 -4.31928299e-02  3.54912318e-02
 -7.35832676e-02 -7.46397749e-02 -4.87976298e-02 -5.10947905e-33
 -4.00522910e-02 -6.00198135e-02  7.40105473e-03 -4.74608950e-02
 -8.39407668e-02  7.02858269e-02 -3.64100225e-02 -1.74625013e-02
 -4.79914024e-02  5.77602945e-02 -6.34219646e-02  6.82829693e-02
  2.62491629e-02  9.10056680e-02  1.36999190e-01  2.26088986e-02
 -1.01573579e-01  4.91397679e-02  7.29731470e-02  1.24103855e-02
  4.49734274e-03  1.01293679e-02  2.12130919e-02  1.58505868e-02
 -1.30168376e-02 -3.12223826e-02 -1.45247271e-02 -9.64501221e-03
  1.02491073e-01  1.91956982e-02  6.32545948e-02  6.42480627e-02
 -1.54605154e-02 -4.60917689e-02 -9.22018364e-02 -3.08435597e-02
  2.84205899e-02 -2.71326844e-02 -2.38028746e-02 -4.98752780e-02
 -9.43662822e-02  2.52976501e-03 -5.30481227e-02  4.12705131e-02
 -7.18646403e-03  2.57949028e-02  1.07576638e-01  2.41674203e-02
  4.05745916e-02  4.81609777e-02 -3.01118325e-02  1.68764521e-03
 -3.82584557e-02 -1.06931120e-01 -3.56334541e-03 -3.71516570e-02
 -4.11147289e-02  1.18356235e-02 -7.44770467e-03 -7.38587901e-02
  2.19352711e-02  2.11242791e-02 -1.42274415e-02 -1.11721270e-02
 -2.41065063e-02  8.20308700e-02  2.40692422e-02  6.85146824e-03
  1.23103037e-02  1.50293503e-02 -2.09853854e-02 -1.11295190e-02
  9.14338753e-02  4.17082794e-02  3.16469260e-02  1.27507344e-01
  1.21571012e-02  2.71597896e-02 -7.21539408e-02 -1.30386250e-02
 -3.87668572e-02  9.82614607e-03  3.83518189e-02 -1.50464205e-02
  6.75391555e-02  2.98569743e-02 -7.96024501e-03 -7.42431283e-02
  7.34283626e-02  2.81671397e-02 -1.33600280e-01  2.31874231e-02
  9.83738527e-03  5.09371273e-02  5.79223447e-02  2.61124223e-33
  2.51431693e-03  5.10834903e-02 -9.08710510e-02  6.07080832e-02
 -2.85892263e-02 -6.21447433e-03  3.20991911e-02 -3.14476565e-02
 -4.76066694e-02  1.56487245e-02 -1.18444048e-01  6.68003969e-03
  1.01198226e-01  6.94171339e-02  1.01883942e-02 -5.17054275e-02
  4.80163693e-02 -2.13287454e-02 -3.19482386e-02 -1.66233676e-03
 -5.49612269e-02 -2.23513246e-02  2.22467054e-02  1.95843671e-02
 -1.77861266e-02  7.36811608e-02 -1.11893572e-01 -6.05108403e-02
 -3.90969403e-02 -2.76438938e-03  1.07882358e-02 -5.45641547e-03
  1.65545382e-02  3.24208327e-02 -4.17313948e-02  5.90431280e-02
 -6.58182129e-02 -4.43508402e-02  1.29843857e-02  2.34846883e-02
  4.71139550e-02 -4.12917472e-02 -2.63265595e-02  1.27448782e-01
 -2.30564475e-02 -5.16549088e-02 -7.90376123e-03 -7.79134745e-04
  6.80325106e-02 -2.95377914e-02  4.32480127e-02  8.38918537e-02
 -1.46642802e-02 -4.89266478e-02 -5.43924235e-02  4.84086685e-02
  3.04616690e-02  2.30012904e-03 -6.72152415e-02  1.56981796e-02
 -3.30874920e-02  5.15479781e-02 -1.95379350e-02  7.31060803e-02
 -1.52770132e-02  3.13377157e-02  1.88878234e-02 -3.84519584e-02
  6.10409454e-02 -4.01815549e-02  4.31713015e-02  2.25908794e-02
 -7.63884485e-02  7.64832646e-02 -4.07392271e-02  8.32731947e-02
  2.98917964e-02  1.67196617e-02  5.83953261e-02  1.73594784e-02
 -6.24462701e-02 -6.18742444e-02  3.89788449e-02 -3.99653874e-02
 -1.01433568e-01 -2.82991584e-02 -1.32817812e-02 -2.84549966e-02
 -3.41236889e-02 -5.90770952e-02 -9.09244120e-02  9.30898543e-03
 -1.04575204e-02 -3.65703623e-03 -2.77768373e-02 -1.36177158e-08
  3.23325233e-03 -4.29558009e-02  5.52334003e-02  3.38146649e-02
 -5.20599522e-02 -1.26459785e-02  5.38734943e-02  6.56621605e-02
  7.07938522e-02  8.20101425e-02 -2.40276195e-02  3.73843536e-02
 -4.05255482e-02  6.75510466e-02 -2.32273117e-02  2.35411879e-02
 -2.92227603e-02  1.09676830e-02 -3.38245630e-02 -3.85010317e-02
  5.78410476e-02  3.90357263e-02  2.31518019e-02 -6.25197776e-04
 -5.79600409e-03 -5.27993962e-03  4.41738553e-02  3.74698602e-02
 -4.61821735e-04  1.67978816e-02 -1.71851572e-02  3.88537906e-02
 -6.21934608e-03 -6.44241124e-02 -3.96631658e-02 -2.97861863e-02
  2.09709406e-02  6.72344025e-03  3.68517861e-02 -9.02442336e-02
 -4.25658235e-03 -1.96059793e-02 -1.90536194e-02 -7.57817179e-02
  5.89310899e-02 -3.27941664e-02 -4.27922159e-02 -5.87553643e-02
  4.37370986e-02 -4.35824692e-02 -3.40202115e-02  1.71199758e-02
  4.84099202e-02  4.76504676e-03  4.94157150e-02 -7.37389252e-02
  1.36796581e-02 -1.28145022e-02 -9.98910740e-02  4.29379530e-02
  8.43494162e-02 -4.01008204e-02  5.55465110e-02 -3.06441560e-02]"
413,Access to Finance,Social,earn,7,0.391,"[-7.42073804e-02  6.92662671e-02 -9.19349864e-03  1.86214410e-02
 -4.09547649e-02 -1.78381484e-02  1.19604714e-01 -2.76491437e-02
  5.77269122e-03 -3.38998158e-03  7.14643393e-03 -1.17483333e-01
 -3.62963304e-02  5.03811724e-02 -4.57669534e-02  5.30257300e-02
 -3.30027342e-02  5.92290014e-02 -4.02789898e-02 -1.10553160e-01
 -2.14574505e-02 -4.67503928e-02 -5.52308857e-02 -3.46283801e-02
  1.17573403e-01  9.15383082e-03  1.15018582e-03  8.06070939e-02
  6.17220961e-02 -4.06703725e-02  1.72535293e-02  1.79883577e-02
  1.07458107e-01 -3.54032777e-02 -3.67780179e-02 -2.71389186e-02
 -1.28384354e-02  5.53668328e-02  1.13776606e-03  1.94452330e-02
 -8.97270069e-03 -9.53214765e-02 -5.83742512e-03 -7.84825254e-03
 -3.10555287e-02 -7.56289624e-03  6.23739325e-02  4.30454351e-02
  3.76106985e-02  5.55579877e-03  1.56516470e-02 -2.92235613e-02
 -1.32334176e-02  1.53930541e-02  2.62368441e-04  2.33992152e-02
  1.69755965e-02  8.00508482e-04  3.82631645e-02 -3.44459713e-02
 -2.32871715e-02 -9.54291876e-03 -4.26222011e-03  3.76667567e-02
  5.93805760e-02 -9.49342102e-02 -6.40486702e-02  4.65282947e-02
 -1.33820117e-01 -8.24825559e-03  4.23417501e-02 -4.29652780e-02
 -3.54700498e-02 -3.90282646e-02  7.46982470e-02  1.11378543e-02
  6.32505268e-02 -2.37587895e-02  4.64454591e-02 -4.57594497e-03
 -7.12696686e-02 -1.97655428e-02 -7.23866820e-02 -6.69356994e-03
 -4.51679416e-02  2.85001807e-02  3.92330475e-02  8.63448605e-02
  1.36648908e-01  1.19272610e-02  1.36443693e-02 -2.00067628e-02
 -2.07724441e-02 -5.24249743e-04 -1.62857193e-02 -5.15814759e-02
  9.74334590e-03 -1.54339271e-02 -5.67507073e-02  2.59536177e-01
  5.99196702e-02 -3.27023066e-04 -4.99450043e-02 -3.06854374e-03
  1.77024808e-02  1.87996600e-03  2.98364405e-02  8.63606706e-02
 -1.54049592e-02 -2.62924619e-02 -3.89467366e-02  4.89752218e-02
 -3.10371779e-02  4.21157889e-02 -1.25002805e-02  4.67688218e-02
 -5.91486655e-02  1.32180629e-02 -1.11324666e-02  4.64081801e-02
  3.46921533e-02  5.97740263e-02 -4.18930314e-02 -1.51685730e-03
 -4.88202013e-02 -1.64416641e-01  4.49588001e-02 -6.28540797e-33
  6.34704381e-02 -4.84709665e-02  6.78248778e-02  5.76822311e-02
  4.06833657e-04  2.46380246e-03  1.02898870e-02  5.38964048e-02
  1.17193982e-02  4.18739468e-02 -2.18581241e-02  6.83226362e-02
  2.48800963e-02  1.76738054e-02  5.13395332e-02  1.71001591e-02
  4.14313488e-02 -3.36574316e-02  4.88433726e-02  3.27939652e-02
  5.40245026e-02 -2.25190148e-02  1.57079231e-02  4.46858704e-02
  2.55611092e-02 -1.34561965e-02 -2.98800357e-02 -5.50201721e-02
  5.87023310e-02  1.19531667e-02  5.07603288e-02  1.48009323e-02
 -2.45879162e-02 -5.42547107e-02 -8.39892104e-02  4.27389294e-02
  1.40078766e-02 -3.90745476e-02  6.35870695e-02 -4.98291068e-02
 -5.66272885e-02 -6.87034056e-02  1.53631419e-02 -5.39483540e-02
 -7.24557415e-02  7.47835189e-02  8.39018747e-02  1.74670815e-02
  2.31106412e-02  1.21726088e-01 -3.07325069e-02 -2.06310265e-02
 -7.10101575e-02 -7.14892298e-02 -5.57145812e-02 -2.12972630e-02
 -2.11390760e-03  2.15421636e-02 -6.96771080e-03 -3.89545038e-02
 -2.00497825e-03 -5.53471153e-04 -1.39879668e-02  5.72132580e-02
 -9.31778476e-02  4.33869250e-02  3.00408639e-02 -1.35461497e-03
  9.01255459e-02  1.43970158e-02 -4.87045161e-02  3.80741693e-02
  4.63926159e-02 -7.51773943e-04  2.45642141e-02  6.98365783e-03
  8.30655638e-03 -3.31205428e-02  2.17452012e-02  6.95690289e-02
  1.67932641e-02  4.35767658e-02  1.52833620e-02 -5.68960160e-02
  1.88314125e-01  1.03876755e-01 -2.73397053e-03 -5.13222739e-02
  1.07746191e-01  2.23490596e-02 -3.82249132e-02 -4.44234014e-02
  3.29742692e-02  1.51742687e-02 -3.32882702e-02  4.71188351e-33
 -3.00045721e-02  3.86006311e-02 -7.78575391e-02  2.13794950e-02
  3.23692337e-02  2.44364515e-02  4.41225544e-02 -7.55915744e-03
 -1.12644732e-02  1.64514631e-01 -5.53289466e-02  2.66155843e-02
  3.85268740e-02  2.04176288e-02 -9.65883490e-03 -9.68844891e-02
  3.33852246e-02 -1.69659723e-02 -1.67110041e-02  6.16763942e-02
 -4.95786928e-02  2.14117598e-02 -1.64363347e-02  5.40997945e-02
  4.38826010e-02  3.59086692e-02  8.03852454e-03  5.81957251e-02
 -8.20893198e-02  3.26611511e-02  4.85622883e-03  3.54190990e-02
 -8.70803148e-02 -5.93337193e-02 -3.09963860e-02  6.15138793e-03
  2.17128396e-02 -7.99164269e-03  3.12563498e-03  1.10789416e-02
  5.80240525e-02 -3.73569056e-02  3.27980146e-02  4.05622050e-02
 -4.96778116e-02 -8.04134831e-02  6.69509694e-02 -4.76726703e-02
  5.72975241e-02 -2.09354870e-02  1.60944369e-02 -1.85553655e-02
  6.68582972e-04  1.96773894e-02 -2.95927562e-02  2.01446638e-02
 -3.94946039e-02 -4.05416079e-02 -3.25199738e-02  5.83332181e-02
 -5.59627414e-02  4.26318608e-02 -4.54689711e-02  1.32078111e-01
 -3.16119641e-02 -2.96944119e-02  3.98719758e-02 -2.10963972e-02
  3.07596866e-02 -3.32696401e-02  2.69312579e-02  4.31370363e-02
  2.11034194e-02 -4.95119952e-02 -2.33690776e-02  1.11617535e-01
 -3.39424312e-02  7.62500893e-03  1.61725711e-02  1.49320690e-02
  2.76559382e-03 -2.89254151e-02  7.31317624e-02  4.44483645e-02
 -2.53469609e-02 -3.28816026e-02  3.46215069e-02  1.10820699e-02
 -1.28088044e-02 -9.46659148e-02 -7.52437264e-02  2.81110983e-02
  2.10482255e-02 -1.72396004e-02  1.43844029e-02 -1.37806806e-08
  5.62519394e-03  1.58478208e-02 -3.59834693e-02 -4.13207188e-02
  4.33278910e-04 -6.73455298e-02  3.18516023e-03 -3.10341120e-02
  3.99225503e-02  1.88970119e-02 -2.47435458e-02 -5.52212633e-02
 -1.87194757e-02 -3.92917171e-03  1.41808158e-02  4.20694426e-02
  6.01953305e-02 -2.22941842e-02 -2.36581247e-02 -4.33069021e-02
  7.74812549e-02 -6.40592398e-03  3.96694802e-02  1.22872666e-02
 -7.62403533e-02 -1.47097176e-02 -3.07986196e-02  8.46959502e-02
  3.88059467e-02  1.04856966e-02  1.87550783e-02  2.53880154e-02
 -4.98231538e-02 -4.15303111e-02  3.87002341e-02 -6.68133050e-02
  4.45321612e-02 -7.67896418e-03 -2.73968745e-02  3.82947139e-02
 -4.37706448e-02 -5.34127168e-02  2.91013923e-02 -9.57012400e-02
 -5.89138307e-02  7.41126835e-02 -1.44475594e-01 -2.52723061e-02
 -2.13820767e-02 -1.38496339e-01  2.02507768e-02 -4.75136843e-03
  3.79575416e-02 -6.21483922e-02  2.44668834e-02 -7.83241615e-02
 -2.29524486e-02 -4.43238812e-03 -6.50891885e-02  2.58978419e-02
  3.75415012e-02 -1.11209095e-01 -2.14415155e-02 -4.47015315e-02]"
414,Access to Finance,Social,business,5,0.3812,"[-6.72328845e-03  5.95008731e-02 -3.12834457e-02 -1.46559514e-02
 -9.14382264e-02 -1.31095815e-02  1.14547506e-01  5.72272856e-03
  5.11534102e-02 -5.07223271e-02 -9.78785611e-05  3.20675946e-03
 -2.00384595e-02 -1.96989495e-02  4.88182623e-03 -3.88164669e-02
 -1.88203622e-02 -3.03307027e-02 -9.81239900e-02 -4.50929590e-02
 -1.13528930e-01  2.11118199e-02 -7.11427480e-02  1.19624976e-02
 -2.54580490e-02  6.51033372e-02 -2.01934148e-02  2.70911288e-02
  2.46974360e-02 -1.15710869e-01 -6.60479162e-03  4.44966964e-02
  1.04822583e-01  2.31086556e-02  5.38772764e-03  1.97690092e-02
 -4.89035482e-03 -3.28214057e-02  9.61310938e-02  1.42211253e-02
  8.04580189e-03 -9.45822820e-02 -9.43628997e-02 -2.69667339e-02
  1.24407895e-02  8.23658425e-03  3.05997636e-02  1.95940807e-02
  6.66870475e-02  3.83578241e-02 -4.17516716e-02 -1.10838041e-02
 -2.62214355e-02  3.54201272e-02  6.33814139e-03 -3.23167699e-03
 -6.00727051e-02  1.70497305e-03  1.11178984e-03 -6.11388050e-02
  8.43082815e-02 -5.23603102e-03  5.34569612e-03  2.75304466e-02
  5.31865060e-02  4.37809154e-02 -6.42373264e-02  7.15777129e-02
 -1.18367940e-01 -4.46073636e-02  8.37187245e-02 -5.19884117e-02
 -7.00210929e-02  5.18757477e-02  4.05245088e-02 -7.76389167e-02
  5.79783469e-02 -2.99022812e-03  5.68272024e-02 -2.01509651e-02
  3.84919122e-02  1.29799927e-02 -9.68651548e-02  6.29304126e-02
 -7.47640058e-02 -3.63083333e-02  2.30353791e-02  5.94456606e-02
  6.43917695e-02  1.36421714e-02 -4.56992015e-02 -5.03942482e-02
  2.41248813e-02 -1.00576524e-02 -7.22754002e-02  2.96641663e-02
 -2.66810730e-02 -6.11667112e-02  1.63142737e-02  2.69207478e-01
  2.30495986e-02  7.11534992e-02  2.09855549e-02 -7.75647210e-03
 -5.02380095e-02 -2.65977755e-02 -2.19228733e-02  7.09413961e-02
 -3.51571920e-03 -3.04035507e-02 -4.89510074e-02  1.23466114e-02
 -5.19865006e-02  1.44284070e-02  2.46115611e-03 -2.09934060e-02
  9.52104665e-03  2.19688732e-02  7.95353428e-02 -2.67094094e-03
  1.41171627e-02  1.10985354e-01 -2.59088501e-02 -4.15771939e-02
 -1.00756995e-01 -9.91118178e-02 -2.10773684e-02 -5.26287629e-33
 -1.95315555e-02 -5.62942363e-02  2.68325657e-02  8.00702870e-02
  1.44257732e-02  5.52247949e-02 -3.29193077e-03 -9.61289916e-04
 -5.89947589e-02  1.14519581e-01 -8.71033408e-03  7.24855810e-02
  3.09660900e-02  2.35705916e-02  1.34438783e-01  4.04674187e-02
 -2.02558786e-02  4.27438095e-02  2.88681891e-02 -3.37164178e-02
 -2.31856247e-03 -1.26010710e-02 -2.01893784e-02  4.21781018e-02
  1.25602465e-02 -2.90447921e-02  1.20264366e-02 -6.64832117e-03
  6.93591982e-02 -4.72723693e-03  1.00143358e-01  1.28670819e-02
 -3.37249693e-03 -6.44557364e-03 -4.14984077e-02 -5.18122725e-02
 -3.44035588e-02 -9.13646817e-02  9.78476647e-03 -5.21974191e-02
 -1.07853867e-01  8.52124579e-03 -4.92977351e-02  2.79037300e-02
 -3.73868942e-02  8.25425088e-02  4.15625535e-02  1.23083591e-02
 -2.42179679e-03  9.60745476e-03  8.55997298e-03 -1.43610081e-02
 -9.50097479e-03 -1.81244221e-02  2.62699258e-02 -7.29391724e-02
 -8.80723912e-03 -7.34148100e-02 -3.64239030e-02 -9.64478124e-03
  1.08777381e-01  7.40861297e-02 -5.06748483e-02  5.09435497e-02
 -3.20411026e-02 -2.18132487e-03  2.45174617e-02  5.66331204e-03
  6.77381307e-02 -8.84807631e-02 -1.48961516e-02 -5.74735738e-03
  5.54461293e-02 -2.56516621e-03 -2.53313337e-04  8.56991932e-02
 -3.24760415e-02  3.09107043e-02  2.20199842e-02  2.64665037e-02
 -1.34867160e-02  1.18317856e-02  6.23096004e-02  4.41086814e-02
  4.06668074e-02  6.68133274e-02  3.24245989e-02 -7.62052685e-02
  6.63366215e-03  7.57526681e-02 -1.31247371e-01  9.26004350e-02
 -3.55803750e-05  9.52477604e-02  6.68318849e-03  3.38985865e-33
 -1.60014760e-02 -3.47659402e-02 -2.46371944e-02  4.10754606e-02
  1.41287558e-02  1.34546519e-03  4.57587354e-02 -4.21891846e-02
 -1.02097327e-02  8.29491690e-02 -1.06639877e-01 -9.56875607e-02
  5.17988298e-03  7.81034008e-02 -1.57665685e-02 -5.44381402e-02
  1.45576179e-01 -2.37396415e-02 -3.22429463e-02  3.23393270e-02
 -6.75594360e-02  7.71353170e-02 -2.93599796e-02  2.32155118e-02
 -2.85748504e-02  4.97308113e-02 -4.93967421e-02 -2.72944327e-02
 -2.87256930e-02 -3.43495072e-03 -2.58456115e-02  3.06835249e-02
  6.74879318e-03 -4.10491554e-03 -2.82437224e-02  5.44895455e-02
 -7.98402540e-03 -2.20291433e-03 -2.25319620e-03 -4.49595228e-02
  5.54078519e-02 -2.99655385e-02  1.46504184e-02  1.17575780e-01
 -1.80847812e-02 -5.76959401e-02 -9.56832711e-03 -4.61512133e-02
  7.46812597e-02 -1.55690191e-02 -7.31923655e-02  1.74655952e-02
 -7.27203488e-03 -4.45536114e-02 -2.14737374e-02  6.95937276e-02
 -3.90394069e-02 -5.87985106e-02 -3.87177430e-02  6.16827272e-02
  1.31189926e-02  4.25779074e-02  4.88679931e-02  1.00666292e-01
 -4.43441942e-02  4.91203889e-02  3.31992246e-02 -7.77704734e-03
  3.51240188e-02 -2.89705396e-02  5.80141321e-02  5.00137433e-02
 -5.98230474e-02  4.38150615e-02 -9.09048468e-02  3.25091407e-02
 -5.01043200e-02 -4.63556200e-02  1.72304641e-02 -2.31384463e-03
 -5.14282379e-03 -8.54956657e-02 -3.32568139e-02  4.35512029e-02
 -1.06989369e-01 -6.09240569e-02  2.48160493e-02 -2.05506980e-02
 -2.00571660e-02 -8.68843496e-02 -6.88864514e-02  1.19287067e-03
 -6.77131116e-02  3.51048745e-02  5.34828426e-03 -1.42595713e-08
 -2.71116327e-02 -3.83158140e-02  1.52392900e-02 -2.50105280e-02
  1.77997036e-03 -2.94878148e-02  3.50298323e-02  1.87460668e-02
  4.26138379e-02  6.17840625e-02 -5.92685379e-02 -1.48096057e-02
 -5.73165901e-02  1.00494802e-01  1.92690622e-02 -1.31445378e-02
 -8.17106757e-03 -1.94140989e-02 -4.15715942e-04  5.09941056e-02
  5.11026345e-02  2.83888169e-02  5.36579750e-02 -2.90604252e-02
  1.04250619e-02 -5.07335253e-02  4.74255346e-02  7.13779777e-02
  1.04421144e-02 -9.32862423e-03  2.92412583e-02  8.11794996e-02
 -2.48064585e-02 -2.10860334e-02 -3.93337570e-02 -9.15308446e-02
  2.11219303e-02  3.11428215e-02  4.08736467e-02 -2.76377262e-03
 -6.77127838e-02  3.07528749e-02  2.70171873e-02  2.72041839e-03
 -3.48232500e-02 -2.15707086e-02 -2.83344258e-02 -5.74983424e-03
 -1.78366378e-02 -5.77623397e-02 -1.74757876e-02  1.51949218e-02
  7.82815889e-02 -2.62996498e-02  2.93855593e-02 -7.14598969e-02
  2.09183283e-02 -1.38087794e-02 -5.70219941e-02  3.69396508e-02
  4.98278923e-02 -9.08899903e-02  2.59110183e-02  3.86371766e-03]"
415,Access to Finance,Social,ftse,2,0.3699,"[-3.19902040e-02 -5.42774871e-02 -2.51034778e-02  8.95841047e-02
  4.60720025e-02 -1.25755817e-02  5.60458079e-02  1.13701358e-01
  5.53396009e-02 -4.17646095e-02 -4.72159646e-02  3.30721140e-02
 -7.77695030e-02  4.25783582e-02 -4.14188057e-02 -8.41118321e-02
  1.08699724e-02 -1.00092202e-01 -2.44996287e-02  2.80694366e-02
 -2.39182934e-02 -2.73388401e-02 -4.70946878e-02 -9.40169767e-02
  6.54858304e-03 -6.42455891e-02  2.34421762e-03  6.36409363e-03
  2.35552490e-02 -6.76256046e-02  5.12772910e-02 -4.22186777e-02
 -1.87655166e-02  4.48094942e-02 -2.55427696e-02  1.95574090e-02
  9.46648121e-02 -3.58004607e-02  2.11293623e-02 -6.69510737e-02
 -2.17929985e-02 -1.27642497e-01 -1.72870792e-02  3.73929590e-02
 -3.98887247e-02 -4.48682383e-02  2.59729102e-02 -2.51290444e-02
 -1.54585671e-02  6.09757975e-02  4.24917080e-02 -2.24211514e-02
 -4.21797484e-02  8.97250175e-02  1.78246051e-02 -5.59868664e-02
  2.99185272e-02  1.73389167e-02  3.83265913e-02 -2.27409527e-02
 -2.97823995e-02 -6.74132183e-02 -1.03747308e-01  3.62484269e-02
  7.39266500e-02  3.10360901e-02  2.40626335e-02  4.72791344e-02
  4.89189406e-04 -6.94649965e-02 -2.19000448e-02 -3.32186278e-03
 -1.20556332e-01  1.52003346e-02  6.79596961e-02  1.17458554e-03
  6.06916696e-02  5.94488531e-02  4.45006900e-02 -3.58046889e-02
  5.05227670e-02 -2.10045967e-02 -1.66520309e-02 -6.55668974e-02
  3.43245678e-02 -6.02863031e-03 -4.57069697e-03  7.37619698e-02
 -4.36311141e-02 -1.73076261e-02 -1.91146918e-02  5.00057489e-02
  1.53450361e-02  2.39065960e-02  2.70942450e-02  2.57923710e-03
 -3.86521332e-02 -3.68750319e-02 -5.48731163e-02  1.53471142e-01
 -7.83369504e-03  7.66859502e-02 -1.18143335e-01  4.25095372e-02
 -3.57579738e-02 -2.15343945e-02  4.49664472e-03  9.81492549e-02
  5.67716211e-02 -5.42492792e-02 -5.51172160e-02  3.12828869e-02
 -4.03321460e-02 -2.06327904e-02 -4.09562811e-02  1.56444758e-02
 -9.90693495e-02  1.38841625e-02  9.77994353e-02  9.22080502e-03
  1.75735876e-02  7.34081864e-02 -6.60758689e-02  2.83656139e-02
 -4.93625104e-02 -6.23071343e-02 -3.91168473e-03 -2.22698084e-33
 -5.60134314e-02  8.21912065e-02 -3.11229955e-02 -7.96573013e-02
  4.91896793e-02  2.41370592e-03  3.28509994e-02  7.68413488e-03
 -1.05422676e-01  1.59579113e-01 -7.56725967e-02  6.32011006e-03
 -4.10892591e-02 -3.17095704e-02  5.41436151e-02 -6.34708777e-02
 -1.33663779e-02  1.07432224e-01  7.79719353e-02 -1.54640507e-02
  2.05962341e-02  2.47251429e-02  7.84070194e-02 -4.07560170e-02
  3.13683078e-02 -1.05718877e-02 -7.03424662e-02  2.20835246e-02
  1.31569088e-01  1.91580597e-02 -7.01111332e-02 -2.65714470e-02
 -3.70541122e-03 -4.80597652e-02  5.44127002e-02 -5.77372126e-02
 -8.12184880e-04 -4.39388156e-02 -5.29626273e-02 -1.06175449e-02
 -2.16554776e-02 -9.72189373e-05 -8.80923122e-02 -4.32927497e-02
  4.94060712e-03 -4.44485769e-02  3.42037603e-02 -2.44654641e-02
  7.74121890e-03  5.18414453e-02 -8.75132605e-02  6.37833849e-02
 -5.08263446e-02 -5.87443337e-02  4.09579724e-02 -4.38983738e-02
  1.89308878e-02 -2.60878913e-02  2.93998588e-02 -9.96658765e-03
  5.07018641e-02  1.02053834e-02 -2.79563852e-03 -5.13799675e-02
  1.03558945e-02  1.66757905e-03 -5.32001397e-03  4.05344367e-02
  3.21384147e-02  7.50205964e-02 -1.06901526e-01  3.17351632e-02
  2.01346636e-01 -2.52947863e-02  2.06919238e-02  2.54907049e-02
 -4.25356179e-02  1.30931651e-02 -3.48396376e-02 -3.06460671e-02
 -4.48101349e-02 -4.36373949e-02 -1.05085801e-02  5.10465838e-02
  6.83563054e-02  6.42935857e-02 -4.52169552e-02 -1.18887136e-02
 -3.23584378e-02 -3.35318893e-02 -1.23732425e-02 -1.79171227e-02
  2.54489612e-02 -2.38010753e-02 -1.58693176e-03  1.84285023e-33
 -2.58248765e-02 -4.09154631e-02 -6.13637678e-02 -3.22064795e-02
 -1.22899422e-03 -1.11784851e-02 -2.78962571e-02 -3.20013724e-02
 -2.41830349e-02  1.26064479e-01  8.63918960e-02 -1.94027787e-03
  6.92452071e-03 -8.86824355e-02 -2.95586884e-02 -2.34434269e-02
 -4.43206914e-03 -7.45340586e-02  4.23394963e-02 -4.57615368e-02
  3.27124186e-02  1.99723542e-02  6.34827539e-02  9.44340080e-02
  5.20458026e-03 -8.48726649e-03  1.73203349e-02  5.98517694e-02
 -4.97989841e-02  4.14842740e-02  6.17397390e-02 -4.37023118e-02
  3.32341716e-02  5.90632260e-02 -3.39054549e-03 -1.64021365e-02
  3.92927416e-02  7.20603541e-02  9.05250832e-02  5.56787699e-02
  7.53703043e-02  6.25733882e-02 -1.85902813e-03  6.07371330e-02
 -1.78677849e-02 -1.92430541e-02 -6.51533082e-02 -7.71974549e-02
  5.73288314e-02 -1.89962126e-02  2.30773608e-03  3.89489374e-04
  9.73194465e-03 -8.26929882e-02 -2.46832334e-02  1.94695633e-04
  1.38986045e-02  6.66304678e-02 -5.38161993e-02  5.82320569e-03
  7.14152753e-02  2.04497948e-02  6.88101798e-02  1.09593913e-01
  2.44456716e-02  1.52934650e-02 -9.16898325e-02  3.50123160e-02
 -3.74456011e-02  1.68847099e-01  3.33721712e-02  3.09966356e-02
 -6.65831417e-02 -2.29762997e-02  1.72780864e-02  1.09996705e-03
  4.11383808e-02  3.15470211e-02 -5.46165742e-02  6.04366958e-02
 -4.55955556e-03  3.60837914e-02 -3.35714146e-02  2.61859037e-02
  1.40490187e-02  2.21002735e-02  6.80720760e-03  4.01099958e-02
  4.61455658e-02 -3.16957086e-02 -4.39902507e-02  1.19357286e-02
  3.57155763e-02 -3.70429046e-02 -1.49589079e-02 -1.23578854e-08
 -9.08110887e-02 -2.14031991e-02 -3.46531905e-02  1.65514625e-03
  2.38430640e-03  8.77323188e-03 -3.73136289e-02 -4.07146662e-02
 -5.91238774e-02  2.45718751e-02 -8.82753450e-03 -5.50170839e-02
 -3.43751013e-02 -5.84384315e-02  3.62922437e-02 -5.07807694e-02
 -1.93667393e-02  5.56681640e-02  2.00996473e-02 -6.74899220e-02
  2.88084392e-02  8.14234316e-02  5.67190908e-02  1.44017208e-02
  8.50429386e-03  1.74347998e-03  7.02368394e-02  8.22298825e-02
  2.98969094e-02  3.33984494e-02  5.28252870e-02  5.19472770e-02
 -5.34014143e-02 -2.40129456e-02 -6.07973039e-02  7.66558712e-03
 -3.34484540e-02  7.47801960e-02 -6.19702078e-02  7.14919120e-02
  1.57596450e-02  6.36332259e-02  1.77480711e-03  2.45218421e-03
 -2.94699371e-02  3.77689302e-02 -9.17883310e-03 -2.97217034e-02
 -4.86965943e-03 -6.64998591e-02  2.48513632e-02  6.24027522e-03
 -4.20894139e-02  6.23574853e-02  5.60403951e-02  1.54913366e-02
 -5.11769354e-02  2.66923755e-02 -1.00829512e-01 -2.36117654e-03
  3.05700023e-02  5.57790417e-03  5.72477728e-02 -1.00820130e-02]"
416,Access to Finance,Social,audit,7,0.3675,"[-4.51628231e-02  9.63124782e-02 -3.97269875e-02 -2.80739344e-03
  3.21632884e-02  1.91590078e-02  1.25424892e-01 -7.79845864e-02
  2.18324102e-02  3.28767821e-02  5.46317883e-02 -3.97676528e-02
 -3.39375553e-03 -8.51455424e-03 -1.42589033e-01 -6.27120957e-02
  2.61112135e-02  2.60004979e-02  1.92952268e-02  3.50395427e-03
 -6.52056932e-02 -1.74824409e-02 -6.93531567e-03 -1.45399841e-02
 -2.23073773e-02 -1.65771544e-02 -3.22122537e-02  3.60481218e-02
 -2.65022181e-02 -1.12082139e-01 -1.46446712e-02 -6.23083003e-02
  6.91290991e-03  1.89595409e-02  1.64505909e-03 -2.70797797e-02
  4.46845107e-02  1.51460571e-02  2.92135254e-02  3.25717876e-04
 -7.59699568e-02 -8.95572752e-02  6.39012223e-03 -1.79019161e-02
 -6.81216046e-02 -1.25927152e-02 -5.43008791e-03 -3.54126692e-02
  1.27810100e-03  5.28094359e-02 -7.40129948e-02 -3.20398621e-02
  1.34164924e-02 -3.69915329e-02  1.40026594e-02 -4.35926765e-02
  4.72957175e-03  5.70542528e-04 -1.44187827e-02 -6.35044873e-02
  3.69360000e-02  4.53912392e-02 -8.14509317e-02  5.73694296e-02
  2.44506877e-02  6.57333508e-02 -1.58217549e-02  3.09031513e-02
  1.28591610e-02 -7.62284845e-02 -1.10715246e-02 -8.36131722e-02
 -2.58587748e-02 -2.67575346e-02  1.90385245e-02 -3.06059774e-02
  3.70379537e-02  7.36149075e-03 -1.68601051e-02 -7.48731270e-02
 -2.20674369e-02  3.00495066e-02 -7.73672527e-03  7.15646073e-02
  2.42642909e-02 -9.30747762e-03  3.81517373e-02 -1.15663828e-02
  4.07314999e-03  1.48873255e-02  4.10428792e-02  2.69219652e-03
  3.82875241e-02 -5.38467765e-02  6.53257594e-02 -2.57380381e-02
 -2.38438025e-02  5.36773801e-02  9.52672958e-02  2.19761714e-01
  3.64056304e-02  9.12422538e-02 -9.50152948e-02 -3.34738828e-02
  3.14277457e-03 -1.00671425e-02  1.02233971e-02 -2.42778081e-02
  4.39912230e-02  2.77399272e-02  4.56909090e-03  7.07754716e-02
 -8.85063689e-03 -1.84327345e-02  1.24848917e-01  5.84875941e-02
 -2.16060523e-02  5.19437753e-02 -2.86170691e-02  2.98183393e-02
  3.84658799e-02  5.10816984e-02  4.63497126e-03 -4.51783426e-02
 -5.38412035e-02 -7.05044121e-02  8.52651671e-02 -5.91659110e-33
  2.02028323e-02  5.65500967e-02 -2.68122572e-02 -1.56239988e-02
  1.10947508e-02  6.11932874e-02 -2.26974655e-02  6.61317036e-02
 -5.00007644e-02  8.15133229e-02 -1.47587005e-02  1.00090861e-01
 -2.18906794e-02 -5.13749085e-02  6.61550537e-02  1.14094906e-01
 -1.70989223e-02  1.23628929e-01 -1.91285717e-03 -5.86665655e-03
 -4.18207096e-03 -1.31403625e-01  6.32077307e-02  2.37135906e-02
  7.50446245e-02 -4.64397818e-02  1.54608730e-02 -1.83111615e-02
  9.33149015e-04  3.83024029e-02 -6.21439773e-04  2.81441752e-02
  4.74569835e-02 -8.42304528e-03  2.61970120e-03 -1.29354643e-02
 -2.94633135e-02 -1.26992501e-02  1.95971373e-02 -7.44198784e-02
  4.76181880e-03 -2.89115738e-02 -4.60711634e-03 -5.00433631e-02
 -7.40044862e-02  5.38677461e-02  1.69797409e-02  4.30423953e-02
  1.47289429e-02  2.34343149e-02  2.42525581e-02  4.16870136e-03
 -3.57896946e-02  3.83812860e-02  1.02683753e-02  4.38172147e-02
  6.65837154e-02  2.09530815e-02  3.23543362e-02  2.45644394e-02
  8.82869735e-02  9.88764390e-02 -2.96308845e-02  1.67731158e-02
 -1.04577705e-01 -4.57519405e-02  2.35312842e-02 -4.24756259e-02
  1.16032578e-01 -1.51955085e-02 -1.17649250e-01 -3.65868323e-02
 -1.99998450e-02  2.24650446e-02 -6.82200352e-03  9.98479221e-03
 -1.61192305e-02  3.47895175e-02  2.10899301e-02  2.87997089e-02
 -7.71970227e-02 -8.09109360e-02  6.36038482e-02 -3.53999101e-02
 -1.33077288e-02  5.26650771e-02 -3.60572375e-02 -5.14239632e-03
 -1.85646582e-02  3.50181386e-02 -5.23825325e-02 -2.79182456e-02
  5.37517220e-02  3.59146595e-02  2.15787347e-02  3.36600346e-33
 -6.93352371e-02 -3.09863091e-02  1.31437154e-02 -2.67240312e-02
 -5.69764152e-02 -3.34126092e-02 -1.84873119e-02 -2.10971460e-02
  4.66831354e-03  9.20595750e-02 -6.64085373e-02 -4.63550687e-02
  7.75431097e-02  4.35380265e-02 -3.90212238e-03 -3.32829691e-02
  4.71883267e-02 -5.01449518e-02 -1.55692082e-02  2.62607764e-02
  4.48686853e-02  7.50080869e-02  1.19459420e-01 -7.28671858e-03
 -9.01073497e-03  6.82978109e-02  3.31989452e-02 -2.86840759e-02
 -3.45339440e-02  2.00594142e-02  4.30745073e-03 -1.21452361e-02
 -1.44536961e-02  1.17673419e-01 -1.74819250e-02 -8.34126845e-02
  7.74736628e-02 -3.21547277e-02 -6.21237466e-03 -3.41815548e-03
  6.47201911e-02  7.05966428e-02  6.65662289e-02  6.16884651e-03
 -1.96344070e-02 -3.13998237e-02 -5.16928583e-02  7.64122531e-02
  4.91227992e-02 -2.47669462e-02 -6.66727424e-02 -1.31586529e-02
  4.54426110e-02  2.94222869e-02 -1.07963756e-01  5.23130409e-02
  2.69881357e-02 -4.50395606e-02 -1.31820804e-02  9.43211913e-02
 -7.84128532e-03  7.28323162e-02 -2.00327300e-02  6.48895726e-02
 -1.67775583e-02  2.18761992e-03  5.16004264e-02  1.27092386e-02
  2.35585459e-02 -7.90611282e-03  1.27000697e-02 -5.22158444e-02
 -8.70746449e-02  2.40398142e-02 -1.81470867e-02  4.52764519e-02
 -5.63793816e-02 -9.35645774e-02 -7.28895068e-02 -2.46191826e-02
  1.14290138e-04 -3.89425196e-02  1.18469698e-02 -3.37754451e-02
 -1.43012600e-02 -9.36497748e-02  5.20003401e-02 -7.91444704e-02
  4.19988856e-02  1.53660662e-02 -5.80339096e-02 -3.74982469e-02
 -5.42460717e-02 -8.67096260e-02  1.18338233e-02 -1.22936026e-08
  4.38187690e-03 -9.72516893e-04  1.12568937e-01  2.07253974e-02
  2.40202323e-02 -1.19162217e-01 -6.60809204e-02  5.28923012e-02
 -3.56508344e-02 -5.82785942e-02  8.56464729e-03 -7.03152595e-03
 -5.48371077e-02 -1.65897161e-02  1.59861241e-02 -1.19495049e-01
  3.31347296e-03  5.28020561e-02 -4.56581004e-02  1.26752835e-02
  1.66301094e-02  2.02321615e-02 -1.16398828e-02  3.46050598e-02
 -3.96208540e-02 -9.87390503e-02  5.85202407e-03  8.64206702e-02
  1.23609779e-02 -7.14107044e-03 -6.03618240e-03  8.37805048e-02
  6.17623329e-02 -1.76996198e-02 -1.32449508e-01 -1.63732190e-02
  3.17983096e-03 -3.70327942e-02 -4.92979016e-04 -2.37330608e-02
 -2.40967404e-02 -3.53495777e-02  5.22288121e-02 -2.55502015e-03
 -1.25865147e-01 -6.70974255e-02 -5.79296798e-02 -4.98402491e-02
  2.19009351e-02 -4.75865304e-02  2.38755271e-02 -4.93732430e-02
  5.88833801e-02  6.53556660e-02  2.40279771e-02  8.37097690e-03
  4.43947874e-02  1.26031116e-02 -2.64967438e-02 -1.64078921e-02
  1.22619905e-01 -2.14847233e-02  9.03997347e-02 -3.56430151e-02]"
417,Access to Finance,Social,entering,1,0.3671,"[ 4.28774245e-02 -9.02445987e-03 -6.51548803e-02  1.10597082e-03
 -7.02239573e-02  5.75398989e-02  8.61720219e-02 -8.75937380e-03
  3.70381735e-02  4.09781560e-03 -8.94619524e-03 -5.09662628e-02
  2.39354633e-02 -1.38902739e-02  2.77079716e-02 -5.54686002e-02
  1.71616394e-02 -8.80413428e-02 -6.22504577e-02  3.64734069e-03
 -3.92078161e-02 -7.74124712e-02 -6.89618662e-02  2.09476557e-02
 -5.85410073e-02 -4.02540453e-02 -4.42971997e-02  1.87560227e-02
  7.10517019e-02 -7.31332377e-02 -8.84690732e-02  5.46844862e-02
  5.54247946e-02  4.35433798e-02 -8.88469908e-03 -3.38464677e-02
  1.24941440e-02 -2.05821134e-02 -5.31570148e-03 -6.54771328e-02
 -4.30104770e-02 -1.41480312e-01 -5.71829965e-03  3.58258672e-02
  3.75733599e-02  3.42419408e-02 -6.07371852e-02 -6.33477606e-03
  1.09175421e-01  5.56954890e-02 -5.26027046e-02  3.25717740e-02
  5.49054006e-03  6.77415431e-02 -6.88453093e-02  8.11662525e-02
  5.67197287e-03 -4.58332151e-03 -4.31852555e-03 -4.49097231e-02
  2.26075705e-02 -1.84065979e-02 -1.22884028e-02  3.59333754e-02
 -4.11029980e-02 -3.43026989e-03 -2.89548729e-02  7.89819285e-03
  2.70971120e-03 -3.37465554e-02  4.97673042e-02 -1.84587538e-02
 -1.02837697e-01  1.93218160e-02  4.46673967e-02 -7.62967691e-02
 -5.77881299e-02 -1.34106083e-02  6.02883808e-02 -7.42706191e-03
  4.12102789e-02  1.87510550e-02 -7.24940300e-02  2.82104220e-02
  4.18648124e-02  4.38307039e-02  9.55777150e-03  8.05700272e-02
  5.06801568e-02  4.50286781e-03  3.00684664e-02 -8.63967463e-02
  3.32516357e-02  3.37426960e-02 -4.66525294e-02 -9.94098000e-03
  5.60655911e-03 -6.89098518e-03 -2.93368213e-02  2.02206314e-01
  3.53115909e-02  3.54037844e-02 -4.74590473e-02  2.93157250e-02
  3.57674472e-02 -5.19257113e-02  6.73175678e-02 -1.35289767e-04
  5.90933040e-02 -6.17088191e-02 -3.18942592e-02 -2.63124947e-02
  1.11597486e-01  6.55293688e-02 -4.69360165e-02  1.43452585e-02
 -4.37535793e-02  2.55078319e-02  7.56699741e-02  7.17441142e-02
  1.47516094e-02  4.67231795e-02 -6.58911020e-02 -1.65072363e-02
 -6.61709681e-02 -1.74447373e-01  2.79550608e-02 -5.73982467e-33
  3.42238396e-02  9.98510793e-03 -3.09886131e-02  6.49932027e-02
 -4.44434099e-02 -7.24803749e-03 -2.02556625e-02  5.63508458e-03
 -7.93595389e-02  6.65420527e-03 -2.01844946e-02 -7.20292851e-02
  1.28075127e-02  3.76805849e-02  8.61187130e-02  1.69070996e-02
 -1.33899227e-02  7.88177326e-02 -4.99541350e-02 -2.89535150e-02
  6.37043442e-04 -3.55836339e-02  8.31900444e-03  5.44747002e-02
  5.56735247e-02  8.88411105e-02 -5.98506294e-02 -3.64840738e-02
  3.44438702e-02  1.96658559e-02  3.62704098e-02 -6.96455017e-02
 -7.61230364e-02 -1.18300747e-02  2.59817466e-02  4.85777110e-02
  6.85877055e-02 -2.66098473e-02  3.79026830e-02 -1.25629917e-01
 -1.32507578e-01 -6.46960214e-02 -6.30473495e-02  1.07350703e-02
 -7.15579316e-02 -2.43246742e-03  8.41498971e-02  3.92169692e-02
 -2.12785918e-02  4.34115566e-02 -3.51997092e-02  2.52225958e-02
 -1.05156578e-01 -2.46591363e-02 -9.30059254e-02 -6.33031968e-03
  1.54579319e-02 -1.53243821e-02 -1.96193289e-02 -2.30292864e-02
  2.81657651e-02  6.90548494e-02 -2.87551805e-02  1.21981055e-02
 -4.49488238e-02 -3.61552425e-02 -4.06312533e-02 -2.25011967e-02
  9.57466811e-02 -3.27139907e-02 -1.45646900e-01 -4.32868376e-02
 -9.23143234e-03  2.87040938e-02 -1.40203619e-02 -1.08640583e-03
  1.53061729e-02 -3.08036190e-02  4.49751737e-03 -8.66238959e-03
 -1.93823874e-03 -1.07518807e-02 -2.83499546e-02  5.59094474e-02
  6.22292310e-02  3.96470353e-02  6.03924459e-03 -9.64278728e-02
 -2.04016324e-02 -1.38387568e-02  3.24827209e-02 -2.36072913e-02
  9.02847350e-02  4.86574583e-02 -3.67761590e-02  3.44513811e-33
 -1.62050757e-03 -9.32166912e-03  2.04372909e-02 -6.44559832e-03
  2.59615500e-02  1.62187889e-02  5.70269078e-02  4.28767093e-02
  2.01772954e-02 -4.45529185e-02  2.37520672e-02  9.85682979e-02
  1.22296348e-01 -2.41130684e-02  2.15113219e-02  2.56940513e-03
  6.80775195e-02  8.69934037e-02 -2.42320038e-02  2.64988523e-02
 -1.18637346e-02 -9.94435325e-02  1.52761601e-02  1.19784344e-02
 -5.85997850e-02  7.28351399e-02  1.04554549e-01  9.62943956e-02
 -9.92329866e-02  1.27625670e-02 -8.48996453e-03  1.90382674e-02
 -6.61129653e-02  7.91802853e-02 -6.72173798e-02 -3.87434177e-02
  1.61989808e-01  1.04716001e-02 -8.25704336e-02  5.06579876e-02
  9.85018909e-02  4.74205352e-02  3.34322453e-02  1.25473723e-01
 -3.43200266e-02  5.95501671e-03 -1.04566142e-01  4.19811048e-02
  2.42630374e-02  6.44160733e-02 -1.34680895e-02  3.45629603e-02
 -1.33572454e-02 -4.96736392e-02 -3.01148668e-02  8.89155641e-02
 -3.84869538e-02 -2.20827684e-02  5.66526912e-02  1.60609689e-02
 -4.42912728e-02  7.71764889e-02 -6.44961232e-03  4.04315852e-02
 -1.65060833e-02 -4.85083126e-02 -4.98212799e-02  7.91312978e-02
  1.31664202e-02 -7.19174650e-03  3.18913311e-02  2.37020664e-03
  2.37451475e-02 -4.25831564e-02  6.12386577e-02 -6.36869520e-02
  3.65603007e-02 -3.00437887e-03 -2.38906350e-02 -4.96782586e-02
  4.41628089e-03  4.72215340e-02  2.26201280e-03  1.80332512e-02
 -4.07795329e-03 -2.31148712e-02  5.27078807e-02  1.83568671e-02
 -2.17279028e-02 -3.51482220e-02 -4.65629920e-02  3.47358249e-02
  3.54922488e-02 -1.75600480e-02 -3.24106477e-02 -1.18206813e-08
 -1.34136071e-02  2.94361860e-02  4.01614793e-02  3.21562141e-02
  7.20832422e-02 -1.99241657e-02 -7.50725940e-02  2.76099592e-02
  2.37179976e-02  3.31658125e-02  2.68190837e-04  1.27216140e-02
 -2.02088412e-02 -7.95267820e-02 -1.53322089e-02  2.85641709e-03
 -1.42914737e-02 -5.99822998e-02 -4.12298776e-02  7.48856342e-04
  6.79474324e-02 -1.77751239e-02  5.14899790e-02  4.01482098e-02
  3.32836085e-03 -7.23839737e-03 -4.20720689e-02  5.43966889e-02
  2.82859104e-03  3.83326374e-02 -1.06225582e-02  1.01134695e-01
  4.66031767e-02 -9.25798528e-03 -7.35635906e-02 -3.69157526e-03
  2.03250237e-02  1.78994108e-02  3.52241024e-02 -1.03112698e-01
  1.83227118e-02 -4.88788895e-02 -8.30673787e-04 -7.02183768e-02
 -8.08332413e-02  3.24609578e-02  4.41883132e-02  8.40580615e-04
  1.88445635e-02 -4.42288816e-02 -2.73110215e-02 -1.19653968e-02
  4.30141725e-02 -5.32439677e-03  7.13787153e-02  3.58829349e-02
  3.50407301e-03 -5.77143282e-02 -2.86969151e-02  2.79411152e-02
  6.41137511e-02  4.15002927e-02  1.66334771e-02 -3.28640901e-02]"
418,Access to Finance,Social,market,3,0.3659,"[-2.88635641e-02  3.46952467e-03 -7.87136704e-02  2.25977134e-02
  4.29471806e-02  2.19851919e-02  1.26789093e-01  3.52439061e-02
  3.53908688e-02 -4.35992815e-02  7.49508291e-03 -1.00578759e-02
 -1.06870970e-02 -1.53156510e-02  5.15616387e-02 -6.35252818e-02
  9.51695896e-04 -3.70035134e-02 -5.23001738e-02  6.45420747e-03
 -1.38467476e-01 -3.35326530e-02 -1.77398678e-02 -4.26818524e-03
 -3.97183783e-02  2.64167394e-02  4.50692419e-03  1.55064706e-02
  9.67365981e-04 -1.21161126e-01 -2.10595280e-02  3.22646685e-02
  8.63261893e-02  1.18088201e-02  3.54024470e-02 -8.72760022e-04
 -5.84577248e-02 -5.12336008e-03  3.70775512e-03  4.95509207e-02
  2.41641933e-03 -7.69594759e-02 -7.39076287e-02 -7.79272756e-03
  1.58755705e-02 -3.03305835e-02  2.56272480e-02  6.16976954e-02
  9.81189385e-02  5.13390936e-02 -1.40780285e-01  1.95778022e-03
 -4.40885127e-02  1.76610872e-02  2.63062958e-03  7.12341629e-03
 -1.05991758e-01 -4.80442569e-02  4.48033698e-02 -7.27623655e-03
  6.44022375e-02 -2.14007907e-02 -4.65772711e-02  7.47377574e-02
  1.05178215e-01 -4.05701138e-02 -7.58638978e-02  8.86162147e-02
 -7.77794570e-02 -1.01865537e-01  8.83855000e-02 -3.40479128e-02
 -7.93566033e-02 -4.15709168e-02  8.71940749e-04 -1.26120411e-02
  3.93067338e-02 -5.08619882e-02  7.04167336e-02  2.94984207e-02
  2.51967106e-02 -8.09158385e-02 -1.01342879e-01  1.42778168e-02
 -5.55404425e-02 -5.22505865e-02  3.33178267e-02  2.47618612e-02
  4.96784635e-02 -1.87039133e-02  1.16163210e-04  7.38932844e-03
 -6.47162721e-02  4.13566679e-02 -2.48496868e-02  6.18104450e-02
 -5.43437060e-03 -2.33283136e-02  2.81822644e-02  2.31146991e-01
  7.61082023e-02 -1.07466383e-02 -6.62488416e-02 -1.37357187e-04
 -9.94705781e-02 -8.21498856e-02 -5.55843487e-02  7.72806332e-02
  2.65330449e-02  3.43599506e-02 -1.02902539e-01  1.25567801e-02
 -8.88680965e-02  2.91560907e-02  1.13904886e-02  1.92666948e-02
 -1.19488826e-02 -1.67118795e-02 -5.35421818e-03  5.28133288e-02
 -7.19072716e-03  5.11493906e-02 -3.65729667e-02 -5.51211229e-03
 -7.66106173e-02 -1.88414305e-02 -4.91122417e-02 -5.06319396e-33
 -8.43736231e-02 -1.79942884e-02 -5.69005124e-03  3.56262946e-03
 -4.96979430e-02  3.65311503e-02 -2.08408777e-02 -7.33913668e-03
 -6.00528456e-02  4.17435430e-02 -4.87159155e-02  3.53872143e-02
 -5.49003072e-02  3.85456830e-02  9.08194184e-02  7.57167174e-04
 -2.58777067e-02  3.71037610e-02  7.07878247e-02 -1.30904596e-02
 -8.86041112e-03  5.07791191e-02 -2.69515477e-02  4.15200703e-02
 -3.44668180e-02 -3.96191701e-02 -1.17572173e-02 -2.05714405e-02
  1.04258597e-01  4.54292558e-02  2.05675717e-02  7.68038305e-03
 -3.50125879e-02 -2.97450554e-02 -6.91431984e-02  1.77437104e-02
 -7.37046376e-02 -6.93400875e-02  3.88319157e-02  9.55017004e-03
 -7.20191523e-02  6.08561151e-02 -6.14065751e-02  1.04700625e-02
 -3.94300632e-02  6.09926134e-02  7.28080096e-03  6.89792819e-03
  1.53520480e-02  7.01482687e-03 -1.67698823e-02  1.32463211e-02
 -9.23231766e-02 -1.06636165e-02  8.90352856e-03 -4.29527275e-03
 -7.47440979e-02 -3.74423601e-02 -9.68968049e-02  2.39560176e-02
  7.44010285e-02  4.69131470e-02 -4.47743535e-02  8.56389012e-03
 -3.35092619e-02  4.05117720e-02  3.31580937e-02 -1.90968000e-04
  4.27035661e-03  2.45816298e-02 -1.73548851e-02 -1.31735243e-02
  6.11508153e-02  8.15188587e-02 -2.23645382e-02 -1.83876026e-02
  1.17730973e-02  1.29652053e-01  1.86431501e-02  3.63810696e-02
 -2.65313163e-02 -1.95659772e-02  1.70104876e-02  8.09182078e-02
 -2.72045992e-02  1.76431444e-02 -2.98145637e-02 -6.71913326e-02
  4.86866795e-02 -1.89098995e-02 -4.07202393e-02  4.00455818e-02
 -2.44661998e-02  3.64614390e-02 -1.33732241e-03  2.69894072e-33
 -6.81006312e-02  1.79707799e-02 -5.27062938e-02  6.49289712e-02
 -9.36249644e-03  1.20573882e-02  6.30834373e-03  5.72794722e-03
  9.80666801e-02  1.07919164e-01 -8.35358948e-02 -2.29018982e-02
  8.25612396e-02  1.39060384e-02 -8.16260278e-02 -3.14706191e-02
  1.10287718e-01 -1.23463105e-02  4.04692488e-03 -1.53255900e-02
 -3.21330540e-02  2.26350166e-02  1.87022928e-02  3.34639251e-02
  1.41291581e-02  3.30415964e-02 -5.17221130e-02  2.22894978e-02
 -7.52152363e-03  1.90986153e-02  1.01506561e-02 -6.19113855e-02
  1.99984685e-02  6.25199974e-02 -7.68613219e-02  9.01398882e-02
  4.17121127e-02 -1.78611092e-02 -1.95510332e-02  9.93390232e-02
  7.05546737e-02 -3.67736630e-02  7.59300292e-02  9.88705605e-02
 -9.84949409e-04 -9.39168385e-04  4.83426861e-02 -1.02092838e-03
  1.31350547e-01 -1.48862032e-02 -4.14000787e-02  8.43286365e-02
  3.84837873e-02 -4.95358445e-02 -8.29912275e-02  1.96923651e-02
 -1.04332948e-02  5.42726889e-02 -7.11567029e-02  2.69422513e-02
  4.90491651e-02  9.52566043e-02 -2.05712803e-02  3.78553383e-02
  1.21947536e-02  7.48608559e-02 -1.09823104e-02 -9.15079564e-02
 -2.56297346e-02 -6.72941878e-02  1.15161501e-01 -1.23490067e-02
 -3.06582227e-02 -2.76440405e-04 -8.95588920e-02  1.81217585e-02
 -8.17492157e-02  9.77963116e-03  1.08516440e-02 -2.26243455e-02
 -5.78570142e-02  3.34393643e-02 -3.40763852e-02  2.80274972e-02
 -2.74030715e-02  2.46895924e-02  1.07359118e-03 -2.61098817e-02
 -5.76152019e-02 -5.58791943e-02 -4.02165130e-02  9.78132524e-03
  1.85595080e-02 -1.16185052e-02 -4.96223904e-02 -1.24939232e-08
 -2.74596140e-02 -4.81176376e-02  8.41978043e-02  3.12205069e-02
  1.88803598e-02  3.94625682e-03  3.44084054e-02  3.06276400e-02
  7.38566592e-02  1.03806876e-01 -4.35973378e-03  3.06195505e-02
 -1.02748550e-01  4.69254442e-02 -2.64775716e-02  8.19212571e-03
 -6.10953458e-02 -1.41130062e-03 -8.60431418e-03 -8.00700486e-03
  5.87557927e-02  8.44176337e-02  5.26276864e-02 -7.22202938e-03
  1.72053259e-02  2.98903976e-02  9.17614624e-02  4.18951660e-02
  3.20137814e-02  1.90130100e-02 -4.28826958e-02  4.81331162e-03
  2.28074212e-02 -6.11369982e-02  4.68045892e-03 -3.59680178e-03
 -1.31525742e-02  1.56631675e-02  4.52315994e-03 -9.55230277e-03
 -8.10310096e-02 -1.32137313e-02  7.79011892e-03 -5.84505349e-02
  1.21177854e-02  4.65702452e-02 -4.18003947e-02  3.50638572e-03
  4.60376404e-02 -6.60851523e-02 -3.92256938e-02 -1.37970515e-03
  5.14538474e-02  4.07965714e-03 -1.84537955e-02 -1.44101391e-02
 -6.97034076e-02 -1.78154651e-02 -8.48948136e-02 -1.02690673e-02
  2.26047859e-02 -5.92899956e-02 -1.80599764e-02  8.73624980e-02]"
419,Access to Finance,Social,audits,2,0.3653,"[-4.91686054e-02  7.06115514e-02 -3.38013284e-02  2.58952305e-02
  2.19109543e-02  2.84530874e-02  1.08824059e-01 -8.80376026e-02
  3.18027958e-02  2.73642279e-02  4.62225489e-02 -3.95111665e-02
 -1.50528401e-02  8.51476844e-03 -1.51196972e-01 -7.83789754e-02
  2.22378094e-02  5.61202765e-02  1.19848466e-02  1.40412422e-02
 -7.25816339e-02 -4.12509665e-02 -2.92209033e-02 -7.96958152e-03
 -2.14390401e-02 -1.18843233e-02 -4.16134447e-02 -3.31815123e-03
 -2.76984423e-02 -1.06119223e-01 -2.95487121e-02 -6.62915409e-02
  2.63657197e-02  2.04627104e-02 -8.96196160e-03 -1.80178043e-02
  7.62987360e-02  2.99817994e-02  3.55074108e-02  2.79195909e-03
 -6.98691010e-02 -7.48948008e-02  1.60441007e-02 -1.38574913e-02
 -8.31158832e-02 -1.79453101e-02  5.94914658e-03 -3.96992266e-02
 -2.16556229e-02  3.34324241e-02 -6.90645501e-02 -4.66455854e-02
  4.03674021e-02 -7.27515109e-03  8.96298513e-03 -6.39305562e-02
  1.95383597e-02  8.26446805e-03 -3.20221782e-02 -4.90931571e-02
  4.72067557e-02  1.31271081e-02 -1.03696086e-01  6.04642294e-02
  2.78501641e-02  6.98580816e-02 -2.52358392e-02  8.02580714e-02
  1.85504947e-02 -7.10565150e-02 -3.70947085e-02 -7.48719424e-02
 -4.08330038e-02 -2.90084770e-03  4.04704399e-02 -1.49648553e-02
  2.73507778e-02  3.58536234e-03 -2.23948117e-02 -1.19611099e-01
 -3.35818380e-02 -1.17912665e-02 -1.20410509e-02  6.35154843e-02
  4.55896519e-02 -5.58808167e-03  1.25691807e-02 -1.93154104e-02
  1.46048730e-02  8.36168509e-03  4.33827341e-02 -4.15025949e-02
  4.73883450e-02 -4.99274954e-02  5.03433831e-02 -2.95385644e-02
 -2.26018447e-02  4.98509780e-02  1.21969715e-01  1.33996293e-01
  3.51172052e-02  8.02162290e-02 -4.79042269e-02  1.78872386e-03
 -6.78716553e-03  9.58950445e-03 -2.28726156e-02 -2.63130460e-02
  4.52079922e-02  4.28651646e-02 -7.90639315e-03  6.76008165e-02
 -1.31754978e-02 -1.72516759e-02  1.17424183e-01  1.34712923e-02
 -2.96075884e-02  5.28334714e-02 -8.80873017e-03  2.07355991e-02
  3.81118357e-02  5.86965643e-02  2.95268856e-02 -5.67212999e-02
 -5.86592890e-02 -3.82548198e-02  2.44787876e-02 -5.32146733e-33
  2.22997703e-02  7.52977133e-02 -4.13911901e-02  2.83196699e-02
  1.66961213e-03  4.27274518e-02 -2.85571180e-02  6.59281239e-02
 -2.25362983e-02  8.13340321e-02 -5.10430112e-02  1.31596267e-01
 -9.23701562e-03 -3.87687869e-02  9.31705460e-02  8.99533480e-02
 -4.24923981e-03  1.20100953e-01 -1.44948205e-02  3.46479518e-03
 -2.14210097e-02 -1.15458295e-01  5.79119474e-02  2.21011154e-02
  1.00890711e-01 -4.53958586e-02  5.80281485e-03  2.38979654e-03
  1.83263514e-02  4.00643535e-02  2.49059163e-02  3.44931521e-02
  4.21801768e-02 -2.78137950e-03  4.91350098e-03  5.79595044e-02
 -2.53927205e-02 -2.52047684e-02  3.01013868e-02 -8.17948729e-02
 -5.70657896e-03 -2.45828703e-02 -9.33505315e-03 -3.73102427e-02
 -5.51534295e-02  6.14781044e-02  1.40574295e-04  4.77780327e-02
  3.08916681e-02  4.18217592e-02  5.35814697e-03  3.59270792e-03
 -5.67194223e-02  3.17859687e-02  4.60171141e-02  3.35474573e-02
  7.07490444e-02 -1.56805273e-02  3.18124816e-02  2.32234821e-02
  5.53465001e-02  9.74085182e-02 -3.23960669e-02 -2.76930612e-02
 -1.13663912e-01 -4.17562798e-02  5.35556348e-03 -4.98955511e-02
  1.06521361e-01 -1.12356152e-02 -1.47973597e-01 -8.90972558e-03
  9.09284502e-03 -4.19410132e-03  2.34067999e-03  5.12347696e-03
 -2.61627845e-02  2.42218170e-02  4.14450467e-03  6.23201206e-02
 -4.49474938e-02 -7.46250525e-02  7.20060989e-02 -5.10043930e-03
  3.37227085e-03  3.77058312e-02 -4.19438481e-02 -4.79136081e-03
 -2.20818277e-02  2.18647011e-02 -7.12953433e-02 -2.93586068e-02
  4.09897454e-02  3.79098542e-02 -1.51034305e-02  2.27601035e-33
 -8.78157318e-02 -2.27870978e-02 -1.47652766e-02  1.49523905e-02
 -5.06616756e-02 -2.79795155e-02 -2.86666062e-02 -2.75609437e-02
  2.20681410e-02  6.84647337e-02 -8.12243000e-02 -4.10314910e-02
  6.88970312e-02  3.12535800e-02 -3.85823883e-02 -4.79509234e-02
  5.58249131e-02 -6.44726530e-02 -5.07766055e-03  1.13493123e-03
  5.47227971e-02  1.03829429e-01  9.68926698e-02  2.71672907e-04
  6.46523898e-03  6.80271536e-02 -1.49605097e-02 -5.74929826e-02
 -4.48803641e-02  2.11089160e-02  4.59908089e-03 -9.95723251e-03
 -2.81010102e-02  1.25826076e-01 -4.05801982e-02 -8.69922340e-02
  6.57142252e-02  1.23378197e-02 -1.53370230e-02 -2.22550575e-02
  8.79910365e-02  7.30130821e-02  7.75184706e-02  4.83964663e-03
 -2.43043303e-02 -4.63942438e-02 -6.65486231e-02  9.64042172e-02
  4.52841930e-02 -5.48194386e-02 -7.10925460e-02 -2.32490082e-03
  4.63550817e-03  3.49049456e-02 -9.07085687e-02  4.06774022e-02
  8.73281795e-04 -4.26247045e-02  8.08722060e-03  9.41559896e-02
 -8.59102327e-03  7.69422799e-02 -3.09377592e-02  8.40040743e-02
 -2.01021750e-02 -1.98343415e-02  3.82287763e-02 -6.76306849e-03
  2.50527281e-02 -4.31012409e-03  3.45585309e-02 -6.57782182e-02
 -8.44313055e-02  6.23702165e-03 -4.16542590e-02  5.59626669e-02
 -6.33187369e-02 -9.69217494e-02 -8.11142996e-02 -6.14397563e-02
  1.26093463e-03 -5.54282814e-02  1.54483598e-02 -1.73899028e-02
 -9.86459572e-03 -7.99002573e-02  8.44193473e-02 -9.40285772e-02
  6.04548454e-02  1.01042690e-03 -5.67026660e-02 -5.36253676e-02
 -1.53021468e-02 -6.88647479e-02  3.26192379e-02 -1.23180097e-08
 -7.71776366e-04  2.28508767e-02  8.38242471e-02  8.98263417e-03
 -1.01113482e-03 -1.06636025e-01 -7.03107566e-02  1.02970354e-01
 -2.41589826e-02 -4.35739122e-02  2.11272985e-02  2.34241062e-03
 -4.95694242e-02 -2.34847683e-02  4.08887789e-02 -1.05969779e-01
  1.13328900e-02  6.73826486e-02 -5.55203110e-02  1.29117686e-02
  8.70845746e-03  3.48126069e-02 -6.06156141e-03  3.45569588e-02
 -1.64787713e-02 -9.23250690e-02  5.76830981e-03  6.79726452e-02
  1.80880278e-02  3.36475521e-02 -9.03298520e-03  7.37762228e-02
  7.89521858e-02 -2.46356614e-02 -6.28755167e-02 -2.55349576e-02
 -5.69818076e-03 -4.36127298e-02 -5.55079384e-03 -2.89438143e-02
 -4.49376740e-02 -4.57468815e-02  4.55173776e-02  2.04419419e-02
 -1.00192696e-01 -6.35193661e-02 -4.02291678e-02 -6.27506431e-03
  2.17436012e-02 -4.42589261e-02  3.73707712e-02 -6.53164610e-02
  4.22664322e-02  7.55420700e-02  1.25721665e-02  1.71076469e-02
  6.44738451e-02  5.69403172e-03 -1.95531733e-02 -2.79461034e-02
  1.03743047e-01 -1.00133531e-02  9.01709124e-02 -1.15272412e-02]"
420,Opportunities in Nutrition and Health,Social,health,5,0.465,"[ 5.37123438e-03  9.97414514e-02  1.91134890e-03  8.38104934e-02
 -2.22391598e-02  5.08642569e-02  1.25899836e-01  3.50416861e-02
 -8.00787210e-02 -2.53760293e-02  2.24868339e-02 -1.18055064e-02
 -4.67448048e-02 -8.85407105e-02 -1.33799100e-02 -7.67619461e-02
 -1.65396743e-02  2.04998739e-02 -9.20241922e-02  4.00275514e-02
 -8.48541111e-02  1.17842123e-01  6.23122975e-02  6.39799610e-02
 -6.87919632e-02  8.65728930e-02 -1.30520593e-02 -6.96765929e-02
 -1.87501051e-02 -4.39839177e-02  7.50633776e-02  2.67405305e-02
  7.46407807e-02 -1.89797133e-02 -5.31700999e-02  2.36164150e-03
  5.83902188e-02 -4.50640544e-02 -6.10716380e-02 -7.24489018e-02
 -4.66363691e-02 -7.37746805e-02  2.40134150e-02  2.39480287e-02
  3.60913016e-02 -1.70135591e-02 -3.48460153e-02 -1.48821180e-03
  8.15757513e-02  1.75007470e-02 -7.87486881e-02  6.85469061e-03
  3.67106544e-03  4.84067313e-02  1.05895899e-01 -3.89761999e-02
 -6.25088066e-02 -8.71843249e-02 -8.56771916e-02  2.88186092e-02
  7.40112811e-02 -7.63535034e-03  1.53860217e-02  6.19725101e-02
  7.14427233e-02 -1.75928250e-02 -3.72048356e-02  2.37937365e-02
 -5.05838767e-02 -5.10534846e-06 -3.53512168e-02 -9.44931954e-02
 -2.52397135e-02  4.20893766e-02  7.59914592e-02  2.43649110e-02
 -6.16188198e-02 -9.11518708e-02  7.69328699e-02  2.12488952e-03
  4.27264534e-02  1.87974442e-02  2.53665727e-02  1.09769747e-01
  2.13757586e-02  1.74314622e-02  9.87705812e-02  1.06953373e-02
 -6.79079071e-02  7.23599782e-03 -4.98767309e-02 -2.45786812e-02
  4.30098325e-02  5.22806048e-02 -2.75510550e-02  2.50209328e-02
 -2.81046219e-02 -7.43551776e-02 -5.60972914e-02  2.09060758e-01
 -2.05601119e-02  9.14966501e-03  1.25062848e-02  7.22572878e-02
 -2.46338006e-02 -1.24549596e-02 -3.76604274e-02  2.65376717e-02
  2.78761517e-02  1.85325462e-02 -3.83028314e-02  4.32151705e-02
 -9.42651555e-03  1.00031225e-02  2.00723130e-02  2.09167413e-02
  1.01501029e-02 -6.86053187e-02 -1.72647722e-02 -2.00532675e-02
 -7.61366729e-03 -6.32247627e-02  9.88753233e-03  9.77477990e-03
 -2.29227357e-02 -9.24503431e-02  2.24340893e-02 -6.14722934e-33
 -1.06252846e-03 -8.56531933e-02  1.47644907e-01  4.95084226e-02
 -1.89727712e-02  4.29080091e-02 -2.58337893e-02 -7.02107474e-02
  1.82728525e-02 -6.78755483e-03  1.92644615e-02 -7.62591464e-03
 -1.56567674e-02  4.21755053e-02  2.78620478e-02 -9.13773477e-03
 -9.84768867e-02  7.42173791e-02 -1.74940471e-02  2.51418855e-02
  3.76332225e-03 -4.78493907e-02 -8.05747230e-03  7.71740302e-02
 -4.28220779e-02  5.59713989e-02  1.48747005e-02 -6.14827238e-02
  4.18789349e-02  1.05806394e-02 -4.34195884e-02  6.00280762e-02
 -2.68613081e-02 -1.40227348e-01 -2.06817649e-02 -4.69994769e-02
 -3.77959237e-02 -3.47582325e-02 -5.12745827e-02 -6.18010163e-02
  9.91606712e-03 -2.09494494e-03  2.41463240e-02  3.22052650e-02
  4.86132279e-02  3.84361297e-03 -1.19498251e-02 -9.60628095e-04
 -1.13997534e-01 -2.17824187e-02 -5.58792390e-02  9.15367622e-03
 -8.62479769e-03 -2.62368340e-02  3.23679717e-03 -2.82216277e-02
  1.66203473e-02  1.23932771e-02 -7.79984370e-02  3.37543674e-02
  9.80043486e-02  6.17396794e-02 -5.36023416e-02 -2.73295082e-02
 -4.37831357e-02 -3.28039601e-02  1.38798656e-04 -5.53135835e-02
  3.13322805e-02  1.45491417e-02  1.21148722e-02  3.72152515e-02
 -1.81977265e-02  2.04879548e-02 -5.50231263e-02  3.60890627e-02
 -6.59352448e-03 -4.36691307e-02 -8.70679617e-02  2.58840714e-02
  2.89109331e-02  3.38586196e-02 -2.10219845e-02  5.13027981e-02
  5.52435778e-02  5.47038391e-02 -2.76211742e-02 -2.95840185e-02
  3.45293316e-03  9.78255365e-03 -9.11254734e-02  2.29895599e-02
  9.01133269e-02  4.21853513e-02 -1.75824277e-02  3.74367033e-33
 -7.93729722e-03  1.20220939e-03 -7.65881315e-02  9.76044685e-02
  5.93985915e-02 -6.05680011e-02  9.73851886e-03 -4.32126923e-03
  5.44070974e-02  1.07256837e-01  3.46021801e-02 -7.53901452e-02
  3.52806374e-02 -1.62294637e-02  3.75511460e-02  5.00624515e-02
  4.70811352e-02 -2.01899167e-02 -3.29498984e-02  7.25660101e-02
 -1.68711003e-02  3.61825190e-02 -5.69520809e-04  1.29054161e-02
 -5.82864322e-02  9.39490870e-02 -3.65922637e-02  3.61403897e-02
  3.65441516e-02 -9.94864106e-03  2.89596431e-02  4.93565761e-02
 -8.30426253e-03 -2.83726938e-02  3.16934921e-02  2.25883368e-02
  4.12307084e-02 -1.68720465e-02 -3.98306064e-02  3.22226286e-02
  1.36453837e-01 -7.39254814e-04 -1.98331792e-02  1.00447252e-01
 -8.49623792e-03  4.05098088e-02 -1.11643579e-02  3.02662645e-02
 -3.95160839e-02  1.69808399e-02  4.14584428e-02 -1.93931833e-02
 -5.94130643e-02  4.60596383e-02  2.53981035e-02 -3.10970675e-02
 -1.05775677e-01 -5.60910925e-02 -6.10580072e-02 -8.68348498e-03
 -1.24801602e-02  5.51457480e-02 -1.08039118e-01  3.68471108e-02
 -9.67275277e-02 -1.53591046e-02  1.86782163e-02 -2.40950882e-02
  4.22031095e-04 -4.02951837e-02 -1.23774465e-02 -3.77950259e-02
 -1.42504945e-02 -1.64273046e-02 -5.23026064e-02  1.74470637e-02
 -8.13520327e-02 -2.70874556e-02 -1.58212278e-02  1.04232039e-02
 -8.08312744e-02 -1.07540131e-01 -1.48519799e-02 -3.01885046e-02
 -8.82780105e-02 -2.82875225e-02 -5.53533027e-04  2.57935026e-03
 -9.13260784e-03  1.36039872e-02 -3.55117619e-02  3.88916470e-02
 -1.25106409e-01  3.43981944e-02 -3.54320221e-02 -1.38960106e-08
  5.41888662e-02 -7.08016455e-02  1.75380260e-02 -5.91897815e-02
 -1.44343888e-02 -2.14510597e-04 -2.05068476e-02  8.24092403e-02
  8.62330943e-02  1.06143937e-01 -8.99954140e-03  7.03351498e-02
  4.34746444e-02  2.11753324e-02  1.28591452e-02 -1.87780429e-02
 -4.23133373e-02  3.19506042e-02 -2.80897804e-02  1.27863744e-02
  2.57245693e-02 -3.07652988e-02  6.53957203e-02  3.91035266e-02
 -9.66141745e-02 -3.72873358e-02  4.45294194e-02 -1.85504071e-02
  7.93929864e-03 -1.62014458e-02  5.98579906e-02  6.90155923e-02
  2.45570783e-02  1.16725042e-02 -2.52039190e-02 -6.17082193e-02
  4.86882068e-02 -5.38016222e-02 -2.30083503e-02  1.50195537e-02
 -2.57034414e-03  6.45710528e-02  3.70848551e-02  1.84496567e-02
 -3.35254595e-02 -9.00502801e-02  2.42790431e-02  3.71634774e-02
  3.38827558e-02 -8.51295441e-02 -1.32026523e-02  7.24240905e-03
  4.71745767e-02  8.30229372e-03 -1.08865397e-02  4.50820290e-02
  3.43024433e-02  3.07960622e-02 -5.15435115e-02 -1.69488788e-02
  1.42157704e-01 -3.23175564e-02  3.84027287e-02  5.43064140e-02]"
421,Opportunities in Nutrition and Health,Social,advancements,1,0.32,"[-1.88228767e-02  3.86862941e-02 -2.78471829e-03 -2.19488591e-02
 -7.34114647e-02  1.60131082e-02 -1.60350613e-02 -1.44066690e-02
 -4.15074155e-02 -4.07204730e-03  6.37418330e-02  9.71201509e-02
  3.43273790e-03  3.42410170e-02  2.12435587e-03  2.70854738e-02
  1.59035958e-02  3.52215953e-02 -7.22291395e-02 -1.03546537e-01
 -1.42658979e-01 -3.07118222e-02  4.93145883e-02 -2.46727909e-03
  3.37095782e-02  5.25497086e-02 -5.87311313e-02 -8.33753869e-02
  5.37240654e-02 -1.85488742e-02 -3.60263772e-02  3.72392349e-02
  8.12385157e-02 -4.54933979e-02 -5.09476438e-02  1.38273342e-02
  6.76427111e-02  8.02480802e-02  1.79253761e-02  1.12620648e-02
 -6.11617416e-02 -1.09797448e-01 -3.14779952e-02 -1.40780648e-02
 -3.18336114e-03 -2.63631307e-02 -2.20746193e-02  2.55830074e-03
 -6.97609559e-02 -2.86569856e-02 -7.26165175e-02 -8.47030953e-02
  1.44023718e-02  2.64364537e-02  2.16077105e-03  1.26030762e-02
 -2.46094051e-03  1.61532089e-02 -5.13355481e-03 -5.87642193e-02
  3.03856134e-02 -1.82411317e-02 -7.31057003e-02  1.52892172e-02
  2.86999661e-02 -6.89806342e-02  1.74036548e-02  8.24352913e-03
 -8.24862160e-03  3.73675600e-02  1.92444567e-02 -1.49622941e-02
 -4.26787846e-02  1.17380708e-03  6.95971251e-02 -1.78539306e-02
  6.97168112e-02  4.03623693e-02  1.09674521e-01 -1.13822088e-01
  9.19999778e-02 -6.90278634e-02 -4.87720370e-02  4.62944470e-02
 -2.96709351e-02  3.15587246e-03 -9.07373205e-02 -2.89129354e-02
 -2.79156230e-02 -4.89835851e-02  2.97884177e-02 -5.40431477e-02
 -5.21797128e-02 -8.79325345e-03 -7.10970759e-02 -3.13428491e-02
 -7.21961856e-02 -6.10180609e-02  2.81712748e-02  1.75047904e-01
  6.10596326e-04  1.34634348e-02 -5.41304387e-02 -5.55896088e-02
 -2.09938362e-02 -2.76996456e-02 -1.27226980e-02  7.01171905e-02
  3.00274957e-02  1.88803598e-02 -6.35140669e-03  1.08256899e-02
 -1.00622736e-01  2.56758556e-02 -1.69147979e-02  2.93214675e-02
 -2.49647535e-02  4.94616590e-02  2.01100260e-02 -1.54714966e-02
  6.03862368e-02  3.93440649e-02  2.73140660e-03 -8.59798398e-03
 -3.58905457e-02 -3.10996342e-02 -3.56181376e-02 -6.09863514e-33
 -2.21261308e-02  3.11597660e-02  1.91619415e-02  1.30556256e-01
  1.06194913e-02  1.60982516e-02 -5.08459881e-02 -8.01132470e-02
  2.51088217e-02 -3.88201885e-02 -8.17631334e-02  1.29748181e-01
  1.21902768e-03  1.70642175e-02  1.71461284e-01 -7.27665499e-02
 -1.07390936e-02  7.10667297e-02  4.87316065e-02  7.50510441e-03
  3.13986577e-02 -5.22817262e-02 -7.49346334e-04  4.88383323e-02
  9.44068730e-02  2.16728039e-02  3.95415984e-02 -6.40251581e-03
 -5.10951551e-03  9.16512776e-03  5.31146899e-02  5.68628199e-02
 -8.41488019e-02 -7.11648017e-02 -3.61846834e-02  1.19576836e-02
 -1.83208585e-02 -1.72355875e-01  7.39016682e-02  2.39494592e-02
 -5.55865616e-02 -1.58165693e-02 -4.26200405e-02 -3.51908915e-02
  4.93335016e-02  6.20223992e-02  9.89157800e-03  2.67829299e-02
  1.49821453e-02  3.80802937e-02 -2.34695189e-02  5.48412800e-02
 -5.68067133e-02 -7.94769973e-02  7.30723590e-02 -2.51336768e-02
 -3.03001609e-02  3.91495600e-02  2.92616617e-02  2.34335754e-03
  5.22635616e-02 -8.16816837e-03 -2.69605443e-02  1.95392296e-02
 -5.15252054e-02  6.46864623e-02  5.22697717e-03 -3.62566337e-02
  5.30196428e-02  4.78546061e-02 -8.44472870e-02 -2.59244372e-03
  4.27242480e-02  2.18540933e-02  1.63053516e-02 -1.03707728e-03
 -5.00868708e-02  1.31518906e-03  7.60374516e-02  3.06939241e-02
 -2.45617479e-02 -1.38494959e-02 -1.17064733e-02  3.10254917e-02
  1.44105464e-01  1.65778643e-03 -3.21737491e-02  2.85146218e-02
  7.16747418e-02  3.35841067e-02 -1.02604128e-01 -3.44290882e-02
 -3.92783545e-02  9.38398093e-02 -1.45482067e-02  2.93037058e-33
 -1.44236097e-02  3.69412079e-02 -4.02363539e-02  3.85132171e-02
  7.00445026e-02  1.29135718e-04 -8.53077974e-03 -3.73397395e-02
  1.29423579e-02 -2.52477229e-02  3.45651768e-02  4.89819162e-02
 -1.63577944e-02  3.09055932e-02 -5.95391281e-02 -3.64868902e-02
 -1.46452449e-02 -2.90177260e-02 -2.07933709e-02  3.39164548e-02
  3.59159634e-02  3.35367694e-02 -2.97169909e-02  1.51656270e-02
  1.13985855e-02  1.04236742e-03 -9.09373984e-02  3.31962481e-02
 -5.87026924e-02  4.51473548e-04 -3.63514647e-02 -4.60444055e-02
 -4.16281335e-02  4.60273623e-02  6.31625298e-03  4.77688462e-02
  7.06249848e-02 -2.81144902e-02 -1.91732403e-02 -2.03710869e-02
  7.17604533e-02 -1.12783136e-02  3.16978395e-02  6.70499727e-02
 -7.60423578e-03  1.91962421e-02 -5.36030978e-02  4.40012440e-02
  2.38017812e-02 -1.23975733e-02  7.42709041e-02  1.87311210e-02
  1.04373973e-02 -1.46202371e-02 -5.04573667e-03 -7.12802634e-03
 -1.02812201e-02 -7.56204054e-02 -5.60867712e-02  7.72721097e-02
 -3.80836427e-02  1.88344792e-02  1.63101591e-02  5.76051623e-02
 -2.62851571e-03  1.04765324e-02  1.25485929e-02  2.79050618e-02
 -4.30679843e-02 -2.44996883e-02  9.60874408e-02  5.30728954e-04
 -8.88236985e-02 -1.62467677e-02 -6.62827939e-02  2.06149835e-02
  9.99828568e-04 -6.26422688e-02 -2.17467099e-02 -2.97405832e-02
 -1.00286625e-01 -5.99404722e-02  3.38221937e-02  2.01114975e-02
 -2.76014246e-02  3.57082896e-02  5.11985226e-03 -5.08581363e-02
  4.23985869e-02 -9.48386714e-02 -5.36749773e-02 -6.60818368e-02
 -7.94363916e-02 -6.41278736e-03  1.50680384e-02 -1.43416292e-08
 -4.07417007e-02  3.50562334e-02 -1.74253117e-02 -2.11791787e-02
  5.53064868e-02  3.50096747e-02 -7.54004568e-02  1.09931819e-01
 -7.47591723e-03 -6.00209795e-02 -2.56274901e-02  5.23876064e-02
  1.06632680e-01  6.00368492e-02  1.55404344e-01  6.58560405e-03
  1.22622726e-02  1.52558610e-02 -7.68273100e-02 -8.21657479e-02
  2.57618297e-02  4.86691110e-02  8.50377157e-02 -3.57241295e-02
 -3.08950506e-02  2.98380293e-03 -1.25846090e-02  4.68352959e-02
  1.89881108e-03  2.37233751e-03  4.94256765e-02 -1.13608316e-02
  7.34107122e-02 -1.43103385e-02  1.07105419e-01 -2.72565782e-02
  1.87476724e-02 -3.78843048e-03 -1.78686939e-02 -3.27510014e-02
 -2.35279873e-02 -7.83125218e-03  3.00188027e-02  8.02443549e-02
 -4.88250889e-02 -6.92888871e-02 -7.08127916e-02  2.75521129e-02
 -5.74374348e-02 -5.53386882e-02  6.44209981e-02  4.23292853e-02
  5.36624156e-03  4.90088575e-03  2.49782298e-02  2.70147026e-02
  2.31948644e-02 -5.67873903e-02 -5.34423329e-02  6.49048686e-02
  1.17364019e-01 -1.13484912e-01  7.26343766e-02  4.76509668e-02]"
422,Opportunities in Nutrition and Health,Social,economic,1,0.3195,"[-1.84907019e-02  4.03515995e-02 -5.57376370e-02  3.74768600e-02
  3.57613228e-02  1.71791520e-02  7.43514225e-02  3.33851911e-02
  1.32678151e-02  2.10913233e-02  3.46853696e-02 -8.32620915e-03
 -3.74769606e-02 -1.62910875e-02 -8.04248918e-03 -3.58067565e-02
 -3.16170081e-02 -5.81312813e-02 -1.32174522e-01 -6.25408590e-02
 -2.64618546e-02 -4.21193391e-02 -5.56381652e-03 -3.36444303e-02
 -4.24906202e-02  3.27847674e-02  6.48439815e-03 -8.08577694e-04
  9.42964666e-03 -5.47783077e-02 -3.06601971e-02  5.96908294e-02
  9.90773216e-02 -2.66925767e-02 -1.98567379e-02  3.60538531e-03
  4.21464257e-02  3.06285135e-02  2.71219667e-02  8.59286357e-03
 -1.84379257e-02 -8.01891312e-02 -6.08820915e-02 -3.23358215e-02
 -6.03209855e-03 -3.77575085e-02  5.56150079e-02  2.96109710e-02
 -2.71561760e-02  2.47075371e-02 -2.13688314e-02  2.52979863e-02
 -4.89961617e-02  5.37452893e-03  5.69734760e-02 -8.52786284e-03
  3.52010550e-03 -7.70587027e-02  1.92625336e-02 -1.14835873e-02
  5.19302972e-02 -5.11159860e-02 -7.04939365e-02 -3.34351370e-03
  1.46496683e-01 -2.41455249e-02 -3.87202129e-02  5.14335185e-02
 -1.48260772e-01  1.40185989e-02  6.85420483e-02 -9.37570557e-02
 -7.78939649e-02 -3.60320583e-02  2.04190556e-02 -6.07955679e-02
  4.09969017e-02  4.10943516e-02  5.10433652e-02 -9.25809890e-03
  8.92448500e-02 -8.11047629e-02 -1.20262071e-01 -1.04587516e-02
 -3.20450403e-02  2.99245381e-04  5.76904276e-03 -4.71718088e-02
  1.00547716e-01  2.15782598e-02  3.23878205e-03 -2.26931144e-02
 -2.02813577e-02  1.47824502e-02 -2.93720253e-02  5.96481003e-02
 -2.13122610e-02 -5.65184206e-02  1.51419966e-02  2.71599561e-01
  2.29324978e-02 -8.48648325e-03  1.24764489e-02  1.47740133e-02
 -2.55192500e-02 -1.06928878e-01 -6.72318088e-03  8.38562027e-02
  1.78631358e-02 -8.77227169e-03 -3.34713049e-02 -1.73807014e-02
 -1.10432515e-02  2.29490809e-02 -2.25071944e-02 -2.71245241e-02
  5.72964884e-02 -3.49939652e-02  7.06694415e-03  5.84329665e-02
  1.76551230e-02  1.20395515e-02 -4.26465534e-02  3.93276364e-02
 -3.80150303e-02 -1.02114148e-01 -6.98655024e-02 -5.78292454e-33
 -4.78248969e-02 -7.40044042e-02 -1.74056031e-02 -5.06014153e-02
 -8.74383450e-02  6.06859848e-02 -5.82498275e-02 -5.11002094e-02
 -1.50655359e-02  1.54464617e-02 -4.99679483e-02  4.26982418e-02
  2.19832286e-02  9.50444639e-02  1.47576824e-01 -1.71836875e-02
 -8.80586803e-02  4.65494134e-02  7.03267455e-02  3.94839384e-02
  1.74492951e-02  2.77229678e-02  4.51039784e-02  7.33510964e-03
 -1.87690146e-02 -2.09020991e-02 -1.11981332e-02 -4.38982137e-02
  1.14075407e-01  1.74082778e-02  6.75405413e-02  6.70662746e-02
 -1.63113587e-02 -4.28521633e-02 -6.76149875e-02 -3.21072303e-02
  5.36150439e-03 -4.28715721e-02 -2.61551677e-03 -1.10603524e-02
 -7.61493519e-02  4.00721980e-03 -6.47189468e-02  6.48625791e-02
  2.37897169e-02  1.19029675e-02  9.97753069e-02  2.03980543e-02
  2.28668191e-02 -4.30877134e-03 -2.25000046e-02  2.15869788e-02
 -6.09466843e-02 -1.14566438e-01  3.40627099e-04 -1.64004359e-02
 -2.13584639e-02 -8.05944949e-03 -1.80057976e-02 -2.45122202e-02
  1.77837838e-03  4.60313782e-02 -1.75594054e-02 -4.37928783e-03
 -3.23317125e-02  7.49693140e-02  1.33990757e-02 -1.38813350e-02
  3.72573324e-02 -1.93854030e-02 -1.06194122e-02  2.70420182e-02
  7.72800520e-02  2.50386223e-02  3.56858410e-02  1.04318790e-01
  1.53244184e-02  2.44335439e-02 -1.97372679e-02  1.14835668e-02
 -8.64282921e-02  3.85518279e-03  8.47041700e-03  8.52008164e-03
  3.37149277e-02  1.88803095e-02 -5.85900212e-04 -2.20300984e-02
  6.93623871e-02  4.59741540e-02 -8.75928476e-02  2.48796847e-02
 -4.36151549e-02  4.41962220e-02  4.96569537e-02  2.65819993e-33
 -2.54137404e-02  2.69799531e-02 -3.69004011e-02  7.01316893e-02
  1.17602125e-02 -8.29937588e-03 -9.39255394e-03 -7.02900216e-02
  1.21594705e-02  4.03347239e-02 -1.00348473e-01  1.41766286e-02
  1.15127325e-01  8.48430693e-02 -2.52612550e-02 -5.78037761e-02
  3.61873880e-02 -2.23281775e-02 -4.73351218e-03 -1.90742016e-02
 -4.98852096e-02  2.63305916e-03  5.04928678e-02  1.40454927e-02
 -2.48503443e-02  4.72339317e-02 -9.75202620e-02 -3.95913348e-02
 -7.32891485e-02 -1.05179744e-02  9.88389365e-03 -4.30553872e-03
 -2.75716968e-02  4.76669446e-02 -4.03655246e-02  1.23366825e-01
 -3.12868059e-02 -5.91562167e-02 -1.67298503e-02 -1.89650210e-03
  3.73726860e-02 -2.61138957e-02 -5.89939486e-03  5.13787530e-02
 -1.48962848e-02 -4.02687602e-02  1.20702209e-02  3.34578305e-02
  8.13616216e-02 -2.77841445e-02  8.37464482e-02  1.07145645e-01
  9.22173820e-03 -4.92944196e-02 -6.02031723e-02  1.07506393e-02
 -5.21206902e-03 -8.73564649e-03 -6.99362308e-02  5.88896275e-02
 -7.44375540e-03  6.32614791e-02 -1.20347301e-02  1.21366814e-01
 -3.79934832e-02  3.86329740e-02  1.97778437e-02 -6.63822144e-02
  6.42857030e-02 -7.83191249e-02  5.21705374e-02  2.40928270e-02
 -9.87423658e-02  4.31873016e-02 -2.12181062e-02  1.23107277e-01
 -2.30751485e-02 -2.37190886e-03  3.08553968e-02  1.00000640e-02
 -9.69070122e-02 -4.53036688e-02  4.01989408e-02 -4.75996844e-02
 -1.13494322e-01 -3.64988036e-02  1.18206199e-02 -3.65413912e-02
 -5.75158335e-02 -6.65835515e-02 -9.36726853e-02 -2.57132817e-02
  3.93128284e-04  2.35431269e-02 -1.22178691e-02 -1.45273216e-08
  9.76420101e-03 -6.87959045e-02  8.75197500e-02  4.99607697e-02
 -4.88906316e-02 -5.64619899e-02  2.83867549e-02  3.11135184e-02
  4.43051830e-02  1.12369210e-01 -2.09324937e-02  4.01181579e-02
 -1.21987043e-02  1.24368779e-01 -2.05932856e-02  4.08311337e-02
 -1.44534484e-02 -4.19498794e-03 -2.88074594e-02 -2.93319505e-02
  7.48598203e-02  3.74243222e-02  2.27925405e-02  1.25436056e-02
 -9.96709429e-03  1.89921688e-02  5.87882996e-02  3.51734906e-02
 -2.04706155e-02  4.85704504e-02  3.67124309e-03  1.68502573e-02
  4.96073568e-04 -3.66041064e-02 -4.07832861e-03 -4.41342369e-02
 -1.01781040e-02  1.81444380e-02  5.74877374e-02 -4.70501855e-02
  7.78905256e-03 -3.40198465e-02  3.72810522e-03 -2.99083050e-02
  8.62095356e-02 -2.03751903e-02 -3.93980518e-02 -2.15753410e-02
  3.64494137e-02 -5.33286035e-02  5.31478738e-03  3.41062658e-02
  2.40126494e-02 -5.79727441e-02  2.93064341e-02 -5.23534305e-02
  1.52527429e-02 -3.87708074e-03 -1.04476921e-01  3.27531956e-02
  7.09271580e-02 -3.25226076e-02  5.41969314e-02 -3.61004509e-02]"
423,Opportunities in Nutrition and Health,Social,cultivates,1,0.2955,"[ 2.42790114e-02 -7.36057386e-02 -4.21500392e-02  3.93610485e-02
 -4.07254398e-02 -3.23965400e-02  6.16572723e-02 -4.05144021e-02
 -1.09717306e-02  6.38458971e-03  1.49373129e-01 -4.80792671e-02
  3.26398760e-02  1.44898901e-02  2.08350699e-02  3.86914313e-02
 -3.87437083e-03 -6.55423058e-03 -9.80424359e-02 -2.87377778e-02
 -6.12866953e-02 -9.40052699e-03 -3.81056778e-02  3.55487913e-02
 -6.16452890e-03  3.48607339e-02 -3.32103893e-02 -3.83611023e-02
  2.30319854e-02 -4.02434617e-02 -1.82980467e-02  1.24813356e-01
  6.15375489e-02  1.44097405e-02 -1.18790725e-02  1.15810528e-01
  1.83065403e-02 -3.99919376e-02  5.41724414e-02  6.71419725e-02
  1.36468215e-02 -9.96604264e-02  2.63437070e-02 -3.76564711e-02
 -5.52994050e-02 -5.85835287e-03 -3.38589698e-02 -1.18616996e-02
  7.97833204e-02 -1.73258986e-02 -2.46102065e-02 -1.02580413e-02
  1.15439366e-03 -1.25994030e-02 -3.55794430e-02 -1.42481271e-02
  9.82935424e-04  2.63045244e-02 -1.17361061e-02 -2.31109168e-02
  1.12335034e-01 -3.18066105e-02 -6.47600815e-02  7.09828734e-03
  2.98682135e-02 -2.51022559e-02 -6.68922067e-02  4.60029058e-02
  5.52762393e-03 -1.93955768e-02  4.06244956e-02 -2.29204576e-02
 -1.66106154e-03  8.92660543e-02 -6.10586256e-02  2.37024412e-03
 -1.68054327e-02 -4.22034301e-02  3.77452150e-02 -9.27320644e-02
  8.45607296e-02 -4.44511548e-02 -5.19236960e-02  1.23474663e-02
 -2.39870101e-02  9.71835479e-03  4.17226553e-02  3.83953452e-02
  3.86868268e-02  6.65374398e-02 -1.03190774e-02  4.52536019e-03
 -7.76501000e-02 -3.66696864e-02 -1.06482111e-01 -2.54019070e-02
 -2.31802627e-03 -1.07752554e-01 -8.44960809e-02  1.41085222e-01
 -6.36593951e-03  3.24953459e-02 -3.40561420e-02 -6.48238957e-02
 -5.25303036e-02 -5.29487357e-02 -1.22174226e-01  5.62555790e-02
  5.34847155e-02  7.01709837e-02 -9.35031250e-02  4.86662202e-02
 -6.54531792e-02  2.66296268e-02  3.53041627e-02  1.39047988e-02
  7.86380321e-02 -6.41481951e-02 -4.51392122e-02 -1.05157085e-01
  6.02127649e-02 -2.14508735e-02  4.72667590e-02 -2.98786275e-02
 -5.05019315e-02 -3.05252485e-02 -6.10332005e-02 -3.45399619e-33
 -2.83660330e-02 -1.96666550e-02  3.50755476e-03  9.09288898e-02
  1.43474648e-02  3.78008634e-02 -3.11281905e-02 -2.85592042e-02
 -3.04664243e-02 -1.20549269e-01 -6.65280074e-02  4.80938144e-02
 -2.71122307e-02 -2.92435326e-02  1.47410393e-01 -3.51281874e-02
  2.50741519e-04  3.32486670e-04  5.87339737e-02  1.94978230e-02
 -4.94051054e-02  5.27016781e-02 -3.64374556e-02  9.25569460e-02
  3.60191688e-02 -1.11662507e-01  3.45658734e-02 -3.21216695e-02
 -2.00683139e-02  3.50127406e-02  9.42937583e-02 -2.60536317e-02
 -5.45628816e-02 -5.95162623e-02  4.30457667e-03  7.47559667e-02
  2.70893574e-02 -6.19880632e-02  5.18251397e-02 -2.53517441e-02
 -2.50449236e-02  4.96775135e-02  8.43872726e-02  3.40164378e-02
  1.21486932e-02  1.19099602e-01  3.49222906e-02  4.44310158e-02
  4.83073498e-04  4.79638949e-03  1.01969223e-02  1.54943215e-02
 -7.73618172e-04 -3.01148631e-02  1.52638797e-02 -3.52690481e-02
 -7.48447888e-03  5.75641841e-02 -2.42528003e-02 -3.75196710e-02
  7.15866834e-02  7.48659968e-02 -8.52330178e-02  5.52198365e-02
 -6.00737594e-02 -3.74967083e-02 -6.75400645e-02  3.13024335e-02
  9.18233916e-02  6.18828498e-02  2.48221885e-02  7.41588068e-04
 -3.34467068e-02  3.08533944e-03 -9.54572484e-03 -1.21788448e-02
 -2.67768614e-02 -2.47297715e-03  6.20967476e-03  1.05791196e-01
  6.22028746e-02 -4.46975864e-02 -8.50229189e-02  6.77128509e-02
  2.89233550e-02  5.50616570e-02  7.86080025e-03 -2.80141700e-02
  4.56320606e-02  1.69486180e-02 -3.97559665e-02  3.74929570e-02
  2.29498018e-02  6.22447357e-02 -6.33180737e-02  1.61395246e-33
  5.24497889e-02 -2.35937722e-02  1.99856513e-04  8.83681998e-02
  2.64904834e-02  3.37983184e-02 -6.43046871e-02 -8.87421705e-03
 -2.75093783e-02 -5.47425151e-02 -7.85686299e-02  3.86294536e-02
  2.99669392e-02  4.00573462e-02 -4.45296057e-02 -2.09143572e-02
  5.46739809e-02  7.99314007e-02 -3.27095911e-02  2.31714323e-02
 -7.49930963e-02  8.64518732e-02 -6.09539747e-02  5.84452739e-03
 -4.61911112e-02  3.15578729e-02 -8.88532773e-02  1.11562088e-01
 -6.42992556e-02 -2.31019594e-02  5.27798869e-02  1.33414622e-02
 -6.23281449e-02 -5.57584735e-03 -2.16268618e-02  1.09636433e-01
  4.29065712e-02  3.10740564e-02 -7.43308244e-03  1.85390320e-02
 -9.06433724e-03  1.66250579e-02 -1.76065713e-02  1.61759742e-02
 -1.63307954e-02  2.14024149e-02  2.77606770e-02 -6.24950044e-03
  2.97455397e-02  3.42501700e-02  1.13562774e-02 -1.54854720e-02
 -2.01700535e-02 -5.26182279e-02 -4.07104008e-03 -3.83687057e-02
 -3.55411917e-02 -3.74923972e-03 -1.69506799e-02  7.60354288e-03
  1.77350175e-02  6.01192974e-02 -6.22428581e-02  1.99693311e-02
 -7.58777857e-02  1.50346356e-02  5.00976779e-02  8.69849846e-02
 -5.69818057e-02 -5.31002358e-02 -7.25856842e-03  8.52675736e-03
 -4.54496443e-02 -5.71825020e-02 -1.05144650e-01  4.02309373e-02
 -3.84472720e-02 -3.94120999e-02  2.22874302e-02 -1.03414014e-01
 -1.69876404e-02 -2.31115595e-02  5.67095838e-02 -1.07483445e-02
 -5.16019128e-02 -3.58333625e-02  6.19225241e-02 -4.80105057e-02
  2.51506064e-02  3.44101489e-02 -1.65265389e-02 -5.95400780e-02
 -5.94899543e-02 -5.08334450e-02  5.81851378e-02 -1.43988848e-08
 -5.80522865e-02 -1.27313072e-02  1.85951050e-02  2.57893801e-02
  6.14221059e-02  1.64369382e-02  5.61581813e-02  5.44691458e-02
  2.66083628e-02  2.38736439e-03 -1.43298775e-01  6.88021779e-02
 -5.88426832e-03  9.58836898e-02  6.54608086e-02 -3.92629988e-02
  6.92684343e-03  6.02533966e-02 -7.49445409e-02  2.64801867e-02
 -6.95532328e-03  2.15136893e-02  6.48628995e-02 -1.00667849e-02
 -5.97533025e-02 -2.01819632e-02 -1.89628769e-02 -6.76318035e-02
  6.51851594e-02  4.29694504e-02  9.20667425e-02  6.12596087e-02
 -1.75406933e-02 -3.80571000e-02 -1.38569064e-02 -1.15588792e-02
 -3.56256180e-02 -2.23616771e-02 -3.61963734e-03 -1.34629495e-02
 -5.23872711e-02 -7.13763013e-02  3.43392938e-02  6.02757074e-02
 -7.86299929e-02 -2.68769413e-02  1.62167810e-02  7.30544776e-02
 -4.56104428e-03 -5.82501814e-02  7.53661096e-02 -1.22769941e-02
  5.05807512e-02 -1.88744050e-02 -4.73762453e-02 -5.43106534e-02
  1.59740690e-02  2.95340270e-02  1.82739850e-02 -6.64411997e-03
 -1.02794860e-02  1.24850422e-02  1.26673684e-01 -4.31842655e-02]"
424,Opportunities in Nutrition and Health,Social,medical,2,0.2917,"[-6.21454325e-03  6.38702065e-02  2.87156412e-03  2.88592614e-02
 -7.13092312e-02 -2.54122876e-02  1.12864695e-01  1.26642048e-01
  5.71475876e-03  3.08157504e-03 -6.84368983e-02  1.90031901e-02
 -4.89114001e-02  2.46144668e-03 -9.92990062e-02 -9.26958323e-02
 -4.61870357e-02 -4.87984642e-02 -3.64022106e-02  2.49665398e-02
 -7.88234323e-02  1.17776096e-01  5.03609050e-03  4.26639356e-02
 -4.04549316e-02  3.79492901e-02 -2.76958495e-02 -5.81676140e-02
  2.04833597e-02 -5.66992015e-02  3.82475816e-02  2.22091600e-02
  9.87155661e-02 -6.84263371e-03 -1.31111722e-02 -3.21089104e-03
  1.68893050e-04  8.72316863e-03 -9.61408298e-03  6.87857866e-02
 -1.50961503e-02 -5.41682988e-02  2.27839407e-03  1.25826756e-02
  2.77167503e-02  1.72939766e-02  8.14332161e-03  3.55002703e-03
  5.97102009e-02  5.39185740e-02 -7.85245597e-02 -7.78898690e-03
 -6.46227077e-02  8.05453062e-02  4.27727625e-02 -6.20202906e-02
 -2.45368201e-02 -6.02689758e-02 -1.15704142e-01 -3.45119946e-02
 -5.59735298e-03  4.61571030e-02  2.40359195e-02  5.31065427e-02
  3.41981351e-02 -2.00385805e-02 -8.73756409e-03 -3.09848469e-02
  3.10111623e-02 -1.90264862e-02  3.65482271e-02 -8.79008546e-02
  9.67269484e-03  1.13899529e-01  7.41391405e-02  9.31220967e-03
  3.76198739e-02 -4.05164175e-02  6.10606484e-02 -3.53288986e-02
  7.85677657e-02 -4.15360965e-02 -8.86506066e-02  1.78410448e-02
 -3.67599018e-02  8.03532824e-03  7.27239717e-03  4.14747261e-02
 -7.48833567e-02 -3.58211137e-02 -3.39470105e-03 -8.03488418e-02
  3.09472941e-02 -8.48453771e-03 -9.90754552e-03  2.91170999e-02
 -7.50540476e-03 -8.12299103e-02 -3.97865064e-02  1.69945657e-01
  1.19365258e-02  2.84580532e-02  1.06379027e-02  7.95125142e-02
 -5.63671766e-03 -4.44930792e-02  6.71828957e-03 -3.02936751e-02
  1.91008858e-02 -3.61690484e-02 -1.81651041e-02  4.53694314e-02
 -1.57240294e-02  1.03000477e-02 -3.69153991e-02  1.07885592e-01
  8.93308595e-03 -7.47113442e-03  4.07404378e-02  6.23418018e-02
 -2.82603912e-02 -2.41460092e-02 -7.57328719e-02 -6.41977265e-02
 -1.67022217e-02 -8.99335667e-02  5.26322424e-03 -6.39153600e-33
 -3.32362801e-02 -7.98491240e-02  8.97303000e-02  7.92630389e-03
 -1.06841214e-02  5.39999828e-02  1.99527573e-02 -6.18701242e-02
  3.98045033e-02 -2.21443605e-02 -1.88360680e-02  2.01820079e-02
  3.17762629e-03  3.05550266e-02  1.33411484e-02  1.63041037e-02
 -8.06819871e-02  6.25618622e-02 -4.51932326e-02  3.34709920e-02
 -4.62006172e-03  5.31698577e-02 -7.55876526e-02  5.65053262e-02
 -4.43972424e-02  3.70206982e-02 -6.51067495e-02 -9.00646821e-02
  1.18281327e-01 -1.11019947e-02 -2.89502554e-02  9.57562923e-02
 -1.80981588e-02 -8.16409290e-02 -3.57137471e-02  2.51982678e-02
 -4.69091348e-02 -2.97978763e-02  2.60065496e-02  2.44670757e-03
 -3.77724245e-02  4.80210828e-03  8.56517907e-03  4.02440280e-02
  6.26134053e-02  5.12505509e-02 -4.05847803e-02 -2.72977576e-02
 -9.59823355e-02 -3.09125520e-02 -1.64586268e-02 -1.97400488e-02
  3.19426358e-02 -7.31447190e-02  6.23499304e-02 -1.15198120e-02
  2.98929010e-02  8.86611920e-03 -4.46134247e-02  3.12276334e-02
  1.12800762e-01  8.17693546e-02 -2.43115108e-02  5.82576729e-02
 -1.99377835e-02 -7.12556541e-02  1.21204890e-02 -7.69456476e-02
  5.53109273e-02 -7.03227986e-03 -7.93007314e-02  5.28077967e-02
  2.30636019e-02  2.97775138e-02 -6.67828992e-02  1.97135992e-02
  1.55493766e-02 -2.54105050e-02 -5.06063178e-02 -3.18509564e-02
 -2.09216252e-02  1.84600763e-02 -3.18982685e-03  8.54972377e-02
  8.35241973e-02  1.53882243e-03 -5.40304892e-02 -8.34243745e-03
 -2.81483680e-02 -6.25737198e-03 -1.41626030e-01  2.26013456e-02
  2.24663839e-02  6.99742809e-02 -2.87960153e-02  3.58422297e-33
 -1.82716250e-02 -2.32281704e-02 -5.34452274e-02  8.54628310e-02
  9.85683128e-02 -1.15873208e-02  3.79460528e-02  2.06795032e-03
  2.06154808e-02  9.19316560e-02  2.54980288e-02 -6.49507716e-02
  6.60410943e-03  2.97567854e-03 -2.93862466e-02  2.65260716e-03
 -8.16638116e-03 -8.90076254e-03 -4.33348194e-02  8.06797892e-02
 -3.39984298e-02  8.33437592e-02 -2.30663531e-02 -6.20080438e-03
 -1.95577405e-02  7.35866353e-02  7.09456508e-04  5.44580119e-03
 -4.15344499e-02 -4.93013524e-02 -3.42421457e-02  3.59621048e-02
 -1.87066942e-02 -6.12623245e-02  1.19720679e-03  7.42007270e-02
 -1.92424504e-03  4.62773070e-03 -3.07133328e-02 -1.93348899e-02
  1.33792490e-01 -3.40283401e-02  4.98261936e-02  1.14362426e-01
  2.52896883e-02 -3.39146815e-02 -7.78463930e-02  3.20863761e-02
  2.33268775e-02  1.44419304e-04 -5.87377809e-02 -2.26885080e-02
 -1.26683377e-02  2.02618390e-02 -1.37886712e-02 -3.20059620e-02
 -1.25283271e-01 -7.91150928e-02 -5.19869886e-02 -8.94927047e-03
  6.87672943e-02 -8.68122093e-03 -6.93385750e-02  4.90846857e-02
 -1.00546971e-01  3.56367379e-02  6.43658116e-02 -6.60427986e-03
 -4.82707545e-02  7.14974478e-03  9.45763662e-02  4.00599167e-02
 -4.22955677e-02  6.52679279e-02  3.41313072e-02 -1.67816002e-02
 -4.91188318e-02 -3.30253667e-03  7.04006583e-04 -4.39155512e-02
 -1.64497457e-02 -1.13920502e-01 -6.77250372e-03  9.81959626e-02
 -8.05692375e-02 -1.24732768e-02  5.17766736e-02 -1.15098692e-02
 -4.71720137e-02 -5.93918301e-02 -4.80977772e-03  1.89454891e-02
 -5.51830232e-02 -8.22814368e-03  1.68566518e-02 -1.29819808e-08
  8.34629592e-03 -2.84557343e-02 -8.06732196e-03 -6.02505505e-02
  8.30179430e-04 -5.58937006e-02 -7.44065195e-02  5.78930900e-02
  2.66289413e-02  4.10402864e-02 -7.10054263e-02  4.40897048e-02
  4.54304442e-02  7.27423094e-03  7.36848563e-02 -1.12617156e-02
 -2.35205814e-02  5.59056327e-02 -1.85736343e-02 -4.70718220e-02
 -5.43197151e-03 -2.80221961e-02  5.55629842e-02  4.79273088e-02
 -2.07157154e-02 -1.11515531e-02  6.66873530e-02  3.06803696e-02
 -2.31520738e-03  3.42610665e-02  2.42713857e-02  4.79334891e-02
  2.46534385e-02 -4.64607868e-03 -4.71506501e-03 -9.24701244e-02
  6.48179725e-02 -8.97080973e-02  2.98895384e-03 -4.25444059e-02
  2.64944918e-02  4.19449992e-02  6.81459233e-02 -1.07498718e-02
  1.73133332e-02 -8.04779157e-02  6.47066161e-02  2.69723870e-02
  4.08798642e-02 -9.17003900e-02  2.65208166e-02  1.42166857e-02
  4.14849706e-02 -3.10428850e-02 -1.90383103e-02  7.48415217e-02
  2.82956082e-02  2.62554754e-02 -1.12390131e-01  2.69580185e-02
  1.47969767e-01  1.95667683e-03  6.90466389e-02  6.78179041e-02]"
425,Opportunities in Nutrition and Health,Social,welfare,1,0.2873,"[-7.72912949e-02  8.39176327e-02 -2.17696819e-02  1.02610374e-02
  3.14722885e-03  7.87320584e-02  8.96833986e-02 -1.72327328e-02
 -5.54284900e-02  4.59120460e-02  8.00532773e-02  5.33020496e-02
  1.40673732e-02 -2.39847526e-02  3.94226685e-02 -4.98802448e-03
  7.92655274e-02 -1.73437949e-02 -7.71860033e-02 -1.14002079e-02
 -1.09309331e-01 -1.12529453e-02 -1.41975991e-02  6.57071779e-03
 -4.74621691e-02  3.62724252e-02 -4.26216684e-02 -3.11480239e-02
  5.92372492e-02 -2.51125563e-02  8.15103799e-02 -2.51793005e-02
  1.99946743e-02  5.10350103e-03 -5.22359982e-02  2.65770890e-02
  6.25941530e-02 -5.98153099e-02 -3.70085463e-02 -4.19217683e-02
 -3.05956136e-02 -7.96274692e-02 -9.40925926e-02  1.75835025e-02
  3.36910994e-03 -5.65667078e-03  5.35168722e-02  1.63284931e-02
  5.95096946e-02 -1.64184887e-02  7.27632493e-02  2.68255305e-02
  2.10835151e-02  6.48908988e-02  3.41563001e-02 -2.84131933e-02
  3.22472975e-02  8.05925205e-03 -3.65328938e-02  2.41525378e-02
  9.88686923e-03 -1.97675955e-02 -3.44632976e-02  8.19125772e-03
  1.32209182e-01  6.02377299e-03 -2.51602903e-02  4.20666039e-02
 -3.94247994e-02 -3.85915712e-02 -4.50630812e-03 -4.57256809e-02
  6.30246922e-02 -1.70470998e-02  4.76553030e-02 -7.68425167e-02
  4.23835926e-02  2.27975454e-02  4.48497646e-02 -7.82300010e-02
 -9.81088262e-03  1.04404008e-02 -6.91562444e-02  6.18881099e-02
  7.62576412e-04 -1.42217018e-02 -1.69698913e-02 -3.58921513e-02
  5.50959185e-02  6.49135420e-03 -2.16112472e-02  2.26101484e-02
  3.71062867e-02 -2.84023639e-02 -3.09519693e-02 -1.48215098e-02
  5.01365028e-03 -3.03616114e-02 -1.33688807e-01  2.45480597e-01
 -2.20666472e-02 -1.20441550e-02  5.78618161e-02  3.08010671e-02
 -8.73377267e-03 -8.03508088e-02 -9.64913592e-02  1.04626812e-01
 -1.27165625e-02  2.37242654e-02 -4.66499776e-02 -1.90242212e-02
 -4.40061502e-02  4.23999988e-02 -7.04554096e-02 -6.20791912e-02
  6.29417226e-02 -5.77971600e-02  1.91788692e-02 -4.54635583e-02
  3.75541039e-02  2.84252875e-02 -4.92059477e-02  5.20705506e-02
 -4.90502715e-02 -6.18571192e-02 -5.72572611e-02 -5.81600258e-33
  1.79710910e-02 -2.88421884e-02  3.55610773e-02 -7.42463991e-02
 -4.91310805e-02 -6.50458690e-03 -1.91946384e-02 -5.21459430e-03
 -3.17146555e-02  1.00720271e-01 -1.55186877e-02  3.09156738e-02
  5.03950007e-02  4.71031256e-02  5.24781533e-02 -2.10065804e-02
 -9.99620408e-02  4.61741611e-02 -7.63783697e-03  5.68281300e-02
  2.75929626e-02  8.55697840e-02  2.98994128e-02  3.16002406e-02
 -2.61442829e-02 -3.92037183e-02 -1.94959925e-04 -9.52181146e-02
  4.29706313e-02  8.78843758e-03  1.80277918e-02  6.83311075e-02
  2.68333182e-02 -7.62535036e-02  3.25441249e-02 -7.50377178e-02
  4.74651984e-04 -3.82912196e-02 -2.39003655e-02 -8.64444748e-02
  3.09397932e-03 -6.71491306e-03  1.26808554e-01  1.69742480e-02
  5.31749129e-02  3.12429275e-02  7.26248622e-02 -3.45080420e-02
 -7.00826719e-02  2.79413313e-02  2.43008286e-02  2.99325623e-02
 -7.77660236e-02 -7.27560297e-02 -3.75923105e-02 -8.00481439e-02
 -3.31530161e-02  5.35615673e-03 -4.71555963e-02 -8.38875622e-02
  3.56790200e-02 -1.21582948e-01  1.62611145e-03 -3.48549187e-02
 -3.63216065e-02  2.24160659e-03  1.37939360e-02 -6.46727951e-03
  1.25819193e-02  1.53525099e-02 -3.00391167e-02  6.14675246e-02
  7.06873089e-02  4.63116206e-02 -2.50365548e-02  1.30736351e-01
  4.86470871e-02  1.82607826e-02 -2.13775784e-02 -3.54944170e-02
  2.87902262e-02 -2.20953226e-02  1.36297597e-02  4.70174989e-03
  9.34137702e-02  1.22802489e-01 -6.91428557e-02 -3.56342643e-02
  4.56665903e-02 -4.22995202e-02 -5.75937368e-02  7.02372938e-03
 -8.68440885e-03 -7.54439319e-03  1.65079106e-02  3.80771053e-33
 -2.77774557e-02 -3.35388258e-02 -6.58994764e-02 -5.24511598e-02
  4.12597843e-02 -8.16377811e-03 -4.05568443e-03 -8.03346708e-02
 -1.18546337e-02  1.49740279e-01 -7.82440379e-02 -5.44820242e-02
  6.09699041e-02  8.33124444e-02 -7.57437497e-02 -3.00989002e-02
  2.48551387e-02  9.95754171e-03  3.51616330e-02 -1.94369815e-04
 -5.04737757e-02  1.25960216e-01  4.73764353e-02  1.03785478e-01
  2.57816128e-02  6.79452792e-02 -5.52400388e-02 -1.58019476e-02
  5.88441603e-02  6.60209684e-03 -1.34915216e-02 -2.93691419e-02
 -4.32046689e-02 -2.30531283e-02 -4.95719686e-02  8.61913487e-02
 -1.12642879e-02  5.18888421e-02 -4.05088365e-02 -1.82910415e-03
  6.19103797e-02 -5.14980331e-02 -1.99493971e-02  9.13405269e-02
 -1.02335596e-02  7.79585121e-03 -8.73354003e-02  4.42070626e-02
 -1.52490865e-02  4.90548508e-03 -9.97493553e-05  5.11450274e-03
  9.21325460e-02  3.21063139e-02 -2.41720807e-02 -2.87614707e-02
 -2.61984728e-02 -6.78504929e-02  2.03828570e-02 -2.86896508e-02
  8.82001780e-03  1.30181710e-04 -6.03814386e-02  8.05609897e-02
 -4.14695181e-02 -5.22041842e-02 -2.54838876e-02 -9.98554006e-02
  1.41983023e-02 -1.79861742e-03  8.77822787e-02 -1.00187324e-02
 -1.60532556e-02 -7.32909143e-02 -4.98557687e-02  1.10089809e-01
 -1.87519509e-02  3.37852091e-02 -4.47158851e-02  3.84276286e-02
  4.82024346e-03 -1.09527066e-01  3.75072211e-02 -4.64473180e-02
 -9.14821178e-02 -1.73350666e-02  6.24096990e-02  1.55729381e-02
 -2.25908076e-03 -6.49804622e-02 -6.93693236e-02  1.50157232e-02
 -5.69092669e-02  7.68321157e-02  1.97559148e-02 -1.22567050e-08
  1.11454010e-01  1.64566608e-03 -6.08154088e-02 -2.77828015e-02
 -1.96316540e-02  1.39221363e-02 -5.72493970e-02  4.04698998e-02
  3.34303454e-02  5.93294837e-02 -2.54338104e-02  7.71900788e-02
 -6.46145782e-03 -7.45328027e-04 -3.36902984e-03  3.12801115e-02
 -3.88302095e-02  1.15179811e-02 -3.21298167e-02  2.85592303e-02
  4.39994857e-02  1.48846600e-02 -4.15638415e-03  2.49314476e-02
 -1.40798395e-03  1.56378001e-02  5.19840494e-02  2.02264991e-02
  2.13864986e-02 -3.08755739e-03  3.19880210e-02 -1.71140265e-02
 -4.01704833e-02 -1.39403734e-02 -7.24266190e-03  6.83740806e-03
 -3.37322280e-02  2.84332540e-02  4.57853004e-02 -5.64213134e-02
  1.52507182e-02  6.50205314e-02 -1.65396482e-02  2.82234550e-02
  6.16261642e-03 -1.04115522e-02 -1.06827885e-01 -1.16539199e-03
 -1.57951098e-02 -6.78845868e-02 -1.45028401e-02  2.53996085e-02
  3.16022825e-03 -1.39247207e-02  2.96912137e-02 -3.64529751e-02
  5.06486930e-02 -2.25774944e-02 -4.87399995e-02  4.68514301e-02
  1.00451864e-01  2.22007800e-02  8.99328515e-02  1.26759894e-02]"
426,Opportunities in Nutrition and Health,Social,disparities,1,0.2845,"[ 6.59997240e-02  1.90803851e-03  8.56656730e-02  2.07723863e-03
 -7.86883235e-02 -1.00231254e-02 -9.17495508e-03 -2.61702072e-02
 -1.36107383e-02 -3.72794271e-02 -2.44418830e-02 -9.27761495e-02
 -2.44994112e-03  2.09885947e-02  4.48918566e-02 -3.56456786e-02
  3.84922326e-02 -3.62439593e-03 -1.50295794e-01 -2.17971783e-02
  1.97400115e-02 -5.06796651e-02 -7.43350089e-02  2.55059768e-02
 -1.74053956e-03 -3.90613340e-02  6.92146719e-02  5.15273549e-02
 -3.98950726e-02 -6.20440021e-03 -8.63695331e-03  3.84975933e-02
  9.51634198e-02 -1.54633336e-02 -3.36588025e-02  3.28527018e-03
  7.10343644e-02  4.87038754e-02 -2.25262425e-04 -7.91603606e-03
 -1.59544107e-02 -8.59393086e-03  2.89363936e-02  3.62605117e-02
 -3.70898703e-03  7.49265477e-02 -1.40315630e-02  9.82803665e-03
 -3.09217833e-02 -2.42322031e-02  8.92071240e-03  6.58315644e-02
 -2.89670229e-02  4.49311957e-02 -3.33917476e-02  1.92465633e-02
 -6.04547700e-03  1.40861152e-02 -1.02024348e-02  2.02091914e-02
  5.77487648e-02 -7.08978204e-03 -4.68918122e-02  3.88454124e-02
  4.59032133e-02 -6.43622726e-02 -7.56851509e-02 -1.87240634e-02
 -6.65968731e-02  5.73873743e-02  2.39964910e-02  4.03832197e-02
 -3.12619656e-02  2.59128585e-02  1.08871132e-01 -4.96473759e-02
  1.77975930e-02  2.30450612e-02 -1.01444600e-02 -3.27899456e-02
  7.34706447e-02 -3.71828377e-02 -9.68606677e-03  7.93911237e-03
  3.24809402e-02 -1.48224086e-03 -6.23049065e-02  7.18097994e-03
  2.51699854e-02 -2.27756929e-02 -9.09467880e-03  1.66857603e-03
  4.00321223e-02  1.27324369e-02  1.63550992e-02 -7.82519579e-03
  1.09096849e-02 -4.68899570e-02  8.55217949e-02  1.48714960e-01
 -3.21940668e-02 -4.02178206e-02 -6.97890520e-02 -2.23685522e-02
  1.28893871e-02 -3.53440456e-02 -7.77832791e-03  5.75969890e-02
 -3.67501378e-02  1.06117781e-02  2.34016515e-02 -6.29385933e-02
  3.18928696e-02  1.83168799e-02 -2.73752175e-02 -7.07550421e-02
  6.69065416e-02 -4.61363606e-02  1.92244910e-02 -1.08056990e-02
 -1.07915275e-01 -2.85470672e-02 -4.53578122e-02  1.87484047e-03
 -4.91989637e-03  6.42659666e-04 -3.62246558e-02 -2.13746585e-33
  5.10650612e-02 -9.20138285e-02  4.25499827e-02 -2.05406975e-02
  7.93664902e-03 -4.27282713e-02 -7.42572695e-02 -3.21345665e-02
 -5.44703417e-02  2.27881279e-02 -3.10949404e-02  9.01641324e-02
  1.20376805e-02  2.44682003e-02  1.13067545e-01  9.69089009e-03
 -3.23057137e-02  9.50914621e-02 -7.94426650e-02  4.18439694e-02
  6.16808934e-03  8.67854804e-03 -2.04502568e-02  8.98719430e-02
 -2.27156747e-02 -1.11863073e-02 -4.24036682e-02  1.76057611e-02
  4.93121445e-02 -2.94195558e-03 -2.92288288e-02  1.78750660e-02
 -4.37477827e-02 -7.80846551e-02  2.36641876e-02  4.17148545e-02
  3.54516022e-02  1.80489309e-02 -8.86149798e-03 -5.20320013e-02
 -6.81833923e-02 -4.61112410e-02  3.59939225e-02 -3.71940471e-02
  9.45160389e-02  6.98406100e-02  1.14824347e-01  2.31297072e-02
 -4.71833833e-02  8.01226869e-02 -7.92378336e-02  7.10406527e-02
 -4.86152694e-02 -5.36899902e-02  2.64290776e-02 -9.58353840e-03
  1.98850054e-02  2.55533494e-02  8.65950063e-02  1.33869201e-02
 -4.35043387e-02  5.98443076e-02 -2.70342510e-02 -5.50446212e-02
  3.32035720e-02 -3.62106487e-02 -2.43409141e-03 -5.54947043e-03
  2.83790771e-02  4.30818312e-02  3.08950618e-03 -3.33275869e-02
 -3.55204269e-02  9.10850018e-02 -3.92597653e-02  7.85812587e-02
  1.58783942e-02  1.38150121e-03  5.27911708e-02 -3.46042290e-02
 -6.01065978e-02  4.18596417e-02 -2.91192587e-02 -8.43639895e-02
 -1.29288081e-02  3.71410139e-02  1.71714579e-03 -6.60248473e-02
  3.05793341e-02 -1.55607434e-02 -9.91221815e-02 -5.69952093e-02
 -1.34028057e-02 -1.36355413e-02  1.88940689e-02  7.06329588e-35
 -8.68454352e-02  4.52563353e-02 -3.08795664e-02  6.70065135e-02
  2.64974814e-02 -1.84163395e-02  8.30305666e-02 -1.97301768e-02
  3.16586867e-02  8.11955929e-02 -4.95610833e-02  1.54051473e-02
  1.56677216e-01  6.44770712e-02 -6.18786812e-02 -2.06268448e-02
  5.98708242e-02  4.00002953e-03 -1.77668594e-02  2.41800155e-02
  6.74388930e-02 -2.65224632e-02 -4.76350710e-02  5.65549433e-02
 -7.79388994e-02  2.42061466e-02 -2.61088274e-02 -6.09245822e-02
 -1.02052040e-01 -5.99283874e-02 -6.59705251e-02 -8.17618892e-03
  1.62071809e-02 -4.56080548e-02 -6.37919009e-02 -6.25651553e-02
 -6.79136738e-02 -2.91245058e-02 -8.08113664e-02 -3.89707945e-02
  8.17788939e-04 -4.34547327e-02  3.99212055e-02  4.49173488e-02
  3.26397782e-03  5.19123450e-02  1.27380956e-02  1.05262306e-02
  3.29398736e-02 -1.93265192e-02 -5.21536544e-02  2.83935722e-02
 -4.40380014e-02  8.56592804e-02  1.59326643e-02 -6.94941804e-02
 -1.65176368e-03  1.52441747e-02 -5.37817553e-02  8.72792155e-02
 -2.53794948e-03  1.49385566e-02 -1.07264966e-01  1.15067005e-01
  3.08621209e-02 -2.75175162e-02 -5.65738827e-02 -6.45475835e-02
  4.37806696e-02 -1.60900950e-02  9.41385422e-03 -3.74251865e-02
  5.65357041e-03 -1.07176520e-01 -4.67339046e-02  1.81784052e-02
  5.98777682e-02  1.05136670e-01  4.71204938e-03  1.29898787e-01
  3.35908756e-02 -5.41116185e-02  5.82708232e-02  9.55789834e-02
 -3.19547653e-02  8.51510540e-02  2.04305574e-02 -6.20972738e-02
  3.88986953e-02 -2.69812848e-02 -9.12788063e-02  2.21028328e-02
 -6.14073835e-02 -1.10031158e-01 -2.18136497e-02 -1.54966600e-08
  4.05772850e-02  3.24189030e-02  2.14664768e-02  1.48238530e-02
 -1.13895394e-01  3.09756417e-02  2.60747727e-02  1.01584315e-01
  3.66462506e-02  1.08035207e-01 -7.53875971e-02 -5.52109405e-02
 -2.99730152e-02  3.44292931e-02  8.59045014e-02  1.03167361e-02
  1.19138183e-02  3.42869312e-02 -1.52396727e-02  7.98141211e-02
  4.10305075e-02  2.52508447e-02  5.07286042e-02  1.47366645e-02
  1.72547884e-02 -1.08448174e-02 -5.06549552e-02 -5.41514494e-02
 -4.10583057e-02  1.40164383e-02  2.83403527e-02  1.68706365e-02
  3.82661866e-03 -5.36116026e-02  6.92392290e-02 -1.28089748e-02
 -7.44575039e-02  6.03212677e-02 -5.33563411e-03 -1.22816674e-01
 -3.84155810e-02 -5.20490631e-02  3.40768173e-02  8.49703979e-03
  1.87506806e-02 -2.99262535e-02 -3.18161398e-02  1.11963883e-01
 -3.56148090e-03 -4.36593173e-03 -9.00513306e-03  1.68651510e-02
 -1.32415239e-02  7.61949224e-03  5.27853966e-02 -2.27436963e-02
  2.21694652e-02 -4.12124991e-02 -4.82420139e-02  3.19806710e-02
  1.94789305e-01 -5.23281917e-02 -5.30937761e-02 -3.50007601e-02]"
427,Opportunities in Nutrition and Health,Social,education,11,0.2766,"[ 3.08743939e-02  9.99364406e-02 -2.06430070e-02  7.69814476e-02
 -1.56070394e-02  1.97442360e-02  6.85868859e-02 -1.47029664e-02
  1.69854015e-02  8.56607184e-02  5.81496023e-02  2.93502526e-04
 -9.10452940e-03 -5.07776998e-03 -3.61182913e-02 -2.24859063e-02
 -4.83732149e-02 -4.10006829e-02 -8.30320120e-02 -1.17572203e-01
 -3.10981311e-02  7.48271048e-02  7.92765524e-03  1.87067911e-02
 -7.63017172e-03  7.09407926e-02  2.74318513e-02 -6.73518181e-02
 -2.59482511e-03 -9.25803408e-02  5.56984805e-02 -2.57298606e-03
  5.57540283e-02  2.03636289e-02 -1.48279788e-02  1.04460984e-01
  7.27281421e-02  1.29082147e-02  5.18513471e-02 -5.18533625e-02
 -1.38685759e-02 -4.21134196e-02 -3.46601121e-02 -3.94643024e-02
  7.97237232e-02 -2.48733871e-02  1.64452512e-02 -4.28839885e-02
  1.02562672e-02  1.58408016e-03 -4.25402112e-02 -4.40155566e-02
 -2.10156199e-02 -4.88787256e-02 -2.10460033e-02  4.24906947e-02
 -3.35682221e-02  3.49709243e-02 -1.29712913e-02 -3.39081548e-02
  1.64259952e-02 -1.64291523e-02 -4.47500199e-02  6.06562234e-02
  5.66652268e-02 -3.86776403e-02 -3.50463837e-02  9.39850062e-02
 -4.34603803e-02 -2.05436349e-02  4.93624285e-02  6.67098211e-03
  1.08745052e-02  1.06082465e-02  1.13066830e-01 -5.43903932e-02
  1.51729630e-02  3.70509662e-02  9.14493427e-02 -6.02782480e-02
  7.32480735e-02 -8.37528612e-03 -5.64202033e-02  2.64139604e-02
  1.52537106e-02 -1.77781470e-02  2.64375117e-02  3.18386704e-02
 -9.08720307e-03 -9.05669294e-03 -7.80809112e-03 -7.71861449e-02
  1.85109507e-02  5.75190336e-02  1.44684557e-02  2.23346893e-03
 -5.18196961e-03 -7.83207789e-02 -3.43201347e-02  2.52024055e-01
 -4.02321666e-02  9.16985155e-04 -3.59963439e-02  7.29057714e-02
 -4.54394221e-02 -6.93636248e-03 -1.43847782e-02  3.73211615e-02
  7.75167195e-04 -3.32300775e-02 -3.19916978e-02  4.66793738e-02
 -7.59295896e-02  7.10818470e-02  4.81265076e-02  5.99162206e-02
  7.83485994e-02  3.16910706e-02  2.99235228e-02  3.12517881e-02
 -2.61235442e-02  1.90098006e-02 -5.42256609e-02 -4.42740414e-03
 -2.90405620e-02 -1.76677823e-01 -5.23094609e-02 -3.86060410e-33
  5.33937998e-02 -4.63004746e-02  2.90728491e-02  6.31911904e-02
 -5.20424359e-02  1.77642945e-02  5.61397672e-02  1.44164334e-03
 -2.70774756e-02  5.17277755e-02  1.80435609e-02  6.84067011e-02
  6.20991876e-03  8.52316096e-02  1.53109029e-01  4.07140069e-02
 -8.94249827e-02  9.71970037e-02  6.13468513e-02  2.41697226e-02
 -8.29911698e-03  3.04342550e-03 -1.06528038e-02 -2.98424773e-02
 -4.00899388e-02 -1.45493224e-02  5.49023226e-03 -2.98467483e-02
  5.02602905e-02 -9.99525096e-03  1.06596630e-02  4.12782393e-02
 -9.64573845e-02 -7.11555704e-02  2.45900303e-02 -4.18085121e-02
  3.47822905e-02 -8.74707997e-02  9.72993765e-03 -6.62734360e-02
  5.04804216e-02 -1.04042590e-02  2.17001811e-02  1.25508588e-02
  1.58679427e-03  5.45354821e-02  5.60400113e-02  9.28555429e-03
 -5.00035733e-02  4.57286909e-02 -6.48439527e-02 -4.58146185e-02
 -4.61380109e-02 -9.84497592e-02  5.19912131e-02  4.93873321e-02
  2.99315434e-02  4.49539199e-02 -4.55626799e-03 -3.58080007e-02
 -9.44900420e-03  6.67555928e-02 -1.18519925e-02 -1.00179361e-02
  2.47052219e-02  1.65199768e-02  1.32827396e-02 -9.63629223e-03
  1.65934801e-01 -1.19458318e-01 -9.45820734e-02 -2.24859063e-02
 -2.19199695e-02  2.38358229e-02 -2.53903139e-02 -3.16152349e-02
 -1.45478221e-02 -4.38012332e-02  3.92699838e-02  6.67639971e-02
  5.86337186e-02 -1.78378560e-02  2.47595850e-02 -4.02165987e-02
  1.26031280e-01  2.78341752e-02 -1.57198906e-02 -7.34636560e-02
  5.68507574e-02  9.81986639e-04 -4.82048020e-02 -7.05760792e-02
 -5.45533234e-03  7.53447190e-02  9.34267417e-03  2.90322015e-33
 -1.78510193e-02  3.26202288e-02 -1.19608566e-01  1.14443637e-01
  5.45888133e-02  1.60925351e-02  7.98890218e-02 -7.14944536e-03
  6.85411552e-03  2.99214721e-02 -4.98100035e-02 -3.57951224e-02
  4.79861125e-02  7.93918669e-02 -2.05098744e-03 -3.94451655e-02
  4.64014150e-02 -1.46857230e-02 -2.61677839e-02 -1.23015204e-02
 -5.50379269e-02  2.84425691e-02 -2.27456931e-02  5.84264519e-03
 -5.45868613e-02 -1.83055340e-03 -4.89469506e-02  1.94070339e-02
 -6.76103905e-02  7.63558820e-02  8.59407187e-02 -3.52231488e-02
 -3.85301909e-03  4.01494503e-02 -4.47368808e-02  5.83768748e-02
  3.32338475e-02  3.63132693e-02 -6.55963719e-02  5.28328270e-02
  5.30310012e-02 -5.60356230e-02 -5.45433015e-02  6.59971014e-02
 -7.08178729e-02  2.64775883e-02 -2.50833633e-04  5.79064190e-02
  4.33991253e-02  3.57136913e-02 -4.05437686e-02 -5.39370300e-03
  1.26635181e-02 -5.70649430e-02  9.87063069e-03 -3.82654928e-02
  1.90802291e-02 -9.00075771e-03  4.52178484e-03 -3.11124232e-03
  6.73730969e-02  1.49473166e-02 -5.67216091e-02  8.89793709e-02
 -7.04053119e-02  1.68780759e-02 -3.96775045e-02  5.85372113e-02
 -2.18529701e-02  3.38965608e-03  1.06611483e-01  4.61482629e-02
 -3.35979797e-02 -4.33136113e-02 -4.89046760e-02  3.74454223e-02
 -3.48426923e-02  5.32432310e-02 -1.61231104e-02 -5.50848432e-03
 -1.12068607e-02 -8.02193731e-02  3.93578201e-04  1.75736453e-02
 -6.08016960e-02  1.28239943e-02  6.85822144e-02 -5.55571280e-02
  2.41686068e-02 -9.89756733e-02 -4.89051417e-02  3.21954023e-03
 -5.57801090e-02 -2.12162826e-02 -3.66350785e-02 -1.33686680e-08
 -1.59167219e-02 -6.90711215e-02 -2.27955729e-03 -7.23149478e-02
  1.19858734e-04  5.73589802e-02 -1.71026289e-02  1.10344961e-02
  1.47760678e-02  6.61835968e-02 -7.89220184e-02  3.73434536e-02
  1.19283516e-02 -2.56115738e-02  3.84978242e-02  5.46804890e-02
  2.39271950e-02  3.72270271e-02 -1.18492926e-02  3.16920355e-02
  5.16363494e-02 -2.66504325e-02  4.58124466e-03  6.43535808e-04
 -1.81124862e-02 -2.96308324e-02  4.55357730e-02  4.85527441e-02
 -5.92491031e-02  8.83777663e-02 -1.50191374e-02 -3.02687120e-02
  9.72322840e-03 -8.08844715e-02  2.60640346e-02 -4.65486608e-02
  4.23624367e-03 -3.90450284e-02  6.25012964e-02 -5.28452620e-02
 -5.05048558e-02  8.24193377e-03  7.32228979e-02 -2.73204315e-02
  1.82633847e-02  3.56345512e-02 -6.25998005e-02  4.03769277e-02
 -9.35966335e-03  6.75819907e-03 -4.12037782e-02 -3.94734405e-02
 -2.72623543e-02 -7.03961402e-02  5.19863255e-02 -8.01868513e-02
 -1.67841054e-02 -7.30630606e-02 -7.46731162e-02  2.09881589e-02
  1.15233280e-01  2.94890231e-03  5.95909990e-02  6.32679788e-03]"
428,Opportunities in Nutrition and Health,Social,disadvantaged,4,0.2731,"[ 1.03984699e-01  7.28892311e-02  9.65990685e-03  4.74162251e-02
 -2.93415897e-02  5.06833754e-02  4.13877219e-02  2.48599220e-02
 -8.40545744e-02 -1.07014086e-02  8.61331522e-02 -7.83817470e-02
  4.24480923e-02 -1.35374907e-02  2.34782360e-02  7.34248199e-03
  6.84573576e-02 -4.69627157e-02 -1.11077577e-01 -7.46424571e-02
 -1.60559177e-01 -2.45215259e-02 -4.61448124e-03 -2.75376928e-03
 -1.09792398e-02 -3.88972135e-03  2.82608960e-02  9.46633611e-03
  5.57014570e-02  2.78832894e-02  3.56282853e-02  7.74840079e-03
  8.05643126e-02  2.37739440e-02 -2.22521089e-03  4.59818207e-02
  8.70587155e-02  3.95641997e-02  1.27702691e-02 -4.92597036e-02
 -1.87379736e-02 -7.23800287e-02 -2.73147449e-02 -4.07622708e-03
  2.41136346e-02  1.87077858e-02  2.34064180e-02 -3.81330959e-02
 -7.37315565e-02 -5.25404327e-02  9.67444927e-02  5.00500426e-02
  2.35494338e-02 -2.78143249e-02 -1.13088079e-02  2.36523990e-02
 -2.32726987e-02 -3.02368426e-03 -1.26050664e-02  6.76465547e-03
  1.27190901e-02  5.12426673e-03 -6.26658127e-02  4.21980359e-02
  2.28600893e-02 -2.29964368e-02  2.81402711e-02  3.59962881e-02
 -5.71949780e-03 -1.89970173e-02  6.98512122e-02 -1.45394830e-02
  1.34132439e-04  5.63799366e-02  5.10676019e-02 -9.41120312e-02
  3.57216261e-02  7.91212637e-03  3.08090430e-02 -5.99778909e-03
  1.46660879e-02 -1.09203607e-02 -1.09997138e-01  6.02928875e-03
  3.47474664e-02 -7.21927546e-03  2.00278237e-02 -3.60401981e-02
  4.92734909e-02 -5.30512398e-03 -2.06418503e-02  1.15206912e-02
  5.49320951e-02  2.50083096e-02 -3.05131376e-02 -5.57068326e-02
  3.56855989e-02 -6.68352172e-02 -5.16859815e-02  2.36151218e-01
 -6.57192692e-02 -2.15001479e-02  3.79842445e-02  4.75153252e-02
 -1.76482368e-02 -1.04486063e-01 -1.23659289e-02  2.37925574e-02
 -6.87159747e-02  7.42338598e-03 -2.22273674e-02 -9.38084722e-03
 -8.36926419e-03  7.05051944e-02 -3.35231726e-03 -7.45884106e-02
  6.92513064e-02 -5.52673787e-02 -1.43258320e-02  3.81882042e-02
 -6.22487776e-02  2.61404049e-02 -1.32317200e-01  5.54392934e-02
 -8.66964634e-04 -6.94589391e-02 -7.75017664e-02 -5.20528625e-33
  7.46089965e-02 -4.75308560e-02  3.80893834e-02 -4.17081080e-02
  1.18238451e-02 -1.93572491e-02 -2.99339145e-02 -4.90918085e-02
 -7.68033415e-02  7.78340474e-02  5.53216413e-03  3.74845811e-03
  1.10625252e-02  6.17277510e-02  1.52108446e-01  2.14715041e-02
 -7.08168298e-02 -2.33281199e-02 -5.23981005e-02  8.06004405e-02
 -1.55468723e-02  9.25942957e-02 -4.76007126e-02  5.95749468e-02
 -1.05810620e-01 -3.87731269e-02  3.83444317e-02 -4.96044904e-02
  6.66924194e-02  1.35600632e-02 -4.58000787e-02  1.67000368e-02
  7.51500903e-03 -8.01576748e-02  1.19987084e-02 -7.24019064e-03
 -6.68410305e-03 -1.06279422e-02 -1.92610826e-02 -4.36502732e-02
 -4.06584293e-02 -3.57260965e-02  1.26742035e-01 -3.43788266e-02
  7.93457627e-02  4.34321687e-02  9.39223170e-02 -2.47304905e-02
 -7.60139301e-02  7.72533640e-02 -2.78826859e-02  2.50585694e-02
 -8.43464285e-02 -6.61873259e-03  1.71927288e-02 -9.39546302e-02
 -3.94117609e-02  4.33126092e-02  4.04632725e-02 -1.65422074e-02
  1.55998738e-02 -2.34650187e-02 -7.80950952e-03 -1.07603878e-01
  7.96131715e-02 -8.02157074e-02  3.18273865e-02 -8.93571181e-04
  3.23605631e-03 -9.07629076e-03  1.12337330e-02  2.40864325e-02
  3.50208990e-02  4.91093099e-02  2.73719318e-02  6.14476837e-02
  7.41110817e-02  2.94622947e-02  7.56684467e-02 -5.81835359e-02
  4.36239364e-03  1.16233295e-02 -4.31966856e-02 -3.76249813e-02
  7.14169070e-02  2.87487432e-02 -9.84397717e-03 -6.72578588e-02
  2.94531826e-02 -4.12627645e-02 -2.67856512e-02 -2.21341141e-02
 -3.08780205e-02  1.76494103e-02  2.45165452e-03  3.60125000e-33
 -6.65696636e-02 -1.26690557e-02 -7.08119664e-03  3.77213745e-03
 -1.17619568e-02 -1.07400361e-02  1.04545385e-01 -4.93942350e-02
  7.08182156e-03  7.73055181e-02 -1.03396133e-01 -6.09781072e-02
  1.71808660e-01  4.35216092e-02 -2.96222847e-02  6.63036807e-03
 -2.89551020e-02  5.30415140e-02  7.80508295e-02  3.08841337e-02
  1.65124126e-02  7.31458440e-02  4.42374870e-02  4.60854964e-03
 -2.28626952e-02  2.84285545e-02 -3.89301926e-02  3.42731997e-02
 -8.31035301e-02 -8.63177925e-02 -2.71023270e-02 -2.25281026e-02
 -7.98485652e-02 -1.31821455e-02 -6.65544569e-02  2.43672617e-02
 -1.20086484e-02  2.04313863e-02 -7.31004998e-02 -2.08566841e-02
 -7.85752852e-03 -8.37969710e-04 -2.45869365e-02  6.54550940e-02
  1.34343719e-02  7.19375908e-02 -1.35227228e-02  1.26525816e-02
  6.03865981e-02 -3.07970513e-02  1.98159106e-02  2.60632914e-02
  4.72876169e-02  1.13335878e-01  2.71819700e-02 -1.19880863e-01
  7.40303248e-02 -6.25873581e-02 -5.52530065e-02  3.96604985e-02
 -7.96435401e-03 -2.76735309e-03 -5.06320260e-02  8.38534608e-02
 -2.18906477e-02 -3.22726704e-02 -6.30089119e-02  7.79868290e-03
  1.85483973e-02 -2.27580424e-02  3.30738947e-02 -7.76243806e-02
 -4.72039543e-02 -1.23143777e-01 -2.43815836e-02  2.43254639e-02
  2.11851206e-02  9.56687108e-02 -1.47064663e-02  3.20811151e-03
  9.92585812e-03 -7.15384781e-02  2.79604848e-02 -3.97359170e-02
 -3.80921960e-02 -9.67258401e-03 -1.28926160e-02 -4.30862941e-02
  3.26856114e-02 -3.43546756e-02 -8.37912485e-02  4.79317605e-02
 -5.82226515e-02 -1.11007132e-02 -3.05206869e-02 -1.16575194e-08
  2.77767386e-02  4.54464257e-02 -8.49060714e-02 -7.28958473e-03
 -2.33295523e-02  5.40595315e-02 -2.49131452e-02  4.07936797e-02
  4.33113128e-02  1.00921929e-01 -7.21307322e-02 -2.79926788e-02
  3.99291255e-02  6.04113610e-03  2.53564212e-02  3.32251266e-02
  3.07076741e-02 -1.92331150e-02 -9.81955882e-03  2.32082121e-02
  5.71973883e-02  1.83109213e-02  2.56169513e-02  4.55452986e-02
  1.97163783e-03 -5.10561615e-02 -3.76074798e-02 -2.91578304e-02
  2.22831722e-02 -7.27961678e-03 -3.72272986e-03  3.22802775e-02
 -4.48792353e-02 -6.55871555e-02 -5.65101346e-03  1.64777953e-02
 -3.23047042e-02  4.59828749e-02 -1.11039747e-02 -4.67892699e-02
 -1.57080535e-02 -5.37569597e-02  1.58931632e-02  9.50260647e-03
  3.98951434e-02 -5.63202202e-02 -4.65011597e-02  5.90237491e-02
  1.07958391e-02  4.79070693e-02 -7.44047528e-03 -1.41673692e-04
  2.16459632e-02  1.19697014e-02  2.84476615e-02 -7.87702426e-02
  4.78894152e-02 -1.29054310e-02  1.17236399e-03 -1.54499169e-02
  1.43641204e-01  3.43561321e-02 -4.29577753e-03  2.59127505e-02]"
429,Opportunities in Nutrition and Health,Social,rural,1,0.2712,"[ 7.57524222e-02 -1.70696788e-02  7.69334799e-03  6.88132197e-02
  3.70444357e-02  1.04493685e-02  1.56821478e-02 -9.43468511e-03
 -4.36783545e-02 -4.00650129e-03  1.29435435e-01 -5.21210628e-03
  2.47239377e-02  3.31409574e-02  2.69125160e-02  3.04399803e-03
  5.15987277e-02 -3.59400213e-02  1.80943049e-02 -5.96284159e-02
 -1.28470272e-01  6.64787963e-02 -1.61553011e-03  5.79095669e-02
  1.22955553e-01  4.31150161e-02  2.59154029e-02  3.05336304e-02
 -4.57647927e-02 -3.95787098e-02 -3.24812569e-02  1.43039554e-01
  6.72494015e-03 -8.26804084e-04 -4.64718929e-03  6.59596398e-02
 -8.23269691e-03  5.13470992e-02  7.41905943e-02 -3.06488033e-02
  1.70315225e-02 -8.02732781e-02  1.04368426e-01 -7.39694759e-02
  3.12697403e-02 -4.89032343e-02 -5.14775738e-02  7.16998533e-04
  7.98967853e-03 -3.74662392e-02  3.31381448e-02 -2.61193495e-02
 -5.28111868e-02  7.88781047e-03  6.68335473e-03 -4.34925444e-02
 -6.74167741e-03  4.67175506e-02 -2.50459500e-02  3.71073149e-02
  2.25957017e-02 -1.40236309e-02 -5.55882864e-02  1.18553517e-02
 -6.68315496e-03  4.34663147e-02  2.76971911e-03  3.07123666e-03
 -2.56083757e-02 -1.44298598e-01  9.15724225e-03 -6.83283508e-02
 -6.18964024e-02  1.36638749e-02 -3.93178277e-02 -8.62698629e-02
 -1.23855367e-03  5.21998964e-02  4.84871008e-02 -5.55698983e-02
 -1.52526191e-03  1.99044421e-02 -7.02092471e-03  3.09634750e-04
 -4.19862382e-02 -1.01637561e-02  5.84040359e-02  1.29633425e-02
  4.44101170e-02 -4.79561128e-02 -4.78642583e-02  3.77099216e-02
 -3.58845592e-02  1.87152363e-02 -9.88544598e-02 -6.42959848e-02
  6.64163195e-03 -4.59919982e-02 -7.95889199e-02  2.22449839e-01
 -2.45955214e-02 -2.30448209e-02  1.57494028e-03 -6.19471557e-02
  7.03487638e-03 -4.27069105e-02 -1.81547478e-02  3.05311941e-03
 -5.69757866e-03  2.12469157e-02 -4.94214781e-02  5.38276955e-02
 -9.28167477e-02  4.03611213e-02 -1.46931009e-02 -2.64741387e-02
  1.04783326e-01 -1.77351143e-02 -3.03262584e-02  4.63463441e-02
 -4.76312675e-02  2.57963571e-03 -6.96372464e-02  1.12848459e-02
  2.77314913e-02 -5.34289330e-02 -1.38123473e-02 -4.69177632e-33
  6.77360073e-02 -3.28970589e-02 -2.59493720e-02  7.95588940e-02
  4.10029218e-02  9.79156327e-03 -9.19606537e-03 -6.66856989e-02
 -3.53012718e-02 -7.27467984e-02  6.27815053e-02  1.51044456e-02
  2.16427203e-02 -1.35533847e-02  7.64967799e-02 -3.54498662e-02
 -1.76188145e-02 -3.50271054e-02  6.58336505e-02  2.67750919e-02
 -5.35612032e-02  6.79467469e-02 -2.60486063e-02  6.39728755e-02
 -2.33754199e-02 -6.23340122e-02  4.45615686e-02 -1.87002365e-02
  5.11741154e-02  1.52268186e-02  3.18393447e-02  2.44823731e-02
  1.07927267e-02 -6.75439760e-02  1.34798437e-02 -4.52117212e-02
 -7.60637876e-03 -6.17678054e-02 -1.62517428e-02  8.52947757e-02
 -9.36690494e-02 -8.72652512e-04 -8.24729726e-03  8.87527713e-04
  4.04982530e-02  6.17951490e-02  4.72610742e-02  4.41847332e-02
 -4.69406284e-02  3.29078026e-02 -6.75302744e-02  6.98293606e-03
 -1.92721765e-02  3.08889858e-02  3.27695869e-02 -5.97925577e-03
  2.98803579e-03  2.31958413e-03  3.89192812e-02 -2.85460744e-02
  6.02112897e-02  5.79242222e-02 -3.85993272e-02 -1.17812082e-01
  7.38546019e-03 -5.36678210e-02 -2.23426003e-04  2.78359838e-02
  5.07993624e-02 -1.43886441e-02  1.02519974e-01  1.25162571e-03
  3.46094258e-02  1.47357181e-01 -6.58451952e-03  3.42523446e-04
 -6.64920127e-03  3.34854759e-02 -8.79948027e-03 -2.45902725e-02
  3.43368836e-02 -2.72950828e-02 -7.31248707e-02  9.18322802e-02
  5.65847866e-02  3.23179923e-03 -3.69004197e-02 -4.19350937e-02
  2.17797980e-02 -1.89782474e-02 -9.36987847e-02  1.87237039e-02
  6.07543392e-04 -1.02055743e-02  3.66983004e-02  4.01083779e-33
 -2.97150691e-03  8.70961510e-03 -3.95964421e-02  1.31417498e-01
  6.28360882e-02 -7.78065175e-02  6.27806410e-02 -6.76473826e-02
  8.97489190e-02  1.08587623e-01 -1.50099128e-01 -2.24885046e-02
  5.99169992e-02  4.85029444e-02  7.14457827e-03  2.17319690e-02
  4.04489972e-02  3.58525030e-02  2.64722370e-02  1.60462745e-02
 -8.26847088e-03 -6.55835271e-02 -6.23037713e-03  1.45445326e-02
  8.28270521e-03  1.13324687e-01 -1.95009008e-01  2.59989128e-02
 -1.30425960e-01 -5.51942922e-02 -3.62093896e-02 -2.31911670e-02
  2.75663170e-03 -2.38970146e-02 -6.91771731e-02  5.56421690e-02
 -2.51754075e-02  2.39223596e-02 -5.63341305e-02 -5.66548593e-02
  6.12778105e-02 -5.61203212e-02 -1.83079450e-03  6.97587729e-02
 -1.18268961e-02 -4.74357270e-02  2.64437944e-02  2.02482976e-02
 -4.12307568e-02  1.68443583e-02 -3.10485829e-02  1.11415818e-01
  5.43777645e-02  2.19387226e-02 -5.05958200e-02 -6.35526851e-02
  3.51417735e-02  6.03872165e-02 -6.67105317e-02  4.08467576e-02
  5.43193035e-02 -2.40762196e-02 -1.58470739e-02  1.02393173e-01
 -6.88034901e-03 -1.25424666e-02 -5.54204127e-03 -3.39352861e-02
 -1.90810077e-02  1.57701708e-02 -2.86358036e-02 -1.81504544e-02
 -2.70198081e-02 -8.53035823e-02 -5.20269051e-02  6.39347807e-02
  1.63008959e-03  5.77486530e-02  1.15024042e-03 -3.28189433e-02
  4.19590771e-02 -1.04078017e-01  3.39950493e-04 -1.71060804e-02
 -2.21075793e-03  3.75908576e-02  9.30501963e-04 -5.82044832e-02
  3.87620330e-02 -9.12837964e-03 -7.53132105e-02 -3.42498794e-02
 -3.98879871e-02  2.42983587e-02 -1.44280065e-02 -1.20176162e-08
  5.87858297e-02 -9.75627772e-05 -3.43080014e-02  1.01040574e-02
  5.81005365e-02  3.40719521e-02  4.69038635e-02  6.08410239e-02
  2.29729302e-02  1.21501349e-01 -8.81905481e-02  3.83203924e-02
  1.46237584e-02  5.68025224e-02  4.26727384e-02  1.02905696e-02
  3.23410258e-02  3.33422981e-03 -4.55661900e-02  4.92536239e-02
  6.28124550e-02 -5.50662912e-02 -5.66995069e-02  5.78851178e-02
 -2.11804826e-02 -1.29277427e-02  1.22817652e-02  7.24301934e-02
  4.66859154e-02  2.16094707e-03  3.27360770e-03  4.15782705e-02
 -6.89114407e-02 -3.12535055e-02 -9.53000784e-02 -4.34942544e-02
 -1.42059452e-03  6.24931119e-02  1.76218711e-02 -4.32667993e-02
 -3.93448696e-02 -3.98886502e-02  2.58498024e-02 -3.16108577e-02
  2.29626130e-02 -5.06441928e-02  2.50450820e-02  4.62407991e-03
  1.25722922e-02  3.14666592e-02 -5.33526763e-02 -1.37309423e-02
 -3.70654240e-02  3.72592695e-02  5.55454418e-02 -5.82734458e-02
  8.70246366e-02 -5.70634613e-03  1.24169635e-02 -2.54570656e-02
 -3.29280533e-02  1.58252399e-02 -7.20495405e-03 -1.09498268e-02]"
430,Opportunities in Nutrition and Health,Social,provides,1,0.2702,"[-9.24019888e-02  3.81424315e-02  2.80004162e-02 -9.23538022e-03
 -1.52759980e-02  5.74301220e-02  6.38231486e-02 -6.85796048e-03
 -5.35999984e-02 -7.20846877e-02 -1.75297272e-03 -8.29099193e-02
 -4.97887768e-02  2.54126005e-02  8.52685869e-02  4.34999689e-02
  5.19521274e-02 -4.48341109e-02 -2.50999704e-02 -7.89553486e-03
 -1.71066485e-02 -6.02744333e-03 -3.18207107e-02  1.57746039e-02
 -4.81026135e-02 -4.19006124e-02 -5.72728440e-02 -6.05582371e-02
  1.10647433e-01 -7.16400370e-02  7.53615424e-02 -5.29206581e-02
 -1.82775706e-02 -2.02458128e-02 -3.99367325e-02  4.18673493e-02
  4.01825868e-02 -1.28233768e-02 -4.52981591e-02 -1.46987112e-02
  6.56660274e-03 -1.48802465e-02  2.37595141e-02  1.06585808e-01
  2.68614963e-02 -2.54158583e-02  6.01908900e-02 -1.71670318e-02
  6.76031113e-02 -7.63568059e-02 -5.07780723e-02  6.15558736e-02
 -2.84888260e-02  4.11085077e-02 -1.40880616e-02 -2.17473693e-02
 -5.09658977e-02 -2.53324118e-02 -2.44971011e-02 -2.75320746e-02
  3.37129384e-02  2.89179641e-03 -9.23403874e-02  5.27889468e-03
 -1.40754404e-02 -2.71686260e-02  2.60276720e-02  6.30131438e-02
 -7.79282674e-02 -5.34544475e-02 -4.36457172e-02  5.66758737e-02
  4.00856175e-02  4.48287837e-02  3.84880602e-02  5.14532477e-02
  5.95670454e-02 -3.10178157e-02  9.06940624e-02 -5.37086576e-02
  3.49169113e-02  1.36564314e-01  1.59582612e-03  2.24044407e-03
  5.91503009e-02  1.10602304e-02  3.26211043e-02 -2.30420567e-02
 -1.93170048e-02 -1.75787956e-02 -8.55517667e-03 -5.24243340e-02
  1.87869202e-02 -3.76789831e-02 -3.73740271e-02  2.86863185e-02
  5.34665771e-02 -5.53204268e-02 -3.26057337e-02  2.13746220e-01
 -5.95075218e-03  2.14196071e-02 -6.01326721e-03 -5.00170849e-02
 -5.93766570e-02 -4.04706635e-02 -5.29001653e-02  1.13099024e-01
  3.26914750e-02  4.96083498e-02 -1.72636528e-02  1.50886634e-02
 -1.34680703e-01  1.37427617e-02  3.87599529e-03  2.14729365e-02
 -3.84574272e-02 -4.01551500e-02  6.39676005e-02 -2.23407373e-02
  1.26038790e-02  5.85189052e-02  4.34279768e-03 -3.44043262e-02
 -2.77327914e-02 -7.30972514e-02  6.08721573e-04 -6.12228535e-33
  7.98017345e-03 -1.86432879e-02  6.19672313e-02  7.28240982e-02
 -1.98145863e-02 -4.06718580e-03 -3.47029902e-02 -3.60919465e-03
 -9.67709348e-02 -3.26686986e-02 -1.21506110e-01  1.84658319e-02
  2.57371273e-03  4.07060422e-02 -9.55924578e-03 -1.29769705e-02
  5.17259911e-02  6.34417981e-02  4.17462699e-02  1.54365534e-02
 -6.32691756e-02  4.33047935e-02  3.93673107e-02  2.60052886e-02
  9.10540018e-03 -6.59783781e-02  2.04666294e-02 -7.68545142e-04
  7.40327612e-02 -1.66316191e-03  6.64876550e-02 -1.70915406e-02
 -5.26010022e-02 -2.16778927e-02  6.71055261e-03  6.68979809e-02
 -4.54853699e-02 -1.99910235e-02 -6.06404012e-03 -1.03091940e-01
  2.04542112e-02  2.04420555e-02 -7.95736238e-02  4.01265807e-02
  4.30911630e-02 -3.07563152e-02  4.53570709e-02 -3.81257012e-02
 -5.71006117e-03  3.52070779e-02 -2.69929003e-02  7.25513417e-03
 -1.02375418e-01  1.03803119e-02  3.67318951e-02 -9.68126487e-03
  3.51243168e-02  6.66606724e-02  6.10898361e-02 -1.44381030e-02
  3.31868008e-02 -7.36258999e-02 -7.39958733e-02 -5.80745190e-03
 -1.47567689e-02 -3.17750648e-02  4.39126939e-02 -6.27282858e-02
 -1.36544863e-02  3.47352251e-02 -1.25015616e-01 -5.59433969e-03
  1.32800162e-01  6.08843043e-02 -2.64745243e-02 -4.84163202e-02
 -5.19526489e-02 -3.08073815e-02  7.27494480e-03  2.27841977e-02
 -4.53768820e-02 -7.14182854e-02  1.36069888e-02  7.84056857e-02
  7.28043392e-02  5.97837614e-03  2.94653401e-02 -3.16005200e-02
  1.00080788e-01 -2.71313568e-03 -6.30444810e-02 -4.46643308e-02
 -5.88238537e-02 -1.73268076e-02 -1.14729442e-02  3.52903167e-33
  4.96037258e-03  3.31883058e-02 -4.57583256e-02  2.33311690e-02
  3.85415950e-03  1.21234516e-02  1.58065278e-02 -9.85315740e-02
  1.07046384e-02  7.89826270e-03 -3.10807284e-02 -7.99884088e-03
  2.71984506e-02  1.62813272e-02 -4.57624160e-02 -2.17183866e-02
  2.22060140e-02 -8.83307084e-02 -3.51284444e-02  3.26092690e-02
 -5.72201610e-02  6.85090646e-02  1.02278247e-01 -2.09299158e-02
  1.85694974e-02  7.16202855e-02 -1.06528830e-02  9.68566015e-02
 -2.77643204e-02  2.82454235e-03  1.32707236e-02 -3.43958400e-02
 -1.28923640e-01 -1.49637181e-02 -5.74575029e-02  2.74868356e-03
  5.37936836e-02  7.44699761e-02 -1.99354347e-02  5.95021211e-02
  8.67154971e-02  1.78010892e-02  1.44663276e-02  2.05020502e-01
 -3.03755682e-02 -4.39453386e-02  3.63233574e-02 -3.49138305e-02
  4.69967611e-02  6.06608801e-02 -6.54272214e-02 -5.04773557e-02
 -5.51814660e-02 -1.13076335e-02 -3.61428596e-02  2.65596285e-02
 -1.84874539e-03 -7.16453185e-03  1.05573155e-03 -4.73129898e-02
 -6.71030581e-02  2.36927997e-02 -8.54693875e-02 -1.11842779e-02
  6.60737753e-02 -7.15151802e-02  1.46030989e-02 -6.74638748e-02
  5.43727838e-02 -7.32014561e-03  2.97801532e-02 -5.37536247e-03
 -2.31609046e-02 -1.07408553e-01 -5.76744962e-04  5.22966310e-02
 -7.53222629e-02  3.67677247e-04  6.38164813e-03 -6.90381462e-03
 -5.94529174e-02 -3.09792701e-02  5.17762862e-02  7.21090892e-03
  8.63046385e-03 -4.45588790e-02  1.60172597e-01 -6.01972267e-02
 -4.30901162e-02  2.90924329e-02  1.77234672e-02  6.57261163e-02
 -2.00213995e-02  7.11239576e-02  2.80482974e-02 -1.31361961e-08
  1.31220175e-02  4.22826782e-02 -3.51576842e-02 -8.23191367e-05
  7.82347992e-02  5.96969202e-03 -1.92142762e-02  2.45141778e-02
  1.21232085e-02  1.05160534e-01  1.22563513e-02 -4.13086265e-02
  2.46153697e-02  7.92667419e-02  9.01331902e-02 -5.07582463e-02
 -3.91933173e-02  5.49546070e-02 -1.42047435e-01 -6.16950728e-02
 -3.30588147e-02 -2.11254135e-02  4.38807681e-02  1.59975253e-02
 -2.13124231e-03  1.07407551e-02 -7.58933928e-03  3.85661721e-02
 -4.79903743e-02  3.05525232e-02  7.28222951e-02 -1.92451943e-02
 -5.72425267e-03 -1.03022933e-01  2.07818318e-02 -9.07332450e-03
 -2.09566597e-02  1.69659383e-03  6.20846264e-02 -2.30539478e-02
 -2.94129108e-03  2.03047637e-02  5.49562387e-02  1.02733187e-02
 -3.87793668e-02  1.95081066e-02 -1.77230686e-02  3.93380299e-02
 -7.06866337e-03 -2.09129788e-02 -2.87335273e-02 -1.44528644e-02
  6.13222048e-02  6.81800321e-02  4.42671813e-02  5.83962761e-02
  3.59095335e-02 -1.57920178e-02  9.50037688e-02  1.20019987e-02
 -2.05716733e-02 -7.74898287e-03  1.05506480e-01  7.69509817e-04]"
431,Opportunities in Nutrition and Health,Social,economy,2,0.263,"[-3.20174657e-02  4.58573885e-02 -6.58578277e-02  2.80930661e-02
  6.37050271e-02  1.82745755e-02  8.78482908e-02 -4.82337028e-02
 -2.43608970e-02 -3.16795185e-02  3.56442779e-02 -2.03166660e-02
 -1.95266549e-02 -3.16317491e-02 -1.16060199e-02 -6.87182648e-04
 -3.09956484e-02 -5.95938750e-02 -8.17503408e-02 -3.32517512e-02
 -4.33762185e-02  4.57852054e-03 -2.84693390e-02 -3.26325782e-02
 -2.29248665e-02  6.38511851e-02 -2.47567482e-02  3.29201892e-02
 -2.40525939e-02 -1.01461165e-01 -2.62509882e-02  5.69949858e-02
  9.72543061e-02  1.52395647e-02 -2.01478302e-02  1.19772581e-02
  7.52224997e-02 -4.48249700e-03  3.89562435e-02 -2.53562629e-02
 -1.42526440e-02 -8.47115964e-02 -4.02645096e-02 -3.70153151e-02
  2.25848164e-02 -2.00036988e-02  4.15486842e-02  2.97849495e-02
  5.94760478e-02  5.91947585e-02  1.71841886e-02  4.40252200e-02
 -2.46755462e-02 -1.88149847e-02  3.42240222e-02  4.02570553e-02
 -2.08445489e-02 -5.76315820e-02  5.16649988e-03 -3.62905562e-02
  5.88152334e-02 -3.96554880e-02 -2.75276043e-02  1.24350470e-03
  1.41401112e-01 -3.59249450e-02 -5.95518798e-02  5.58521487e-02
 -1.64783716e-01  3.85884428e-03  5.05775623e-02 -9.81284529e-02
 -8.96998569e-02 -6.80130944e-02  1.68780629e-02 -6.75704926e-02
  4.53489199e-02  2.64761653e-02  4.67968248e-02 -3.41955014e-02
  7.98320323e-02 -6.79150373e-02 -1.10668108e-01 -3.90193821e-03
 -3.44474725e-02 -7.94118177e-03 -1.45566678e-02 -2.24277247e-02
  6.92863911e-02  5.80910454e-03 -1.04963016e-02 -3.54559980e-02
  3.73907224e-03  1.46874497e-02 -1.40674319e-02  4.06034477e-02
  1.22891022e-02 -3.64217311e-02  1.45679228e-02  2.57325858e-01
  6.09082021e-02  2.08994728e-02  6.15313500e-02  3.92584167e-02
 -5.47587462e-02 -8.59558582e-02 -2.35904269e-02  1.26156852e-01
  6.17103325e-03 -4.47431440e-03 -3.51380259e-02 -9.15644784e-03
 -3.43183242e-02  4.19592559e-02  3.73332016e-03 -2.06753090e-02
  5.45232035e-02 -4.47358191e-02  1.61934178e-02  5.83370849e-02
  1.39273554e-02  5.39132692e-02 -4.31928299e-02  3.54912318e-02
 -7.35832676e-02 -7.46397749e-02 -4.87976298e-02 -5.10947905e-33
 -4.00522910e-02 -6.00198135e-02  7.40105473e-03 -4.74608950e-02
 -8.39407668e-02  7.02858269e-02 -3.64100225e-02 -1.74625013e-02
 -4.79914024e-02  5.77602945e-02 -6.34219646e-02  6.82829693e-02
  2.62491629e-02  9.10056680e-02  1.36999190e-01  2.26088986e-02
 -1.01573579e-01  4.91397679e-02  7.29731470e-02  1.24103855e-02
  4.49734274e-03  1.01293679e-02  2.12130919e-02  1.58505868e-02
 -1.30168376e-02 -3.12223826e-02 -1.45247271e-02 -9.64501221e-03
  1.02491073e-01  1.91956982e-02  6.32545948e-02  6.42480627e-02
 -1.54605154e-02 -4.60917689e-02 -9.22018364e-02 -3.08435597e-02
  2.84205899e-02 -2.71326844e-02 -2.38028746e-02 -4.98752780e-02
 -9.43662822e-02  2.52976501e-03 -5.30481227e-02  4.12705131e-02
 -7.18646403e-03  2.57949028e-02  1.07576638e-01  2.41674203e-02
  4.05745916e-02  4.81609777e-02 -3.01118325e-02  1.68764521e-03
 -3.82584557e-02 -1.06931120e-01 -3.56334541e-03 -3.71516570e-02
 -4.11147289e-02  1.18356235e-02 -7.44770467e-03 -7.38587901e-02
  2.19352711e-02  2.11242791e-02 -1.42274415e-02 -1.11721270e-02
 -2.41065063e-02  8.20308700e-02  2.40692422e-02  6.85146824e-03
  1.23103037e-02  1.50293503e-02 -2.09853854e-02 -1.11295190e-02
  9.14338753e-02  4.17082794e-02  3.16469260e-02  1.27507344e-01
  1.21571012e-02  2.71597896e-02 -7.21539408e-02 -1.30386250e-02
 -3.87668572e-02  9.82614607e-03  3.83518189e-02 -1.50464205e-02
  6.75391555e-02  2.98569743e-02 -7.96024501e-03 -7.42431283e-02
  7.34283626e-02  2.81671397e-02 -1.33600280e-01  2.31874231e-02
  9.83738527e-03  5.09371273e-02  5.79223447e-02  2.61124223e-33
  2.51431693e-03  5.10834903e-02 -9.08710510e-02  6.07080832e-02
 -2.85892263e-02 -6.21447433e-03  3.20991911e-02 -3.14476565e-02
 -4.76066694e-02  1.56487245e-02 -1.18444048e-01  6.68003969e-03
  1.01198226e-01  6.94171339e-02  1.01883942e-02 -5.17054275e-02
  4.80163693e-02 -2.13287454e-02 -3.19482386e-02 -1.66233676e-03
 -5.49612269e-02 -2.23513246e-02  2.22467054e-02  1.95843671e-02
 -1.77861266e-02  7.36811608e-02 -1.11893572e-01 -6.05108403e-02
 -3.90969403e-02 -2.76438938e-03  1.07882358e-02 -5.45641547e-03
  1.65545382e-02  3.24208327e-02 -4.17313948e-02  5.90431280e-02
 -6.58182129e-02 -4.43508402e-02  1.29843857e-02  2.34846883e-02
  4.71139550e-02 -4.12917472e-02 -2.63265595e-02  1.27448782e-01
 -2.30564475e-02 -5.16549088e-02 -7.90376123e-03 -7.79134745e-04
  6.80325106e-02 -2.95377914e-02  4.32480127e-02  8.38918537e-02
 -1.46642802e-02 -4.89266478e-02 -5.43924235e-02  4.84086685e-02
  3.04616690e-02  2.30012904e-03 -6.72152415e-02  1.56981796e-02
 -3.30874920e-02  5.15479781e-02 -1.95379350e-02  7.31060803e-02
 -1.52770132e-02  3.13377157e-02  1.88878234e-02 -3.84519584e-02
  6.10409454e-02 -4.01815549e-02  4.31713015e-02  2.25908794e-02
 -7.63884485e-02  7.64832646e-02 -4.07392271e-02  8.32731947e-02
  2.98917964e-02  1.67196617e-02  5.83953261e-02  1.73594784e-02
 -6.24462701e-02 -6.18742444e-02  3.89788449e-02 -3.99653874e-02
 -1.01433568e-01 -2.82991584e-02 -1.32817812e-02 -2.84549966e-02
 -3.41236889e-02 -5.90770952e-02 -9.09244120e-02  9.30898543e-03
 -1.04575204e-02 -3.65703623e-03 -2.77768373e-02 -1.36177158e-08
  3.23325233e-03 -4.29558009e-02  5.52334003e-02  3.38146649e-02
 -5.20599522e-02 -1.26459785e-02  5.38734943e-02  6.56621605e-02
  7.07938522e-02  8.20101425e-02 -2.40276195e-02  3.73843536e-02
 -4.05255482e-02  6.75510466e-02 -2.32273117e-02  2.35411879e-02
 -2.92227603e-02  1.09676830e-02 -3.38245630e-02 -3.85010317e-02
  5.78410476e-02  3.90357263e-02  2.31518019e-02 -6.25197776e-04
 -5.79600409e-03 -5.27993962e-03  4.41738553e-02  3.74698602e-02
 -4.61821735e-04  1.67978816e-02 -1.71851572e-02  3.88537906e-02
 -6.21934608e-03 -6.44241124e-02 -3.96631658e-02 -2.97861863e-02
  2.09709406e-02  6.72344025e-03  3.68517861e-02 -9.02442336e-02
 -4.25658235e-03 -1.96059793e-02 -1.90536194e-02 -7.57817179e-02
  5.89310899e-02 -3.27941664e-02 -4.27922159e-02 -5.87553643e-02
  4.37370986e-02 -4.35824692e-02 -3.40202115e-02  1.71199758e-02
  4.84099202e-02  4.76504676e-03  4.94157150e-02 -7.37389252e-02
  1.36796581e-02 -1.28145022e-02 -9.98910740e-02  4.29379530e-02
  8.43494162e-02 -4.01008204e-02  5.55465110e-02 -3.06441560e-02]"
432,Opportunities in Nutrition and Health,Social,specialty,1,0.2626,"[-1.26767447e-02  2.79887374e-02  1.92021914e-02  3.62208039e-02
 -1.21354237e-01 -5.29575311e-02  6.49740323e-02  4.31548432e-02
 -6.30233362e-02 -3.33996899e-02 -6.24432638e-02  3.59012149e-02
 -4.00475636e-02  6.56553954e-02 -1.14202565e-02 -3.11562400e-02
  8.27483982e-02  1.46064451e-02 -1.17966030e-02 -5.15874773e-02
 -1.11809179e-01  3.44987698e-02  6.57331347e-02 -2.28725793e-03
 -5.87348714e-02 -3.16921361e-02 -3.72908004e-02  2.75355447e-02
 -3.49302925e-02 -7.42169395e-02  2.07135617e-03  7.54612684e-02
  2.38837916e-02  1.80422794e-02  1.47049427e-02  7.99757913e-02
 -4.07181270e-02  4.53336984e-02  5.80924600e-02  5.73801212e-02
 -2.90739946e-02 -3.30128819e-02  8.20249598e-03 -3.12471110e-02
 -1.18678836e-02  8.53013620e-03  4.21218276e-02 -4.76026312e-02
  7.45727792e-02  4.03763838e-02 -2.17639040e-02 -7.15952069e-02
 -2.07316577e-02  5.22834696e-02  5.91541734e-03  9.63005796e-03
 -8.48013442e-03 -8.31775591e-02 -3.23699601e-02  2.97472021e-03
 -3.15616205e-02  2.74654403e-02 -4.70731631e-02 -3.94391245e-04
  8.50746781e-03 -2.90712770e-02 -3.76536958e-02  5.26517779e-02
  2.01944951e-02 -1.21107973e-01  2.52511650e-02 -2.86174603e-02
 -1.78070441e-02  1.51568010e-01  7.58474916e-02 -3.23870890e-02
  7.59238601e-02 -9.34078940e-04  6.58667013e-02 -2.04537883e-02
 -1.18272780e-02 -1.44864498e-02  2.98791565e-02 -2.18025385e-03
  1.05698360e-02 -1.99131090e-02 -2.73167472e-02 -6.21535443e-03
 -2.22352915e-03 -1.72896963e-02  1.70015004e-02 -9.40790027e-02
 -1.08294352e-03 -5.89337870e-02 -3.79841998e-02  5.58919907e-02
 -1.99276768e-02 -7.41233230e-02 -3.63919884e-02  2.29064330e-01
  3.74662839e-02 -3.21959592e-02 -2.65919301e-03  9.26958025e-03
 -7.78957456e-02  2.68534031e-02 -3.01017072e-02  7.65000805e-02
 -2.98296940e-02 -1.74211767e-02 -1.07804192e-02  4.96704467e-02
 -5.17125875e-02 -2.92776264e-02 -8.64593834e-02  6.43336549e-02
 -3.11171152e-02  2.78169531e-02  1.08490825e-01  2.78642308e-02
 -2.09420919e-02  5.57879396e-02 -5.03365248e-02 -4.22326960e-02
 -1.89342722e-02  1.60473690e-03 -1.59940384e-02 -5.34068483e-33
  3.15604685e-03 -1.26023712e-02 -2.11232826e-02  5.02054431e-02
  3.13238911e-02  6.02549203e-02  2.32747756e-02 -4.57123667e-02
 -6.55075954e-03 -3.98224080e-03  2.87276949e-03  9.81103927e-02
 -4.21258658e-02 -1.91119760e-02  1.67376045e-02  3.01221050e-02
 -4.07934748e-02  6.08903803e-02 -1.64006185e-02 -6.44435585e-02
 -7.07356185e-02  8.76381397e-02 -2.18299478e-02  8.73537436e-02
  1.80108529e-02  2.14119125e-02  2.59305406e-02 -9.06472094e-03
  4.19978984e-02  2.16070227e-02 -4.84440802e-03  2.16486454e-02
 -1.89155107e-03 -6.42007813e-02  4.05437164e-02  5.16349636e-02
 -6.53549433e-02 -9.48412418e-02  6.42775670e-02  1.29746599e-02
 -1.61575582e-02 -1.21147521e-02 -2.47185007e-02  5.98667003e-02
 -9.79453884e-03  6.29754886e-02  1.83212049e-02  6.51721731e-02
 -3.39899473e-02 -3.31361555e-02 -2.29394957e-02 -2.24919841e-02
 -7.27611035e-02 -2.08316799e-02  4.46536988e-02  2.91946996e-02
  3.58397365e-02  1.55115761e-02  4.95858751e-02  1.98074691e-02
  2.22343951e-02  1.03579000e-01 -5.88877201e-02  3.97712290e-02
 -2.03538202e-02 -3.33989188e-02  5.73568642e-02 -1.17065227e-02
  4.59988192e-02  1.74990937e-03 -5.43188602e-02  6.87744766e-02
  1.13031454e-01  1.93347298e-02 -4.88717332e-02 -5.59065351e-03
  1.46477614e-02  4.22631530e-03 -8.08354188e-03  2.29990799e-02
 -6.90074638e-02  5.37228324e-02 -1.60423759e-02  1.24700554e-01
  3.48325334e-02 -1.51250521e-02  1.20118037e-02 -2.24907789e-02
  1.31416684e-02  5.37295733e-03 -1.42732173e-01  1.65757246e-03
 -2.02931929e-02  4.97847274e-02 -3.21342312e-02  3.53611109e-33
  4.34480933e-03 -9.61239729e-03 -9.15615354e-03  9.27410275e-02
  5.42147048e-02 -3.28834392e-02  6.70403009e-03 -4.87555601e-02
 -6.39290139e-02  8.21755901e-02 -1.19459779e-04 -1.62896048e-02
 -3.39430990e-03 -6.41788240e-04 -1.61332041e-02  2.46984456e-02
 -5.91864958e-02  1.90260801e-02 -4.21652868e-02  3.15254219e-02
  6.78514391e-02  2.55496558e-02 -4.22004424e-02  5.74512593e-02
 -1.91531125e-02  4.63149212e-02 -1.14609003e-01  2.70919036e-02
 -6.63916692e-02  5.11655817e-03 -2.46153958e-02 -5.85238710e-02
 -1.50486343e-02  3.26978303e-02 -4.57018353e-02  7.10580498e-02
  1.32561824e-03  1.78989023e-03 -4.33716774e-02  2.53672469e-02
  5.07143848e-02 -8.35212767e-02  2.32815426e-02  1.11626610e-01
  2.30483804e-03 -5.00584170e-02 -3.44378240e-02 -1.92231289e-03
  1.21513858e-01 -6.69948682e-02 -1.15022235e-01 -2.30996758e-02
  7.08434824e-03 -5.93699403e-02 -1.25085982e-02 -2.16687433e-02
 -2.08386630e-02 -5.60282320e-02 -1.00133680e-01 -6.88466011e-03
  1.06516466e-01  1.32614113e-02 -3.40212742e-03  8.01971853e-02
  1.63682904e-02  3.33408862e-02  7.75313145e-03 -5.43486513e-02
 -8.39675069e-02  2.66418047e-02  9.78907272e-02  1.65022798e-02
 -7.40925549e-03 -4.76413257e-02 -7.37721622e-02  2.11968888e-02
  3.21303084e-02 -3.78566757e-02 -1.99143384e-02  1.54259220e-01
 -3.67325470e-02 -9.85378325e-02 -1.73066687e-02  1.01114869e-01
  2.66624391e-02  4.94893193e-02  1.81077812e-02  9.09721758e-03
 -3.48075405e-02 -4.99821939e-02  1.51614910e-02  2.76737623e-02
 -1.19508155e-01 -7.10986480e-02  5.80106899e-02 -1.29339437e-08
 -7.22838119e-02  1.23031987e-02 -3.15123871e-02 -3.85590158e-02
 -1.29825901e-02 -7.21252263e-02 -8.59500691e-02 -5.08442074e-02
 -9.28669237e-03  4.01618853e-02 -5.19909523e-02 -3.30717713e-02
  4.41298820e-03 -2.96019483e-02  1.09488629e-01 -7.16172978e-02
 -6.18546270e-03  1.24727048e-01 -5.10584675e-02 -1.39098186e-02
  3.00800651e-02  6.70105498e-03  3.54947597e-02 -6.47234470e-02
 -6.35472015e-02  2.46149600e-02  3.81680802e-02  1.71554331e-02
  3.22120674e-02  8.42326358e-02 -2.33594840e-03  2.17356402e-02
  6.44087419e-02 -6.00622557e-02  3.50091830e-02 -5.42391725e-02
  5.13292551e-02 -3.38825956e-02  2.14449391e-02 -5.29803634e-02
 -1.41972806e-02 -5.31502347e-03  4.13368084e-02  5.56083769e-02
 -2.93532573e-02  5.60634322e-02  5.82866855e-02  2.70570274e-02
  2.25435756e-02  4.38664146e-02  5.23785017e-02 -3.40267941e-02
  4.05573845e-02 -2.05765013e-02 -7.11162090e-02  6.03367239e-02
  3.28278989e-02 -1.09724149e-01 -7.30832964e-02  5.93192736e-03
  3.09254471e-02 -5.99852130e-02  3.29647847e-02  3.13628912e-02]"
433,Opportunities in Nutrition and Health,Social,market,3,0.2626,"[-2.88635641e-02  3.46952467e-03 -7.87136704e-02  2.25977134e-02
  4.29471806e-02  2.19851919e-02  1.26789093e-01  3.52439061e-02
  3.53908688e-02 -4.35992815e-02  7.49508291e-03 -1.00578759e-02
 -1.06870970e-02 -1.53156510e-02  5.15616387e-02 -6.35252818e-02
  9.51695896e-04 -3.70035134e-02 -5.23001738e-02  6.45420747e-03
 -1.38467476e-01 -3.35326530e-02 -1.77398678e-02 -4.26818524e-03
 -3.97183783e-02  2.64167394e-02  4.50692419e-03  1.55064706e-02
  9.67365981e-04 -1.21161126e-01 -2.10595280e-02  3.22646685e-02
  8.63261893e-02  1.18088201e-02  3.54024470e-02 -8.72760022e-04
 -5.84577248e-02 -5.12336008e-03  3.70775512e-03  4.95509207e-02
  2.41641933e-03 -7.69594759e-02 -7.39076287e-02 -7.79272756e-03
  1.58755705e-02 -3.03305835e-02  2.56272480e-02  6.16976954e-02
  9.81189385e-02  5.13390936e-02 -1.40780285e-01  1.95778022e-03
 -4.40885127e-02  1.76610872e-02  2.63062958e-03  7.12341629e-03
 -1.05991758e-01 -4.80442569e-02  4.48033698e-02 -7.27623655e-03
  6.44022375e-02 -2.14007907e-02 -4.65772711e-02  7.47377574e-02
  1.05178215e-01 -4.05701138e-02 -7.58638978e-02  8.86162147e-02
 -7.77794570e-02 -1.01865537e-01  8.83855000e-02 -3.40479128e-02
 -7.93566033e-02 -4.15709168e-02  8.71940749e-04 -1.26120411e-02
  3.93067338e-02 -5.08619882e-02  7.04167336e-02  2.94984207e-02
  2.51967106e-02 -8.09158385e-02 -1.01342879e-01  1.42778168e-02
 -5.55404425e-02 -5.22505865e-02  3.33178267e-02  2.47618612e-02
  4.96784635e-02 -1.87039133e-02  1.16163210e-04  7.38932844e-03
 -6.47162721e-02  4.13566679e-02 -2.48496868e-02  6.18104450e-02
 -5.43437060e-03 -2.33283136e-02  2.81822644e-02  2.31146991e-01
  7.61082023e-02 -1.07466383e-02 -6.62488416e-02 -1.37357187e-04
 -9.94705781e-02 -8.21498856e-02 -5.55843487e-02  7.72806332e-02
  2.65330449e-02  3.43599506e-02 -1.02902539e-01  1.25567801e-02
 -8.88680965e-02  2.91560907e-02  1.13904886e-02  1.92666948e-02
 -1.19488826e-02 -1.67118795e-02 -5.35421818e-03  5.28133288e-02
 -7.19072716e-03  5.11493906e-02 -3.65729667e-02 -5.51211229e-03
 -7.66106173e-02 -1.88414305e-02 -4.91122417e-02 -5.06319396e-33
 -8.43736231e-02 -1.79942884e-02 -5.69005124e-03  3.56262946e-03
 -4.96979430e-02  3.65311503e-02 -2.08408777e-02 -7.33913668e-03
 -6.00528456e-02  4.17435430e-02 -4.87159155e-02  3.53872143e-02
 -5.49003072e-02  3.85456830e-02  9.08194184e-02  7.57167174e-04
 -2.58777067e-02  3.71037610e-02  7.07878247e-02 -1.30904596e-02
 -8.86041112e-03  5.07791191e-02 -2.69515477e-02  4.15200703e-02
 -3.44668180e-02 -3.96191701e-02 -1.17572173e-02 -2.05714405e-02
  1.04258597e-01  4.54292558e-02  2.05675717e-02  7.68038305e-03
 -3.50125879e-02 -2.97450554e-02 -6.91431984e-02  1.77437104e-02
 -7.37046376e-02 -6.93400875e-02  3.88319157e-02  9.55017004e-03
 -7.20191523e-02  6.08561151e-02 -6.14065751e-02  1.04700625e-02
 -3.94300632e-02  6.09926134e-02  7.28080096e-03  6.89792819e-03
  1.53520480e-02  7.01482687e-03 -1.67698823e-02  1.32463211e-02
 -9.23231766e-02 -1.06636165e-02  8.90352856e-03 -4.29527275e-03
 -7.47440979e-02 -3.74423601e-02 -9.68968049e-02  2.39560176e-02
  7.44010285e-02  4.69131470e-02 -4.47743535e-02  8.56389012e-03
 -3.35092619e-02  4.05117720e-02  3.31580937e-02 -1.90968000e-04
  4.27035661e-03  2.45816298e-02 -1.73548851e-02 -1.31735243e-02
  6.11508153e-02  8.15188587e-02 -2.23645382e-02 -1.83876026e-02
  1.17730973e-02  1.29652053e-01  1.86431501e-02  3.63810696e-02
 -2.65313163e-02 -1.95659772e-02  1.70104876e-02  8.09182078e-02
 -2.72045992e-02  1.76431444e-02 -2.98145637e-02 -6.71913326e-02
  4.86866795e-02 -1.89098995e-02 -4.07202393e-02  4.00455818e-02
 -2.44661998e-02  3.64614390e-02 -1.33732241e-03  2.69894072e-33
 -6.81006312e-02  1.79707799e-02 -5.27062938e-02  6.49289712e-02
 -9.36249644e-03  1.20573882e-02  6.30834373e-03  5.72794722e-03
  9.80666801e-02  1.07919164e-01 -8.35358948e-02 -2.29018982e-02
  8.25612396e-02  1.39060384e-02 -8.16260278e-02 -3.14706191e-02
  1.10287718e-01 -1.23463105e-02  4.04692488e-03 -1.53255900e-02
 -3.21330540e-02  2.26350166e-02  1.87022928e-02  3.34639251e-02
  1.41291581e-02  3.30415964e-02 -5.17221130e-02  2.22894978e-02
 -7.52152363e-03  1.90986153e-02  1.01506561e-02 -6.19113855e-02
  1.99984685e-02  6.25199974e-02 -7.68613219e-02  9.01398882e-02
  4.17121127e-02 -1.78611092e-02 -1.95510332e-02  9.93390232e-02
  7.05546737e-02 -3.67736630e-02  7.59300292e-02  9.88705605e-02
 -9.84949409e-04 -9.39168385e-04  4.83426861e-02 -1.02092838e-03
  1.31350547e-01 -1.48862032e-02 -4.14000787e-02  8.43286365e-02
  3.84837873e-02 -4.95358445e-02 -8.29912275e-02  1.96923651e-02
 -1.04332948e-02  5.42726889e-02 -7.11567029e-02  2.69422513e-02
  4.90491651e-02  9.52566043e-02 -2.05712803e-02  3.78553383e-02
  1.21947536e-02  7.48608559e-02 -1.09823104e-02 -9.15079564e-02
 -2.56297346e-02 -6.72941878e-02  1.15161501e-01 -1.23490067e-02
 -3.06582227e-02 -2.76440405e-04 -8.95588920e-02  1.81217585e-02
 -8.17492157e-02  9.77963116e-03  1.08516440e-02 -2.26243455e-02
 -5.78570142e-02  3.34393643e-02 -3.40763852e-02  2.80274972e-02
 -2.74030715e-02  2.46895924e-02  1.07359118e-03 -2.61098817e-02
 -5.76152019e-02 -5.58791943e-02 -4.02165130e-02  9.78132524e-03
  1.85595080e-02 -1.16185052e-02 -4.96223904e-02 -1.24939232e-08
 -2.74596140e-02 -4.81176376e-02  8.41978043e-02  3.12205069e-02
  1.88803598e-02  3.94625682e-03  3.44084054e-02  3.06276400e-02
  7.38566592e-02  1.03806876e-01 -4.35973378e-03  3.06195505e-02
 -1.02748550e-01  4.69254442e-02 -2.64775716e-02  8.19212571e-03
 -6.10953458e-02 -1.41130062e-03 -8.60431418e-03 -8.00700486e-03
  5.87557927e-02  8.44176337e-02  5.26276864e-02 -7.22202938e-03
  1.72053259e-02  2.98903976e-02  9.17614624e-02  4.18951660e-02
  3.20137814e-02  1.90130100e-02 -4.28826958e-02  4.81331162e-03
  2.28074212e-02 -6.11369982e-02  4.68045892e-03 -3.59680178e-03
 -1.31525742e-02  1.56631675e-02  4.52315994e-03 -9.55230277e-03
 -8.10310096e-02 -1.32137313e-02  7.79011892e-03 -5.84505349e-02
  1.21177854e-02  4.65702452e-02 -4.18003947e-02  3.50638572e-03
  4.60376404e-02 -6.60851523e-02 -3.92256938e-02 -1.37970515e-03
  5.14538474e-02  4.07965714e-03 -1.84537955e-02 -1.44101391e-02
 -6.97034076e-02 -1.78154651e-02 -8.48948136e-02 -1.02690673e-02
  2.26047859e-02 -5.92899956e-02 -1.80599764e-02  8.73624980e-02]"
434,Opportunities in Nutrition and Health,Social,growth,2,0.2617,"[-1.06087944e-04  2.82921400e-02 -3.04689445e-02  5.35120741e-02
  1.06356740e-02 -1.12803169e-02  1.54812355e-02  1.18254647e-02
 -4.47391495e-02  6.35554269e-02  8.84153321e-02  2.76641715e-02
 -2.81726150e-03  1.58735588e-02 -7.08692521e-02  2.71530636e-02
 -6.40366301e-02 -2.65568662e-02 -1.29130378e-01 -7.29234964e-02
  4.22631577e-03 -3.15619595e-02  3.76602355e-03  3.25237811e-02
  1.85272545e-02  1.88633259e-02 -7.83967897e-02  1.78481918e-04
  3.88934389e-02 -6.76833764e-02  5.77525562e-03  1.15039818e-01
  9.95473638e-02 -3.31036747e-02 -1.00103253e-02  2.04646867e-02
  9.73283425e-02  2.38267370e-02 -1.16429022e-02  2.48917565e-02
 -4.62814933e-03 -7.59229660e-02 -4.43676412e-02 -4.63698432e-02
  2.50070784e-02 -3.87389548e-02  1.65572029e-03  7.45843649e-02
 -3.83024514e-02 -3.62622552e-02 -5.27487434e-02 -6.68814930e-04
 -4.00776751e-02  1.26803480e-02  6.11308180e-02 -5.08320779e-02
 -4.46666330e-02 -3.39702633e-03  3.54195083e-03 -2.17554104e-02
  1.63233969e-02  5.08936588e-03 -1.52190374e-02 -1.76733434e-02
  9.59441438e-02 -1.99292675e-02  3.47764464e-03  4.27855598e-03
 -9.70320031e-02  4.14411053e-02  1.34083424e-02 -4.44856053e-03
 -2.52546817e-02  2.98610311e-02  1.03134196e-02 -8.29689577e-02
 -1.48714967e-02  3.97259071e-02  1.29198551e-01 -4.95537277e-03
  4.47644331e-02  3.83566581e-02 -8.79082456e-02  4.41689342e-02
 -5.66828102e-02  1.09251225e-02  6.47269636e-02 -3.65359001e-02
 -7.91756716e-03 -3.61491740e-03  6.50533661e-03  5.00317961e-02
 -9.41219106e-02  2.63328236e-02 -9.08286348e-02  7.77647085e-03
 -1.16737887e-01 -1.91777527e-01 -1.42749371e-02  1.89266950e-01
  3.02190743e-02  4.99823317e-02  3.38128842e-02  1.25730261e-02
 -1.02633266e-02 -1.70796160e-02 -5.00641540e-02  7.64767528e-02
  5.41078039e-02  7.69378170e-02 -1.12925945e-02  2.68550031e-02
 -4.61785235e-02  8.36991817e-02  2.75556240e-02  2.39306241e-02
  1.89665295e-02  1.05115147e-02 -4.02387604e-02  3.77537720e-02
  9.33376625e-02  7.69746602e-02 -6.52587414e-02  1.70061737e-02
 -1.06016070e-01 -2.64066644e-02 -5.03271865e-03 -4.17799786e-33
 -6.15231730e-02 -9.43798423e-02  5.35978191e-02  9.61158425e-02
 -2.48243138e-02 -6.32672710e-03 -6.28249720e-02 -2.08208710e-02
 -2.85441685e-03 -3.33666205e-02 -6.63055107e-02  4.07477468e-02
  1.58820394e-02 -1.15702851e-02  1.56571075e-01 -3.91299017e-02
 -7.72205926e-03  8.25856328e-02  3.58474255e-02 -7.05920067e-03
 -2.87607145e-02  1.21112326e-02  9.04430356e-03  4.42044958e-02
  5.34671918e-02 -5.09683089e-03  2.21123546e-02 -5.62247671e-02
 -3.94478999e-02 -8.59058648e-03  6.68058544e-02 -2.31344271e-02
 -8.91578943e-02 -8.13957900e-02 -3.80750187e-02 -5.84676266e-02
  1.73463821e-02 -4.08435799e-02  4.51566391e-02  2.07063798e-02
  2.09976133e-04 -2.33114678e-02 -1.12522794e-02  1.90766864e-02
 -2.55645905e-02  4.16212417e-02  7.78544396e-02 -2.52298452e-02
 -7.72686899e-02  1.17358388e-02  5.36277927e-02  2.37189252e-02
 -2.48276871e-02 -6.08455911e-02  7.02904016e-02  3.78389806e-02
 -1.19306147e-02  3.26462230e-03  2.93369725e-04  2.29323562e-03
  9.90116782e-03 -2.12583132e-02 -5.87081984e-02  1.12284027e-01
 -4.79115099e-02  2.26096883e-02  3.29976268e-02  7.65917404e-03
  4.38887179e-02  1.27737448e-02  1.76179539e-02 -2.81228591e-02
  7.32466802e-02  5.21852402e-03 -1.59193333e-02 -3.44759040e-02
 -9.50016454e-03  1.62910055e-02 -6.56801909e-02  9.45775509e-02
 -3.53812054e-02 -2.60274950e-02  1.33966394e-02 -7.40596130e-02
  4.93537374e-02 -4.36515100e-02 -3.04731298e-02  9.20634437e-03
  8.07824656e-02  3.67778689e-02 -3.66503522e-02 -7.39988014e-02
  3.80302668e-02  3.99570763e-02 -2.12866589e-02  2.50988817e-33
 -6.98002474e-03 -3.38431378e-03 -3.53810526e-02  2.80234423e-02
  1.36279473e-02  8.15108046e-03 -6.59093261e-02  5.05675599e-02
  1.22186663e-02 -3.18674892e-02 -5.45735378e-03  5.08565009e-02
  5.96131757e-02  3.42664160e-02 -1.45054469e-02 -2.15786435e-02
  8.50966796e-02  3.10196728e-02 -9.31556744e-04  1.03039732e-02
 -4.61928397e-02 -1.28678558e-02 -4.93022241e-02  3.87103893e-02
 -1.43988300e-02  3.80603112e-02 -9.84366462e-02  9.02829785e-03
 -2.86645647e-02  1.44581851e-02  8.68004747e-03  9.91724199e-04
 -2.11528465e-02  3.58705036e-02  7.95402937e-03 -9.15246201e-04
  2.61421259e-02 -4.74796370e-02 -5.06508686e-02 -1.82571653e-02
  5.44911884e-02  4.48412262e-02  5.06345779e-02  4.82021794e-02
 -1.43189589e-02 -3.44457440e-02  3.17017734e-02  3.32755819e-02
  5.02725393e-02  2.42794212e-02  5.24499677e-02  1.91762056e-02
 -1.07995840e-02 -5.44523485e-02 -5.42293638e-02  5.11457548e-02
  1.92407686e-02  1.78668536e-02 -6.14992455e-02  2.05094181e-02
 -3.19998674e-02 -5.62448837e-02 -5.57515994e-02  2.48390324e-02
 -8.01382884e-02  2.73664668e-02  2.26630084e-03 -5.43272309e-02
  1.03514744e-02 -1.86233167e-02  9.27717611e-02  2.00759005e-02
 -1.28152231e-02  2.41584219e-02 -1.50788918e-01 -9.08994675e-03
 -1.10994428e-02  1.02596646e-02 -8.54209438e-03 -4.54792194e-03
 -8.80940333e-02  4.12235328e-04  5.68265840e-02 -3.76172713e-03
 -1.11639239e-01 -4.82118614e-02  3.88136059e-02 -6.10080771e-02
 -4.20456789e-02  5.32879271e-02 -8.01724494e-02 -4.86551896e-02
 -1.35619670e-01 -1.06601156e-01  4.28371578e-02 -1.16859145e-08
  2.37022005e-02  2.23358208e-03  2.06786841e-02  3.39315794e-02
  9.63057578e-02  2.05002055e-02  9.62027311e-02  7.36894310e-02
  4.71284501e-02  1.06759325e-01 -6.47054687e-02  6.26422018e-02
  4.91872728e-02  7.02535957e-02  4.60736454e-02 -4.16798005e-03
 -2.38992982e-02 -1.42248580e-02 -5.46013676e-02 -6.22051321e-02
  2.97392569e-02  7.33472034e-02  7.24737719e-02  4.34315093e-02
 -3.16578336e-02 -1.06784299e-01 -2.30073780e-02  3.07529420e-02
 -8.93845633e-02 -2.92184297e-02  1.17434166e-01  3.75908948e-02
 -7.45461415e-03  6.27466571e-03  2.59850491e-02 -3.35597992e-02
 -2.13513710e-02  3.39560062e-02  4.87246551e-02 -7.17755556e-02
 -7.61202583e-03  2.80891191e-02  8.74447525e-02 -5.71178123e-02
 -3.53527106e-02 -7.13948905e-02 -6.05606213e-02  2.15603244e-02
 -1.30879730e-02 -9.18022543e-02  8.04579929e-02 -1.94262806e-03
 -2.68716551e-03 -5.20765921e-03  5.66929989e-02  1.49930483e-02
  3.07728862e-03  4.25755279e-03 -5.58996946e-02  3.40109318e-02
  6.18880987e-02 -3.75475027e-02  7.31408298e-02  4.74934205e-02]"
435,Ownership and Control,Governance,owned,1,0.7022,"[-5.92934750e-02  5.85458018e-02 -1.07373288e-02  5.82040148e-03
 -4.71273251e-02 -7.27072656e-02  9.20894518e-02 -4.55233194e-02
  1.96559983e-03 -6.11697370e-03 -2.53076404e-02  1.50575843e-02
  4.05880176e-02 -2.67433468e-03 -4.20927480e-02  2.59287413e-02
 -6.62817284e-02 -4.05545831e-02 -5.72042465e-02 -3.57953943e-02
 -1.04173571e-01 -3.57303768e-02  3.65814902e-02  3.15072797e-02
  4.30922993e-02  5.91318682e-02  2.06060545e-03  1.08609445e-01
  7.33169988e-02 -8.40444714e-02  2.42644493e-02 -7.79595822e-02
  6.83378428e-02  1.83980130e-02 -3.46561037e-02 -2.22825874e-02
 -7.88186770e-03 -8.17175433e-02  1.70999765e-02  1.00345304e-02
  3.31430994e-02 -4.75489087e-02  2.49274373e-02  5.58557454e-03
  2.12506694e-03  1.27948761e-01  3.10364291e-02  3.11489981e-02
  7.86762238e-02  9.01894048e-02  9.27473011e-04  2.09276211e-02
 -1.84779726e-02 -2.50974260e-02  3.73433158e-02  4.94127572e-02
  1.13150012e-02  8.16351734e-03  1.73632596e-02 -4.20174524e-02
  3.65752168e-02  5.35014868e-02 -3.54354121e-02  4.73164432e-02
 -1.42088451e-03 -4.70067374e-02 -1.38520859e-02  8.02589022e-03
 -5.88511266e-02 -3.92310927e-03  1.47317156e-01  1.53950760e-02
  3.59415635e-02  2.16662548e-02 -4.66148518e-02 -1.81805231e-02
  3.74458767e-02  6.76925061e-04 -1.42683240e-03 -4.42515053e-02
 -1.87673792e-02  2.70799957e-02 -2.39575021e-02 -6.23100344e-03
 -8.74778330e-02  4.83309887e-02  3.18148956e-02  7.91240633e-02
  5.35684451e-02  4.79599647e-02 -3.70482728e-03 -2.15169368e-03
  1.10320032e-01 -2.66947094e-02 -6.94536418e-02  1.73307303e-02
  2.19441834e-03  5.26222810e-02 -1.37056604e-01  2.41514444e-01
 -7.51588074e-03  6.68887943e-02 -4.96394336e-02  2.37035993e-02
  1.83594730e-02  4.65500653e-02 -5.46293752e-03  1.21282950e-01
 -3.85658219e-02 -5.86718097e-02 -7.08852634e-02 -1.36163598e-02
 -6.96945786e-02  9.05493572e-02  5.17362319e-02 -4.06030454e-02
 -6.36041313e-02  5.03950976e-02  9.52723399e-02 -1.03648700e-01
  1.83758698e-02 -4.58389241e-03 -1.39274132e-02  1.10447807e-02
 -4.57057394e-02 -6.55666441e-02  2.46357475e-03 -4.76215096e-33
  2.93831155e-02  4.51365076e-02 -2.54342500e-02 -1.98434126e-02
  1.03907166e-02  2.92241722e-02  1.18207596e-02  3.20380814e-02
 -1.12539127e-01  2.71690749e-02  8.23905095e-02  3.04489229e-02
 -2.89634671e-02 -5.50834611e-02  9.53398794e-02  1.43480469e-02
 -1.24825584e-02 -4.83379625e-02 -1.69461649e-02 -2.23915540e-02
 -3.49085778e-02  1.77556947e-01 -1.80514064e-02  9.59371701e-02
 -1.17705036e-02 -8.42967182e-02 -6.30936772e-02  1.96987502e-02
 -1.63939446e-02  3.49709913e-02  1.82142723e-02  3.35409422e-03
 -3.17842886e-02 -2.85130981e-02 -2.75091324e-02 -1.61550026e-02
 -3.22297439e-02 -4.77788188e-02 -5.45287877e-02  4.07666266e-02
  2.88395043e-02 -5.95760010e-02 -6.82676062e-02 -2.79044490e-02
 -1.18936546e-01 -3.42086665e-02 -3.99410278e-02  3.45534161e-02
  5.50623797e-03  8.26931670e-02 -1.99381411e-02 -4.60274331e-02
 -1.24479376e-01  1.20234741e-02 -6.82091387e-03 -6.26823455e-02
 -6.28484972e-03 -4.71004471e-03  5.66019211e-03 -8.83684531e-02
  5.29967621e-03  8.98303613e-02 -1.73766166e-02  9.27537307e-02
 -2.68446729e-02  2.55883974e-03  8.83783624e-02 -1.06995236e-02
  2.18683872e-02 -3.97370458e-02 -5.12079932e-02 -5.22563048e-03
  3.99165787e-02  3.01262382e-02 -2.70291092e-03 -4.27540801e-02
 -4.91116047e-02  5.48834614e-02  8.39717314e-03  6.75555021e-02
 -2.48622280e-02 -4.17442694e-02  3.87465805e-02  6.59385845e-02
 -1.70847792e-02  2.01755017e-02 -2.51060985e-02 -5.33201508e-02
  6.73312112e-04  8.02265927e-02 -2.17696186e-02  1.15994122e-02
  1.65110920e-02  5.39241061e-02 -5.70695214e-02  3.54964984e-33
 -3.44029367e-02 -5.88519499e-02 -1.50925806e-02  2.63588168e-02
 -3.92904058e-02 -1.38757506e-03  1.24520867e-03 -1.82307209e-04
 -4.79920991e-02 -2.50299927e-02 -1.33385593e-02 -1.14764143e-02
  9.67977196e-03  8.97441283e-02  3.79007533e-02  1.12358844e-02
  7.77914971e-02 -8.02904889e-02 -2.29146462e-02 -3.33088152e-02
 -1.07514083e-01  6.25422224e-02  5.36018908e-02  5.80512844e-02
 -1.20514221e-02  5.14746346e-02  7.14754313e-03  7.86885470e-02
 -2.51742173e-02 -6.40057400e-02  3.77809815e-02 -5.66741899e-02
 -3.81511748e-02  2.76078116e-02  5.18367440e-03  3.53727639e-02
 -4.04773876e-02 -6.41447352e-03  1.75680325e-03  1.00520765e-02
  1.05637107e-02  4.95955385e-02  7.53378421e-02  1.57813817e-01
 -2.22328026e-02  3.12454021e-03 -2.43231859e-02 -1.21092685e-01
  8.42949077e-02  7.44209960e-02 -4.91111306e-04  2.51375567e-02
  6.86503649e-02  3.26977111e-02 -1.07571166e-02 -2.79864334e-02
  6.04633056e-02  3.39767747e-02  5.26662283e-02 -2.35451087e-02
  1.51792392e-02  4.80058379e-02 -4.12844867e-02  1.06636055e-01
 -6.27773255e-02 -1.13037182e-02 -2.46757772e-02 -5.40520661e-02
  1.94265265e-02 -7.29738474e-02  1.88631229e-02 -7.40565956e-02
 -1.72543656e-02 -5.10257557e-02  4.50143870e-03 -3.33309465e-04
 -7.59936869e-02 -6.66310079e-04 -1.05175627e-02 -5.17757274e-02
 -3.10987327e-02 -1.42597836e-02  1.30191781e-02  4.38044406e-02
 -6.01198114e-02 -2.64841653e-02  1.27139008e-02 -4.92080227e-02
 -1.29154348e-03  2.26808852e-03  7.61424899e-02  2.21328214e-02
 -2.77909897e-02 -1.25863031e-02 -8.96814838e-03 -1.25147643e-08
 -2.12128144e-02  3.36988047e-02  6.53727204e-02  2.24862769e-02
  8.00457075e-02  7.71729229e-03  5.26091456e-02  1.90786589e-02
  3.30116302e-02  8.98647755e-02 -3.32417116e-02 -4.41078143e-03
 -4.82020713e-02 -3.45452246e-03 -1.02445204e-02 -7.30400160e-02
 -6.20643795e-02  7.24126995e-02 -2.87715811e-02  9.89483390e-03
  2.57653184e-02 -5.49655361e-03  6.77533150e-02 -3.87253799e-02
 -8.26219916e-02  1.44180302e-02  1.34561360e-02 -5.15761562e-02
  1.72404367e-02  9.65714008e-02 -7.58136623e-03  9.33112875e-02
 -2.89856959e-02 -1.14943907e-02 -6.07800810e-03 -1.19253062e-01
 -4.50057201e-02  3.85057330e-02  8.65098741e-03  8.80759861e-03
 -6.66934624e-02  3.55897471e-02 -2.03280430e-02 -1.47339292e-02
 -9.35108401e-03  2.76004672e-02 -2.91722473e-02 -3.55018526e-02
 -5.00430092e-02 -7.78669864e-02  3.89316231e-02 -2.42505949e-02
 -7.57841626e-03  3.02481465e-02 -6.10754378e-02 -8.71536788e-03
  2.49946192e-02  5.01004346e-02 -4.88312729e-02 -3.96651551e-02
  3.55668887e-02 -8.36449303e-03  3.33974254e-03  4.88838330e-02]"
436,Ownership and Control,Governance,control,1,0.6196,"[-3.61497328e-02  2.51782462e-02 -3.04270424e-02  1.07574731e-01
 -5.09015992e-02  8.86142254e-02  1.09384127e-01  1.32557107e-02
  3.85636277e-02  6.80679977e-02  8.18897039e-02 -3.00615672e-02
  3.52149527e-03 -6.98959082e-02 -1.60267148e-02  4.11381386e-02
  3.70288976e-02 -3.11309546e-02 -1.10988334e-01  7.88828544e-03
 -6.78626522e-02  2.55547669e-02  5.96754737e-02  1.28017515e-02
 -1.50108501e-01  1.00882001e-01 -1.01340182e-01  1.06572323e-02
  3.75490710e-02 -1.73665226e-01 -4.72975010e-03 -5.44540435e-02
  3.71608846e-02 -4.49687541e-02 -1.06613122e-01  2.21541524e-02
  1.54088642e-02 -3.94228287e-02  1.40438545e-02 -3.20508927e-02
 -1.77134126e-02 -4.46457975e-02  1.24417769e-03 -4.43394706e-02
 -3.32910642e-02  6.52384087e-02  8.76478385e-03  3.94308865e-02
  2.49308143e-02 -1.92238651e-02 -2.46424135e-03 -4.35998552e-02
  1.60814915e-02 -2.47510020e-02  9.70896631e-02 -6.65717199e-03
  7.70794079e-02  4.66723591e-02  1.79665927e-02 -1.96708944e-02
 -1.93698574e-02  3.65904197e-02 -1.19505063e-01  4.08067815e-02
  3.18706483e-02  3.26095242e-03 -4.38516252e-02  2.68585607e-02
 -1.71951428e-02 -3.69517761e-03  2.01999694e-02 -1.61686018e-02
  3.12149040e-02  5.32781333e-03  9.76784825e-02 -8.23847353e-02
 -4.38025109e-02 -7.67096132e-02  5.09917662e-02 -1.89903434e-02
  1.18987791e-01  1.29136331e-02 -6.76162317e-02  3.73611338e-02
 -2.70985020e-03 -5.15732653e-02  3.78160849e-02  2.35932097e-02
  8.58922750e-02  5.92410341e-02 -3.06011289e-02 -6.72074454e-03
  7.18691945e-02 -5.32214418e-02 -5.90771474e-02 -2.02083066e-02
 -1.16799595e-02 -3.62677649e-02 -8.64665285e-02  2.07383737e-01
  6.55305237e-02  1.72415487e-02 -2.30207164e-02  2.85713058e-02
 -3.06703849e-03 -5.04595377e-02  1.65875033e-02  3.34999412e-02
  2.70362268e-03 -3.29266004e-02 -3.04816123e-02 -1.75664462e-02
 -9.45850462e-02  3.25482413e-02  5.48967272e-02 -2.99564246e-02
  6.64193043e-03 -2.42144056e-02  9.06078331e-03 -2.98115630e-02
 -7.67587451e-03 -8.37069303e-02  1.22801969e-02 -1.23290652e-02
 -3.12457215e-02 -6.04363196e-02 -1.94016211e-02 -4.76366624e-33
  3.10411565e-02 -8.40384215e-02 -6.60843123e-03  4.55770195e-02
  1.26339793e-02  7.85128176e-02  3.77760245e-03  1.55300433e-02
 -4.80451249e-02  6.66191280e-02  4.58676592e-02 -7.88843930e-02
 -7.95094967e-02  1.02973469e-02  1.04688406e-01 -9.20702294e-02
 -3.30325663e-02  2.64774356e-02  5.34915645e-03 -1.84689965e-02
 -5.12379743e-02  9.00936499e-02 -1.51653886e-02 -1.47302113e-02
 -1.88920032e-02 -3.82794030e-02 -4.93367426e-02  4.56436053e-02
  2.72924788e-02 -6.96375719e-05  3.22700553e-02  4.11526896e-02
 -5.72498329e-02  1.94252077e-02 -4.01419252e-02  3.22448015e-02
 -2.31246091e-02 -7.28634447e-02  6.32099211e-02  1.91276008e-03
 -5.21192811e-02 -6.03364548e-03 -7.15577304e-02  2.94651855e-02
 -4.95850407e-02 -4.41305153e-03  5.76880686e-02 -3.22178937e-02
 -1.62888989e-01  3.00509147e-02 -1.30411005e-02  1.07775293e-02
 -3.74491094e-03 -5.41740842e-02  4.12120186e-02 -2.98839267e-02
 -2.46847775e-02 -2.05381145e-03 -2.40521636e-02  4.35730293e-02
  9.27657485e-02 -2.52551120e-03 -3.62656564e-02  5.59891760e-02
  2.55014449e-02  2.07686946e-02  4.57762107e-02 -6.49828240e-02
  3.72228585e-02 -9.41343419e-03 -8.66215974e-02 -4.56213690e-02
  5.14079072e-03  3.28888074e-02  5.22810221e-03 -1.82166975e-02
 -4.52152789e-02 -2.20569875e-02 -1.14864528e-01  1.93564256e-03
 -6.95012584e-02  2.35216301e-02  1.05797546e-02  9.94404927e-02
  1.67072229e-02 -8.19444433e-02  6.08252548e-03  3.03303711e-02
 -4.75633107e-02  3.57847624e-02 -2.46863198e-02 -2.36396305e-02
  5.51854745e-02  7.68970847e-02 -4.01627533e-02  4.07840630e-33
 -1.78304221e-02 -1.59682147e-02 -2.41620466e-02  4.74028997e-02
  1.80381555e-02  5.03831729e-03 -2.06195377e-02 -8.75113681e-02
 -7.07117021e-02  3.38703468e-02 -3.48254410e-03 -2.30202954e-02
  3.38820778e-02 -4.01300518e-03  3.45067726e-03 -4.55611981e-02
  7.98813552e-02 -2.71305721e-02 -2.60932818e-02 -4.05330658e-02
 -8.52609500e-02  2.56790165e-02  3.25582847e-02  2.04288643e-02
 -1.16215758e-01  2.14690659e-02 -1.62077527e-02  1.16221078e-01
  7.78658595e-03  1.73873994e-02 -4.66776527e-02 -2.54934542e-02
  1.15521718e-02  7.38747641e-02 -5.22726960e-02  4.71612848e-02
  8.59367251e-02  4.33338135e-02 -8.20462927e-02  6.30810251e-03
  2.99402256e-03 -1.93125440e-03 -1.96945556e-02  1.28374338e-01
  4.90736328e-02  1.93648990e-02 -2.88225487e-02  2.84581631e-02
 -2.16805818e-03  7.19458610e-02 -7.95900375e-02 -1.30105214e-02
 -1.49075426e-02 -2.96912082e-02 -3.61462682e-02 -3.18226926e-02
  6.27559945e-02 -4.98085422e-03  6.64437935e-02  5.85822714e-03
 -4.00612541e-02  2.81995554e-02 -3.61501388e-02  5.51597141e-02
  3.19886692e-02  7.50953630e-02  5.74337058e-02  4.77365032e-02
  1.46072149e-01  1.06620584e-02  5.75516671e-02 -6.27640868e-03
  2.54394393e-02 -3.43737490e-02 -1.11080576e-02 -3.68819945e-02
 -6.65137246e-02 -1.88637599e-02  6.64214743e-03 -3.10739148e-02
  3.94848641e-03 -2.62231696e-02  6.38629049e-02 -1.12499816e-04
 -7.07129166e-02  3.51528116e-02 -4.10509706e-02  2.67964136e-02
  2.44878195e-02 -9.21237376e-03  4.17027064e-03  6.37693284e-03
  3.69076058e-02 -4.51440178e-03 -1.35691669e-02 -1.24010091e-08
  6.89595379e-03 -2.92214123e-03  1.09340161e-01 -5.75034283e-02
  2.09212769e-02  1.81627367e-02  1.37241567e-02 -5.33742607e-02
 -1.67333931e-02  6.61557838e-02  2.15326138e-02  1.46754347e-02
  4.88863625e-02  1.20655363e-02  6.63215816e-02 -3.94152291e-02
  9.68382135e-03  8.56114179e-02 -5.73611679e-03 -2.03658175e-03
  7.83724710e-02 -9.05914232e-03  7.64632784e-03  5.43780848e-02
  3.48670185e-02 -5.24830893e-02 -1.88679304e-02  1.13552883e-01
 -1.77354813e-02  7.56223500e-02  6.77570030e-02  1.59427542e-02
 -1.89386159e-02 -1.89986196e-04  3.43804285e-02 -2.35476438e-02
 -2.47290209e-02 -4.84951660e-02  4.55836020e-02  1.42055936e-02
 -2.72174347e-02  5.18484451e-02  7.11512426e-03  1.14267161e-02
 -5.89115135e-02  6.19460549e-03  1.38888620e-02 -1.37008522e-02
  3.66067849e-02 -2.35251319e-02  2.39979755e-03  4.92099449e-02
  8.05821270e-02  1.00690201e-01  6.54272512e-02 -9.36644245e-03
  4.54242341e-02 -1.96780972e-02 -1.04928367e-01  8.99343044e-02
  6.23454414e-02  7.87393227e-02 -2.75548045e-02 -1.11655993e-02]"
437,Ownership and Control,Governance,rights,4,0.5299,"[-5.02304398e-02  9.19448808e-02 -4.46229093e-02  2.15228293e-02
  2.82218773e-02  8.34794566e-02  8.26021284e-02 -7.57010356e-02
 -6.03124425e-02 -2.28036754e-02  1.99880488e-02  7.91439787e-02
 -1.26253357e-02 -4.86188270e-02  5.21798134e-02 -5.90694416e-03
 -1.29475603e-02  2.73518302e-02 -1.42051414e-01  1.09563814e-02
 -4.84865941e-02  1.97680034e-02 -2.31895633e-02  3.27711366e-02
 -3.36774811e-02  6.60227984e-02  1.49771897e-02 -2.80344076e-02
  9.82212350e-02 -7.70501122e-02  4.51583974e-02 -4.33186963e-02
  3.49105336e-02  2.52019637e-03 -7.71151036e-02  9.05271433e-03
 -6.46814355e-04 -8.42676014e-02  1.47552826e-02 -4.46944609e-02
 -2.12333836e-02 -1.24954291e-01 -5.31498343e-03  4.84939781e-04
 -1.06303650e-03  6.95282891e-02  1.15656838e-01  2.49599777e-02
  6.18507154e-02  2.00444255e-02  3.53572108e-02  3.00891697e-02
 -5.42421676e-02  3.85513566e-02 -2.19078846e-02 -3.10030510e-03
 -2.03487407e-02 -3.92419919e-02  6.24640696e-02 -4.30258689e-03
  9.95700061e-03 -3.49357277e-02 -7.01858774e-02  2.17605662e-02
 -1.49340769e-02 -4.32713563e-03  4.15846668e-02  4.21820171e-02
 -8.77714157e-03  3.74027118e-02 -8.52275826e-03  5.01549318e-02
  7.05063269e-02  3.26627046e-02  8.59356672e-02 -3.95726375e-02
  3.43399532e-02 -2.07787845e-02  2.01271940e-02 -8.09014142e-02
  2.32139789e-02  8.73281097e-04  3.06101167e-03  2.51386175e-03
 -3.32672074e-02  1.18484758e-02  3.02881692e-02  7.57352859e-02
  6.15698360e-02  4.58129123e-02 -9.65460390e-03 -2.14083884e-02
  1.04574829e-01 -3.27028483e-02 -9.88370627e-02 -4.70690243e-02
 -3.41090336e-02 -2.36959793e-02 -8.52466822e-02  2.00899556e-01
 -7.89927412e-03 -3.55270319e-02 -5.52574918e-02 -9.85113997e-03
  5.20135500e-02 -2.98455227e-02 -4.74393088e-03  3.85660566e-02
 -3.39803100e-02  6.47379830e-02 -5.16230799e-02  1.49793513e-02
 -3.89292203e-02  7.75405914e-02  8.81570131e-02  2.92461906e-02
 -2.32668724e-02 -5.96843194e-03  3.94549370e-02 -7.23233819e-02
 -2.20519118e-02  4.33663838e-02  1.36895664e-02 -1.69096471e-04
 -2.00711563e-02 -9.63721499e-02 -9.70953181e-02 -6.85995801e-33
 -4.43915017e-02 -6.79254234e-02  3.70746627e-02 -7.45952502e-03
  4.33144718e-02  1.20293954e-02 -8.64100009e-02 -1.62760019e-02
 -8.49989429e-02  1.31791130e-01  6.44024685e-02  2.57992912e-02
  1.05088847e-02 -6.65199459e-02  8.01489502e-02  5.85147217e-02
 -2.09542327e-02  8.00656304e-02  4.38845381e-02  2.63557453e-02
 -1.53746866e-02  8.38192776e-02  2.36950023e-03  8.87237042e-02
 -8.99808109e-02 -7.14522898e-02 -2.96894629e-02 -7.80936778e-02
  2.55099647e-02 -1.90059636e-02 -4.87546483e-03  6.25157133e-02
  3.71285453e-02 -7.04858974e-02  1.79329086e-02 -3.84813771e-02
 -1.62091162e-02 -3.64282280e-02  1.94426738e-02 -4.22874950e-02
 -3.14581171e-02  1.72626041e-02 -3.13013420e-02 -7.80113973e-03
  3.97468656e-02 -1.44355791e-02 -2.84368470e-02  3.85549776e-02
 -6.27363520e-03  7.79842436e-02 -4.64644879e-02  7.14203492e-02
 -4.72096950e-02 -3.72203216e-02  3.86182778e-02  1.93680450e-02
 -7.81096751e-03  8.07374790e-02 -3.35750692e-02 -8.07508677e-02
  1.94755904e-02  6.51620775e-02  3.83475423e-02  2.23846082e-02
 -3.01041361e-02 -1.27356909e-02  6.55936729e-03 -5.60121760e-02
  4.08958532e-02 -3.14362980e-02 -8.37058499e-02 -2.59382520e-02
  5.00744097e-02 -1.05294930e-02 -3.61872613e-02  2.14021578e-02
 -6.13232143e-04  4.76683266e-02  1.48537662e-02  1.71766058e-02
 -4.83746752e-02  2.45750602e-02  8.69136117e-03  5.97212277e-03
  2.94879377e-02 -6.13299496e-02 -2.89345756e-02 -7.28777051e-02
  3.48343514e-02  1.59681626e-02 -9.76058245e-02 -7.40512926e-03
 -2.08478011e-02 -2.10682340e-02 -4.22384553e-02  4.15752442e-33
 -6.83115870e-02 -1.27953961e-01 -8.72469395e-02  6.79457039e-02
  1.40866805e-02  1.98832471e-02 -6.92887697e-03 -3.82451294e-03
 -1.87524967e-02  9.25734192e-02 -4.62093689e-02 -3.39372270e-03
 -3.13776657e-02  4.12422121e-02 -1.15437228e-02 -5.11053577e-02
  6.50737137e-02 -6.77956492e-02  2.08222307e-02 -3.50325294e-02
 -1.01653241e-01  7.32307741e-03  3.13109085e-02  7.64399692e-02
 -1.43292667e-02  9.56858974e-03 -2.77634640e-03  2.26324331e-02
  1.69851612e-02 -4.61595431e-02 -2.16470025e-02 -5.60357571e-02
 -1.33785591e-01  1.85989290e-02 -6.75335573e-03 -1.22976243e-01
  4.59102280e-02  7.27850348e-02  2.13673189e-02  5.23874685e-02
  3.71482112e-02 -4.07836726e-03  2.73777340e-02  1.09465234e-01
 -4.93764989e-02  9.92673784e-02  4.43521738e-02 -4.26616333e-03
 -8.67264718e-03  2.47037737e-03 -1.31087480e-02  9.93635226e-03
  1.08745739e-01 -3.72563419e-03 -1.34956306e-02 -4.09930386e-02
 -6.68698829e-03 -4.05055098e-02  6.20558187e-02  3.95828998e-03
  8.10727030e-02  5.50734363e-02 -9.96033251e-02  4.13199849e-02
 -6.04843087e-02  1.13322837e-02 -1.24187740e-02 -4.82318290e-02
 -1.53766107e-02  8.85813776e-03  6.36512190e-02 -9.37429890e-02
 -8.26485083e-02  5.21039031e-03 -2.82404516e-02  2.07921863e-03
 -4.52478193e-02 -1.44228747e-03 -5.85875213e-02 -7.77750835e-02
 -3.64506850e-03 -6.42534271e-02 -4.34771217e-02  5.43572307e-02
 -4.31934604e-03  8.39028880e-03  7.59752318e-02 -8.44913423e-02
  3.97564322e-02 -2.36663017e-02  7.11495876e-02  7.84934983e-02
 -5.05692922e-02  5.28583452e-02  7.49672996e-03 -1.38256091e-08
 -1.67514011e-02  3.34704324e-04  2.43503149e-04 -2.11987775e-02
  6.67654024e-03 -1.23948967e-02 -3.92702557e-02 -4.70769368e-02
  3.17880996e-02  1.27894551e-01 -1.80869959e-02 -4.07447889e-02
  5.96538978e-03  4.59365211e-02  3.31767611e-02 -1.69461574e-02
 -1.52573036e-02 -7.07294792e-02  7.70405121e-03  5.74954897e-02
 -4.72363867e-02 -4.32524234e-02  6.79912567e-02 -4.06704620e-02
 -8.99260922e-04  1.17125222e-02  3.58234011e-02 -9.75866523e-03
 -2.45539080e-02  9.64590684e-02  1.90358479e-02  1.82360224e-02
 -1.67588890e-02  2.00001094e-02  2.96670347e-02 -1.06931306e-01
 -3.65255140e-02 -1.23188430e-02  4.27854545e-02 -4.22521457e-02
 -3.09443064e-02  7.62550607e-02  4.70745936e-02 -1.37878477e-03
 -3.84643525e-02  1.31523339e-02  5.03724776e-02 -7.09956558e-03
 -3.34148295e-02 -1.94822773e-02 -3.39403972e-02  1.84263714e-04
  6.24168254e-02  3.62342782e-02  9.39944610e-02  1.08259976e-01
  3.87573838e-02  1.69914030e-02 -8.78308807e-03  4.30459157e-02
  1.22682720e-01  7.52043054e-02  7.84024689e-03  3.81954536e-02]"
438,Ownership and Control,Governance,management,12,0.4798,"[-6.74250163e-03  3.94127220e-02 -2.95228716e-02  7.41123632e-02
 -3.09088156e-02 -3.30426656e-02  9.95711312e-02 -4.89375107e-02
 -2.25774720e-02  1.07761778e-01  5.17430268e-02 -9.16452706e-03
  2.46204436e-02  3.09753940e-02  2.71800607e-02 -1.14289597e-02
 -4.73396443e-02 -8.33838433e-03 -2.28628702e-02 -9.31564867e-02
 -6.38783351e-02 -2.54104063e-02 -2.00622175e-02  1.92992408e-02
 -1.08344041e-01  7.56677985e-02 -6.90313727e-02  6.38180599e-02
 -2.82696150e-02 -1.38183877e-01  1.31309489e-02  7.15729315e-03
  9.56339538e-02  3.64910029e-02 -4.05676886e-02  6.54199570e-02
 -4.61293943e-02  1.17836101e-02  5.33233993e-02 -2.63855476e-02
 -2.44800970e-02 -1.52458316e-02 -5.41586392e-02 -7.21577480e-02
 -2.57489439e-02  4.93020751e-02  2.44439812e-04 -2.69789039e-03
 -2.27397177e-02 -2.15124413e-02 -6.21105060e-02 -5.08999862e-02
 -1.74447615e-02  9.68975667e-03  3.62056121e-02  1.64978560e-02
  3.13485675e-02 -2.98486464e-02 -4.73109484e-02 -1.02875553e-01
 -3.47474590e-02 -1.57520249e-02 -7.26062879e-02  3.25870477e-02
  5.20022921e-02 -2.28076838e-02 -2.76090130e-02  9.69556347e-02
 -4.01524380e-02 -1.82784926e-02  9.14915577e-02 -1.03170276e-01
 -3.42110358e-02 -1.66468916e-03  2.17488483e-02 -5.15869409e-02
 -2.30062865e-02  1.81478392e-02  8.83841068e-02  1.94602169e-03
  5.66026978e-02  2.49093771e-02 -3.33295688e-02  9.09490734e-02
 -3.26895975e-02 -2.15647463e-02  5.69076743e-03 -8.15423857e-03
  5.71353249e-02  2.13302951e-02 -1.93279404e-02 -3.10928430e-02
  4.10875492e-02  7.80773582e-03 -1.05895981e-01 -2.29647812e-02
  3.17370705e-02 -9.95659549e-03 -5.00304289e-02  2.12100565e-01
  4.72692102e-02  2.21707188e-02 -2.55228225e-02 -3.71890515e-02
 -3.80109288e-02 -4.43153642e-02  4.35216352e-02  4.12057862e-02
  2.68357806e-03 -9.32605192e-03 -1.95706468e-02  5.66908382e-02
 -8.82166103e-02 -4.01940197e-02  4.13320512e-02 -9.40297451e-03
 -8.26471299e-03  3.51529904e-02  3.12146153e-02  5.91682382e-02
 -6.23886939e-03  4.17862013e-02  1.35075925e-02  1.56383719e-02
 -1.16812684e-01  2.08049663e-03 -9.24678799e-03 -4.95486958e-33
 -1.75512768e-02 -8.98833424e-02 -1.36630451e-02  6.60484135e-02
  8.62389132e-02  3.00743487e-02 -9.98962484e-03  8.78575295e-02
  2.61653867e-02  1.92045723e-03  2.88701765e-02  2.57828012e-02
  2.28039548e-02 -6.25035390e-02  1.11601591e-01 -4.30049412e-02
 -4.99433838e-02  1.18328132e-01  9.29857977e-03 -7.76721817e-03
 -7.34170228e-02  3.06019764e-02 -1.14092296e-02 -2.40515880e-02
  6.16032332e-02  2.09791698e-02 -2.86934320e-02 -1.36957727e-02
  1.05531000e-01  1.64966155e-02  6.74866885e-02  5.19290082e-02
 -5.62217943e-02 -1.97678544e-02 -6.81038201e-03  2.85073463e-02
 -8.18141848e-02 -4.22843024e-02  2.53905915e-02 -5.76908924e-02
 -8.59821662e-02 -4.37891632e-02  1.35796648e-02  3.62083036e-03
 -4.46456783e-02  4.51583788e-02  9.72872227e-02 -1.28815267e-02
  4.90351953e-03  6.33655488e-02 -3.14216055e-02 -4.13633436e-02
  3.61029506e-02 -1.55062135e-02  7.88018107e-02 -1.61103979e-02
  3.85580398e-02 -1.53121036e-02  6.98828325e-03  1.54383359e-02
  2.29718555e-02  5.85144237e-02 -7.50529170e-02  9.01918039e-02
  5.07602617e-02 -3.89378704e-02 -6.50601648e-03 -1.58440508e-02
  1.11078821e-01 -1.00741545e-02 -5.09891808e-02 -5.36722550e-03
  4.69328500e-02  5.42523488e-02 -1.95006151e-02  6.03998033e-03
  2.68346537e-02  2.54885089e-02 -9.54342410e-02  1.85403563e-02
 -1.45493094e-02 -6.61010039e-04  4.53139953e-02  2.21819747e-02
  9.71526578e-02  1.70249976e-02  6.47831857e-02  2.18948815e-02
  3.88422124e-02  1.46642208e-01 -6.48898259e-02  1.48661081e-02
  1.15849013e-02  1.51158854e-01 -2.73532458e-02  3.86382312e-33
  2.49592327e-02  6.04487583e-03 -4.92412001e-02  2.53113192e-02
  4.67575341e-02 -4.94141877e-03 -4.66419943e-02 -5.14290258e-02
 -3.94193493e-02 -9.37140919e-03 -6.32311776e-02 -4.02414650e-02
  1.26834307e-02  8.05570334e-02 -6.19750246e-02 -3.54964808e-02
  1.08410008e-01 -9.34646502e-02 -1.04379460e-01  5.48994541e-03
 -7.12465122e-02  6.88104853e-02 -3.29447985e-02  2.42999494e-02
 -8.34296942e-02  8.49779695e-02 -8.05544760e-03 -6.20969571e-03
 -2.09841132e-02 -2.43264064e-03  3.73189524e-02 -5.93400225e-02
 -1.89313907e-02  4.62824702e-02 -3.48984562e-02 -3.82679030e-02
  1.73168350e-02  4.18221653e-02 -3.90591361e-02  8.93673003e-02
  1.05569139e-02 -3.21455486e-02  5.59766358e-03  3.41871828e-02
 -2.06340360e-03 -5.36873890e-03 -3.99615914e-02 -3.86990458e-02
 -8.68422631e-03  1.22853834e-02 -1.14065439e-01 -5.71248978e-02
 -5.85132651e-02 -6.97128996e-02 -1.76434945e-02 -1.41001819e-02
 -1.50681008e-02 -4.36179340e-02 -1.58179235e-02  2.40705796e-02
  3.37884878e-03  1.51645727e-02 -1.84223279e-02  7.97082931e-02
 -6.62442073e-02  7.73905590e-02  3.94710712e-02 -2.38908418e-02
 -2.84657497e-02  1.61539152e-04  2.49454062e-02  4.77407640e-03
 -3.73025462e-02  3.43278386e-02 -1.20241549e-02 -8.58326536e-03
 -6.57223091e-02 -4.31737117e-02 -2.51085497e-02 -6.63335770e-02
 -2.00591553e-02 -3.23599689e-02 -2.39369143e-02  4.80089560e-02
 -8.86013582e-02  2.40889913e-03  3.82408574e-02 -5.45429699e-02
 -2.37914752e-02 -6.08211607e-02 -2.30521169e-02 -7.34876320e-02
 -4.20055799e-02  2.42109168e-02  4.84418646e-02 -1.31674760e-08
 -1.89381577e-02 -3.86939123e-02  7.07191974e-02 -7.59283230e-02
  5.05007207e-02 -3.44543941e-02 -3.33810449e-02 -5.41095547e-02
  9.26085040e-02  9.99066979e-02 -6.50642393e-03 -1.23093529e-02
 -6.09188564e-02  7.13185295e-02  4.85054627e-02 -2.68703215e-02
 -1.46179013e-02  5.00654392e-02 -1.81922428e-02 -6.36717957e-03
  3.20900157e-02  2.05689110e-02  1.90309610e-03  1.42170787e-02
  5.89684509e-02 -2.69911233e-02 -1.79323496e-03  6.11436442e-02
 -2.13846974e-02  9.44638848e-02  5.47390245e-02  5.36800176e-02
  5.14261192e-03  4.01214212e-02 -6.08637277e-03 -6.70390502e-02
  3.29486020e-02 -1.09143034e-02  6.15980886e-02 -5.33163063e-02
 -5.04693687e-02  1.89082194e-02  3.75746489e-02  6.49397075e-02
 -2.24716850e-02  2.00802404e-02  1.35877337e-02  3.98633033e-02
 -1.02713669e-03 -1.30215824e-01  3.50517081e-03  7.75144994e-02
  7.08366632e-02  6.04240298e-02  2.48184558e-02 -1.42924068e-02
  7.78786838e-02 -6.06539324e-02 -9.40758064e-02  1.70111526e-02
  1.00462794e-01 -2.42625494e-02 -3.41327814e-03  3.64660621e-02]"
439,Ownership and Control,Governance,responsible,4,0.4763,"[-2.20888406e-02  5.17534241e-02 -7.58639630e-03  2.87946574e-02
 -2.37330552e-02  1.46341119e-02  5.15274853e-02  2.93828584e-02
  8.96518119e-04  4.00558636e-02  4.56378050e-02 -8.27800184e-02
  8.93150363e-03 -1.59900710e-02 -4.79394943e-02 -5.00112772e-02
 -4.22473513e-02 -3.71765420e-02 -1.17050529e-01 -3.49849313e-02
 -7.35968351e-02  3.91715840e-02  6.44763559e-02  2.62642577e-02
 -1.01218656e-01  2.22353972e-02 -1.50048593e-02 -3.61341285e-04
  4.33323756e-02 -7.77565539e-02  1.89529639e-02 -5.51599599e-02
  8.80730525e-02 -5.33833429e-02 -1.21832758e-01  2.26343758e-02
  3.54468599e-02 -1.78515241e-02  2.24319454e-02 -3.75084169e-02
  1.78911444e-02 -3.46263200e-02 -4.09002677e-02 -8.10099579e-03
  6.39968039e-03  2.78530959e-02  8.36662874e-02 -1.32443290e-02
 -6.13562278e-02 -2.73115523e-02 -2.37002838e-02 -1.37338191e-02
 -4.25394401e-02  4.07340527e-02 -3.15574631e-02 -4.21596318e-02
  4.31178622e-02 -6.66091219e-02  2.67030634e-02 -1.90727171e-02
 -2.76359497e-03  5.40270433e-02 -8.40447322e-02  4.09803279e-02
  3.06983963e-02  3.74937393e-02  5.01486287e-03  1.31011885e-02
  4.97189118e-04  1.99861005e-02  7.72180632e-02  1.41545795e-02
 -6.20299252e-03  6.71544997e-03  3.12705114e-02 -1.51343513e-02
  1.18295290e-02 -2.26036124e-02  6.25209734e-02  1.41252857e-02
  7.36468881e-02  4.52824421e-02 -1.82756074e-02  6.41090572e-02
  1.76990349e-02 -6.35588095e-02  2.15332843e-02  1.93942450e-02
  2.91766077e-02  1.88195202e-02 -4.01512496e-02 -4.66037989e-02
  1.92996189e-01 -3.34060416e-02 -1.14223376e-01  2.92045847e-02
 -1.44834453e-02 -1.54898129e-02 -6.69525340e-02  2.02807471e-01
  2.63263043e-02  4.56642881e-02 -6.93426430e-02  9.92386695e-03
 -4.29249853e-02  2.90846229e-02  2.08506957e-02  3.54947075e-02
 -4.66959178e-02  1.57177001e-02 -1.98567752e-02 -5.70303015e-03
 -7.64750913e-02  8.33363384e-02  9.30704102e-02  3.54328528e-02
 -3.27238850e-02  1.62147675e-02  6.62128106e-02 -1.24873891e-01
  1.71310995e-02  6.57932982e-02  5.69302402e-03 -2.19932036e-03
 -7.50492364e-02 -4.55135815e-02  2.66504684e-03 -6.01973192e-33
  4.83164974e-02  2.78007369e-02  1.36644421e-02 -1.64178777e-02
  1.81751810e-02  7.79032409e-02 -3.86900343e-02  9.56237409e-03
 -2.73760241e-02  8.01398978e-02  3.28816958e-02 -8.25098678e-02
 -6.12806641e-02 -1.67367924e-02  1.38521530e-02  5.02479672e-02
 -6.41520247e-02  6.51090145e-02 -6.50708377e-02  3.21987234e-02
 -4.34488468e-02  4.21771035e-02 -2.00537717e-04  4.27250154e-02
 -7.33171497e-03 -4.62464150e-03  4.59392481e-02  1.15335528e-02
  3.57173868e-02 -1.55162311e-03  2.23355927e-02 -1.30862929e-02
  6.93337619e-03  2.38596257e-02 -8.74966662e-03 -4.34979871e-02
 -1.28250822e-01 -3.99770103e-02 -3.82124037e-02 -4.34773639e-02
  3.47993895e-02  8.06625839e-03  2.97419517e-03  3.40640657e-02
 -8.01216718e-03 -4.81863543e-02 -6.79369317e-03 -3.21312584e-02
 -2.33953502e-02  9.35666934e-02 -2.27827188e-02  3.28053832e-02
 -1.27799502e-02 -5.93633130e-02 -1.02309068e-03 -5.41379210e-03
  1.13235064e-01 -5.69637818e-03 -4.44707833e-02 -2.08952967e-02
  6.38056248e-02 -2.86317468e-02 -9.79598016e-02  1.01220600e-01
  7.41952807e-02 -2.02327352e-02  4.85922210e-02 -5.31547144e-02
  3.77759971e-02 -1.47311538e-02 -8.47131759e-02  1.20578371e-02
  3.64308842e-02  1.21103283e-02 -6.36770725e-02  5.86039536e-02
 -1.13987580e-01 -6.12873845e-02 -3.49636711e-02  3.40163745e-02
 -7.93484375e-02 -1.45847062e-02  2.11400678e-03  6.32189736e-02
 -1.35220692e-03  1.83005948e-02 -1.38895819e-02  2.55532283e-02
  6.76148906e-02  7.72803500e-02  2.00732611e-02 -1.35992076e-02
  3.24712060e-02  5.91664575e-02 -5.33822365e-02  4.52283537e-33
 -2.13558320e-02 -3.76387499e-02 -2.42008828e-02  3.04936729e-02
  3.88058722e-02 -2.74497201e-03 -3.07469312e-02 -6.58332855e-02
  5.52040413e-02  6.43138215e-03 -7.67917112e-02 -2.84729935e-02
  3.20182443e-02  5.25376685e-02  1.05446137e-01 -4.42392379e-02
  6.99749812e-02 -4.82770018e-02 -5.20622134e-02 -9.67733469e-03
 -2.22210940e-02 -5.72849363e-02  2.90649924e-02  3.66767570e-02
 -9.49194804e-02  2.04705708e-02  4.71374243e-02  4.43660934e-03
 -1.93904026e-03  4.57581989e-02 -4.08610469e-03 -5.33861704e-02
 -2.95290053e-02 -1.67347454e-02 -4.72774878e-02  2.86948364e-02
  1.42429657e-02  2.69212965e-02 -3.96313779e-02  1.40403593e-02
  4.56010140e-02  4.92648110e-02 -6.01931252e-02  1.13823302e-01
 -3.31540070e-02  8.62928852e-03 -2.67067291e-02  9.31765977e-03
  8.30928236e-03  5.09207770e-02 -1.04551427e-01 -3.63108553e-02
  2.94116326e-03 -6.78353244e-03  5.98823279e-02  2.86893323e-02
  4.60156687e-02 -1.28761511e-02  5.99988513e-02 -2.13883575e-02
 -3.07214679e-03  6.48398399e-02  6.17352128e-03  3.73798274e-02
 -1.35659641e-02  2.41452567e-02 -5.74313626e-02 -2.49422491e-02
  4.83554937e-02  4.01165187e-02  6.29887059e-02 -2.15569660e-02
 -6.01736009e-02 -1.14684284e-01 -5.86090945e-02 -5.81231751e-02
 -1.07791536e-01  2.77769212e-02 -4.20674868e-02 -2.86506284e-02
  4.61993106e-02 -6.39685094e-02  2.83674877e-02  2.32178513e-02
 -5.56060709e-02 -5.22421040e-02  7.51287565e-02 -2.33921111e-02
  2.46675278e-04 -1.90655305e-03  2.86582336e-02  8.78239349e-02
 -5.76401502e-02  5.10859936e-02 -2.92492956e-02 -1.28484308e-08
  1.58310998e-02  7.36321732e-02 -7.14662820e-02  1.59139577e-02
  6.15753382e-02 -3.82396132e-02 -1.21608237e-02 -1.97739732e-02
  3.77301569e-03  6.87149614e-02  1.71397738e-02 -9.61949304e-02
  7.45047331e-02  2.55504753e-02  7.85946921e-02 -6.00607321e-02
  1.82419037e-03  9.98791456e-02 -7.59640485e-02  4.83469851e-03
  8.01593289e-02  1.48662226e-03 -3.18465680e-02  2.48057730e-02
 -4.51307511e-03 -7.06339628e-02 -3.35611776e-02  9.39120874e-02
 -1.98847428e-02  1.06235147e-01  4.30571986e-03  4.40480672e-02
 -3.16953063e-02 -8.42711776e-02  1.51700880e-02 -7.10667595e-02
  3.02584488e-02 -3.57680880e-02  4.57399674e-02 -4.57151942e-02
 -4.38563935e-02  6.01180159e-02  4.78888638e-02  5.17761596e-02
  5.16961440e-02  2.04765517e-02 -1.10883145e-02  5.40905818e-02
  5.69814583e-03  1.85742993e-02 -1.23600140e-01 -1.32501882e-03
  8.23883116e-02  9.29252207e-02  4.03754003e-02 -1.13222301e-02
  7.19142631e-02 -3.53749096e-02 -7.70921707e-02  1.00373477e-03
  1.33866847e-01  2.17488389e-02  9.17013213e-02 -2.67658141e-02]"
440,Ownership and Control,Governance,responsibility,5,0.4727,"[-6.18788935e-02  9.33703631e-02 -1.38944518e-02 -2.19534859e-02
 -8.63631349e-03  1.48277348e-02  7.11837858e-02  2.85979435e-02
  8.66889767e-03  1.81844365e-02  4.68250439e-02 -3.32650505e-02
  7.72749307e-03 -1.02621783e-02 -4.11106981e-02 -1.75342225e-02
 -4.23266217e-02 -3.65943201e-02 -1.42011717e-01 -6.86027249e-03
 -3.57966498e-02 -7.67466379e-04  5.40565848e-02  3.29964198e-02
 -1.26581013e-01  4.58707511e-02  4.65333840e-04 -5.39566483e-03
  4.67927381e-02 -9.02076662e-02  4.46730442e-02 -4.00636680e-02
  6.36041388e-02 -2.10727435e-02 -1.04850955e-01  8.50612223e-02
  8.96262191e-03 -3.39838192e-02  1.73976794e-02 -4.11719754e-02
  5.02189510e-02 -4.18673232e-02 -7.24819452e-02 -5.91981784e-02
  3.14723998e-02  6.02511084e-03  1.01914734e-01 -4.81297029e-03
 -3.70333903e-02 -5.00208652e-03 -2.81668194e-02  1.61607862e-02
 -3.41241509e-02  2.54373383e-02 -3.36885527e-02 -4.59551066e-02
  1.57379676e-02 -6.08524345e-02  5.28666452e-02 -2.59286296e-02
  2.37332359e-02  2.94288062e-02 -7.62487054e-02  3.67735103e-02
  5.24454378e-02  1.44569222e-02  3.04895807e-02  2.70803571e-02
 -1.30369766e-02  8.61484651e-03  1.74460281e-02  2.59860288e-02
  1.89670417e-02  3.02563794e-02  4.74532507e-02 -5.92489615e-02
 -1.77085754e-02 -1.45631060e-02  6.68018162e-02  1.32365385e-02
  7.59290233e-02  3.20103392e-02 -8.24978342e-05  6.33264780e-02
  9.34031443e-04 -4.19705808e-02  2.26984210e-02  9.60841216e-03
  3.47703584e-02  1.70819703e-02 -7.77838901e-02 -9.84904468e-02
  1.29198521e-01  5.13741747e-03 -1.16526827e-01  3.76992486e-02
 -4.04940881e-02 -2.49295551e-02 -7.66130984e-02  2.03133300e-01
  1.61934253e-02  1.91101879e-02 -5.17004319e-02 -1.22140693e-02
 -5.82044758e-02 -1.93446595e-02 -3.24157514e-02  3.61247137e-02
 -4.05471139e-02  2.52348874e-02  2.77600391e-03 -1.43869093e-03
 -1.03259586e-01  6.75741062e-02  1.04627587e-01  2.44782399e-02
 -4.61174957e-02  1.83690041e-02  3.04792430e-02 -1.16515443e-01
  2.98079476e-03  8.87777805e-02  3.64503488e-02 -1.24464661e-03
 -7.30391741e-02 -8.32440630e-02  5.59606962e-03 -7.00737750e-33
  8.15879740e-03  1.90599672e-02  1.14541035e-02 -1.03019420e-02
  1.67643409e-02  5.00897244e-02 -1.39388936e-02  4.45914827e-03
  1.38538629e-02  7.62012228e-02  4.30292748e-02 -6.97264001e-02
 -1.14846136e-02 -3.50863487e-02  2.33789422e-02  5.86001649e-02
 -6.86072409e-02  6.48910105e-02 -4.62469971e-03  2.73243748e-02
 -2.71945652e-02  4.90732752e-02  1.67755522e-02 -5.23679284e-03
  5.17441891e-03  9.39243357e-04  1.90576743e-02 -9.24732350e-03
 -3.48983333e-02 -9.49419045e-04  5.19670732e-02 -1.09900460e-02
 -2.10864320e-02 -3.10991034e-02  1.78973731e-02 -4.81404848e-02
 -8.30947086e-02 -4.94877771e-02 -3.22096348e-02 -3.52987051e-02
  5.94213125e-05  2.78428253e-02 -2.50221957e-02  8.05182979e-02
  2.55862530e-02 -4.61102761e-02  1.03354007e-02 -2.23204065e-02
 -6.16164245e-02  8.31736550e-02  1.80241605e-03  8.81070178e-03
 -5.13702957e-03 -8.87682363e-02 -1.72847006e-02 -1.34286107e-02
  7.88136572e-02 -8.20452441e-03 -6.56858906e-02 -4.78972755e-02
  9.06590894e-02 -9.75409448e-02 -1.21135309e-01  1.09667242e-01
  4.39189970e-02  1.13569032e-02  1.43451365e-02 -4.78270045e-03
  4.12829705e-02 -4.41399105e-02 -5.59622943e-02 -2.36790348e-02
  5.61568998e-02  1.53187905e-02 -6.01392314e-02  6.10657446e-02
 -6.51346967e-02 -7.01276958e-02 -1.31655056e-02  3.42032462e-02
 -6.49637729e-02  1.56187974e-02 -9.61185154e-03  4.18979190e-02
  2.27993969e-02  1.99941993e-02  8.07084981e-03  5.42222196e-03
  6.27219230e-02  6.68941438e-02 -2.11163890e-02  3.82471411e-03
 -9.19109397e-03  1.42750358e-02 -2.77055278e-02  5.15054311e-33
 -1.61343124e-02 -1.29219247e-02 -1.87584199e-02  3.43717784e-02
  5.97746558e-02  7.65086710e-03 -3.39035154e-03 -6.53530657e-02
  6.29486889e-02  8.33030045e-02 -1.20420001e-01 -2.09482592e-02
  4.01219651e-02  2.50771288e-02  8.73337965e-03 -5.83444610e-02
  6.56719431e-02 -1.53643750e-02 -4.19636630e-02 -1.74869541e-02
 -5.01620164e-03  3.15300538e-04 -9.86210164e-03  4.37423512e-02
 -8.52812901e-02  6.27581328e-02  6.16592243e-02 -1.86799616e-02
  5.45995571e-02 -2.41321418e-02 -9.35453398e-04 -4.19710428e-02
 -3.14347707e-02 -3.50543149e-02 -3.55482027e-02  1.57445595e-02
  3.03627644e-02  6.54217154e-02 -1.67472884e-02  1.04566002e-02
  3.84547301e-02  3.96199450e-02 -9.70972627e-02  9.41782445e-02
 -6.82137161e-02  1.40376603e-02  2.20654123e-02 -3.11848242e-04
  3.56603414e-02  1.87239666e-02 -1.08187817e-01 -3.04401331e-02
 -5.45946124e-04  1.48813678e-02  4.41244841e-02  3.81315276e-02
  2.54820287e-02 -1.64031126e-02  3.88731621e-02  2.31931563e-02
  2.24601366e-02  7.36061707e-02 -1.49060264e-02  6.57266974e-02
 -2.66889594e-02  3.57182249e-02 -7.75166899e-02 -2.90455930e-02
  5.48603460e-02  1.71322655e-02  1.26624376e-01 -2.55601574e-02
 -6.16271570e-02 -9.37138423e-02 -6.97197989e-02 -4.24274839e-02
 -1.08595602e-01  4.30367701e-02 -4.50345650e-02  1.09377550e-02
  3.96257117e-02 -1.23722345e-01  1.41246850e-02 -1.21031133e-02
 -3.55928130e-02 -1.17563931e-02  1.02097213e-01 -2.30382700e-02
  3.29661779e-02  1.03361784e-02  8.86945706e-03  7.82392621e-02
 -6.03940152e-02  5.84864542e-02 -6.35359203e-03 -1.31345965e-08
  1.33288661e-02  6.18795156e-02  2.25839624e-03  1.08397240e-03
  3.86981703e-02 -4.14886922e-02 -2.88170800e-02 -5.64491041e-02
 -5.97053254e-03  9.29914713e-02  3.25615406e-02 -5.23072667e-02
  7.33933151e-02  1.06317876e-02  6.80481717e-02 -3.68773118e-02
  4.72971387e-02  6.02456443e-02 -5.68409115e-02  3.01171523e-02
  7.98044428e-02 -1.00168502e-02 -2.67198719e-02  8.35480727e-03
  3.01267556e-03 -6.21964410e-02 -1.19142924e-02  1.27317652e-01
 -3.51173691e-02  7.23534003e-02  3.08639044e-03  5.59388585e-02
 -1.40570896e-02 -6.87164590e-02 -8.65393784e-03 -9.78737548e-02
  3.48880924e-02  6.75873784e-03  4.69238609e-02 -5.61340973e-02
 -4.27902341e-02  5.84175102e-02  6.06789775e-02  6.71690553e-02
  1.67364124e-02  4.56249528e-02 -6.34517968e-02  5.39165549e-02
  9.80252167e-04  1.40532898e-03 -1.21676631e-01  8.29042983e-04
  4.49849144e-02  1.19701356e-01  3.54034752e-02  2.11574230e-02
  2.63302345e-02 -5.37442006e-02 -9.54384431e-02  2.16222554e-03
  1.34700298e-01  5.82613423e-02  2.58718878e-02 -4.86367568e-02]"
441,Ownership and Control,Governance,company,13,0.4628,"[-6.74085766e-02  3.50529351e-03 -1.98562499e-02  2.58763358e-02
 -3.78055833e-02 -3.63134556e-02  1.26411751e-01 -2.46507879e-02
  2.79129799e-02 -6.21720143e-02  1.04135824e-02 -3.35304663e-02
 -1.60170551e-02 -2.35092230e-02 -5.19047119e-02 -4.93262075e-02
  7.77669111e-03  3.92466336e-02 -3.64370234e-02 -1.14635743e-01
 -1.06017798e-01 -6.79368302e-02 -9.45006404e-03  3.00844684e-02
  1.68870091e-02  7.99985453e-02 -1.77675262e-02  6.45647272e-02
 -7.86725432e-03 -1.34308904e-01 -3.74074280e-02  1.69461058e-03
  9.96356234e-02 -2.89474949e-02  8.41256697e-03  3.12410761e-02
 -3.77012827e-02 -3.31814848e-02  2.73936614e-02  1.42352860e-02
 -4.76003997e-02 -1.37665356e-02 -2.99208220e-02 -2.10799146e-02
  1.64007060e-02  1.71355195e-02  6.05065525e-02  3.06294188e-02
  3.61162312e-02  7.27321357e-02 -9.30364616e-03 -4.94584963e-02
  2.14676820e-02  2.09818278e-02 -1.51013359e-02  3.52096334e-02
 -7.85521716e-02 -2.93735228e-02 -1.33905523e-02 -8.85545909e-02
  9.32920352e-02 -5.67339808e-02 -5.94404107e-03  7.02704117e-02
  8.66493434e-02  2.80770138e-02  1.17319566e-03  6.96104392e-02
 -9.39785913e-02 -7.95573220e-02  7.33053461e-02 -3.64300497e-02
 -4.55855858e-03  8.25699419e-02 -1.50019508e-02  2.61347052e-02
  2.04247031e-02  3.55278072e-03  9.47254375e-02 -1.39349783e-02
  2.09484082e-02  2.35508084e-02 -3.93073335e-02  7.25218952e-02
 -6.70695230e-02  3.99599521e-04  7.78441131e-02  5.68152331e-02
  3.12359054e-02  3.49581577e-02 -3.72442752e-02 -1.94446370e-03
  4.28674370e-03  4.97219432e-03 -1.34196833e-01  1.15351635e-03
  1.58612393e-02 -1.23774996e-02 -1.47811268e-02  2.33095214e-01
  1.85610093e-02  1.87462028e-02 -3.22767086e-02 -3.19791660e-02
 -1.84974689e-02 -1.95097160e-02 -4.63492014e-02  9.05084014e-02
  3.36069316e-02  5.12731262e-02 -7.81217143e-02  7.30502903e-02
 -1.14303403e-01  8.82719550e-03 -2.45217755e-02 -3.76341231e-02
 -4.10661548e-02  5.55069111e-02  3.05425636e-02 -2.63750590e-02
  2.80020274e-02  9.34050158e-02 -1.49549227e-02  1.42009500e-02
 -7.18987808e-02 -5.21834120e-02 -2.45420057e-02 -5.11275648e-33
  2.58312747e-03  1.15578137e-02  2.62161456e-02  8.48540291e-02
  4.72988468e-03  3.64974327e-02  8.43493640e-03  8.83227512e-02
 -6.50666654e-02  5.37397861e-02 -8.38230550e-02 -2.27228682e-02
  5.27864061e-02 -4.48531359e-02  8.46634209e-02  3.11162835e-03
  2.44811065e-02 -2.00758725e-02 -1.39616663e-02 -5.28323948e-02
 -6.82140887e-02  7.25369677e-02 -6.71529248e-02  1.06637202e-01
 -8.90445709e-03 -7.25279450e-02 -1.09455893e-02 -2.32026838e-02
  3.75065431e-02  3.21654677e-02  1.03795551e-01  3.30567779e-03
  8.46579019e-03 -3.50836255e-02 -1.42997988e-02 -3.16563644e-03
 -3.74918841e-02 -1.09995499e-01  6.64741034e-03  1.82659086e-02
 -7.22237397e-03  7.01464852e-03 -2.31262594e-02  1.87964272e-02
 -1.21419067e-02  1.54175544e-02  9.81811341e-03  1.63063910e-02
  5.91737702e-02  4.53848094e-02 -6.48383945e-02 -6.99584791e-03
 -2.98201982e-02  7.14431424e-03  8.51183385e-02 -7.16995960e-03
 -1.98504739e-02 -2.06813980e-02  2.52250321e-02  3.92090995e-03
 -2.59398436e-03  1.36057958e-01 -6.63287714e-02  2.82079671e-02
 -3.08020655e-02  4.66480702e-02  6.74819052e-02 -5.54903736e-03
  7.22039863e-02 -1.14233783e-02 -1.72609687e-02 -4.46655825e-02
  8.35336670e-02  3.62060182e-02 -6.34520650e-02  4.82299142e-02
 -3.42883393e-02  3.16532217e-02 -5.74251898e-02  5.25015369e-02
 -4.34835115e-03  1.39097571e-02  5.64410836e-02  5.67031950e-02
  5.05416840e-02  1.14359297e-02  3.19930315e-02 -5.34407198e-02
  2.57675331e-02  1.07295446e-01 -1.27864882e-01  3.03390473e-02
  3.65056545e-02  9.31084454e-02 -2.32442319e-02  3.97031629e-33
  1.82462279e-02 -7.77420700e-02  1.34795819e-05 -1.47921192e-02
  1.77138392e-02 -1.85856242e-02  4.07958254e-02  1.29397856e-02
 -3.84048037e-02  1.14905573e-01 -4.16168794e-02 -5.88725358e-02
  3.97688039e-02  5.64122275e-02 -7.45485947e-02  5.38346693e-02
  8.61069262e-02 -5.67530766e-02 -5.01096025e-02  4.54378035e-03
 -8.76884311e-02 -3.47405188e-02 -3.58638279e-02  1.56606231e-02
 -1.84576269e-02  5.72110750e-02 -2.95715854e-02 -4.95679975e-02
  9.25883744e-03  1.77625660e-02 -9.34835151e-03 -1.74287483e-02
 -1.07342862e-01  8.53586569e-02 -2.82486738e-03  4.19078730e-02
 -5.12938015e-02  3.19653116e-02  2.89391424e-03 -5.03024720e-02
  2.68599056e-02  3.52991419e-03  1.91251049e-03  1.04739361e-01
 -5.05400263e-02 -5.06387316e-02 -9.59748495e-03 -7.65414387e-02
  3.83258611e-02  8.91150814e-03 -8.61630961e-02 -1.66742858e-02
  1.47005897e-02 -3.92470397e-02 -3.63165028e-02  2.80098077e-02
  5.06940484e-03 -1.43223349e-02 -4.26157564e-02  1.08791795e-02
 -2.26365980e-02  1.83241852e-02  2.81307604e-02  1.15282886e-01
 -1.31068220e-02  5.37926964e-02  1.37745973e-03 -2.17081662e-02
  2.04825830e-02 -6.93187043e-02  5.64847998e-02  7.41664902e-04
 -4.74466980e-02  4.35494035e-02 -7.04626814e-02 -5.35977259e-02
 -6.62695915e-02 -4.23877686e-02 -4.67160232e-02 -5.81073314e-02
  5.95884770e-02 -5.09733073e-02  7.66844768e-03  9.60063189e-02
 -9.75119546e-02  6.92445273e-03  2.71138903e-02 -2.63089649e-02
 -4.33604605e-02 -6.88279327e-03 -8.96611344e-03 -8.25645309e-03
 -5.99967465e-02  2.92432141e-02  5.55343293e-02 -1.33185996e-08
 -3.40195000e-02 -3.70826460e-02  5.36155216e-02 -4.14001979e-02
  9.34505686e-02 -6.98570833e-02  3.79581377e-02 -1.45101571e-03
  3.38766016e-02  5.33322766e-02 -2.32299808e-02 -7.75820902e-03
 -6.23201132e-02  9.47771966e-02  3.50464135e-02  5.62615786e-03
 -6.76792711e-02  3.42277214e-02 -1.72791518e-02 -1.87885165e-02
  9.60491877e-03  3.31435166e-02  7.24022016e-02 -5.14630647e-03
 -2.45443210e-02 -5.56932390e-03  3.44202258e-02  1.71719026e-02
  5.16673066e-02  3.77551690e-02  2.49250941e-02  1.09148055e-01
 -3.79518233e-02 -2.66134851e-02 -5.06231897e-02 -8.57776180e-02
  3.13105397e-02  5.12466708e-04  1.19341556e-02  9.21305176e-03
 -5.87856658e-02  7.82055855e-02  1.83511637e-02  9.45490599e-03
  5.58545487e-03 -4.81417626e-02 -2.72924602e-02  2.41007004e-02
  2.61286669e-03 -7.71619976e-02  1.65428314e-02  9.08712950e-03
  5.28852120e-02  5.02377748e-02 -3.58179919e-02 -8.18627104e-02
  4.37372457e-03 -3.52841392e-02 -7.18051791e-02  1.38198230e-02
  6.67012408e-02 -6.60016313e-02  8.99850205e-02  1.38131343e-02]"
442,Ownership and Control,Governance,corporations,1,0.4301,"[-6.89752446e-03 -5.07804938e-02 -1.35544706e-02  2.19107103e-02
 -2.21600570e-02  1.96722010e-03  1.00632429e-01 -3.44851166e-02
  4.64639999e-02 -3.45944031e-03  3.14165093e-02  1.26700643e-02
 -5.17097786e-02 -1.63583290e-02 -4.02548313e-02 -1.43468808e-02
 -1.22916996e-02  5.26609011e-02 -3.19946446e-02 -4.96534705e-02
 -8.50959569e-02 -7.38069937e-02 -6.89963102e-02  7.33368099e-02
  2.00270545e-02  8.51892158e-02 -4.72087115e-02 -2.03710161e-02
 -2.55808774e-02 -8.83405209e-02 -8.54512900e-02  4.88444185e-03
  1.09665081e-01 -6.89423271e-03  1.04246056e-02  7.69331232e-02
 -1.68180466e-02  1.80881973e-02  6.54251734e-03 -5.31706177e-02
 -1.08167960e-03 -1.52737722e-02  7.33525399e-03 -2.58606542e-02
  5.43616991e-03 -3.52122704e-03  1.01535432e-02  3.91828977e-02
  5.85692283e-03  4.86070067e-02  2.03019623e-02 -4.49550264e-02
 -1.70917679e-02  1.94730032e-02 -3.35857458e-02 -6.85025901e-02
 -6.26024678e-02 -1.33582596e-02  9.70919058e-03 -2.63156965e-02
  6.65854290e-02 -7.24732205e-02 -3.05150938e-03  3.59606296e-02
  9.74282548e-02  5.38326539e-02  5.52765699e-03  7.40331933e-02
 -1.05682120e-01 -4.62159403e-02  8.09884742e-02 -5.40872402e-02
  6.30997471e-04  7.20437467e-02  2.96137817e-02 -2.68501900e-02
  3.61354352e-04  5.93046099e-02  8.56638253e-02 -8.93079564e-02
  6.07422404e-02  6.22253567e-02 -6.66791871e-02  8.15926790e-02
 -1.38075547e-02  3.26562449e-02  6.84801415e-02  2.55253464e-02
  1.71229765e-02  3.44019495e-02 -8.28551874e-02 -2.83792652e-02
  1.94800086e-02 -2.21444070e-02 -9.73889679e-02  8.39916337e-03
  2.12284587e-02 -9.15578380e-03  1.14534553e-02  2.02571541e-01
  1.80323655e-03  1.57620963e-02  4.45845490e-03 -8.44241213e-03
 -5.29158227e-02 -5.09760268e-02 -7.50020593e-02  2.46545859e-02
  7.76851028e-02  7.79328123e-02 -8.22674409e-02  5.79190552e-02
 -8.23148936e-02 -6.36248440e-02 -5.98878041e-02 -4.93854545e-02
  1.57137983e-03  5.10098971e-02  4.84624505e-02  2.21587776e-04
 -3.23658846e-02  7.36029521e-02 -3.72456573e-02  1.33355893e-02
 -5.76671138e-02 -3.20596173e-02 -1.09162979e-01 -3.89082165e-33
 -4.38779108e-02 -5.72954677e-03  2.06376892e-02  1.05781019e-01
 -2.76074540e-02  9.69206262e-03  3.42043750e-02  4.78372015e-02
 -4.10914011e-02  1.94855984e-02 -8.72518495e-02  6.15599751e-02
  4.36979532e-02  7.93336984e-03  1.15356579e-01 -4.96675959e-03
 -2.20664386e-02  2.00536964e-03  3.06674279e-02 -4.43191342e-02
 -5.13394140e-02  8.82363021e-02 -2.74871103e-02  6.19365089e-02
 -4.07258561e-03 -9.02756155e-02 -2.44288682e-03  9.73321870e-03
  3.03118434e-02  3.63134705e-02  1.04021147e-01  5.60144894e-02
  1.31416162e-02 -2.20911596e-02  4.33114022e-02  4.33031060e-02
 -3.54524446e-03 -6.21575527e-02  3.00137233e-03 -3.51236947e-03
 -6.51749149e-02  2.82455776e-02 -2.96936724e-02  1.21171484e-02
  2.67094802e-02 -7.85147492e-03  2.36031972e-03  2.79533124e-04
  4.98200394e-03  1.90090910e-02 -5.24971560e-02  3.71764675e-02
 -1.42064262e-02 -4.02134359e-02  8.39067400e-02 -4.91758287e-02
 -2.01635752e-02 -5.08333966e-02 -6.17540739e-02  3.24345753e-03
 -3.21903490e-02  9.99826789e-02 -5.38004041e-02  2.44821887e-02
 -3.97311077e-02  8.74610618e-02  2.96641383e-02 -1.79209802e-02
  6.50493279e-02 -2.65978891e-02  5.20870537e-02 -4.06201407e-02
  2.50668619e-02  4.71333927e-03 -9.72447321e-02  5.78823425e-02
 -3.71911637e-02  4.19300534e-02 -5.40315583e-02  2.58900989e-02
  1.70537792e-02  2.20648432e-03  8.52403864e-02  5.08738309e-02
  4.89970706e-02  2.48178411e-02  4.52024229e-02 -2.12709960e-02
  3.66643034e-02  7.01951981e-02 -1.48736954e-01 -1.41756227e-02
  2.23225690e-02  7.80295432e-02 -3.41052748e-02  2.78965968e-33
 -6.32523885e-03 -6.58885166e-02  2.02293834e-03 -1.90500412e-02
  2.83921752e-02 -1.49259123e-03  1.94583263e-03 -1.04830898e-01
  1.48908393e-02  6.32692352e-02 -7.58244917e-02 -5.53383343e-02
  3.00133415e-02  7.64173940e-02 -5.33156656e-02 -6.08005784e-02
  7.66175017e-02 -4.08870839e-02 -2.12072954e-02 -3.00687477e-02
 -3.32624018e-02 -7.98651297e-03  3.20145711e-02  5.83438724e-02
 -2.98087150e-02  5.82729280e-02 -5.04445992e-02 -6.54164478e-02
  3.26430090e-02 -3.29148653e-03 -3.86621021e-02  3.47739179e-03
 -7.63054937e-02  6.50480092e-02 -1.13151921e-02  4.54624519e-02
 -8.34260136e-02  5.46018742e-02  1.02318050e-02 -1.26569718e-01
  1.86663978e-02 -8.63528717e-03 -8.65223072e-03  5.81805408e-02
 -6.36517853e-02 -6.74323961e-02 -2.48877914e-03 -7.87887536e-03
  2.32431926e-02 -1.14480788e-02 -1.24271818e-01 -5.55910869e-03
 -6.04223926e-03 -8.19783565e-03 -5.19607700e-02  4.91438359e-02
  1.17743714e-02 -2.26817727e-02  2.44356412e-02  3.64204459e-02
  9.59398504e-03  1.34378579e-02  3.56411152e-02  1.43607795e-01
 -6.24607541e-02  4.78880964e-02  1.12794265e-02  2.14820337e-02
 -2.15492840e-03 -4.34885100e-02  8.36509988e-02  4.25070664e-03
 -1.07588239e-01  3.01079242e-03 -8.46190974e-02  3.64516526e-02
 -7.96077400e-02  5.25264852e-02 -4.40658368e-02 -2.50505842e-02
  1.35739401e-01 -7.01743513e-02  1.17666610e-02  6.55639917e-02
 -5.49090169e-02 -2.61280518e-02  7.73019344e-02 -5.20413481e-02
 -3.13188322e-03  1.92403533e-02 -4.04958166e-02 -4.49487902e-02
 -2.39766128e-02  8.05513710e-02  3.68610099e-02 -1.25989148e-08
 -4.10936438e-02 -1.33849150e-02 -1.28541049e-02 -2.16758065e-02
  6.39628172e-02 -5.61267920e-02  2.97496188e-03  5.40188402e-02
  2.02042479e-02  6.75499812e-02 -6.29077142e-04  7.39790080e-03
 -3.35101336e-02  6.49769008e-02  1.99788623e-02 -7.81322550e-03
 -4.02452499e-02  1.54011864e-02 -1.75951887e-02  7.46263983e-03
  2.83149490e-03  5.43224029e-02  3.90162989e-02  1.72946230e-03
  1.28332265e-02 -6.73172483e-03  6.78301230e-02  1.47007918e-02
 -1.75863609e-03  6.95908740e-02 -1.48954634e-02  4.43677083e-02
 -2.41908431e-02  1.24439597e-02 -2.00195052e-02 -4.16455418e-02
 -3.61984945e-03  9.29385144e-03  3.08955535e-02 -6.20002672e-02
 -3.83214727e-02  8.63534808e-02  4.98002907e-03 -1.63307060e-02
  7.05196708e-03 -9.99104977e-02 -6.42259717e-02  3.68485302e-02
  1.57656390e-02 -4.52639163e-02  8.88995640e-03  6.33896813e-02
  7.15350593e-03  1.32917119e-02 -4.58605262e-03 -1.15373395e-01
  5.82186431e-02  2.23824498e-03 -8.08819011e-02  2.33686510e-02
  3.31971608e-02 -7.69490376e-02  1.45305112e-01  4.13502976e-02]"
443,Ownership and Control,Governance,firms,2,0.4284,"[ 4.55427170e-02 -5.14474399e-02 -3.40151824e-02 -9.43096727e-03
 -4.15626019e-02  4.47876528e-02  6.03061393e-02  4.33390774e-03
  2.01840922e-02 -3.88038382e-02  3.06166727e-02  1.82030071e-02
 -6.06387705e-02  2.86878776e-02 -3.18709924e-03 -9.61131509e-03
 -4.67724390e-02  1.33355828e-02 -3.20002772e-02 -6.41568303e-02
 -6.87891096e-02 -1.06863007e-01 -6.15978017e-02  1.35635929e-02
  2.71833725e-02  2.21176259e-02 -2.53875721e-02  2.58393567e-02
 -1.66780315e-02 -1.16502255e-01 -5.99313453e-02  4.60610241e-02
  6.41061366e-02 -3.74410010e-04  1.86312466e-03  5.29763103e-02
 -4.40685265e-02  2.03403598e-03  2.75597237e-02  2.33062468e-02
 -2.26125252e-02 -3.46142054e-02 -3.47672552e-02 -1.82661712e-02
  1.09179160e-02 -2.89459266e-02  4.33661155e-02  6.30058572e-02
  8.77029542e-03  2.16288734e-02 -3.04527786e-02 -4.76652086e-02
 -7.58213922e-03  2.71017682e-02 -3.68350223e-02 -2.00231895e-02
 -3.48318666e-02 -8.15289561e-03 -1.08946743e-03 -5.75427413e-02
  5.88012077e-02 -3.90327945e-02 -2.43389811e-02  2.62936559e-02
  5.58584519e-02  1.90035179e-02 -5.00808470e-02  9.58415493e-02
 -1.36714175e-01 -3.70485969e-02  6.86904714e-02 -1.03487350e-01
 -4.48155478e-02  1.99236628e-02 -2.46917624e-02  4.02205018e-03
 -2.68966192e-03  6.00860380e-02  7.57404417e-02 -8.12004879e-02
  1.07327141e-02 -1.72388330e-02 -5.17235659e-02  2.62726452e-02
 -7.46765360e-02 -1.06444191e-02  4.69109677e-02  2.99845380e-03
  3.30180041e-02  5.08459844e-02 -5.93606010e-02 -2.09096577e-02
  8.31821095e-03  1.34381037e-02 -3.34463492e-02  6.32172748e-02
  4.70498856e-03 -1.95212439e-02  1.68671403e-02  2.29769811e-01
  1.99089348e-02  1.97528955e-02 -5.09265810e-02  5.47364689e-02
 -8.49010646e-02 -5.53447418e-02 -4.99398597e-02  4.01396826e-02
  8.20454210e-02  4.82567437e-02 -3.82714383e-02  7.69628361e-02
 -8.75141844e-02 -1.01342071e-02 -4.74271365e-02 -6.31937683e-02
 -4.16434519e-02  8.04717094e-02  7.48356208e-02 -3.44967209e-02
 -1.20806862e-02  1.11907534e-01 -7.69639537e-02 -4.72197868e-03
 -5.34469560e-02  7.93040358e-03 -8.92541930e-02 -5.22009050e-33
 -1.73799333e-03  1.16855754e-02  2.92795128e-03  7.31880739e-02
 -3.73716839e-02  2.27270331e-02 -9.09868535e-03  6.17220253e-02
 -6.00792319e-02  6.06682524e-02 -8.92991722e-02  3.00498866e-03
  4.16124538e-02 -4.36063111e-02  1.18855163e-01 -1.88476071e-02
  3.16899866e-02  2.40130667e-02  2.26543918e-02 -8.03738162e-02
 -9.40726995e-02  7.32695833e-02 -1.79301389e-02  6.77540526e-02
 -2.03620102e-02 -1.12969160e-01 -1.09761199e-02  1.19692795e-02
  2.58247908e-02  3.70976776e-02  8.55262727e-02  5.09210601e-02
  1.08178454e-02 -4.81521990e-03 -3.14412564e-02  4.46261056e-02
 -4.36119512e-02 -7.54537508e-02  2.78401189e-02  4.31316383e-02
 -4.42918204e-02  6.91412017e-04 -3.96299250e-02  2.08835155e-02
 -1.80608425e-02  5.00367656e-02 -2.91731339e-02  1.62233738e-03
  3.94768789e-02  1.05265360e-02 -4.63402942e-02  1.26570817e-02
 -1.84943285e-02 -5.69864064e-02  1.27205908e-01 -1.52173173e-02
 -3.08101419e-02 -3.47527005e-02  8.07651319e-03 -9.51236393e-03
 -1.35060465e-02  1.27658099e-01 -3.07066254e-02 -1.91218071e-02
 -6.59699664e-02  8.11195895e-02  6.91454560e-02  2.14748010e-02
  2.32779682e-02 -1.04592126e-02 -3.99722941e-02 -2.56377775e-02
  9.45202634e-02  1.17620630e-02 -4.17207591e-02  2.14338768e-02
 -5.39247170e-02  7.21156001e-02  5.38352458e-03  3.36622708e-02
  1.59518924e-02  2.50353329e-02 -1.34082732e-03  5.00747599e-02
  2.89316829e-02 -3.78625980e-03  7.45018125e-02 -7.03310519e-02
  2.92709973e-02  7.35925287e-02 -1.78506792e-01 -8.74868408e-03
 -7.67484482e-04  9.81435627e-02 -9.95948631e-03  3.39563914e-33
 -2.83696572e-03 -4.52760160e-02 -2.67290659e-02  2.41584890e-02
 -1.05569779e-03  1.16199162e-02  3.28144878e-02 -2.79623568e-02
  2.36465894e-02  6.48631155e-02 -9.22463611e-02 -3.86533961e-02
  4.59448658e-02  1.43250041e-02 -3.94890495e-02 -4.08756994e-02
  8.43398720e-02 -4.14283238e-02 -3.06444205e-02  6.94255903e-03
  5.48886042e-03 -5.45188896e-02  4.74500693e-02  5.23827560e-02
 -3.94843072e-02  6.04419969e-02 -3.90260071e-02 -4.50921990e-02
 -4.33083847e-02 -9.83737223e-03  9.31381248e-03 -1.70075707e-02
 -9.39343199e-02  1.01131693e-01 -5.49597219e-02  7.08925501e-02
 -2.24239696e-02  2.18746644e-02  2.09636497e-03 -6.80170357e-02
  3.40028107e-02 -5.24624959e-02  4.47245166e-02  1.14533700e-01
  8.68039206e-04 -5.69254160e-02  3.89965661e-02 -4.19518799e-02
  6.99397102e-02 -1.82337947e-02 -6.35879040e-02  7.57662132e-02
 -4.06671911e-02 -8.86590686e-03 -6.91974908e-02  3.73449288e-02
  1.58025175e-02 -3.00007015e-02 -3.29663157e-02  2.28386801e-02
  1.30321342e-03  6.76624700e-02  4.12401855e-02  1.12349711e-01
 -4.60155495e-02  5.89729063e-02  2.12330488e-03 -5.00058383e-03
  3.49787809e-02 -4.81280014e-02  8.80051926e-02 -2.36633047e-02
 -5.57372086e-02  3.70071307e-02 -3.63425873e-02  2.86801606e-02
 -6.54677376e-02 -5.49690165e-02 -4.52899896e-02  1.88354272e-02
  9.59330946e-02 -2.21462492e-02  9.49342642e-03  9.64148119e-02
 -6.91738576e-02  1.68696493e-02  6.42221943e-02 -5.43826744e-02
  1.38296392e-02 -5.67176845e-03 -1.56909153e-02 -2.57443488e-02
 -1.10849421e-02  3.78224142e-02  5.32321073e-02 -1.31556810e-08
 -3.96272168e-02 -2.67867278e-02  8.16089436e-02 -4.95273946e-03
  4.71192552e-03 -1.12963453e-01  8.10904894e-03  3.29167694e-02
  9.43497289e-03  4.45135236e-02 -5.39761037e-02 -3.07178944e-02
 -3.04075815e-02  8.47727060e-02 -4.03629895e-03  9.92445202e-05
 -6.12455979e-02  2.92764045e-02 -1.70905888e-02 -1.85605753e-02
  1.25050936e-02  7.80003443e-02  5.04293777e-02  1.26133496e-02
  2.08903756e-02 -3.16495337e-02  3.31244096e-02 -2.85800304e-02
  2.72897743e-02  8.39126185e-02  2.32564621e-02  6.11258745e-02
  4.51042354e-02 -5.57739399e-02 -3.56391110e-02 -4.95199412e-02
  6.22495152e-02 -2.18533422e-03 -2.66088918e-02 -7.98161924e-02
 -6.77721500e-02 -1.11135263e-02 -9.64735728e-03 -4.01376048e-03
  2.19813995e-02 -7.41492063e-02 -6.22253753e-02  4.35870364e-02
  3.98195162e-02 -6.36451542e-02  3.45861875e-02  2.96285246e-02
  3.18762958e-02  3.62924226e-02 -3.23327333e-02 -7.45469034e-02
  3.14335823e-02 -2.78825462e-02 -8.19126442e-02  6.34314911e-03
  3.69614139e-02 -9.48778167e-02  1.21575281e-01  4.23201993e-02]"
444,Ownership and Control,Governance,capability,1,0.4266,"[ 6.32716864e-02  9.06738117e-02 -5.32953627e-02 -1.46400705e-02
 -6.75683245e-02  4.22973968e-02  4.70557809e-02 -1.06775947e-03
 -7.70932361e-02  8.67714453e-03 -8.30269791e-03  1.68859623e-02
  2.56214011e-02  4.33778428e-02  3.65873612e-02  1.72894523e-02
  1.06073439e-01 -2.40823776e-02 -9.58912447e-02  8.98297236e-04
  1.71730779e-02 -1.84781477e-02  3.82149816e-02 -1.64495483e-02
 -1.75150149e-02 -3.19594108e-02 -7.09271356e-02 -2.60969624e-02
  1.13429666e-01 -9.04964805e-02  4.40459698e-02 -2.53801383e-02
  5.09684570e-02  3.60693899e-03 -6.42752051e-02  6.98305294e-02
  5.30178025e-02 -2.82408819e-02  5.66261634e-02 -5.14532551e-02
 -5.80871552e-02 -4.45332602e-02 -3.24064912e-03 -3.04026082e-02
 -4.11337018e-02  1.16552273e-02  6.06561787e-02  1.20424218e-02
 -5.40641770e-02  2.51830332e-02 -3.40469070e-02  1.00106997e-02
 -1.01604071e-02 -1.42266396e-02  3.47750522e-02  3.67023908e-02
 -6.18826002e-02 -5.54654412e-02 -8.05060845e-03 -1.76200066e-02
 -1.47791160e-02 -3.68388779e-02 -8.43418688e-02 -1.46752736e-02
  7.81444982e-02 -2.72254571e-02  3.56837437e-02 -4.57688645e-02
 -5.70594557e-02 -3.55705358e-02 -4.00831457e-03  1.18573457e-02
 -1.37354014e-02  2.12590061e-02  7.62642995e-02 -5.78109473e-02
 -5.42542245e-03 -4.65808995e-02  7.46977329e-02 -7.17548728e-02
  2.30498780e-02  6.82215914e-02 -4.91594858e-02  5.47725260e-02
 -1.92811098e-02 -2.21373350e-03  6.45667315e-03  2.81005874e-02
  3.93844321e-02  1.90685652e-02 -1.46736056e-02 -3.57439220e-02
  4.05755267e-02  4.49346728e-04 -2.43751556e-02 -7.65689984e-02
  2.61893384e-02 -9.04913023e-02 -5.66769466e-02  1.65745094e-01
  1.33796418e-02 -1.29068503e-03 -6.00317530e-02 -4.46454920e-02
 -7.10566416e-02 -7.52244964e-02 -8.24399386e-03  4.64040264e-02
 -8.10559280e-03  1.78166907e-02  1.52579006e-02 -4.23194375e-03
 -6.01399131e-02  1.50022944e-02  4.13009636e-02  1.14490949e-02
 -1.28934756e-01  5.33622131e-03  6.69715554e-02 -3.44435535e-02
  3.06352600e-02 -1.39101632e-02  4.16452810e-02  2.74229497e-02
 -6.92681409e-03 -7.81204402e-02 -1.36430375e-02 -5.43246155e-33
  6.05539978e-03  2.84512294e-04  2.18603015e-02  5.43479659e-02
  5.26769012e-02 -1.11802935e-03 -3.07868663e-02 -2.11538747e-02
 -1.14779934e-01  9.21399612e-03 -4.91780750e-02  7.32668936e-02
 -2.58198585e-02 -1.29693504e-02  2.04801932e-01  2.44765845e-03
  7.12333024e-02  5.33065088e-02  1.93825513e-02  3.27346548e-02
  3.64027210e-02  4.16729823e-02 -3.05101238e-02  3.82257886e-02
  6.42070621e-02 -2.45223101e-02  8.29766132e-03  4.02378589e-02
 -6.01761136e-03  3.27634998e-02 -3.53344008e-02  5.28187025e-03
 -8.61546993e-02 -1.51773281e-02  4.58596162e-02 -3.40722278e-02
 -5.86644746e-02 -8.67167637e-02  3.70815732e-02  4.29295609e-03
 -3.50833498e-02 -1.25059136e-03 -3.83791961e-02 -2.43377849e-03
 -2.45810319e-02  1.95617881e-02  4.21039090e-02  3.41158472e-02
 -6.24234900e-02  8.34630206e-02 -1.88403726e-02  4.44969237e-02
 -2.00765450e-02 -9.33638215e-02  1.20696209e-01 -7.51405861e-03
 -2.22689807e-02  6.92827255e-02  3.27481218e-02  4.65429947e-02
  1.33902142e-02  2.69780550e-02 -3.59491594e-02 -3.33575485e-03
  6.16774447e-02 -6.69245981e-03  2.62566879e-02 -2.07898188e-02
  5.79841435e-02 -1.62716527e-02 -1.10807538e-01 -7.47173429e-02
  4.93194237e-02 -1.52046345e-02 -5.15802912e-02 -2.11505927e-02
  5.91545738e-02 -2.93746721e-02  1.35508683e-02 -4.22457466e-03
 -1.42744765e-01  5.49260410e-04  3.94573286e-02  4.83198240e-02
  5.67381792e-02 -4.20308001e-02 -1.38064297e-02 -4.39531319e-02
  1.56933740e-02  2.71679144e-02 -4.97561358e-02  1.80415474e-02
 -3.37843783e-02 -1.98711138e-02 -8.76774639e-02  4.49265933e-33
 -3.36182257e-03 -4.60311100e-02 -5.80323488e-02  4.34120670e-02
  3.91889513e-02 -3.20093636e-03 -2.69585813e-04 -3.66697647e-02
 -7.56862760e-02 -3.30117084e-02 -6.50675818e-02 -5.87476343e-02
  3.83320935e-02 -4.23125597e-03 -5.04752472e-02  1.45757347e-02
 -1.05717443e-02 -8.52233917e-02  1.76066291e-02  1.28207095e-02
 -3.75615992e-03  1.06368223e-02  1.09260425e-01  4.15065847e-02
 -5.57610355e-02  3.85856964e-02 -2.04086583e-02 -1.11407004e-02
 -4.92486283e-02 -5.27776256e-02  3.09804380e-02 -9.10676941e-02
 -6.84453920e-02  3.97849604e-02 -1.66065190e-02 -2.75041163e-02
  2.85101980e-02  4.49701026e-02 -3.43358256e-02  5.08168191e-02
  3.73778567e-02  1.82730332e-02  2.02050880e-02  9.94743630e-02
 -9.13527422e-03  6.66872114e-02  7.26645663e-02 -5.99860325e-02
  9.77866948e-02  3.08371205e-02  4.31674495e-02  1.95546643e-04
  3.39698158e-02 -2.45117843e-02 -2.92288344e-02 -6.17849268e-02
  9.54053551e-02 -3.51988971e-02  6.87394962e-02 -4.41731177e-02
  1.88004486e-02 -2.22891755e-02 -3.86203788e-02  7.39874840e-02
  5.29240482e-02  5.80966240e-03 -5.29255681e-02  5.35108522e-02
  8.64886399e-03  6.83648959e-02  5.64067475e-02 -6.79559857e-02
  7.47726709e-02 -5.79302572e-02 -5.22333533e-02  1.31320488e-02
 -1.19824305e-01 -6.35834262e-02 -8.40180889e-02 -6.10626582e-03
 -6.64398074e-02 -4.72682677e-02  1.55968370e-03 -3.23127918e-02
 -2.04666960e-03  6.68566376e-02  3.64471902e-03 -2.59572864e-02
  6.40175045e-02 -6.87664049e-03  1.38492016e-02  6.82128966e-02
 -8.68791491e-02  7.66707659e-02 -1.47888772e-02 -1.15457039e-08
 -1.67945605e-02  2.09502429e-02 -2.48148143e-02 -2.73050517e-02
  3.38460281e-02  2.56047789e-02 -6.59042373e-02 -5.16690537e-02
  3.00064981e-02  1.00208379e-01  5.75644374e-02 -2.19057705e-02
 -1.31885372e-02  9.98675600e-02  1.28227711e-01  2.16634683e-02
 -4.98880893e-02  6.09254278e-02 -4.32094969e-02 -1.31288879e-02
  5.63608706e-02 -7.63998425e-04  2.22622808e-02  1.28498464e-03
 -2.12709438e-02 -4.37661074e-02 -1.02938868e-01  4.76547033e-02
 -2.99333986e-02  8.17542374e-02  7.15966970e-02 -2.33150534e-02
  7.77289923e-03 -6.65083155e-03  3.68281268e-02 -2.12133136e-02
 -6.33569211e-02  1.86817255e-02  6.59074560e-02 -2.04530954e-02
  2.40993258e-02  6.24710545e-02 -2.73849233e-03  1.09132342e-01
 -1.66294370e-02 -2.69181039e-02 -8.91934615e-03 -4.80660722e-02
 -3.30950730e-02  1.87750403e-02 -2.01552864e-02  5.18425442e-02
  2.87360959e-02  5.96926883e-02  9.77537259e-02  1.03320658e-01
  4.59684059e-02 -6.28011525e-02 -3.40828970e-02  7.67148435e-02
  1.46305472e-01  5.84917776e-02  6.93991482e-02 -5.53587545e-03]"
445,Ownership and Control,Governance,business,5,0.4227,"[-6.72328845e-03  5.95008731e-02 -3.12834457e-02 -1.46559514e-02
 -9.14382264e-02 -1.31095815e-02  1.14547506e-01  5.72272856e-03
  5.11534102e-02 -5.07223271e-02 -9.78785611e-05  3.20675946e-03
 -2.00384595e-02 -1.96989495e-02  4.88182623e-03 -3.88164669e-02
 -1.88203622e-02 -3.03307027e-02 -9.81239900e-02 -4.50929590e-02
 -1.13528930e-01  2.11118199e-02 -7.11427480e-02  1.19624976e-02
 -2.54580490e-02  6.51033372e-02 -2.01934148e-02  2.70911288e-02
  2.46974360e-02 -1.15710869e-01 -6.60479162e-03  4.44966964e-02
  1.04822583e-01  2.31086556e-02  5.38772764e-03  1.97690092e-02
 -4.89035482e-03 -3.28214057e-02  9.61310938e-02  1.42211253e-02
  8.04580189e-03 -9.45822820e-02 -9.43628997e-02 -2.69667339e-02
  1.24407895e-02  8.23658425e-03  3.05997636e-02  1.95940807e-02
  6.66870475e-02  3.83578241e-02 -4.17516716e-02 -1.10838041e-02
 -2.62214355e-02  3.54201272e-02  6.33814139e-03 -3.23167699e-03
 -6.00727051e-02  1.70497305e-03  1.11178984e-03 -6.11388050e-02
  8.43082815e-02 -5.23603102e-03  5.34569612e-03  2.75304466e-02
  5.31865060e-02  4.37809154e-02 -6.42373264e-02  7.15777129e-02
 -1.18367940e-01 -4.46073636e-02  8.37187245e-02 -5.19884117e-02
 -7.00210929e-02  5.18757477e-02  4.05245088e-02 -7.76389167e-02
  5.79783469e-02 -2.99022812e-03  5.68272024e-02 -2.01509651e-02
  3.84919122e-02  1.29799927e-02 -9.68651548e-02  6.29304126e-02
 -7.47640058e-02 -3.63083333e-02  2.30353791e-02  5.94456606e-02
  6.43917695e-02  1.36421714e-02 -4.56992015e-02 -5.03942482e-02
  2.41248813e-02 -1.00576524e-02 -7.22754002e-02  2.96641663e-02
 -2.66810730e-02 -6.11667112e-02  1.63142737e-02  2.69207478e-01
  2.30495986e-02  7.11534992e-02  2.09855549e-02 -7.75647210e-03
 -5.02380095e-02 -2.65977755e-02 -2.19228733e-02  7.09413961e-02
 -3.51571920e-03 -3.04035507e-02 -4.89510074e-02  1.23466114e-02
 -5.19865006e-02  1.44284070e-02  2.46115611e-03 -2.09934060e-02
  9.52104665e-03  2.19688732e-02  7.95353428e-02 -2.67094094e-03
  1.41171627e-02  1.10985354e-01 -2.59088501e-02 -4.15771939e-02
 -1.00756995e-01 -9.91118178e-02 -2.10773684e-02 -5.26287629e-33
 -1.95315555e-02 -5.62942363e-02  2.68325657e-02  8.00702870e-02
  1.44257732e-02  5.52247949e-02 -3.29193077e-03 -9.61289916e-04
 -5.89947589e-02  1.14519581e-01 -8.71033408e-03  7.24855810e-02
  3.09660900e-02  2.35705916e-02  1.34438783e-01  4.04674187e-02
 -2.02558786e-02  4.27438095e-02  2.88681891e-02 -3.37164178e-02
 -2.31856247e-03 -1.26010710e-02 -2.01893784e-02  4.21781018e-02
  1.25602465e-02 -2.90447921e-02  1.20264366e-02 -6.64832117e-03
  6.93591982e-02 -4.72723693e-03  1.00143358e-01  1.28670819e-02
 -3.37249693e-03 -6.44557364e-03 -4.14984077e-02 -5.18122725e-02
 -3.44035588e-02 -9.13646817e-02  9.78476647e-03 -5.21974191e-02
 -1.07853867e-01  8.52124579e-03 -4.92977351e-02  2.79037300e-02
 -3.73868942e-02  8.25425088e-02  4.15625535e-02  1.23083591e-02
 -2.42179679e-03  9.60745476e-03  8.55997298e-03 -1.43610081e-02
 -9.50097479e-03 -1.81244221e-02  2.62699258e-02 -7.29391724e-02
 -8.80723912e-03 -7.34148100e-02 -3.64239030e-02 -9.64478124e-03
  1.08777381e-01  7.40861297e-02 -5.06748483e-02  5.09435497e-02
 -3.20411026e-02 -2.18132487e-03  2.45174617e-02  5.66331204e-03
  6.77381307e-02 -8.84807631e-02 -1.48961516e-02 -5.74735738e-03
  5.54461293e-02 -2.56516621e-03 -2.53313337e-04  8.56991932e-02
 -3.24760415e-02  3.09107043e-02  2.20199842e-02  2.64665037e-02
 -1.34867160e-02  1.18317856e-02  6.23096004e-02  4.41086814e-02
  4.06668074e-02  6.68133274e-02  3.24245989e-02 -7.62052685e-02
  6.63366215e-03  7.57526681e-02 -1.31247371e-01  9.26004350e-02
 -3.55803750e-05  9.52477604e-02  6.68318849e-03  3.38985865e-33
 -1.60014760e-02 -3.47659402e-02 -2.46371944e-02  4.10754606e-02
  1.41287558e-02  1.34546519e-03  4.57587354e-02 -4.21891846e-02
 -1.02097327e-02  8.29491690e-02 -1.06639877e-01 -9.56875607e-02
  5.17988298e-03  7.81034008e-02 -1.57665685e-02 -5.44381402e-02
  1.45576179e-01 -2.37396415e-02 -3.22429463e-02  3.23393270e-02
 -6.75594360e-02  7.71353170e-02 -2.93599796e-02  2.32155118e-02
 -2.85748504e-02  4.97308113e-02 -4.93967421e-02 -2.72944327e-02
 -2.87256930e-02 -3.43495072e-03 -2.58456115e-02  3.06835249e-02
  6.74879318e-03 -4.10491554e-03 -2.82437224e-02  5.44895455e-02
 -7.98402540e-03 -2.20291433e-03 -2.25319620e-03 -4.49595228e-02
  5.54078519e-02 -2.99655385e-02  1.46504184e-02  1.17575780e-01
 -1.80847812e-02 -5.76959401e-02 -9.56832711e-03 -4.61512133e-02
  7.46812597e-02 -1.55690191e-02 -7.31923655e-02  1.74655952e-02
 -7.27203488e-03 -4.45536114e-02 -2.14737374e-02  6.95937276e-02
 -3.90394069e-02 -5.87985106e-02 -3.87177430e-02  6.16827272e-02
  1.31189926e-02  4.25779074e-02  4.88679931e-02  1.00666292e-01
 -4.43441942e-02  4.91203889e-02  3.31992246e-02 -7.77704734e-03
  3.51240188e-02 -2.89705396e-02  5.80141321e-02  5.00137433e-02
 -5.98230474e-02  4.38150615e-02 -9.09048468e-02  3.25091407e-02
 -5.01043200e-02 -4.63556200e-02  1.72304641e-02 -2.31384463e-03
 -5.14282379e-03 -8.54956657e-02 -3.32568139e-02  4.35512029e-02
 -1.06989369e-01 -6.09240569e-02  2.48160493e-02 -2.05506980e-02
 -2.00571660e-02 -8.68843496e-02 -6.88864514e-02  1.19287067e-03
 -6.77131116e-02  3.51048745e-02  5.34828426e-03 -1.42595713e-08
 -2.71116327e-02 -3.83158140e-02  1.52392900e-02 -2.50105280e-02
  1.77997036e-03 -2.94878148e-02  3.50298323e-02  1.87460668e-02
  4.26138379e-02  6.17840625e-02 -5.92685379e-02 -1.48096057e-02
 -5.73165901e-02  1.00494802e-01  1.92690622e-02 -1.31445378e-02
 -8.17106757e-03 -1.94140989e-02 -4.15715942e-04  5.09941056e-02
  5.11026345e-02  2.83888169e-02  5.36579750e-02 -2.90604252e-02
  1.04250619e-02 -5.07335253e-02  4.74255346e-02  7.13779777e-02
  1.04421144e-02 -9.32862423e-03  2.92412583e-02  8.11794996e-02
 -2.48064585e-02 -2.10860334e-02 -3.93337570e-02 -9.15308446e-02
  2.11219303e-02  3.11428215e-02  4.08736467e-02 -2.76377262e-03
 -6.77127838e-02  3.07528749e-02  2.70171873e-02  2.72041839e-03
 -3.48232500e-02 -2.15707086e-02 -2.83344258e-02 -5.74983424e-03
 -1.78366378e-02 -5.77623397e-02 -1.74757876e-02  1.51949218e-02
  7.82815889e-02 -2.62996498e-02  2.93855593e-02 -7.14598969e-02
  2.09183283e-02 -1.38087794e-02 -5.70219941e-02  3.69396508e-02
  4.98278923e-02 -9.08899903e-02  2.59110183e-02  3.86371766e-03]"
446,Ownership and Control,Governance,shares,1,0.4193,"[ 2.81417165e-02 -4.30155955e-02 -4.83435765e-02  8.03364813e-02
 -8.65686610e-02  5.66659309e-02  9.05720443e-02 -5.61699681e-02
  5.35066016e-02 -2.68394444e-02  1.47580318e-02  3.36177386e-02
  1.69124082e-02  4.34254333e-02 -6.37831911e-02 -3.56688015e-02
 -3.37333158e-02 -5.12275938e-03 -6.89791515e-02 -4.02585715e-02
 -1.43051371e-01 -9.06384438e-02 -8.25652704e-02  3.21604796e-02
  1.07530586e-01  1.22833522e-02 -3.91586274e-02 -1.03742946e-02
  9.58959945e-03 -6.70884401e-02 -1.96269862e-02 -8.36469233e-02
  4.70128395e-02  3.41305472e-02 -5.79399504e-02 -4.86947447e-02
 -4.02139314e-02  2.41880435e-02  4.16025855e-02 -2.59566009e-02
 -2.82323901e-02 -2.03779642e-03 -3.48931365e-02 -1.23576708e-02
 -5.90726174e-02  7.66583681e-02  7.45238177e-03  5.66163138e-02
  1.04081079e-01  2.98605170e-02  2.76244245e-03  1.73947623e-03
 -1.03629557e-02  4.22266573e-02 -2.51446366e-02  1.59802213e-02
 -7.51472712e-02  4.48954031e-02  4.75515388e-02 -5.18951230e-02
  3.79457660e-02 -1.89665668e-02  3.63704711e-02  3.77914235e-02
  8.90219137e-02 -4.70981859e-02  9.65266395e-03  1.64359003e-01
 -6.19892888e-02 -3.78555693e-02  7.41166174e-02  2.82827187e-02
 -2.83495877e-02 -1.18998075e-02 -6.06812909e-02  2.94932090e-02
  4.54346724e-02  3.00459447e-03  2.06696540e-02 -4.83905822e-02
 -1.03370190e-01  4.28699367e-02 -2.79477332e-02 -1.57445818e-02
  2.99386284e-03  2.01585535e-02  3.00002731e-02  2.11996492e-02
 -2.97322124e-02 -1.97710618e-02 -3.54680941e-02  5.54853231e-02
  2.87632979e-02 -1.76012535e-02 -7.35429749e-02  4.31716442e-02
 -5.69905564e-02  1.99293606e-02 -7.33426586e-02  1.89238548e-01
  5.38536012e-02  6.93204924e-02  3.97516787e-03 -6.09498024e-02
 -3.56886722e-02  1.38992136e-02  3.10864709e-02  2.04258924e-03
  2.33942941e-02  2.66426546e-03 -6.37011752e-02  2.34719403e-02
 -1.18770875e-01 -3.68440785e-02 -5.20371720e-02 -3.24844383e-02
  1.58026628e-02  5.52685838e-03  7.10379556e-02 -5.91399819e-02
  3.25012058e-02  3.12153976e-02 -2.24453118e-02 -2.87700095e-04
 -4.42895964e-02 -3.72768752e-02 -4.75530364e-02 -4.00400596e-33
 -6.13585152e-02 -4.54763509e-02  4.34886524e-03  4.88406420e-02
 -1.34584242e-02  9.81682446e-03  8.22178926e-03 -2.65803505e-02
 -1.20650597e-01 -2.57369783e-02 -5.69984429e-02  5.67029119e-02
  1.68056432e-02 -5.87658631e-03  6.54134303e-02 -5.88836446e-02
  6.05940893e-02 -4.88943001e-03  6.34393021e-02 -1.08861774e-01
 -3.57869677e-02  9.77956280e-02 -1.91647448e-02  4.53703329e-02
  1.24808652e-02 -1.17477499e-01 -3.11702257e-03 -8.97798315e-02
  3.25155929e-02  3.34049053e-02  7.30621889e-02  7.40805045e-02
 -7.41840824e-02 -2.80508902e-02  5.58334915e-03  6.36479333e-02
  4.59352508e-03  2.77740657e-02  1.87423322e-02 -6.08333852e-03
 -2.48299469e-03 -5.50631657e-02 -7.54546896e-02 -4.09573056e-02
 -9.14953649e-02  4.31222096e-02 -2.10919920e-02  4.17782292e-02
  3.75141650e-02  3.88467871e-02 -3.08069196e-02  1.01967016e-02
 -7.84379244e-02 -2.64334287e-02  3.40615772e-02 -2.85462057e-03
 -7.92625640e-03 -2.59254724e-02  8.13869201e-03 -6.23472854e-02
 -1.13805253e-02  7.32305273e-02 -3.77462357e-02  7.77451694e-02
 -1.68448418e-01  9.04724672e-02 -1.17713287e-02 -3.02328598e-02
 -4.82233940e-03  1.48883220e-02 -8.98006037e-02 -6.86928164e-03
  6.34288564e-02 -1.29362680e-02  6.09495491e-03 -8.15718714e-03
 -5.56586087e-02  3.10329217e-02 -1.17297256e-02  5.81329577e-02
 -5.25567168e-03 -4.57570702e-02  3.56863216e-02  1.11901961e-01
 -2.35491432e-02  3.22684087e-02 -5.11582429e-03  3.38819884e-02
  5.04016317e-03  5.39173745e-02 -1.58635546e-02 -3.67231667e-02
  7.19536915e-02  6.72653392e-02  8.21972266e-03  2.37783846e-33
 -4.89425734e-02 -7.21028680e-03  4.70936997e-03  4.08759303e-02
 -1.40900826e-02 -2.08025593e-02  7.92400762e-02 -3.71490084e-02
 -4.27277163e-02  1.22263111e-01 -1.07322438e-02 -2.96275076e-02
 -1.15578165e-02  4.22938913e-03 -5.71707152e-02 -1.73523501e-02
  1.02456316e-01  8.43174569e-03  4.87457588e-02 -4.00993861e-02
 -9.16986167e-02  2.22449619e-02  9.82470587e-02  5.69449253e-02
  1.39091853e-02  6.42604455e-02  9.22322646e-03  2.69238763e-02
 -4.29249089e-03  1.69421341e-02  3.75662581e-03  7.59762526e-03
 -1.16766579e-02  5.39787188e-02 -7.13104457e-02 -1.74550153e-02
 -6.88413484e-03  1.73417106e-02  5.63641973e-02 -4.00825404e-02
  4.91434596e-02 -2.35400498e-02  1.13263398e-01  1.39777362e-01
  4.76480350e-02 -2.67652497e-02  3.89515199e-02 -4.12363000e-02
  2.37304792e-02  4.02221456e-02  7.14155193e-03  2.70822477e-02
  6.27918467e-02 -1.43985311e-02  9.18103289e-03  5.59897870e-02
 -7.27608725e-02  2.79059485e-02  8.17624200e-03  1.39831053e-02
  2.90531330e-02  2.07594521e-02 -6.45619631e-02  7.29356781e-02
 -7.36988932e-02 -3.64241153e-02 -7.26964548e-02  5.60438819e-03
  3.96759585e-02 -1.76168792e-02  7.82959089e-02 -7.62079880e-02
  5.08803613e-02 -6.27986342e-02 -1.09938020e-02  5.38442247e-02
 -8.48422945e-03 -3.59360315e-03 -2.14212993e-03  9.63805020e-02
  1.00761773e-02  2.73709781e-02  3.94619890e-02  5.19996770e-02
 -4.68643336e-03  1.33582028e-02  3.31832618e-02  3.08274440e-02
 -5.49215414e-02 -4.00363877e-02 -3.13076079e-02 -2.72353012e-02
  7.49184713e-02 -6.53708354e-02 -4.41271327e-02 -1.10847758e-08
 -6.39183773e-03 -8.41154233e-02  7.74305835e-02 -7.60751497e-03
  1.07386196e-02 -4.18862440e-02  5.65763377e-02  3.58947106e-02
  3.00509133e-03  1.57875314e-01 -1.61100198e-02 -3.40616480e-02
 -9.18146446e-02 -3.23782228e-02 -7.76529014e-02 -2.71772444e-02
 -3.13988961e-02  3.15271388e-03 -9.25625116e-03 -3.36934812e-02
  5.29357344e-02  6.16923731e-04  5.33409826e-02  6.24949373e-02
 -2.81602684e-02  1.49641596e-02  2.27533188e-02 -1.21195605e-02
  7.14490516e-03  2.31279768e-02 -1.83303969e-03  5.76800760e-03
  4.94513884e-02  1.04961209e-02 -8.90302658e-03 -1.66707132e-02
  1.63739547e-02  4.30425629e-02  3.77569254e-03 -9.52767394e-03
 -6.49674535e-02  1.20041464e-02  9.48209763e-02 -1.25155654e-02
  9.54394694e-03  8.09644628e-03 -8.90074372e-02 -3.01114246e-02
  4.88672219e-03 -1.06433801e-01  2.59119458e-02 -2.38177343e-03
 -2.42486913e-02  5.05405366e-02 -3.12344283e-02  1.13641825e-02
 -3.22386660e-02 -1.50230648e-02 -4.72982116e-02 -6.88563362e-02
  5.47808595e-03 -4.96437363e-02 -9.14098695e-02  7.90226460e-02]"
447,Ownership and Control,Governance,subsidiaries,9,0.4165,"[ 3.54543030e-02 -8.92128497e-02  3.75867523e-02 -3.04212831e-02
 -1.03519087e-04 -9.97120328e-03  4.75539155e-02 -2.31407639e-02
  2.24171281e-02 -6.37492463e-02  3.77134187e-03  2.20203456e-02
  5.78164794e-02  2.50637159e-02  7.74989603e-03 -3.87165397e-02
 -3.96151319e-02 -9.82543547e-03 -1.22959809e-02 -1.27340645e-01
 -8.50588679e-02 -1.15894884e-01 -1.87134743e-02 -1.61524527e-02
 -1.82876643e-02 -4.01186831e-02 -1.31484764e-02  1.56634729e-02
 -5.22960201e-02 -7.24940524e-02 -4.46627140e-02  4.88990285e-02
 -6.75322907e-03  2.62046382e-02  2.42558531e-02  1.00645214e-01
  2.67632082e-02 -6.05998328e-03  1.68285947e-02 -5.12878560e-02
 -5.84257394e-02 -3.46381441e-02  1.97192896e-02 -1.81275662e-02
 -4.17684503e-02 -1.57683305e-02  6.07853234e-02  4.78711836e-02
  9.42601357e-03  4.88856472e-02  5.49533032e-02 -5.63339293e-02
  1.10445442e-02  5.02192639e-02  2.01417319e-03  5.83566129e-02
 -4.73880731e-02 -6.81443959e-02  4.16174605e-02 -7.81066390e-03
  1.96830258e-02 -3.51356789e-02 -4.70240675e-02  3.25071369e-03
  4.62604836e-02 -4.24780212e-02  1.09885298e-02  6.54308125e-02
 -1.33262560e-01 -6.83488250e-02  8.83131772e-02 -9.15353298e-02
 -2.89258305e-02  7.43190199e-02 -1.91324241e-02  2.67139263e-02
  2.72183232e-02  2.71797255e-02  5.94019890e-02 -9.82904211e-02
  1.53536191e-02  9.87060368e-02  5.52713359e-03  3.71359326e-02
 -5.02411760e-02 -1.03814167e-03  6.63365349e-02 -2.01012492e-02
  3.22775356e-02  7.90882707e-02 -5.43573312e-02 -1.05663173e-01
  8.64025801e-02  1.59481466e-02 -9.97556821e-02  3.17292958e-02
  2.38971803e-02  6.39449060e-03  5.54523505e-02  1.84588984e-01
  5.68546504e-02 -1.73958745e-02  1.11791389e-02  6.24074182e-03
 -7.47793242e-02  3.01637105e-03 -6.57741651e-02  1.31186128e-01
  6.30227253e-02  2.92355418e-02 -6.42512143e-02  1.03325106e-01
 -6.78715706e-02 -1.85781550e-02 -6.74499050e-02 -7.33770654e-02
 -1.54724112e-02  3.22447857e-03  3.52517590e-02 -1.05081149e-03
  1.39043229e-02  4.79115769e-02 -4.19850983e-02  3.51001248e-02
 -7.31565207e-02 -9.66320559e-03 -1.16358839e-01 -5.08597137e-33
 -9.56183765e-03  9.47298948e-03  1.63597870e-04  3.72889861e-02
 -4.32590842e-02  4.23121117e-02  1.20828608e-02  6.22133762e-02
 -8.22294727e-02  2.98075564e-02 -1.30358800e-01  3.52673568e-02
  1.38375545e-02 -4.19852473e-02  1.27043441e-01 -6.56463429e-02
  1.74397118e-02  5.76960146e-02  4.68700565e-02 -1.30028566e-02
 -6.24143742e-02  6.44254014e-02 -7.36457668e-03  6.81489706e-02
  4.73774821e-02 -5.82418144e-02 -6.14265986e-02 -3.77454283e-03
  2.90958658e-02  5.23620471e-02  6.35880008e-02 -1.13046886e-02
  3.80086936e-02  1.78739876e-02 -1.80845130e-02  4.66159098e-02
 -3.02027650e-02 -7.95439333e-02 -1.84563436e-02  1.65351443e-02
  1.69011430e-04 -7.38220615e-03 -5.13601527e-02  2.35980283e-02
 -7.24552525e-03  3.89530212e-02 -6.42677397e-03 -9.76293441e-03
  2.83868145e-02  4.17264998e-02 -7.61784017e-02  7.97395129e-03
 -2.00955337e-03 -5.69463521e-02  1.20642394e-01  2.86779441e-02
 -5.35496464e-03 -2.99362987e-02 -5.65075362e-03  1.38698909e-02
 -3.30968052e-02  1.14037231e-01 -8.18022713e-02  5.05041927e-02
 -1.50131341e-02  5.64636011e-03  7.24888220e-02 -3.12701128e-02
  3.76315378e-02 -7.26665482e-02 -7.28039667e-02 -2.37754155e-02
  4.13426235e-02  3.17532495e-02 -6.72373101e-02  1.60981473e-02
 -6.26810938e-02  1.11607566e-01  1.71232049e-03  1.69292570e-03
 -3.14038917e-02  1.10794352e-02 -3.51529848e-03  7.94997886e-02
  3.95931676e-02 -8.02457985e-03  5.63885644e-02 -5.89772686e-02
 -1.69184357e-02  9.14964750e-02 -1.47325888e-01 -8.65033269e-03
 -3.78722884e-02  9.51891467e-02  7.77235813e-03  3.09614853e-33
  2.75569316e-02 -2.64052451e-02  2.74056126e-03 -5.72041534e-02
 -2.04712413e-02  5.61842360e-02  3.34482267e-02  2.36669350e-02
 -8.97904113e-02 -1.63092613e-02 -4.76590469e-02  7.32025225e-03
 -3.90719064e-02  2.36802436e-02 -8.72465298e-02 -6.92617008e-03
  1.12448193e-01 -5.08922599e-02 -4.51398306e-02  2.02241465e-02
 -1.52474139e-02 -1.50375813e-02  3.32592800e-02  4.10435870e-02
 -5.18897809e-02  7.74676800e-02 -1.96993873e-02  3.27592832e-03
 -4.59621400e-02  3.75970379e-02 -1.99924037e-03 -4.93288152e-02
 -4.02669348e-02  9.86035317e-02 -2.79933959e-02 -2.23083906e-02
 -5.61901331e-02  2.70203538e-02  1.94687583e-02 -7.01334104e-02
  4.73695546e-02 -6.14228752e-03  3.45523842e-02  9.74074677e-02
 -6.25255555e-02 -3.85515718e-03  3.71315912e-03 -5.90328053e-02
  4.99228053e-02 -4.00154293e-02 -1.36847451e-01  5.96840354e-03
  2.57321969e-02 -5.60797099e-03 -1.47615196e-02 -2.32699811e-02
 -1.37484688e-02  3.74049954e-02  7.00109228e-02 -1.57045498e-02
  3.51494513e-02  3.22697274e-02  3.53182070e-02  9.40771177e-02
 -5.27000129e-02  3.55670229e-02  2.04016212e-02  3.61795537e-02
  2.18160376e-02 -1.13740293e-02  2.40841899e-02  9.61288065e-03
 -3.09970845e-02 -3.84859480e-02 -5.61775640e-02 -3.85829471e-02
 -5.67575730e-02 -1.08618438e-01 -7.42099807e-02 -4.14004773e-02
  4.99434695e-02 -5.75704686e-02  1.92463305e-02  9.78120938e-02
 -1.21855512e-02  1.34090995e-02  6.98474944e-02  4.96561523e-04
  7.05084354e-02 -8.08718707e-03  7.85451103e-03 -5.67668714e-02
 -5.17414464e-03 -1.11605693e-02  6.80445880e-03 -1.15666134e-08
 -2.35925261e-02 -1.12679871e-02  9.60451458e-03  2.51447037e-02
 -7.28274435e-02 -2.74483282e-02  9.72274505e-03 -1.82212354e-03
  5.05767614e-02  5.11982627e-02 -3.07213403e-02 -3.52232270e-02
 -3.49026695e-02  2.70596985e-02 -1.47923203e-02 -1.94254069e-04
 -3.44052874e-02  8.74299332e-02  5.41818747e-03 -2.72397436e-02
 -5.16063273e-02  7.67629370e-02  9.01769623e-02  4.47103987e-03
  9.16098803e-03  1.32899303e-02  3.59021723e-02 -7.67703354e-02
  8.11331868e-02  6.59793988e-02 -4.39089863e-03  7.32617974e-02
 -2.74188537e-02 -6.84680603e-03  2.42525083e-03 -8.35971758e-02
  1.35245211e-02 -5.91318961e-03 -1.46198673e-02 -5.39135002e-02
 -2.55742371e-02  7.29777515e-02  1.18764034e-02  2.82750446e-02
  4.13763598e-02 -2.03626100e-02 -6.27853349e-02 -1.41433920e-04
  3.68414558e-02 -4.92602699e-02  4.98405769e-02  5.31886369e-02
  5.54339448e-03  4.05284651e-02 -6.04037428e-03 -7.86425695e-02
 -7.92276463e-04 -3.73744741e-02 -6.21222444e-02  3.87100689e-02
 -3.59901646e-03  2.99364259e-03  1.11284725e-01 -3.54772732e-02]"
448,Ownership and Control,Governance,corporate,7,0.4145,"[ 6.52458461e-04 -2.05369517e-02  1.38533185e-03  2.41175313e-02
 -3.97732034e-02 -3.50070857e-02  9.34580863e-02  1.01425592e-02
  5.84837086e-02 -3.18563320e-02 -1.02017438e-02 -3.11919721e-03
 -5.86398877e-02 -1.34805357e-02 -1.15169687e-02 -3.73377837e-02
 -2.12461017e-02  5.64963790e-04  1.03011802e-02 -5.20572588e-02
 -8.89791325e-02 -7.80431181e-02 -5.56607731e-02  4.09134403e-02
  4.00886089e-02  7.65796304e-02 -1.75595395e-02  2.40977276e-02
 -1.31062651e-02 -1.24103993e-01 -7.24584758e-02  5.51966876e-02
  1.20532095e-01 -1.00285532e-02  7.23169791e-03  7.03166500e-02
 -2.92924326e-02 -8.39925930e-03  7.60032684e-02 -1.74775943e-02
 -4.11533117e-02 -4.30764689e-04  3.45064439e-02 -1.68825109e-02
  2.09686439e-02  8.13517347e-03  2.38544252e-02 -1.48593187e-02
  4.05740663e-02  4.54767495e-02 -1.89819653e-02 -7.72139281e-02
  1.48811843e-02  4.98694666e-02 -1.11997286e-02 -6.25190092e-03
 -6.08398616e-02 -2.34593991e-02  3.95440590e-03 -6.67472631e-02
  6.02321513e-02 -7.98693597e-02  4.52458719e-03  7.68939704e-02
  9.77444574e-02  2.14575510e-02  6.26624981e-03  4.02905531e-02
 -9.73885730e-02 -8.96159187e-02  8.59688595e-02 -6.03258535e-02
  1.12233972e-02  6.89410046e-02  2.57669110e-03 -4.57761157e-03
 -5.16144186e-03  1.27017079e-02  8.97313356e-02 -6.94818348e-02
  8.49881321e-02  5.13652377e-02 -8.93993527e-02  8.56079683e-02
 -6.18299805e-02  5.95319550e-03  7.70944357e-02  3.88495028e-02
 -4.58570942e-03  6.67711571e-02 -6.89099282e-02 -1.88654829e-02
  2.41766144e-02 -1.75491273e-02 -1.43818378e-01  1.92797612e-02
  2.97444523e-03 -1.04130832e-02  1.54132023e-02  2.31622264e-01
  4.16844524e-02  5.49642891e-02  8.35322309e-04 -1.95146110e-02
 -6.10012598e-02 -4.23492491e-02 -2.54826620e-02  6.05590902e-02
  7.23795444e-02  2.82632262e-02 -7.80537575e-02  6.42246306e-02
 -1.05179340e-01 -8.10427070e-02 -5.52438013e-02 -3.73083837e-02
 -9.78849828e-03  5.05994856e-02  7.30805770e-02  8.06214812e-05
  2.30431790e-03  8.13289657e-02 -2.63987146e-02 -6.71962835e-03
 -9.70063508e-02 -5.30845188e-02 -6.03246540e-02 -4.75926071e-33
 -3.43619436e-02 -1.38949864e-02  1.68002173e-02  8.62498432e-02
 -1.62985083e-03  3.07569746e-02  1.72042809e-02  6.57368600e-02
 -6.11876473e-02  1.49497939e-02 -5.03508076e-02  2.47103404e-02
  3.99401039e-02 -2.65924372e-02  9.17256251e-02 -4.18130727e-03
 -3.89100090e-02 -2.07202639e-02  9.31974687e-03 -4.11473587e-02
 -5.76046817e-02  5.69208376e-02 -3.34883071e-02  4.96470928e-02
  1.21887377e-03 -9.06998068e-02 -8.57183430e-03 -1.18739558e-02
 -2.28098501e-03  2.76459418e-02  9.99309123e-02  4.71731499e-02
  6.78277807e-03 -2.43883878e-02  5.07692732e-02 -2.58280453e-03
 -1.38274375e-02 -8.89322683e-02  1.65992193e-02  1.37737608e-02
 -5.51798642e-02  2.07585399e-03 -2.18987893e-02  1.69582013e-02
  4.36793864e-02  2.31218264e-02 -2.11397856e-02  3.88491936e-02
  1.58134736e-02  3.46939638e-02 -3.75782996e-02  8.61794408e-03
  9.73716285e-03 -1.98587421e-02  1.03840463e-01 -1.12218298e-02
 -1.58319715e-02 -3.40496823e-02 -2.23549604e-02  1.41302636e-02
  7.82379042e-03  1.63971037e-01 -5.62582724e-02  1.37052452e-02
 -3.96010689e-02  8.61379057e-02  5.11492379e-02  2.71478035e-02
  9.23979729e-02 -4.39778008e-02  3.83331962e-02 -5.51333316e-02
  4.73433770e-02  1.81950536e-02 -7.25001320e-02  4.58518863e-02
 -6.30538613e-02  4.01662141e-02 -2.59069521e-02  5.80063909e-02
 -1.76963490e-02  2.65840925e-02  7.02105239e-02  4.67136428e-02
  4.15773243e-02  3.37500982e-02  3.27002294e-02 -4.03999165e-02
  1.66696943e-02  1.26495793e-01 -1.39471903e-01 -8.82811006e-03
  1.87539626e-02  1.09546766e-01 -2.39293203e-02  3.03157440e-33
  7.99249765e-03 -4.69779223e-02  4.32779640e-03 -3.32047604e-02
 -8.52148514e-03  1.01563251e-02  3.11172977e-02 -6.93604425e-02
 -2.77697723e-02  9.49736238e-02 -6.24722876e-02 -1.97262634e-02
  1.18220020e-02  7.62008205e-02 -4.66224775e-02 -1.42036648e-02
  4.84999232e-02 -5.63986897e-02 -7.74243996e-02  1.15496963e-02
 -5.74884340e-02  1.75121780e-02  6.60116086e-03  8.23938251e-02
 -3.23414095e-02  5.56898713e-02 -3.54771838e-02 -1.10896416e-02
  2.96342690e-02  4.92870063e-03 -6.07780032e-02  6.13189477e-04
 -6.08477965e-02  5.40934280e-02  9.01343487e-03  5.21269441e-02
 -3.72042023e-02  1.21666500e-02  5.54722687e-03 -8.54507759e-02
  1.88773666e-02  7.66302971e-03 -3.70584428e-02  7.06451833e-02
 -3.46209630e-02 -7.81252384e-02 -2.55975127e-02 -5.59634045e-02
  2.25097574e-02  8.19602516e-03 -1.43660307e-01 -1.06281210e-02
 -1.98331494e-02 -2.51710471e-02 -1.04046511e-02  3.75229791e-02
 -2.83592269e-02 -3.31266597e-02 -2.03869902e-02  8.76461621e-04
 -2.94546061e-03  6.52451534e-03  4.32898514e-02  1.35216996e-01
 -5.05073555e-02  8.21156949e-02  2.05232296e-03 -4.84127924e-03
 -3.25504616e-02 -2.78466102e-02  7.40674958e-02  2.34073233e-02
 -9.91958976e-02 -1.26929814e-03 -6.47956207e-02  1.91413928e-02
 -4.65874560e-02 -1.80864129e-02 -5.00132963e-02 -3.18851657e-02
  7.12678805e-02 -4.25349474e-02 -2.31934562e-02  6.84241056e-02
 -8.67563784e-02 -2.45761182e-02  3.48460972e-02 -3.89659181e-02
 -2.88406760e-02 -2.84392964e-02 -2.77790669e-02 -4.36972976e-02
 -3.13530043e-02  6.44275844e-02  3.52072716e-02 -1.32608058e-08
 -6.48980141e-02 -1.84079667e-03  7.81557150e-03 -5.04966676e-02
  8.47453251e-02 -6.17784746e-02  2.30089598e-03 -2.81114951e-02
  4.68809642e-02  2.08206214e-02 -3.33189964e-02 -1.63991656e-02
 -2.53107958e-02  8.62218142e-02  1.66680440e-02 -3.28962393e-02
 -3.88004333e-02  2.49969885e-02 -1.13473563e-02 -2.34467606e-03
  2.86108125e-02  3.97447646e-02  6.35074601e-02  2.40002722e-02
  1.83731001e-02 -3.37460190e-02  5.59514537e-02  3.28439623e-02
  4.70445007e-02  6.07026890e-02 -1.99091453e-02  1.01896279e-01
 -4.12353948e-02 -2.00346299e-02 -3.71257327e-02 -6.18138015e-02
  4.28842157e-02  1.08730104e-02 -5.37170214e-04 -2.87461895e-02
 -3.63681093e-02  2.36362498e-02  9.31318197e-03 -4.73246968e-04
 -1.09373452e-02 -6.62066787e-02 -5.11141084e-02  4.85646799e-02
  5.15918480e-03 -7.87850618e-02  2.29243413e-02  2.54780501e-02
 -2.30995845e-03  4.79082167e-02 -1.47653148e-02 -8.25522393e-02
  1.80155914e-02 -2.07830761e-02 -1.05612949e-01  2.66898107e-02
  4.75812294e-02 -6.16994165e-02  8.25474262e-02  2.81125288e-02]"
449,Ownership and Control,Governance,leadership,1,0.4141,"[-5.33976667e-02  7.69249648e-02  4.49032150e-03  3.58681604e-02
 -2.30689906e-02  3.37945409e-02 -3.49436095e-03 -5.13371751e-02
  2.36511528e-02  5.49194403e-02  5.90232247e-03 -1.17726275e-04
  3.03599350e-02  1.92198865e-02 -3.14240664e-04 -5.84086850e-02
 -5.63044325e-02  4.68419865e-02 -1.12846889e-01 -1.07927956e-01
 -8.36844146e-02 -3.16164680e-02 -3.28177661e-02  1.33123278e-04
 -5.50205596e-02  4.37428057e-02 -5.43471910e-02 -5.60704852e-03
  1.04861706e-02 -1.42945573e-01  2.67779641e-02 -9.24827009e-02
  1.08552195e-01  2.56538447e-02 -6.63316548e-02  1.02298103e-01
  3.47782522e-02 -5.78131806e-03 -6.27143588e-03 -3.66284922e-02
 -8.55466723e-03 -6.24552649e-03 -7.47025609e-02 -2.99737714e-02
  1.01282261e-02  5.06382994e-03 -4.06376610e-04 -2.91886423e-02
 -6.16397373e-02 -3.80863808e-02 -2.76148915e-02 -1.35022756e-02
 -3.19685899e-02  4.55232337e-02  5.91019578e-02  2.34304853e-02
  3.81795503e-03 -4.52277139e-02  2.16334183e-02 -2.62905564e-02
 -3.36701199e-02 -2.36196127e-02 -8.45240131e-02  3.91847938e-02
  4.07861285e-02 -2.40717009e-02 -3.70597355e-02  4.57229428e-02
 -5.15378639e-02 -2.04732409e-03  7.87140876e-02 -6.69647902e-02
  3.27370199e-03 -2.34541893e-02  4.20564152e-02 -5.06945811e-02
  3.42689939e-02 -4.41174954e-02  5.13270311e-02  3.62481698e-02
  7.23338723e-02 -2.90226424e-03 -7.06548095e-02  1.45560205e-01
  1.68100093e-02 -8.09009094e-03 -1.03535186e-02 -3.88004519e-02
 -6.50223391e-03  2.70984806e-02 -2.73470990e-02 -8.60044081e-03
  2.79891882e-02  2.42328979e-02 -9.77681950e-02  3.61067913e-02
 -1.09075112e-02 -5.17444499e-02 -2.50830576e-02  2.15747640e-01
  9.36574396e-03 -1.33122681e-02 -1.64007265e-02 -4.05940078e-02
 -1.39862737e-02 -2.40158644e-02  5.93259744e-02  4.64497879e-03
 -4.43637446e-02 -2.70625073e-02 -5.11889309e-02 -1.61486324e-02
 -8.96625891e-02  1.56368352e-02  7.75984526e-02 -3.73352803e-02
 -9.28173400e-03  5.25926352e-02  4.68709832e-03 -3.41462307e-02
  7.06163719e-02 -8.06041155e-03  6.09881207e-02  3.10644098e-02
 -9.40814521e-03 -2.24028844e-02 -1.24594709e-02 -5.53332962e-33
 -7.20164692e-03 -2.19293758e-02  4.58990373e-02  1.03763655e-01
  7.23792799e-03  6.14879094e-02  4.68817540e-02  1.12524964e-02
 -2.14034878e-02  3.51070799e-02  7.19971349e-03  1.71109345e-02
  1.31109133e-02  2.08160784e-02  6.21051267e-02 -5.32843322e-02
 -2.57046223e-02  2.20261309e-02 -3.95826474e-02 -2.12719850e-03
 -2.56713256e-02  8.48351046e-02 -7.50255631e-03 -4.76711616e-02
  6.16415329e-02 -3.41176875e-02 -1.90207474e-02 -5.03393747e-02
 -5.36880316e-03  4.05898727e-02  2.49715112e-02  9.03801620e-03
 -1.02491081e-01  2.89294682e-02 -2.19876729e-02  5.39407693e-02
 -4.39413562e-02 -8.97123814e-02  8.25922042e-02 -3.87070626e-02
 -4.72927503e-02 -5.90681704e-03 -3.75283137e-02  2.18622424e-02
  1.27046779e-02  4.84537892e-02  4.27727997e-02 -2.01983899e-02
 -9.83153586e-04  6.55120909e-02 -7.08777830e-02  2.51982361e-03
  8.03713351e-02  4.62958560e-04  1.09906375e-01 -3.78796016e-03
  7.06025288e-02  7.97190070e-02  4.12659580e-03 -4.14353460e-02
  1.03690237e-01  7.02992827e-02 -1.44128203e-01  1.33469582e-01
  3.76964845e-02 -5.59768267e-02 -3.48755568e-02 -2.60818508e-02
  1.03008047e-01 -4.35374863e-02 -2.51120292e-02 -1.98972528e-03
 -2.00951658e-03  3.41465808e-02 -5.75608127e-02  1.55686317e-02
 -2.13869177e-02  1.04801580e-02  1.06671639e-02  2.95806886e-03
 -1.10319011e-01 -8.43106944e-04  3.17637883e-02  1.79076623e-02
  4.83557321e-02 -4.40329686e-03  1.71737503e-02  1.59207135e-02
  4.55125459e-02  1.06463812e-01 -4.95278277e-02 -9.59371496e-03
  3.59396487e-02  8.40542614e-02 -8.13059211e-02  4.30198092e-33
  2.29799300e-02  1.06752869e-02  3.59642431e-02  4.20675613e-02
  8.75157565e-02  2.50332542e-02 -3.57432812e-02 -7.10288137e-02
  4.28671315e-02  5.84183168e-03 -1.87674177e-05 -9.04439203e-03
  1.16002653e-02  5.00968918e-02  5.17768413e-02 -5.00480994e-04
  7.71561190e-02 -7.76623785e-02 -4.10753526e-02 -5.56808570e-03
 -4.05842066e-02  7.85465986e-02 -6.19359538e-02  5.01958169e-02
 -6.41853958e-02  2.21772101e-02  2.04351079e-02 -7.77617050e-03
 -5.41552715e-03  1.09000911e-03  3.09484210e-02 -3.95284854e-02
 -3.13397199e-02  4.80942428e-02 -7.64409825e-02  4.63933051e-02
  5.28726839e-02  1.25704650e-02 -3.81914638e-02  5.83658256e-02
 -4.25386289e-03 -7.58238835e-03  8.57699662e-02  3.65482374e-05
 -8.71636905e-03  1.68623645e-02 -4.53611277e-02 -2.48830523e-02
 -1.19841658e-01  4.06106561e-02 -1.28730088e-01  1.67056005e-02
 -7.10802078e-02 -7.89288152e-03  1.66176055e-02  9.79999639e-03
 -1.31262904e-02  7.31216464e-03  2.14354675e-02  6.81163836e-03
  2.63276361e-02  2.12276466e-02 -2.42115092e-02  2.87767462e-02
 -6.16535433e-02  5.44619113e-02  1.92847208e-03 -4.08571996e-02
 -4.00336506e-03  6.45088106e-02  9.32502560e-03 -6.07140139e-02
 -7.27034286e-02  4.43596281e-02 -7.00127110e-02 -2.94571519e-02
 -1.73719108e-01 -9.25080571e-03 -3.32908295e-02 -6.98244870e-02
 -6.29819483e-02 -3.44511010e-02 -3.56561467e-02 -2.57403180e-02
 -5.51879331e-02  2.15796214e-02  8.32491592e-02 -2.31968835e-02
  3.26608680e-02 -4.43105549e-02  5.51397540e-02 -7.69391209e-02
 -6.50075683e-03  9.55313537e-03 -3.26234140e-02 -1.23550112e-08
 -1.20067149e-02 -3.45221558e-03  1.27099603e-02 -2.63523497e-03
  5.04904203e-02  1.99616514e-02 -2.85512228e-02 -4.93077897e-02
  7.90369287e-02  1.18916109e-01  2.15453971e-02 -4.70748683e-03
  1.76275596e-02 -3.19125061e-03  8.42615142e-02 -1.94577202e-02
 -6.34885579e-02  4.83281575e-02  2.93090846e-03 -6.64576665e-02
  1.78055186e-02  4.31290753e-02 -7.68219978e-02 -1.34900035e-02
  2.29511056e-02  1.69949364e-02 -7.84099251e-02  8.50190893e-02
 -1.92841757e-02  7.00584799e-02  3.19288597e-02  8.90178978e-02
 -5.26995212e-02 -4.53405408e-03 -2.25778110e-03  2.12831888e-02
 -1.43575901e-02 -4.09410186e-02  2.88127307e-02 -5.52157946e-02
  1.55187780e-02  1.29618600e-01  6.06547110e-02  2.83135194e-02
 -1.02081206e-02  4.11249176e-02  2.35564224e-02  6.60198405e-02
 -1.10471547e-02 -9.31244791e-02  1.34349717e-02  4.70270962e-02
  5.88100927e-04  5.90846390e-02  3.16371992e-02  6.42961636e-03
  4.07747217e-02 -1.41668543e-02 -8.10838118e-02 -2.47175768e-02
  1.59103408e-01 -1.30411200e-02  6.43279627e-02  2.67100949e-02]"
450,Pay,Governance,wage,2,0.73,"[-7.58049116e-02  7.93901682e-02 -1.96983721e-02  7.86750615e-02
 -5.26864901e-02 -1.64089736e-03  8.59673992e-02 -6.10950403e-02
 -4.86247288e-03  1.79569796e-02  2.61891950e-02 -1.02680214e-01
 -5.04923612e-02  3.51708150e-03 -3.32650468e-02  8.97105274e-05
  1.54122571e-02  1.59369025e-03 -7.27909105e-03 -5.53721599e-02
  3.24797281e-03 -3.02632414e-02 -3.33714969e-02 -5.41288555e-02
  1.31997705e-01  1.03809945e-02 -6.01826143e-03  9.04109553e-02
 -5.65582179e-02 -2.76082326e-02 -4.28478718e-02  7.78267859e-03
  3.70363966e-02  7.15181290e-04 -2.77375393e-02 -5.65144494e-02
 -6.93528075e-03 -2.25186739e-02 -8.57480019e-02  9.69872251e-03
  3.07143573e-02 -8.00444931e-02 -6.04048260e-02 -1.54409250e-02
 -6.27176166e-02  9.54802055e-03  8.86171982e-02  1.06409326e-01
  3.38426791e-02  9.33758095e-02  2.93972343e-02  6.18028780e-03
 -1.32959161e-03  2.38965861e-02 -2.88730562e-02 -3.90932485e-02
  3.04706935e-02  1.49465434e-03  4.89200652e-02 -7.43779214e-03
 -2.33742446e-02 -3.59509001e-03 -7.51740038e-02  3.87777165e-02
  1.01785362e-01 -1.01540007e-01 -3.48741598e-02 -4.29511666e-02
 -1.03034146e-01 -6.42412761e-03  2.13016365e-02  3.20753548e-03
  2.28017918e-04 -5.43010570e-02  6.69635162e-02 -8.12214613e-02
  7.27311373e-02 -5.02419434e-02  4.14922796e-02 -7.75375068e-02
  2.82111228e-03 -3.10564954e-02 -6.24463595e-02  8.54464993e-03
  2.78449175e-03 -3.95177379e-02  1.15313530e-01  9.96709466e-02
  9.17613432e-02  2.40571164e-02 -5.70240570e-03 -7.35313520e-02
 -2.16771122e-02 -3.18488367e-02 -2.57198215e-02  6.81496337e-02
  1.27512859e-02  1.52154104e-03 -3.29622515e-02  2.06641600e-01
 -2.80912872e-03 -2.87446063e-02 -2.00671032e-02 -6.46430925e-02
 -1.76161658e-02  3.84772718e-02 -3.51766776e-03  7.33097345e-02
 -3.07557527e-02 -1.30633805e-02 -3.05880569e-02  1.92242563e-02
 -1.62875876e-02  2.40732934e-02  2.25661043e-03  6.39292225e-02
 -1.40562169e-02  2.42367610e-02  9.58540943e-03  2.03480404e-02
  2.95256004e-02  3.74259502e-02 -5.41042238e-02  8.54747277e-03
 -1.46753445e-01 -7.14334995e-02 -4.04443182e-02 -5.10758173e-33
  6.84716403e-02 -1.80645322e-03  2.37718336e-02 -2.11905558e-02
  7.81120881e-02 -2.65715811e-02  2.17949226e-02  6.62338138e-02
  4.17021476e-02  2.73258351e-02 -1.08563915e-01 -4.77633476e-02
  9.82439425e-03  6.77263588e-02  6.63724318e-02 -8.20936693e-04
  1.31262653e-02  7.95765072e-02  1.37162320e-02  3.02092358e-02
 -5.47377989e-02 -1.29777081e-02 -9.24374256e-03  7.05242977e-02
 -6.05404787e-02  1.61698628e-02  6.76428853e-03 -7.04656467e-02
  4.55574244e-02  4.04296815e-03 -2.00731177e-02  4.67008464e-02
  6.17817380e-02 -1.15279127e-02 -8.27109069e-02 -1.39212180e-02
  4.76579852e-02 -3.79997417e-02  1.76144950e-02 -4.09952328e-02
 -2.78806482e-02 -2.12684795e-02  9.00743715e-03 -2.56090146e-02
 -2.62537375e-02  5.09512387e-02  5.93988709e-02 -3.17864213e-03
 -6.14199266e-02  9.63570699e-02 -1.54882967e-02  2.10745283e-03
 -2.49220934e-02 -2.21626703e-02 -4.77857515e-03 -1.61827859e-02
  3.33769657e-02  9.73459799e-03  2.64247954e-02 -4.96340208e-02
  2.45391130e-02  6.07551411e-02 -9.15275887e-03  1.53557630e-02
 -1.06147498e-01  3.36279869e-02  8.52841605e-03 -4.55604717e-02
  5.35114184e-02  2.39326339e-02 -6.09390698e-02  7.03397766e-02
  6.19362518e-02 -1.09127676e-02 -2.80106068e-02  9.84525084e-02
  2.28173099e-02 -1.21232700e-02  3.22689079e-02  4.10735421e-02
  2.35620197e-02  4.13524434e-02  1.85960550e-02 -5.62528074e-02
  1.30542755e-01  5.11983223e-02 -5.12056910e-02 -3.59449838e-03
  9.25695151e-02 -1.54206594e-02 -3.14531736e-02 -3.62142920e-02
  2.95522623e-02 -1.50501570e-02  9.76593420e-02  3.45096856e-33
 -6.91871941e-02  2.82278731e-02 -6.38791397e-02  1.27361432e-01
  7.53299473e-03 -3.40406634e-02  4.17789519e-02  2.58296903e-04
  3.27448221e-03  4.93908934e-02 -9.25705805e-02 -4.04970013e-02
  5.77406697e-02  7.07977340e-02  3.39369662e-02 -9.88404080e-02
  5.38376626e-03 -6.41139597e-02 -5.08332998e-03  3.41352560e-02
  1.00379605e-02 -4.62751016e-02  3.17517072e-02  8.28613937e-02
 -1.00857001e-02  1.40601853e-02 -2.42041033e-02 -1.01239830e-02
 -8.10259804e-02  5.88305667e-02  4.43766452e-02 -4.20010015e-02
 -2.69743707e-02 -8.22884776e-03  1.53094875e-02  6.92287758e-02
  4.46582511e-02 -1.62806660e-02  1.04625551e-02 -1.05271731e-02
  6.88561946e-02 -1.14546351e-01  9.16912965e-03  6.30297884e-02
  3.63726006e-03 -6.23015277e-02  3.05113066e-02 -7.31557161e-02
  4.02872674e-02 -3.15024853e-02 -2.23659966e-02 -4.37039770e-02
 -1.53724430e-02  5.69196651e-03 -1.05976038e-01 -5.68301417e-02
 -1.68472864e-02 -3.88671048e-02 -1.56428665e-02 -3.88631821e-02
  3.98196913e-02  1.16640073e-03 -8.34631361e-03  1.75635830e-01
 -2.23781858e-02 -2.91052256e-02  3.20964493e-02 -6.99443445e-02
  4.30708267e-02  4.33773063e-02  4.26133089e-02 -1.08419247e-02
  5.11471480e-02 -7.03129033e-03 -1.86612364e-02  5.64409830e-02
  2.40142494e-02  4.24829684e-02  2.25011930e-02  7.30482489e-02
 -4.29294705e-02 -6.93826154e-02  2.12290287e-02 -1.37803322e-02
 -2.35177949e-02 -3.19603160e-02  3.98899242e-03  3.34223434e-02
 -1.69494785e-02 -2.49189865e-02 -5.20091765e-02 -2.83336121e-04
 -1.69693902e-02 -2.76700947e-02 -5.07154278e-02 -1.24437305e-08
 -2.09307931e-02 -1.57501642e-02  3.56584862e-02 -9.22994781e-03
  4.84088361e-02 -1.29435128e-02  4.74396423e-02 -1.32278400e-02
  5.78699373e-02  6.07923158e-02  1.94556825e-02 -8.63104220e-03
  2.69436929e-02 -3.42231803e-02  1.57237928e-02  3.13632637e-02
  4.85490495e-03  2.07009092e-02 -4.19058204e-02 -3.90047543e-02
  5.43325208e-02  9.97168943e-02 -4.19439375e-02  1.61786638e-02
 -2.80879214e-02  1.26841487e-02  1.53148435e-02  1.57440186e-01
 -2.19828468e-02  9.32320878e-02 -4.76890840e-02  5.19213788e-02
 -7.73832723e-02 -5.29177822e-02  4.73775603e-02 -7.68540427e-02
  1.20826568e-02  8.80255457e-03  2.80744694e-02 -5.71745522e-02
 -6.13662368e-03 -1.29342992e-02 -1.43355904e-02 -1.08862050e-01
  2.40115076e-02 -1.69695579e-02 -1.04416341e-01  3.05186883e-02
 -6.58869743e-02 -6.62231743e-02  5.10471761e-02  6.59332275e-02
 -2.28523593e-02 -5.29117300e-04  1.67616680e-02 -7.57563189e-02
  2.11491697e-02 -5.51661768e-04 -8.98204967e-02  9.87186749e-03
  9.26144421e-02 -1.01808056e-01  7.10833669e-02 -2.24959403e-02]"
451,Pay,Governance,compensation,3,0.6191,"[-1.11175209e-01  1.17728464e-01  1.91108342e-02  2.36017164e-02
 -5.73627278e-02  7.08651841e-02  1.21233262e-01  1.23575768e-02
  1.87510122e-02  1.35449432e-02  2.45443080e-02 -5.48683070e-02
  4.58717979e-02 -7.69298570e-03 -4.59946953e-02  1.93459690e-02
  4.88670915e-02  9.91759598e-02 -3.39381732e-02 -3.63004729e-02
 -4.85071689e-02  4.89796959e-02 -1.82784423e-02  2.47527435e-02
  3.19192074e-02  2.01474261e-02 -2.30877437e-02  1.13194682e-01
  3.78151201e-02 -5.97589985e-02 -7.51479995e-03 -4.57753912e-02
  3.35138664e-02 -4.71669883e-02 -8.65991265e-02 -6.77081384e-03
 -4.89761680e-02 -5.24442792e-02 -9.66859832e-02 -1.01687908e-02
  1.99035294e-02 -2.70959530e-02 -2.36825999e-02 -3.84310111e-02
 -2.56550889e-02  1.04427762e-01  1.11392900e-01  7.50300437e-02
 -6.23881817e-02  2.06290428e-02  4.62636091e-02 -1.27813462e-02
  2.00947411e-02  6.83773533e-02 -2.86635663e-02 -2.52881888e-02
  3.32406908e-02 -1.02298912e-02  5.22792153e-03  5.40482532e-03
  6.84327725e-03 -2.44392995e-02 -7.72840977e-02  6.45066053e-02
  1.00213706e-01 -8.11431184e-02 -1.46603929e-02 -1.46911461e-02
 -5.86490929e-02 -3.83168180e-03 -1.30914865e-04 -2.80339271e-02
  7.27038318e-03 -5.13696764e-03  6.90830275e-02  1.30690131e-02
 -2.04642527e-02 -1.23313004e-02  9.94371027e-02 -1.57381836e-02
  6.75539523e-02 -1.73152909e-02 -4.63196188e-02  8.48750677e-03
  5.78192063e-03 -8.44996348e-02  6.65587261e-02  9.74445567e-02
  9.54056308e-02  6.69608265e-03  4.18357849e-02 -6.53105676e-02
  7.31455982e-02 -1.26825301e-02 -1.20819546e-01  1.07549271e-02
 -3.71627919e-02 -9.63026192e-03 -1.79568883e-02  2.07769111e-01
  2.14854125e-02 -2.89205108e-02 -5.15162647e-02 -4.61754017e-02
 -7.01778457e-02  3.38920811e-03 -9.80939623e-03  4.61745001e-02
 -4.27014232e-02 -8.85798596e-03 -1.15581909e-02 -1.55226626e-02
 -4.82823178e-02  5.08698896e-02  1.64680760e-02  1.01484388e-01
 -8.54794160e-02  9.04610846e-03  4.77953628e-02 -9.86342281e-02
  9.58217755e-02  3.24196033e-02 -7.16250390e-02  2.58279731e-03
 -1.39554530e-01 -2.54517514e-02 -3.22600752e-02 -5.63113038e-33
  4.76584435e-02  1.28949108e-03  4.11172211e-02 -1.99505966e-03
  3.93297635e-02 -1.96043458e-02 -4.23352644e-02  2.54461654e-02
  4.86262478e-02  2.36968473e-02 -5.33650145e-02  1.70531254e-02
  2.35372726e-02 -1.88207775e-02 -4.28869687e-02  6.74347728e-02
  3.02182212e-02  1.19160928e-01  5.40151075e-02  7.50635713e-02
 -1.43169211e-02  2.49600131e-02  3.85502330e-03  1.16616055e-01
  3.79324667e-02  2.77090371e-02 -3.96981612e-02 -2.42286325e-02
 -4.46081683e-02 -3.95421423e-02  4.25782576e-02  1.07839935e-01
  2.43039299e-02 -2.66081821e-02 -6.59315884e-02 -4.14911322e-02
 -9.83133330e-04 -5.80899008e-02  5.69800334e-03 -3.50314155e-02
  6.41964283e-03  3.02817095e-02 -1.79639284e-03 -2.26200540e-02
 -3.45100369e-03 -4.33397442e-02  5.48756458e-02 -5.82151264e-02
 -9.63069722e-02  1.14257976e-01 -2.75834147e-02  9.57364403e-03
 -4.09317538e-02 -4.59379405e-02 -1.83488723e-04  1.53557118e-02
 -8.93227523e-04  4.64365669e-02 -3.16368714e-02  4.00625635e-03
 -8.06839392e-03 -8.74504726e-03  1.30911097e-02 -1.87224839e-02
 -6.87998980e-02  5.28733805e-02  5.83433881e-02 -3.61104542e-03
  7.44096423e-03 -5.63704129e-03 -6.92209080e-02  1.57503951e-02
  7.76015073e-02  4.14859094e-02 -9.03164819e-02  7.65927183e-03
 -2.34851297e-02  1.78033661e-03 -2.41287984e-02  3.75761278e-02
 -6.36210516e-02  5.77208661e-02  3.26698720e-02  1.59981996e-02
  9.49379802e-02 -2.77505233e-03 -1.66100357e-02 -1.88045520e-02
  8.24583098e-02  2.83174030e-02  5.49091725e-03 -1.09573128e-02
 -8.78275745e-03  5.48590794e-02  3.66861895e-02  3.59151213e-33
 -5.67030683e-02  8.02437682e-03 -7.94923529e-02 -9.97711997e-03
 -1.88099388e-02  5.13555016e-03  1.33774178e-02 -3.05164680e-02
 -5.44004561e-03  2.29240861e-02 -1.15861505e-01 -1.21255135e-02
  4.40494949e-03  6.63713366e-02  9.48361401e-03 -6.40177354e-02
  2.79888324e-02 -7.47225136e-02 -3.78283523e-02 -8.63164291e-03
  6.58421591e-02  6.00575693e-02  3.76722068e-02 -9.39462986e-03
 -7.47716799e-03  2.00819019e-02  2.81325076e-02 -2.09843982e-02
 -3.40110855e-03  7.71177858e-02  1.26623241e-02 -9.91645306e-02
 -1.05150916e-01 -6.09278819e-03  1.01864748e-02 -4.04997319e-02
  4.32377271e-02 -2.24297866e-02  1.71930548e-02  4.32392359e-02
  5.39454706e-02 -9.23450068e-02  1.07921958e-02  1.11190856e-01
  2.66949292e-02 -1.03672706e-01  3.22681218e-02 -1.10914513e-01
  8.75499398e-02 -5.24280295e-02 -1.47742173e-02 -5.00077419e-02
  2.74298191e-02  2.13800464e-02 -4.27452475e-02 -5.63019067e-02
  2.97290832e-02 -5.93652874e-02  7.59802163e-02 -3.99697870e-02
  1.06149046e-02  9.71368980e-03 -4.60430309e-02  1.18412592e-01
 -2.11130586e-02  1.35610299e-02 -6.23341696e-03 -1.16237402e-01
  8.52754414e-02 -1.15371011e-02  4.77805696e-02 -2.23707426e-02
  2.52389405e-02 -7.13808164e-02  1.18571436e-02  1.52851930e-02
 -4.78797071e-02  2.70002447e-02 -8.01326632e-02  4.91520949e-02
 -7.23678768e-02 -7.10110217e-02  4.29865345e-02  3.61550264e-02
 -2.45220326e-02 -3.17408592e-02  5.48729375e-02  7.04398332e-03
  5.69517016e-02 -1.46096563e-02 -3.39963138e-02  2.26337817e-02
 -1.58322658e-02 -3.49443033e-02 -3.94144915e-02 -1.16852945e-08
 -5.50372712e-02  2.38606595e-02 -4.39878888e-02  3.88866924e-02
 -7.99862109e-03 -3.30579132e-02 -2.06968281e-02 -1.18527040e-02
  2.89513124e-03  6.18348047e-02  9.89393145e-03 -5.56649119e-02
  1.25283226e-01  2.13079061e-03  3.49263921e-02  2.65787542e-02
 -2.10978910e-02  5.49123138e-02 -8.79626274e-02 -1.34723522e-02
  2.83754189e-02  2.74190605e-02 -8.44078884e-03 -2.76093520e-02
 -3.38191465e-02 -3.21618952e-02  2.55217515e-02  7.94709995e-02
  8.61148257e-03  3.04229162e-03 -2.80992761e-02  1.81409102e-02
 -1.33602694e-02 -4.62471135e-02  9.17941183e-02 -7.60129318e-02
  6.60126209e-02  1.65381785e-02  3.86851025e-04 -3.96317579e-02
 -4.89427336e-02  2.22260803e-02  3.90262902e-02  5.59397154e-02
  6.84776530e-02  3.12583335e-03 -5.86777255e-02  1.86595228e-02
 -4.40148376e-02 -3.99798863e-02  5.39673306e-02  3.26645412e-02
  4.33063060e-02 -1.60070159e-03 -4.14334014e-02 -6.32397830e-02
  6.71135262e-02  2.70983926e-03 -9.04121920e-02  6.03995025e-02
  1.31925642e-02 -5.26144095e-02  8.96607619e-03 -4.11888137e-02]"
452,Pay,Governance,earn,7,0.6122,"[-7.42073804e-02  6.92662671e-02 -9.19349864e-03  1.86214410e-02
 -4.09547649e-02 -1.78381484e-02  1.19604714e-01 -2.76491437e-02
  5.77269122e-03 -3.38998158e-03  7.14643393e-03 -1.17483333e-01
 -3.62963304e-02  5.03811724e-02 -4.57669534e-02  5.30257300e-02
 -3.30027342e-02  5.92290014e-02 -4.02789898e-02 -1.10553160e-01
 -2.14574505e-02 -4.67503928e-02 -5.52308857e-02 -3.46283801e-02
  1.17573403e-01  9.15383082e-03  1.15018582e-03  8.06070939e-02
  6.17220961e-02 -4.06703725e-02  1.72535293e-02  1.79883577e-02
  1.07458107e-01 -3.54032777e-02 -3.67780179e-02 -2.71389186e-02
 -1.28384354e-02  5.53668328e-02  1.13776606e-03  1.94452330e-02
 -8.97270069e-03 -9.53214765e-02 -5.83742512e-03 -7.84825254e-03
 -3.10555287e-02 -7.56289624e-03  6.23739325e-02  4.30454351e-02
  3.76106985e-02  5.55579877e-03  1.56516470e-02 -2.92235613e-02
 -1.32334176e-02  1.53930541e-02  2.62368441e-04  2.33992152e-02
  1.69755965e-02  8.00508482e-04  3.82631645e-02 -3.44459713e-02
 -2.32871715e-02 -9.54291876e-03 -4.26222011e-03  3.76667567e-02
  5.93805760e-02 -9.49342102e-02 -6.40486702e-02  4.65282947e-02
 -1.33820117e-01 -8.24825559e-03  4.23417501e-02 -4.29652780e-02
 -3.54700498e-02 -3.90282646e-02  7.46982470e-02  1.11378543e-02
  6.32505268e-02 -2.37587895e-02  4.64454591e-02 -4.57594497e-03
 -7.12696686e-02 -1.97655428e-02 -7.23866820e-02 -6.69356994e-03
 -4.51679416e-02  2.85001807e-02  3.92330475e-02  8.63448605e-02
  1.36648908e-01  1.19272610e-02  1.36443693e-02 -2.00067628e-02
 -2.07724441e-02 -5.24249743e-04 -1.62857193e-02 -5.15814759e-02
  9.74334590e-03 -1.54339271e-02 -5.67507073e-02  2.59536177e-01
  5.99196702e-02 -3.27023066e-04 -4.99450043e-02 -3.06854374e-03
  1.77024808e-02  1.87996600e-03  2.98364405e-02  8.63606706e-02
 -1.54049592e-02 -2.62924619e-02 -3.89467366e-02  4.89752218e-02
 -3.10371779e-02  4.21157889e-02 -1.25002805e-02  4.67688218e-02
 -5.91486655e-02  1.32180629e-02 -1.11324666e-02  4.64081801e-02
  3.46921533e-02  5.97740263e-02 -4.18930314e-02 -1.51685730e-03
 -4.88202013e-02 -1.64416641e-01  4.49588001e-02 -6.28540797e-33
  6.34704381e-02 -4.84709665e-02  6.78248778e-02  5.76822311e-02
  4.06833657e-04  2.46380246e-03  1.02898870e-02  5.38964048e-02
  1.17193982e-02  4.18739468e-02 -2.18581241e-02  6.83226362e-02
  2.48800963e-02  1.76738054e-02  5.13395332e-02  1.71001591e-02
  4.14313488e-02 -3.36574316e-02  4.88433726e-02  3.27939652e-02
  5.40245026e-02 -2.25190148e-02  1.57079231e-02  4.46858704e-02
  2.55611092e-02 -1.34561965e-02 -2.98800357e-02 -5.50201721e-02
  5.87023310e-02  1.19531667e-02  5.07603288e-02  1.48009323e-02
 -2.45879162e-02 -5.42547107e-02 -8.39892104e-02  4.27389294e-02
  1.40078766e-02 -3.90745476e-02  6.35870695e-02 -4.98291068e-02
 -5.66272885e-02 -6.87034056e-02  1.53631419e-02 -5.39483540e-02
 -7.24557415e-02  7.47835189e-02  8.39018747e-02  1.74670815e-02
  2.31106412e-02  1.21726088e-01 -3.07325069e-02 -2.06310265e-02
 -7.10101575e-02 -7.14892298e-02 -5.57145812e-02 -2.12972630e-02
 -2.11390760e-03  2.15421636e-02 -6.96771080e-03 -3.89545038e-02
 -2.00497825e-03 -5.53471153e-04 -1.39879668e-02  5.72132580e-02
 -9.31778476e-02  4.33869250e-02  3.00408639e-02 -1.35461497e-03
  9.01255459e-02  1.43970158e-02 -4.87045161e-02  3.80741693e-02
  4.63926159e-02 -7.51773943e-04  2.45642141e-02  6.98365783e-03
  8.30655638e-03 -3.31205428e-02  2.17452012e-02  6.95690289e-02
  1.67932641e-02  4.35767658e-02  1.52833620e-02 -5.68960160e-02
  1.88314125e-01  1.03876755e-01 -2.73397053e-03 -5.13222739e-02
  1.07746191e-01  2.23490596e-02 -3.82249132e-02 -4.44234014e-02
  3.29742692e-02  1.51742687e-02 -3.32882702e-02  4.71188351e-33
 -3.00045721e-02  3.86006311e-02 -7.78575391e-02  2.13794950e-02
  3.23692337e-02  2.44364515e-02  4.41225544e-02 -7.55915744e-03
 -1.12644732e-02  1.64514631e-01 -5.53289466e-02  2.66155843e-02
  3.85268740e-02  2.04176288e-02 -9.65883490e-03 -9.68844891e-02
  3.33852246e-02 -1.69659723e-02 -1.67110041e-02  6.16763942e-02
 -4.95786928e-02  2.14117598e-02 -1.64363347e-02  5.40997945e-02
  4.38826010e-02  3.59086692e-02  8.03852454e-03  5.81957251e-02
 -8.20893198e-02  3.26611511e-02  4.85622883e-03  3.54190990e-02
 -8.70803148e-02 -5.93337193e-02 -3.09963860e-02  6.15138793e-03
  2.17128396e-02 -7.99164269e-03  3.12563498e-03  1.10789416e-02
  5.80240525e-02 -3.73569056e-02  3.27980146e-02  4.05622050e-02
 -4.96778116e-02 -8.04134831e-02  6.69509694e-02 -4.76726703e-02
  5.72975241e-02 -2.09354870e-02  1.60944369e-02 -1.85553655e-02
  6.68582972e-04  1.96773894e-02 -2.95927562e-02  2.01446638e-02
 -3.94946039e-02 -4.05416079e-02 -3.25199738e-02  5.83332181e-02
 -5.59627414e-02  4.26318608e-02 -4.54689711e-02  1.32078111e-01
 -3.16119641e-02 -2.96944119e-02  3.98719758e-02 -2.10963972e-02
  3.07596866e-02 -3.32696401e-02  2.69312579e-02  4.31370363e-02
  2.11034194e-02 -4.95119952e-02 -2.33690776e-02  1.11617535e-01
 -3.39424312e-02  7.62500893e-03  1.61725711e-02  1.49320690e-02
  2.76559382e-03 -2.89254151e-02  7.31317624e-02  4.44483645e-02
 -2.53469609e-02 -3.28816026e-02  3.46215069e-02  1.10820699e-02
 -1.28088044e-02 -9.46659148e-02 -7.52437264e-02  2.81110983e-02
  2.10482255e-02 -1.72396004e-02  1.43844029e-02 -1.37806806e-08
  5.62519394e-03  1.58478208e-02 -3.59834693e-02 -4.13207188e-02
  4.33278910e-04 -6.73455298e-02  3.18516023e-03 -3.10341120e-02
  3.99225503e-02  1.88970119e-02 -2.47435458e-02 -5.52212633e-02
 -1.87194757e-02 -3.92917171e-03  1.41808158e-02  4.20694426e-02
  6.01953305e-02 -2.22941842e-02 -2.36581247e-02 -4.33069021e-02
  7.74812549e-02 -6.40592398e-03  3.96694802e-02  1.22872666e-02
 -7.62403533e-02 -1.47097176e-02 -3.07986196e-02  8.46959502e-02
  3.88059467e-02  1.04856966e-02  1.87550783e-02  2.53880154e-02
 -4.98231538e-02 -4.15303111e-02  3.87002341e-02 -6.68133050e-02
  4.45321612e-02 -7.67896418e-03 -2.73968745e-02  3.82947139e-02
 -4.37706448e-02 -5.34127168e-02  2.91013923e-02 -9.57012400e-02
 -5.89138307e-02  7.41126835e-02 -1.44475594e-01 -2.52723061e-02
 -2.13820767e-02 -1.38496339e-01  2.02507768e-02 -4.75136843e-03
  3.79575416e-02 -6.21483922e-02  2.44668834e-02 -7.83241615e-02
 -2.29524486e-02 -4.43238812e-03 -6.50891885e-02  2.58978419e-02
  3.75415012e-02 -1.11209095e-01 -2.14415155e-02 -4.47015315e-02]"
453,Pay,Governance,cash,2,0.5931,"[-7.13160038e-02  8.24405178e-02 -4.27188464e-02  1.61488894e-02
 -6.60521835e-02 -3.10544055e-02  2.24474072e-01  1.38423480e-02
  1.42433988e-02  2.47073881e-02  3.88397649e-02 -6.96110204e-02
 -5.53918295e-02 -1.44280586e-02  4.39447388e-02  4.49083978e-03
  4.67495210e-02 -1.43682854e-02 -3.26335728e-02  3.36571373e-02
 -3.05082127e-02 -5.30785099e-02  1.29298195e-02 -3.20115432e-05
  9.54600200e-02  4.31270711e-02 -2.50457954e-02  3.42718996e-02
 -1.33704571e-02 -8.05230439e-02  6.08737990e-02  4.70074750e-02
  8.41845572e-02 -3.64464521e-02 -2.08953694e-02 -4.34779469e-03
  4.59406078e-02  3.46425511e-02  1.25501910e-02  2.59080995e-02
 -8.31703767e-02 -8.82321820e-02 -2.41498165e-02 -6.62418231e-02
  3.88418957e-05 -7.88726509e-02  7.66873881e-02  8.00861493e-02
  4.23493497e-02  1.06467783e-01  1.28413513e-02 -8.66876449e-03
 -6.07902333e-02  6.32458776e-02  4.47013490e-02 -2.26652939e-02
  4.71528657e-02  4.44238298e-02  1.85184944e-02 -6.00644685e-02
  2.91815232e-02 -3.83716188e-02 -2.10683309e-02 -1.62708052e-02
  2.28678901e-02  2.13326607e-02 -3.56379859e-02  9.01823025e-03
 -4.06283513e-02 -5.09353913e-02  2.41423491e-02 -2.84043513e-02
 -2.07992233e-02 -6.73377141e-02  4.14040051e-02 -1.77479209e-03
  7.07575828e-02 -4.07887548e-02  7.53548071e-02 -4.20282483e-02
 -2.52507394e-03 -5.61910458e-02 -5.18135913e-02  1.32906623e-02
 -5.30876592e-03 -1.96699426e-02  2.06458140e-02 -2.58668587e-02
  1.32831242e-02 -1.25217196e-02 -2.57649161e-02 -5.72913513e-03
 -1.32172334e-03  6.64262380e-03 -5.09199277e-02  2.14335639e-02
  1.65190417e-02 -1.70842966e-03  2.28737406e-02  2.21455067e-01
  1.11125447e-01  7.66540393e-02 -2.12750062e-02 -5.14860600e-02
  6.29238412e-02  5.05492883e-03 -2.04854887e-02  9.22740437e-03
  1.99554600e-02 -2.38231085e-02 -6.84514046e-02  3.23091373e-02
 -3.80681492e-02  4.14951071e-02  2.57518655e-03  5.08979149e-02
 -4.35715802e-02  3.24645685e-03 -2.22729286e-03  2.93786693e-02
  6.80567026e-02  6.48682043e-02 -2.96090543e-02 -1.19524915e-02
 -8.32118168e-02 -6.96254671e-02 -1.99923329e-02 -4.35423458e-33
 -1.56225655e-02 -1.67695396e-02  3.69820669e-02  1.73537470e-02
  8.28809477e-03  4.45632115e-02 -9.38432664e-03  6.63254829e-03
 -5.28810285e-02  1.03029162e-01 -2.13884078e-02 -9.30851884e-03
  2.30122395e-02  5.46433218e-02  7.38384351e-02  8.40322673e-03
 -8.10681805e-02 -4.63795885e-02  6.65606931e-02  2.15573385e-02
 -7.49141946e-02  1.46613619e-03 -5.57773514e-03  7.05771148e-02
  3.00140101e-02  1.29693551e-02 -4.91689332e-03 -6.38644844e-02
  9.22116488e-02  1.00730974e-02 -5.29070646e-02  5.02135865e-02
  3.98373790e-02 -3.75210755e-02 -3.22485007e-02  3.15535581e-03
  1.02435891e-02 -6.24084622e-02  2.77712941e-02 -7.40887374e-02
 -1.53299626e-02  2.53322572e-02 -6.27057767e-03  1.96356680e-02
 -2.89721861e-02  7.01476932e-02  7.23122433e-02 -9.31836606e-04
 -3.65558118e-02  4.43488285e-02 -8.95017665e-03  3.75686400e-02
 -1.20850354e-01 -4.90234420e-03 -8.02029520e-02 -9.47974697e-02
  4.73436676e-02 -1.39038265e-02 -5.77679984e-02 -4.54771332e-02
  3.59374769e-02  3.75558599e-03 -1.31378826e-02  2.06306949e-02
 -1.30582601e-01  5.94209544e-02  7.45327771e-02  3.86055163e-03
  2.46543791e-02 -8.42742436e-03 -4.92517427e-02  9.51060932e-03
  8.21377486e-02  2.79316399e-02  2.27169562e-02  2.76678465e-02
  2.72416286e-02 -1.73445009e-02 -1.43049499e-02  2.37281583e-02
 -5.30735366e-02 -4.44949837e-03  5.69844395e-02  6.04516193e-02
  2.80411951e-02  5.45794368e-02 -5.24389595e-02 -1.00159630e-01
  5.62357530e-02  2.66940258e-02 -6.53690249e-02 -2.51726788e-02
  4.87077832e-02 -1.84865091e-02  4.43655998e-03  3.11129404e-33
 -3.61012928e-02 -7.01177306e-03 -3.98158431e-02  9.89048854e-02
  3.38975224e-03  4.25456353e-02  6.41266480e-02  8.95093754e-03
  8.33495557e-02  3.52754146e-02 -8.94755051e-02 -5.66003807e-02
  6.47403747e-02  6.15383275e-02  5.89463599e-02 -6.09998368e-02
 -7.42465910e-03 -1.59460399e-02  2.73071397e-02  1.44203398e-02
 -1.21131132e-03 -1.74390934e-02  4.90462966e-02  3.44727524e-02
  4.35054116e-03  5.97775169e-02 -1.01893462e-01 -1.24086579e-02
 -3.51304337e-02  2.06774250e-02  5.73088750e-02 -2.34452952e-02
 -1.57216620e-02 -6.87914491e-02 -6.17769137e-02 -9.37447790e-03
  6.58846051e-02 -1.71927903e-02 -4.23078313e-02  2.09932122e-02
  1.38562769e-02 -4.82877567e-02  3.63631323e-02  8.45486596e-02
 -5.11060283e-02 -4.73865978e-02 -3.74909118e-02  1.48873283e-02
  2.73479111e-02  3.05684898e-02 -2.09538336e-03 -1.86939705e-02
  1.95661467e-02  4.36780341e-02 -7.56600872e-02  9.06084627e-02
 -3.22767533e-02 -5.24093397e-02  2.91015282e-02  3.61109823e-02
 -3.56584936e-02  2.47987080e-02 -2.74081491e-02  1.07662290e-01
 -4.31536585e-02  1.53837577e-02 -2.07569022e-02 -2.11773682e-02
 -5.14292121e-02  2.34123431e-02  2.64201052e-02  4.11106534e-02
  5.06251305e-02  2.31606402e-02 -2.90035307e-02  1.19621761e-01
 -7.56110474e-02  7.27006060e-04  4.56680208e-02 -5.35059907e-02
 -5.63706532e-02 -9.27909911e-02  2.35674009e-02 -1.97424483e-03
 -5.77011984e-03 -5.43210283e-03 -5.05059138e-02 -7.81494752e-02
 -5.34414239e-02 -6.75384477e-02 -1.75920278e-02 -2.55405772e-02
 -8.44338443e-03 -4.01612148e-02 -5.36693558e-02 -1.21425510e-08
 -2.13674251e-02  1.70456583e-03  5.84913092e-03 -5.82836680e-02
  7.49835670e-02  2.34931067e-04  1.09022679e-02  7.23996237e-02
 -2.41100183e-03  5.95988706e-02  8.54036510e-02  8.20450336e-02
 -6.10169023e-02 -3.69846225e-02 -2.22873222e-02 -1.84943583e-02
 -2.00234167e-02 -6.60603568e-02 -2.41573295e-03  9.42515954e-03
  5.09339869e-02 -8.40217154e-03 -4.33396548e-02  1.56914035e-03
 -1.92829631e-02 -3.91890593e-02  9.84642282e-02  2.18940690e-01
  5.97727075e-02  4.50844653e-02 -3.77089307e-02  1.19106779e-02
 -3.29128318e-02 -3.96890417e-02  2.95845214e-02 -1.02057129e-01
  4.02886644e-02 -1.50634944e-02  8.10255203e-03  2.41263788e-02
  3.96841718e-03 -8.37906450e-02 -7.62524679e-02 -1.05565466e-01
  8.10396671e-03  1.24418652e-02 -1.17256626e-01 -1.44905550e-03
 -5.53783355e-03 -5.80858514e-02 -3.74447331e-02  2.59531382e-02
  5.29500134e-02 -2.52415463e-02  4.89112101e-02 -5.11211678e-02
 -1.46678668e-02  6.89002723e-02 -2.28407290e-02 -1.01774381e-02
  6.89346120e-02 -1.00740932e-01  2.74579111e-03 -1.77183487e-02]"
454,Pay,Governance,work,12,0.5605,"[-1.34373561e-01  7.41070136e-02  3.60396206e-02 -1.55146150e-02
 -2.43158061e-02 -1.62321553e-02  9.26974714e-02 -5.84129542e-02
  2.01605409e-02  1.35352723e-02 -3.90684903e-02 -3.37503105e-02
 -3.88926938e-02  5.75798564e-02 -2.76746694e-02  3.26578431e-02
 -1.38168829e-02  4.30940464e-02 -6.20877855e-02 -1.20789200e-01
 -2.12905798e-02  1.35662416e-02 -2.72275526e-02  1.42066460e-02
 -9.63537488e-03  1.05900377e-01 -5.39704300e-02  9.63304788e-02
  3.88450064e-02 -1.06076561e-01 -4.79181372e-02  2.61095632e-02
  3.77052687e-02 -1.13646481e-02  2.87253987e-02  1.51820490e-02
  3.34592126e-02  2.10986231e-02  3.98340411e-02 -5.33938222e-02
 -5.70630422e-03 -9.47096497e-02 -2.64267828e-02 -9.09045280e-04
 -4.75331023e-03  3.98798548e-02  6.20365627e-02 -2.83042458e-03
  5.88019565e-02  2.66989563e-02 -7.69665278e-03 -2.83256378e-02
  3.21345069e-02 -9.46010556e-03  2.85752788e-02  4.60620522e-02
 -1.45147853e-02 -2.24181879e-02  2.38025971e-02 -7.00128376e-02
  9.69610736e-02 -2.09415667e-02 -6.91772848e-02  2.36343294e-02
  5.84518239e-02  3.78159769e-02  1.40431250e-04 -1.69122238e-02
 -8.18017796e-02 -1.99956317e-02  4.74520251e-02  1.01244515e-02
 -3.17488499e-02 -1.77971032e-02  1.20440677e-01 -3.54217924e-03
  1.76875331e-02 -7.41017163e-02  9.46574807e-02 -5.03758639e-02
 -3.10146669e-03 -1.69034749e-02 -5.54177687e-02  6.02535047e-02
 -5.91126923e-03 -2.26829033e-02  3.63708436e-02  1.65781938e-02
  6.37554154e-02 -3.00559197e-02 -1.58213489e-02 -4.62097814e-03
 -3.88480350e-02  3.31606902e-02 -5.20707257e-02 -1.04887426e-01
  3.28439027e-02  7.43900537e-02 -6.83662072e-02  2.70628810e-01
  6.38508648e-02 -9.48357221e-04  5.71064241e-02 -1.28975529e-02
 -1.81269757e-02  3.55681926e-02 -5.91788180e-02  1.15594879e-01
 -4.42701625e-03 -3.08886878e-02 -9.91629437e-02  4.49892245e-02
 -9.25117582e-02  9.65683833e-02 -1.16678122e-02  2.30289157e-02
 -7.53710195e-02  3.70429493e-02 -6.79261982e-02  5.59193790e-02
  2.38328706e-02  4.70784195e-02  1.46734742e-02 -7.12971203e-03
 -8.03277716e-02 -9.95213836e-02  6.56390563e-02 -3.89432609e-33
  7.64254779e-02 -7.04242960e-02  5.22265770e-02  1.03835613e-01
  3.12812962e-02  1.59582626e-02 -1.61053091e-02  4.28233147e-02
  5.25423847e-02  7.07122982e-02 -2.09807903e-02  5.76533191e-02
  1.88010617e-03  1.91472396e-02  4.81416248e-02 -1.96712296e-02
  5.32017425e-02  2.99328882e-02 -8.82940367e-02 -5.95767656e-03
 -1.87301897e-02 -3.25621329e-02  4.92526079e-03  5.29662035e-02
 -4.59479094e-02 -1.14618093e-02 -7.47354003e-03 -1.07446581e-01
  7.30386302e-02  8.00061319e-03 -3.17876153e-02  3.21516767e-02
  3.22744884e-02  1.35874590e-02 -9.08247009e-02 -1.52568016e-02
 -1.20822005e-02 -4.70669568e-02  5.81810884e-02 -7.47883394e-02
  4.19378504e-02  3.46983131e-03 -1.54591817e-02 -1.55350950e-04
  3.66498195e-02  1.03843294e-01  7.89535791e-02  2.77702473e-02
 -2.02703420e-02  1.07743375e-01  3.52423675e-02  3.49733233e-02
 -2.59273278e-04 -4.18972922e-03 -2.95462776e-02  2.66881622e-02
 -4.17427123e-02 -1.79486405e-02  3.67517071e-03 -4.11500484e-02
  4.50713895e-02 -5.90914581e-03 -3.22651863e-02 -1.65972137e-03
  1.19092623e-02  4.94364649e-02 -7.99121615e-03 -2.48184130e-02
  6.72371686e-02  1.36684608e-02 -7.24336281e-02  5.33054657e-02
  5.47139049e-02  6.64676959e-03  1.21120112e-02  7.30945319e-02
  4.23099361e-02 -8.29212293e-02 -6.25959858e-02  2.46363748e-02
  7.51983970e-02 -8.85467138e-03  6.93306476e-02  4.61571403e-02
  1.44417405e-01  3.48991752e-02 -3.14561017e-02 -5.91300540e-02
  2.28156075e-02  5.96839525e-02 -4.64067832e-02  6.78592501e-03
  1.48129184e-02  2.65056025e-02  1.45774009e-02  3.97568316e-33
 -3.00050899e-02  1.35497879e-02 -3.74523401e-02  2.00997759e-02
  2.45806742e-02 -3.99617404e-02 -7.63538620e-03 -7.02070594e-02
 -9.39346757e-03  9.67760682e-02 -6.51134923e-02 -6.95384219e-02
 -1.42413424e-02 -6.95613818e-03 -2.02779528e-02  5.63087407e-03
  5.65685928e-02 -1.84244793e-02 -6.20677806e-02  5.70529327e-02
 -9.94862542e-02  1.00266412e-02 -1.08687822e-02  1.71131949e-04
  5.91641739e-02  4.24429961e-02  2.41546798e-02 -4.09193933e-02
  1.81394313e-02 -1.72173157e-02  5.75381592e-02 -1.08492724e-03
 -5.33445291e-02 -5.61842173e-02 -1.84614910e-03  8.05983320e-02
  7.54667399e-03  2.39988007e-02 -1.79695524e-02 -2.93605439e-02
  5.00860550e-02 -1.35257980e-02 -2.32884977e-02  4.26209383e-02
 -9.85828321e-03 -3.69364731e-02  3.53765488e-02  1.32237692e-04
 -5.94880283e-02  2.54507493e-02  3.16452906e-02 -3.58746201e-02
  1.57532212e-03 -3.18077058e-02 -3.84380333e-02 -6.18498586e-02
 -5.04777469e-02 -9.58468243e-02 -2.32054442e-02  4.68273275e-02
 -5.36055788e-02 -7.18344422e-03  3.35403122e-02  7.98069611e-02
  1.45529257e-02 -7.49452859e-02 -4.76549566e-03 -1.82816572e-02
  9.18848813e-02  1.72614604e-02 -1.76084973e-02  3.95888016e-02
 -7.80291297e-03  1.29749952e-02 -2.77595185e-02 -2.19197962e-02
 -1.27694570e-02 -3.42127052e-03  2.14529783e-02 -1.33089675e-02
 -3.45344804e-02 -5.29226810e-02  4.14215680e-03 -1.84404016e-05
 -3.88466455e-02 -3.06017715e-02  2.50033266e-03  1.00078816e-02
 -4.23746370e-03 -8.07690397e-02 -4.45515178e-02  5.24233654e-02
  4.80943769e-02  2.12353915e-02  1.61173120e-02 -1.26336035e-08
  2.21863966e-02 -3.18715163e-02 -1.31728463e-02 -8.96763131e-02
 -6.01583440e-03  1.65166762e-02 -1.20580727e-02 -2.95910705e-02
  7.08611980e-02  1.67484954e-02  3.21215503e-02 -8.34809802e-03
  8.05127025e-02  8.12052339e-02  7.88613930e-02 -4.09564264e-02
  1.35612516e-02 -1.97046138e-02 -6.55243322e-02 -5.20430133e-02
 -4.52841297e-02 -1.74539927e-02  3.92923430e-02  7.19968649e-03
 -2.94330716e-02 -3.24146859e-02 -1.31247600e-03  1.22608550e-01
  2.70617343e-02  1.58979427e-02  1.07469196e-02  6.07869066e-02
 -8.39788243e-02 -4.84313518e-02 -2.07538344e-02 -1.37824714e-01
  4.68677171e-02 -4.14522663e-02  4.70371870e-03 -1.52866356e-02
 -7.57554173e-03 -1.04305586e-02  7.42037296e-02 -4.91353124e-02
 -7.92643502e-02 -2.32025348e-02 -3.44155580e-02  5.62006515e-03
 -5.04337363e-02 -6.91498518e-02  5.87272458e-02 -1.97910760e-02
  7.04493597e-02  5.16629666e-02  1.61604118e-02 -1.37400944e-02
  2.97248680e-02  4.99236584e-02 -7.64853358e-02  6.28854632e-02
  1.69409379e-01 -2.49540601e-02  2.49824370e-03  7.07935989e-02]"
455,Pay,Governance,income,3,0.5444,"[-1.66089907e-02  3.39689068e-02  3.09168798e-04  4.50641289e-02
 -4.49000709e-02 -1.69536956e-02  9.86164063e-02  1.83076337e-02
 -5.97190158e-03 -3.92351747e-02  3.22295167e-02 -8.98902863e-02
 -7.51173943e-02 -1.43963506e-03 -5.41411042e-02 -9.88860338e-05
  1.94014702e-02  1.38272587e-02 -1.05683217e-02 -2.40024924e-02
  4.24391031e-02 -8.72176979e-03 -3.26983593e-02 -6.50993511e-02
  1.20256782e-01  2.28157631e-04  6.72817277e-03  5.59499525e-02
  4.70610410e-02 -3.01732961e-02  4.97279279e-02  6.63686991e-02
  9.18282270e-02 -4.06611059e-03 -2.84782387e-02 -1.12063661e-02
  7.48328120e-02  2.72210427e-02 -8.14792328e-03  3.22464965e-02
  1.58959266e-03 -7.53773823e-02 -1.23146828e-02 -7.04913437e-02
  7.39801582e-03 -5.81175722e-02  1.04589693e-01  6.70900866e-02
  1.70239192e-02  1.29393712e-01 -2.56312452e-02  6.28975704e-02
  2.20477842e-02  3.18581834e-02  2.98165977e-02 -1.95550397e-02
  2.33074985e-02  8.09988566e-03  1.73974894e-02 -3.72579731e-02
 -1.08074360e-02  1.43026384e-02 -8.76987062e-04  1.73684023e-02
  1.16887949e-01 -3.61011252e-02 -5.08233532e-02 -3.20792431e-03
 -1.51380628e-01 -3.70844565e-02 -3.04332972e-02 -7.09349960e-02
 -6.56948239e-02 -4.54428084e-02  5.39521128e-02 -7.70629495e-02
  6.32249042e-02  1.44818854e-02 -2.06149518e-02 -5.31440340e-02
  7.16158329e-03  1.56863369e-02 -8.91513601e-02  4.27784175e-02
 -9.66116879e-03  1.62569415e-02  5.86685613e-02  4.88653854e-02
  7.38478750e-02  3.45357321e-02  2.56352425e-02 -5.25944540e-03
  4.39574271e-02 -9.21411254e-03 -3.67449000e-02  1.66791622e-02
  2.98813195e-03 -1.05621457e-01 -5.79236913e-03  2.03113347e-01
  8.23903177e-03 -8.08997359e-03  9.75411199e-03 -4.88683172e-02
 -2.67248005e-02 -3.43268402e-02  3.77999209e-02  1.27405673e-01
 -4.33884002e-02  2.39796937e-02 -2.41110101e-02  4.24829405e-03
 -9.02605057e-02 -1.40669402e-02  1.99360261e-03 -6.93053082e-02
 -6.20345771e-02 -1.72464293e-04  1.92618892e-02  3.97576652e-02
  8.87923092e-02  4.84946780e-02 -4.33216766e-02  4.05337662e-02
 -4.71024476e-02 -1.11084960e-01 -9.74342402e-04 -5.22250173e-33
  5.03663942e-02 -1.28592066e-02  5.51819950e-02 -2.64975913e-02
 -2.39714067e-02  4.50691693e-02  3.27603407e-02  3.05816140e-02
 -2.46221945e-02  3.31480131e-02 -2.70804297e-02  6.99288175e-02
  1.51871918e-02  1.66875403e-02  8.02097619e-02  5.74875548e-02
 -3.37505937e-02  2.80530136e-02  2.60292180e-02  4.79341447e-02
  3.87354642e-02 -1.94679517e-02  4.29884046e-02  8.07578191e-02
  3.05643231e-02  2.77534928e-02 -6.19589426e-02 -2.51132939e-02
  6.24104254e-02 -2.74775922e-03  9.08477046e-03  2.43717805e-02
  5.98229878e-02 -1.34390280e-01 -4.67307307e-02  2.31193248e-02
 -1.24315936e-02 -3.82729769e-02  2.43758056e-02 -4.58289124e-02
 -4.55560721e-02 -6.08659647e-02  6.33116290e-02  1.90287512e-02
 -9.39525291e-02  5.82015179e-02  9.93160680e-02  7.63742700e-02
 -3.64551209e-02  9.98353213e-02 -9.95796453e-03  2.78992113e-03
 -9.07792225e-02 -8.70480463e-02 -6.07745126e-02 -2.24717539e-02
  2.17713304e-02  5.94222173e-03 -1.39134992e-02 -6.29654750e-02
  1.20688369e-02 -4.73140776e-02 -1.57868359e-02 -8.87429435e-03
 -4.03133221e-02  4.89534438e-02  4.17526476e-02  8.67263041e-03
  7.99259990e-02 -1.04623707e-02 -6.45513609e-02  2.89658271e-02
  7.33988211e-02  1.01468735e-03 -1.32086016e-02  4.13409211e-02
 -1.62052419e-02 -1.49026327e-02  2.47986205e-02  9.00832266e-02
 -1.94406379e-02  3.78712304e-02 -1.10041229e-02 -3.53224911e-02
  9.58841741e-02  1.04271226e-01 -1.04136663e-02 -2.13984656e-03
  3.98873724e-02  2.05124468e-02  3.26271605e-04 -4.03845794e-02
 -2.78880466e-02 -3.47940028e-02  1.45767471e-02  2.62075676e-33
 -8.35944489e-02  4.28940319e-02 -6.72588274e-02  5.32062948e-02
 -1.38197150e-02  4.50995332e-03  7.66755566e-02 -2.32175216e-02
 -4.15976951e-03  9.78875607e-02 -7.53218010e-02 -1.93160512e-02
  6.64541721e-02  5.58257997e-02 -7.29287788e-02 -4.51309308e-02
  1.17368679e-02 -2.87267286e-02  3.90636474e-02 -1.35356076e-02
 -3.54762599e-02  5.85725531e-02  5.86518534e-02  6.83710426e-02
  3.66547774e-03  4.84071709e-02 -8.77647325e-02  5.99095188e-02
 -8.57877508e-02  1.67867839e-02  6.12851493e-02 -4.33050375e-03
 -4.83639613e-02 -5.30845560e-02 -2.93237790e-02  4.75645624e-02
 -6.50030449e-02 -1.16644101e-02  7.01695168e-03  2.92474474e-03
  5.19376621e-02 -4.55015227e-02 -2.01098304e-02  3.68850268e-02
 -1.60224531e-02 -5.93953393e-02  4.80348244e-03 -8.35906249e-03
  8.59183744e-02 -1.97468791e-02  2.60566305e-02  7.81481806e-03
  4.76185940e-02  5.14945202e-02 -6.27433807e-02  6.13539889e-02
 -3.04683931e-02 -4.53302823e-02 -1.52417338e-02 -3.88229564e-02
  1.94593295e-02  2.69619860e-02 -4.12931554e-02  1.54845640e-01
 -3.14624794e-02 -5.40374517e-02  2.13916954e-02 -8.12464431e-02
  2.76549924e-02 -7.09067136e-02  3.97268906e-02 -4.92287092e-02
  7.78817907e-02 -9.18423980e-02 -3.09765898e-02  1.05045632e-01
 -1.90345850e-02  3.14098038e-02  5.71939796e-02  1.85457654e-02
 -4.68574017e-02 -6.99920952e-02  4.25457247e-02 -1.42599072e-03
 -7.89004713e-02 -8.13498199e-02 -3.84561755e-02 -3.98010500e-02
 -1.77716818e-02  9.57926456e-03 -9.25997421e-02  5.94084002e-02
 -2.25062314e-02  3.01788673e-02 -3.42041929e-03 -1.24634658e-08
  4.46072854e-02  2.24944931e-02 -4.88904826e-02 -1.03223948e-02
  9.22118407e-03 -6.51905462e-02  3.20389718e-02  1.40156291e-04
  4.36045639e-02  8.43356848e-02  2.48838170e-03 -4.05837782e-02
 -1.56026557e-02 -1.96672063e-02  7.09959911e-03  4.14790697e-02
  3.62551659e-02 -2.72128042e-02 -2.53245737e-02 -1.40057495e-02
  9.63745564e-02 -1.62845105e-02 -1.60664134e-02  3.18517610e-02
 -1.18373716e-02 -6.02545170e-03  2.23541353e-02  7.77272657e-02
 -1.22147826e-02  3.28991376e-02 -6.51157508e-03 -5.26874792e-03
 -4.10341732e-02 -3.03884633e-02  1.02242855e-02 -6.12844341e-02
 -5.76401176e-03  3.65436822e-02  2.01425087e-02 -3.22215110e-02
  2.91550271e-02 -4.71884198e-02 -6.14447817e-02 -7.18749091e-02
 -5.26615754e-02  1.40148010e-02 -1.56989545e-01 -4.46106717e-02
  3.18049715e-04 -1.21852748e-01  9.14095622e-03  2.08626781e-02
 -1.62241552e-02 -5.64600378e-02 -2.47502550e-02 -7.05685765e-02
  3.14836241e-02  1.55418701e-02 -7.83189386e-02 -2.36676969e-02
  7.49432445e-02 -9.93043706e-02  2.65384950e-02 -6.31218702e-02]"
456,Pay,Governance,job,1,0.5417,"[-1.59709990e-01  8.04750249e-02 -2.43452024e-02 -9.13257431e-03
 -4.49066162e-02 -8.11551511e-02  1.23440824e-01 -1.63364280e-02
 -1.77614763e-02 -3.85678187e-02 -2.93004140e-03 -7.10446388e-02
 -1.18847853e-02  2.24662870e-02 -6.49228990e-02  3.96913150e-03
  4.65135323e-03  4.28427532e-02 -6.55464455e-02 -6.33064285e-02
 -3.97111177e-02  3.66740040e-02 -5.46627166e-03  2.33479813e-02
 -1.98599212e-02  8.53828713e-02 -1.71022937e-02  6.49388731e-02
  1.31968828e-02 -1.11904688e-01 -2.76374426e-02  4.86607030e-02
  5.96558079e-02  1.35641694e-02  1.24075199e-02  9.01615098e-02
 -1.17319040e-02 -1.79465953e-02  5.39050612e-04 -7.98110813e-02
  1.92658678e-02 -1.15083188e-01 -5.26222214e-02 -3.47440392e-02
 -2.90431008e-02  1.40228411e-02  6.54811710e-02  4.04156931e-03
  6.17013946e-02  1.68419052e-02 -4.40602191e-02 -2.15939991e-02
  2.72209644e-02  8.97718780e-03  2.74621248e-02  1.33409966e-02
 -8.00679903e-03 -1.59541108e-02  4.46875487e-03 -4.37879972e-02
  8.82422104e-02  7.02111609e-03 -3.53528224e-02  5.47848232e-02
  6.78294450e-02 -5.49302017e-03 -3.13149355e-02  6.04842976e-03
 -2.37798318e-02 -7.69503266e-02  5.02528902e-03  3.97215039e-03
 -4.04083021e-02 -4.73287795e-03  7.95975253e-02  3.05942702e-03
  1.76455136e-02 -4.44335528e-02  5.62207587e-02 -3.75868008e-02
 -1.25146601e-02 -7.65765831e-02 -6.37413561e-02  1.03092447e-01
 -3.97264697e-02 -5.97306862e-02  9.70778894e-03  3.62964496e-02
  2.92786192e-02 -8.46799277e-03  1.58258229e-02 -6.16378002e-02
  4.11205068e-02  2.39662267e-02 -1.12514421e-01 -5.29188253e-02
  2.07696483e-02  5.57316169e-02 -1.88097060e-02  2.41271898e-01
  2.89826728e-02  8.81022587e-03 -7.40309106e-03 -1.94802210e-02
 -3.75573076e-02  8.47201049e-03 -6.44959211e-02  9.95141640e-02
 -2.33025383e-02 -2.71521956e-02 -1.10301591e-01  5.53381769e-03
 -3.64722572e-02  7.56857023e-02  3.69676165e-02  8.16252362e-03
 -7.33272284e-02  3.39828320e-02 -4.29438800e-02  4.15850021e-02
  3.15776840e-02  8.09915438e-02 -4.48432751e-02  2.62266453e-02
 -7.00831637e-02 -9.68055725e-02  4.50937562e-02 -3.22504957e-33
  6.52793720e-02 -6.56631738e-02 -1.68352798e-02  3.10811140e-02
  5.25610149e-02  3.78394797e-02  4.92735347e-03  6.78761825e-02
  1.57626718e-03  1.33520395e-01 -5.45128025e-02  2.16483381e-02
 -3.50053124e-02  4.68044132e-02  1.10222831e-01  6.94162250e-02
 -2.62766182e-02  5.12267947e-02 -5.90120703e-02 -5.71322953e-03
 -3.31021920e-02  2.51960102e-02 -5.04702181e-02  1.19251840e-01
 -8.86635296e-03 -1.94238871e-02  4.37242538e-02 -5.00160828e-02
  1.63698085e-02  8.92738439e-03 -2.92363744e-02  3.46690491e-02
  3.46768759e-02  1.92488413e-02 -4.73364033e-02 -1.13307647e-01
 -1.95956361e-02 -8.14808607e-02  4.53032032e-02 -5.83027825e-02
 -4.82805213e-03  1.77570898e-02 -3.39982659e-02  5.15459143e-02
  2.12734807e-02  8.30797199e-03  6.80442229e-02  1.83932893e-02
  4.40061674e-04  1.41430348e-01  1.63079258e-02 -3.65434843e-03
 -7.28025101e-03  1.76263414e-02 -2.38992665e-02  3.38934958e-02
 -4.22816025e-03 -2.93915793e-02 -3.41388993e-02 -4.75167371e-02
  9.60601866e-02  3.56550440e-02 -7.64135420e-02 -2.72690523e-02
  4.35457565e-02 -2.92492304e-02  3.25962007e-02 -3.17753777e-02
  8.05074424e-02  1.82855725e-02 -5.68952262e-02  5.12140617e-02
  4.59104665e-02  3.02006453e-02  1.30478702e-02  3.75105962e-02
  5.05397609e-03 -3.44044678e-02 -1.00239187e-01  4.55614850e-02
  8.98519158e-02 -1.36427283e-02  5.31914495e-02  1.97751410e-02
  1.20089285e-01  1.05121871e-02 -6.38155686e-03 -8.28980654e-02
  1.02769315e-01  9.94160399e-02 -6.13727421e-02  3.04294769e-02
  5.73977418e-02  3.37638631e-02  3.70437577e-02  2.69271060e-33
 -1.17675331e-03  1.38478335e-02 -2.71797180e-02  6.73790127e-02
  2.97824182e-02  8.44756141e-03  1.99217871e-02  1.22107789e-02
 -3.86124477e-02  1.33404657e-01 -1.14584468e-01 -5.83678670e-03
  7.17747584e-02 -9.65350680e-03 -2.69967765e-02  1.16861314e-02
  3.03883571e-02 -2.68961322e-02 -9.37733650e-02  7.09505752e-02
 -9.11551118e-02 -2.49929521e-02 -2.44052988e-02  1.75604001e-02
  3.83559577e-02  1.21846851e-02 -4.83416067e-03 -6.30820170e-02
 -5.41032432e-03 -8.01443867e-03  3.68678235e-02  2.06974298e-02
 -8.45966265e-02 -2.56283730e-02  2.14566966e-03  5.09900711e-02
  2.53343210e-02  3.29521224e-02  1.94182135e-02  7.46382549e-02
  3.71618792e-02 -3.73778641e-02 -4.87991329e-03  8.21216106e-02
 -6.11312203e-02 -3.76970060e-02 -8.70292075e-03  9.66998842e-03
  6.10328652e-03  1.54848648e-02 -4.02459316e-02 -2.93062925e-02
  2.92906608e-03  1.02864569e-02  2.77562556e-03 -5.07290959e-02
 -3.29447277e-02 -4.10906486e-02 -1.74861569e-02  2.08269358e-02
  1.29669067e-02 -5.07880934e-03  5.37393913e-02  4.98941243e-02
 -7.26485718e-03 -4.84106019e-02 -4.51706175e-04 -2.61936076e-02
  1.20196966e-02  3.41691598e-02  5.20134717e-02  2.88828183e-02
  1.06185293e-02  5.76817542e-02 -1.06596813e-01 -6.59114793e-02
 -3.94192263e-02 -2.03082175e-03  1.49489904e-03  2.16911025e-02
 -5.17690890e-02 -3.83116528e-02 -1.35381576e-02  1.29846511e-02
 -9.50310826e-02 -2.22365092e-02  2.06636228e-02  2.42585782e-02
 -2.05630809e-02 -7.80895874e-02 -6.48393035e-02  5.96215837e-02
 -9.98354610e-03  2.05398109e-02  1.12182638e-02 -1.24503590e-08
  1.82753755e-03  1.82172414e-02  2.37570852e-02 -9.43719894e-02
  1.18223773e-02  2.12395061e-02 -2.11348329e-02 -6.83153654e-03
  5.49232401e-02  4.48102914e-02  2.12040879e-02 -1.86844431e-02
  2.14345870e-03  5.50069436e-02  1.05543166e-01 -6.97171595e-03
  1.42416591e-02  3.01589305e-03 -2.90545970e-02 -1.66763123e-02
 -4.56406213e-02  3.82052548e-02 -1.51366301e-04  1.05462922e-02
 -2.06900854e-02 -2.93664690e-02 -2.03145687e-02  1.56409651e-01
 -1.44778555e-02  5.98102063e-02 -3.20193507e-02  5.78898750e-02
 -5.16405776e-02 -6.11918233e-02 -1.69644170e-02 -7.90663362e-02
  3.04421522e-02 -5.35042733e-02  3.42368484e-02 -3.38484831e-02
 -9.10638552e-03  5.72319478e-02  7.62076974e-02 -3.79598811e-02
 -3.61035876e-02 -7.44713121e-04  3.94983916e-03 -5.58103137e-02
 -3.12693231e-02 -7.37258941e-02 -3.63606885e-02 -1.94866695e-02
  4.48064469e-02  6.11908995e-02  1.71071757e-02 -4.10166644e-02
  7.07434840e-04  3.60268615e-02 -8.95549953e-02  8.29823241e-02
  1.13584787e-01  1.29841249e-02 -1.67235509e-02  3.69957164e-02]"
457,Pay,Governance,free,3,0.538,"[-1.05332352e-01 -1.51519449e-02 -2.04478633e-02  1.92690864e-02
  6.95875511e-02 -1.44116329e-02  1.49798794e-02  5.10381572e-02
  4.33606133e-02  7.30214119e-02  2.86507676e-03 -3.35346162e-02
 -3.43905506e-03 -6.40264675e-02  2.86304019e-02 -3.21837217e-02
 -1.02399848e-02  2.51236819e-02 -7.96295777e-02 -2.60121357e-02
 -3.65862995e-02 -2.50083487e-02  2.73284279e-02  2.07148530e-02
  2.53721699e-02 -2.52023339e-02  3.02936006e-02  4.01340947e-02
  8.26343372e-02 -5.78568988e-02  1.75989196e-02  1.72359720e-02
  9.34123993e-02 -2.01457068e-02  9.59566142e-03 -7.83533156e-02
  8.89254268e-03  8.39978550e-03 -1.12234771e-01 -4.66789305e-02
 -3.97337377e-02 -7.86485672e-02 -2.96919402e-02  5.33455089e-02
  2.29756422e-02  4.27300148e-02  5.46611734e-02 -2.14106590e-02
  5.11847921e-02  9.75147411e-02 -1.54019911e-02 -2.83025932e-02
 -2.27128211e-02  2.22586598e-02  2.46120971e-02 -5.43919541e-02
  4.32475172e-02 -2.63515674e-02 -4.22483459e-02  1.15443338e-02
  2.10390128e-02 -4.63223644e-02 -1.26685143e-01  4.98163737e-02
 -4.00190195e-03  3.34045067e-02  2.44917371e-03  5.01315631e-02
  3.27719795e-03 -1.20008074e-01 -1.06803276e-01  9.10269395e-02
  3.39403600e-02 -7.39954561e-02  7.31332973e-02 -6.69492502e-03
  5.36447987e-02 -1.61996651e-02  9.69753973e-03  5.60188964e-02
 -2.19022278e-02 -2.71462984e-02 -4.91829440e-02  2.52137985e-02
  5.10908626e-02 -5.45827299e-02  5.70208952e-02 -2.01416947e-02
 -2.39169337e-02  2.66716164e-03 -3.52280624e-02  6.09037951e-02
  3.99700888e-02 -1.11903930e-02 -8.63645300e-02  7.00188754e-03
  7.61469528e-02 -3.17454040e-02 -3.02748084e-02  2.31640875e-01
 -5.95826516e-03 -9.99870803e-03  1.10757099e-02  6.97208866e-02
 -2.46222969e-02  5.59717976e-02 -1.26353027e-02  4.58054096e-02
 -3.59912054e-04 -1.66442189e-02  7.79600488e-03 -2.37089698e-03
 -2.18230160e-03 -1.29277296e-02  2.04613302e-02  5.48369773e-02
 -5.40402159e-02  4.81055165e-03  8.54153708e-02  5.23578981e-03
  1.25792099e-03 -6.36527464e-02  6.06872514e-02 -3.57981622e-02
 -6.25649467e-02 -1.68757081e-01  2.94887889e-02 -3.66936880e-33
  2.98505351e-02  3.52121145e-02 -1.85275692e-02 -2.36804560e-02
  1.70986094e-02 -1.25989597e-02 -5.91201847e-03  3.52587625e-02
 -9.10252780e-02  9.33688506e-02 -2.34769825e-02  5.76626733e-02
 -2.51879152e-02  4.96513024e-02  1.06294595e-01 -7.58289546e-02
  3.30017284e-02  6.22353777e-02  3.71563695e-02 -1.10159721e-03
 -5.75300343e-02  4.20718975e-02 -2.33478956e-02  3.77798043e-02
 -5.21318503e-02 -6.22263439e-02 -2.17974018e-02 -1.12569168e-01
  6.53498620e-02 -2.47862213e-03 -4.81227338e-02  3.04232817e-02
  5.63626885e-02  1.17083676e-02  3.44245024e-02  2.38243267e-02
 -4.60596867e-02  9.94478352e-03 -3.40834223e-02 -8.69691297e-02
  1.01543842e-02 -1.14660934e-02 -1.48450704e-02 -2.21819114e-02
 -4.33238572e-04 -6.17454685e-02  3.15207243e-02 -1.13016013e-02
 -2.87409313e-02  6.80229515e-02  1.43379848e-02  1.37154292e-02
 -1.21812016e-01  3.35542262e-02 -7.88004622e-02  2.09977962e-02
  3.13476659e-02  2.84725036e-02  5.34687154e-02 -2.11212076e-02
 -5.44848246e-03  7.72501081e-02  2.67360583e-02 -7.98326917e-04
 -7.36082867e-02 -6.30678907e-02  1.76819302e-02 -2.62278449e-02
 -2.72247149e-03  4.27909419e-02 -3.84405889e-02  6.80499226e-02
  1.19333625e-01  3.43917534e-02 -7.18697459e-02  5.88696711e-02
  4.85332012e-02 -2.16106549e-02 -2.08572764e-02  4.82516959e-02
 -6.44733235e-02  3.32443020e-03  4.18147705e-02  1.11774892e-01
  1.34685799e-01  2.57954281e-02  7.64950470e-04 -3.87666225e-02
  9.98084783e-04  8.60140845e-03 -4.40234952e-02  1.90202473e-03
 -3.17857638e-02  2.48915306e-03 -2.84329839e-02  3.54705898e-33
 -8.02697167e-02 -4.38037999e-02 -3.95471379e-02  1.61112305e-02
  9.10652988e-03 -8.97649303e-03 -3.52492221e-02  1.03519931e-01
  2.83361450e-02  3.87574616e-03 -8.73031691e-02  2.36272700e-02
  2.24737860e-02  6.08929880e-02  2.25687996e-02 -3.69974226e-02
  1.05431667e-02 -2.59199385e-02 -5.48041426e-02  2.51416280e-03
 -3.12843621e-02  1.74206961e-02  1.08403517e-02 -6.58523478e-03
 -4.86398488e-02  2.86276024e-02  5.70385084e-02  8.47130194e-02
  2.12700646e-02  9.52448770e-02  2.60951184e-03 -1.86395850e-02
 -1.24587484e-01  3.56922112e-02 -6.92057014e-02  2.71547269e-02
  6.31374940e-02  3.55657265e-02 -1.81389991e-02  1.80614758e-02
 -6.81637728e-04  5.26181757e-02  6.62965775e-02  1.05871901e-01
 -2.26970930e-02 -9.33990628e-03 -6.75525703e-03 -1.00664953e-02
 -1.34662943e-04  3.68887372e-02 -2.67544743e-02  5.37076704e-02
  1.12107936e-02 -8.50230083e-02 -8.89220312e-02 -1.00331187e-01
 -7.84227997e-03  4.32354398e-02  4.49099094e-02 -2.69585084e-02
  1.47499675e-02  6.98566809e-02 -7.13431388e-02  2.88337003e-03
  2.17004400e-02  6.64802864e-02  5.88414259e-02  2.85804411e-03
 -4.74689044e-02  8.02684855e-03  4.58743004e-03  4.27614525e-02
 -3.33249792e-02 -4.02241163e-02  2.29985397e-02  2.34988350e-02
 -1.96637809e-02  5.43096438e-02  1.73281617e-02 -5.50359003e-02
 -2.98099797e-02 -2.44357958e-02 -4.85704001e-03 -3.16531137e-02
 -4.30285372e-02 -4.12637368e-02  7.74396956e-02  5.64908311e-02
 -1.82988588e-02 -3.52912280e-03 -7.39831757e-03  3.31294797e-02
  6.08118661e-02 -8.45351315e-04 -3.72559391e-03 -1.44202694e-08
  2.99214683e-02  4.23134454e-02  7.12199062e-02  7.03718662e-02
  3.23483385e-02  1.80361532e-02  8.65117647e-03  6.15538517e-03
 -8.46877170e-04  3.54306772e-02 -3.32919657e-02 -5.92907146e-02
 -4.61573638e-02  7.65727609e-02 -1.56540927e-02 -1.30738337e-02
 -1.48831680e-01  3.38860368e-03 -4.25814390e-02 -3.11584380e-02
 -9.92991216e-03  1.29990047e-02  2.06502732e-02 -1.86291744e-03
  6.57443469e-03 -1.89240072e-02  3.36697288e-02  1.45384580e-01
 -1.17585445e-02 -7.05188140e-02 -2.50534657e-02  8.62777233e-02
 -5.90446545e-03 -2.69349385e-02  4.27383631e-02 -6.54340386e-02
 -1.14613183e-01  3.80909517e-02  3.22049297e-02 -5.33580072e-02
 -3.22032645e-02  4.97299433e-02  2.27022022e-02 -1.22742116e-01
 -2.71949861e-02  3.05381464e-03 -6.48291931e-02 -5.54629043e-02
 -8.78175371e-04  4.66289148e-02  4.36976086e-03  2.55312044e-02
  4.92400080e-02 -4.64005657e-02  7.82673433e-02  9.62176993e-02
  4.56981510e-02  2.76852772e-02  6.75858408e-02  9.34277177e-02
  9.43958461e-02 -2.53843274e-02 -2.57307142e-02 -5.47495969e-02]"
458,Pay,Governance,revenue,3,0.5355,"[-3.13075632e-02  4.89958860e-02 -4.46763299e-02 -3.08605824e-02
 -4.47585359e-02  3.41253448e-03  1.18407920e-01  6.47953600e-02
  4.37495187e-02  2.41042479e-04  3.32451542e-03  5.59107214e-03
 -3.45297046e-02 -2.70389542e-02 -2.21273005e-02 -1.46799432e-02
  1.71803646e-02 -4.07389086e-03 -4.52270657e-02  1.06504047e-02
  6.17126711e-02  2.84328498e-03 -4.62942151e-03  2.34340448e-02
  5.08709215e-02  1.28210289e-02 -4.82911877e-02  5.31579331e-02
  2.85910666e-02 -7.26693124e-02 -2.29922272e-02  8.02187528e-03
  5.08515015e-02 -1.85822821e-04 -2.72046085e-02  1.26535781e-02
  2.81591289e-04  3.47090932e-03 -2.71308329e-02  3.52029204e-02
  4.20206599e-03 -5.81907295e-02 -9.01900828e-02 -3.02240960e-02
  8.34621023e-03 -4.61239368e-02  2.64766719e-02  7.05038756e-02
  3.27152088e-02  1.35221153e-01 -8.98646470e-03  3.81942354e-02
 -1.89159010e-02  5.11562601e-02  7.68642873e-02 -5.06167337e-02
  1.75511520e-02 -1.56340227e-02  1.53962318e-02 -6.34020716e-02
 -5.54833896e-02 -6.13055788e-02 -7.89563823e-03  3.15492563e-02
  6.46534562e-02 -6.81089312e-02 -4.47517745e-02  5.13238497e-02
 -1.10093847e-01 -6.17086589e-02  1.24302162e-02 -2.59584077e-02
 -3.27335969e-02 -7.27949515e-02  3.24232411e-03 -3.73879299e-02
  7.97866508e-02  4.62725572e-02  9.73682757e-03 -4.08779979e-02
  5.84141724e-02  1.55056398e-02 -8.07415321e-02  2.95863207e-02
  7.46195810e-03 -1.53167024e-02  9.50188935e-02  3.14905047e-02
  5.89889996e-02  5.25998734e-02 -3.29911597e-02 -2.56570522e-02
  5.02159111e-02 -3.90703492e-02 -9.95714590e-02  4.57200110e-02
 -3.37151834e-03 -1.29391119e-01  9.20093134e-02  2.44363949e-01
  2.25206632e-02  5.65496348e-02  1.28814140e-02 -7.07663223e-02
 -5.67132011e-02 -6.82185888e-02  1.30362725e-02  1.26674786e-01
  5.64354705e-04 -7.07929768e-03 -5.92721403e-02  6.53405394e-03
 -7.17173740e-02 -1.18641593e-02  1.22860810e-02  2.34217122e-02
 -7.11580813e-02  1.35179050e-02  4.10921946e-02 -5.55952862e-02
  2.74864826e-02  1.53583176e-02  5.71010343e-04  8.72726087e-03
 -1.04082115e-01 -4.66957055e-02 -3.17949094e-02 -4.67563862e-33
 -2.45159212e-02 -4.82900329e-02  3.49392816e-02 -5.17454781e-02
 -3.87706910e-03  2.58744229e-02 -1.31522464e-02  2.21538059e-02
 -3.04215923e-02  3.78786251e-02 -5.06131537e-02  3.63394134e-02
  3.34854834e-02  3.61575633e-02  1.06938869e-01  1.96740944e-02
 -8.63716900e-02  9.42509323e-02  5.10185994e-02  2.76195109e-02
 -9.16902348e-03 -2.98784319e-02  5.43529093e-02  1.27169728e-01
 -3.07735405e-03 -5.08088013e-03 -3.17925662e-02 -4.11670171e-02
  6.97748223e-03  2.63661854e-02  2.76084337e-02  4.31171916e-02
  9.51319039e-02 -2.03086827e-02 -4.26782668e-02 -9.12331790e-03
  3.22449319e-02 -5.95004149e-02  3.71548496e-02 -1.44715607e-02
 -5.99236675e-02 -3.69140208e-02  7.69994035e-03 -5.33085549e-03
 -1.49443433e-01  3.71412896e-02  6.22239150e-02  1.37566840e-02
 -2.71596219e-02  2.39902008e-02 -3.63714360e-02  1.06810732e-02
 -6.31150529e-02 -4.37746570e-02  3.53236236e-02 -2.56310636e-03
 -2.86887307e-02 -3.85255329e-02 -2.52903551e-02 -8.85857642e-03
  8.41817707e-02  3.64025384e-02  2.44517643e-02  4.29918244e-02
 -6.69308528e-02  6.07718108e-03  5.92330396e-02 -1.59377344e-02
  8.37760642e-02 -3.75142023e-02 -5.20001054e-02 -4.55541648e-02
  3.30384485e-02 -1.27224121e-02  6.31500082e-03 -5.84094971e-03
  2.63179857e-02 -7.60055147e-03  3.04560624e-02  1.23977117e-01
 -1.89214461e-02 -2.46585794e-02  1.55472225e-02 -3.38719338e-02
  4.09513935e-02  6.34943396e-02  1.72399189e-02 -3.14103961e-02
  1.23343384e-02  5.83061092e-02 -5.27495481e-02  1.11481221e-03
 -3.74414995e-02  3.12644616e-02  7.24599883e-03  2.66412736e-33
 -4.65896819e-03  1.11046568e-01 -1.29004503e-02  4.41524163e-02
 -5.49265556e-02  4.28009443e-02  3.54181305e-02 -2.13130638e-02
 -2.58663148e-02  3.08400057e-02 -1.22592390e-01  4.76042069e-02
 -4.05778550e-02  6.85191825e-02 -3.27993371e-02 -5.37728779e-02
  1.22195363e-01 -3.82104144e-02 -1.23929316e-02 -3.51679064e-02
 -2.21164599e-02  7.60750324e-02 -2.36600824e-02 -1.83546846e-03
 -4.41731289e-02  4.02477235e-02 -9.66930091e-02  3.17873657e-02
 -5.30128814e-02  3.11709382e-02  7.60506913e-02 -2.89325770e-02
 -1.08734056e-01  6.39541599e-04 -6.44990131e-02  3.30456123e-02
  1.51292114e-02  1.96526535e-02 -3.88590130e-03 -8.00024252e-03
  6.13809377e-02 -2.77749300e-02  2.03536507e-02  6.42605573e-02
 -7.07655959e-03 -2.89228391e-02 -4.09982540e-02  1.74841564e-02
  7.56227747e-02 -1.70940459e-02 -5.06054424e-02 -9.74600948e-03
 -5.04215397e-02  2.68308185e-02 -1.18366182e-01  4.15397994e-02
 -3.11752856e-02 -1.59687456e-02  1.50539130e-02  2.28981674e-03
  3.65015939e-02  3.57642993e-02 -2.29880437e-02  1.28432333e-01
 -1.09037325e-01 -2.19513681e-02  3.95031348e-02 -5.26282452e-02
  2.31604297e-02 -5.64648733e-02  2.11148374e-02  6.32226747e-03
 -1.30567662e-02 -2.65818890e-02 -9.21025053e-02  1.60078928e-01
 -7.14636967e-02  5.78255998e-03  2.51623280e-02 -4.60828468e-02
 -1.02117006e-03 -3.61821204e-02  5.74153429e-03 -5.35444990e-02
 -1.04723983e-01 -5.42275943e-02  5.90155087e-02 -5.45502938e-02
 -2.25192104e-02 -1.99403614e-02 -5.91292158e-02 -1.08791376e-02
 -3.52056473e-02  2.85699352e-04  1.12977531e-02 -1.27328521e-08
  2.60048993e-02  1.64583512e-02  4.40252982e-02  4.35103215e-02
  4.93554585e-03 -5.46889342e-02  3.87342796e-02  1.07935719e-01
  6.30311146e-02  2.40045376e-02  3.90708894e-02 -4.38020602e-02
 -3.39620784e-02  4.41589355e-02  1.72067359e-02  6.06733598e-02
 -5.88337630e-02  4.68495712e-02 -2.44832821e-02 -3.59472297e-02
 -4.56824091e-05  1.34658869e-02  1.17209246e-02 -5.32808900e-02
 -1.36128149e-03 -4.26343679e-02  6.66412935e-02  7.25263879e-02
  2.12665703e-02 -1.98131036e-02  1.54750962e-02  7.05317557e-02
 -2.40300093e-02 -1.37139568e-02  3.56697972e-04 -6.96545616e-02
 -6.38970956e-02  2.10172404e-02  3.61476317e-02 -4.46995012e-02
 -1.76317319e-02 -1.20287994e-02  5.72415031e-02 -4.00542133e-02
 -4.93057594e-02  5.45242010e-03 -1.04221627e-01  2.43702289e-02
 -8.94241408e-03 -1.01753935e-01  5.82728013e-02  4.39285710e-02
  4.28737402e-02 -3.29468362e-02  4.45445739e-02 -7.19086826e-02
 -9.13693663e-03  7.92210735e-03 -5.16056754e-02  2.00684834e-02
  8.32253247e-02 -6.07363544e-02  1.01564944e-01 -6.81293458e-02]"
459,Pay,Governance,monetary,1,0.5298,"[-8.21488257e-03  7.94079080e-02 -7.94393346e-02  3.66330408e-02
 -1.00567760e-02 -2.08000708e-02  1.40758857e-01  4.64805737e-02
  6.43772408e-02  1.42533742e-02  2.19796821e-02 -1.19481854e-01
 -3.67572755e-02 -1.34509790e-03 -3.89927113e-03 -6.31095022e-02
  4.94181551e-02  1.04324576e-02 -6.52235607e-03  2.31929868e-02
 -9.10039619e-03 -2.64485776e-02 -5.85842803e-02  9.18927044e-03
  7.22292662e-02  6.55323043e-02 -1.99320465e-02 -2.67838258e-02
  2.17800420e-02 -5.73458187e-02 -2.44143363e-02  8.47178847e-02
  7.79434964e-02 -5.85126914e-02  2.00639199e-03  1.93209313e-02
  6.82666525e-02  5.51667660e-02 -2.94390172e-02  2.03580931e-02
 -3.52978148e-02 -8.05562139e-02  5.01797348e-02 -5.36339954e-02
 -1.36751905e-02 -2.64220294e-02  6.04221076e-02  1.00708574e-01
 -2.67443694e-02  8.70186388e-02  5.79638146e-02 -1.16328103e-02
 -4.91388701e-02  8.17255527e-02  3.04514356e-02  4.14152211e-03
  8.15843716e-02  4.08468135e-02 -5.90498932e-03 -3.75692807e-02
 -3.98841575e-02  3.53901647e-02 -9.95326042e-02 -8.85936338e-03
  1.63756505e-01  1.71578601e-02 -1.35380933e-02 -4.52214554e-02
 -8.16595182e-02  9.55286063e-03  1.00128405e-01 -4.03710566e-02
 -6.47884374e-03 -8.97336826e-02  3.25544141e-02 -3.64804454e-02
  8.02848339e-02 -5.23456931e-02  2.28836033e-02  1.27840992e-02
  2.54602898e-02 -4.79438230e-02 -3.46402079e-02 -2.49858964e-02
 -9.41730849e-03 -1.98849849e-02  5.44820055e-02 -4.02562618e-02
  4.13165540e-02  2.66292458e-03  2.15363204e-02  2.84131598e-02
  3.84636112e-02 -3.81375924e-02 -3.55634168e-02  3.87119129e-02
 -2.93679610e-02 -6.53944677e-03  5.16343899e-02  2.31260151e-01
  5.75594455e-02  4.97496203e-02  6.75138086e-02  3.18705477e-02
  5.54067828e-02 -5.01276776e-02  2.55519506e-02  2.70569827e-02
  4.67698462e-02  1.16762957e-02 -4.92507592e-02 -4.05309722e-03
  1.75793879e-02 -1.66660193e-02 -1.53660914e-02  4.57342016e-03
 -1.26884074e-03 -3.48348059e-02  8.48478917e-03  2.76987180e-02
  4.42909412e-02  5.24800941e-02 -6.61273152e-02  5.47460141e-03
 -9.61189643e-02 -4.96044978e-02 -1.69520304e-02 -5.17774662e-33
 -5.29907085e-02 -2.68913768e-02  5.98650388e-02 -7.74559975e-02
 -5.60622439e-02  4.06427011e-02 -4.33754548e-02  1.40143661e-02
 -1.23070860e-02  1.86141990e-02  9.81257576e-03  7.59838223e-02
  1.44228956e-03  8.78260285e-02  7.26327896e-02 -3.53648439e-02
 -5.75844646e-02 -9.70328692e-04  1.30717725e-01  4.44210134e-03
 -3.91068496e-02 -4.14891355e-02  7.09576625e-03  1.87108908e-02
  1.31847942e-02 -9.57437325e-03 -1.73107348e-02 -1.28735285e-02
  4.53646928e-02 -1.49262371e-02  1.15746185e-02  5.15096262e-02
  6.07279241e-02 -1.84751078e-02 -6.44653589e-02 -4.61000130e-02
  1.18602570e-02 -4.17597517e-02  5.87951057e-02 -7.08965436e-02
 -4.38677147e-03  5.01945848e-03  4.20808699e-03  6.12994842e-02
 -5.67528643e-02  9.28920358e-02  6.88481927e-02  7.02323765e-03
 -4.59848940e-02 -4.36720438e-03  4.55202395e-03 -2.19390783e-02
 -9.00253728e-02 -1.68413967e-02 -6.27407655e-02 -8.83002356e-02
 -2.02725679e-02 -2.18780413e-02 -3.89084443e-02 -7.79641047e-02
  2.49695294e-02  6.82236627e-02  2.73967367e-02  4.24818471e-02
 -7.13412762e-02  6.23723082e-02  1.75484829e-02  8.71530082e-03
 -9.39207326e-04  1.52606238e-03 -1.29383534e-01  2.25750264e-02
  8.54202658e-02  2.88707688e-02  1.34903807e-02  3.74344969e-03
  1.08315803e-01 -5.92039451e-02 -1.04316901e-02  2.37976238e-02
 -8.53730217e-02 -2.00487226e-02  5.04676253e-02  6.64476007e-02
  6.84415847e-02  4.19079140e-02 -5.97259626e-02 -7.85648301e-02
  7.02682659e-02 -2.34978683e-02 -6.03354126e-02 -4.77696955e-02
  5.20335734e-02  1.14515377e-02  2.06958614e-02  2.95133626e-33
 -6.29726648e-02  1.13612767e-02 -2.38960180e-02  1.35587201e-01
  8.58613476e-03 -6.02485379e-03  2.05607666e-03 -5.10073043e-02
  5.24414442e-02  3.01938802e-02 -8.85578841e-02 -3.29331271e-02
  7.14011118e-03  7.24293739e-02 -2.62033995e-02 -2.73291804e-02
  3.60977948e-02  2.68376134e-02  4.20808457e-02 -5.91817424e-02
 -5.54671325e-02  8.36219918e-03  2.61645354e-02 -3.38817760e-02
 -3.58705409e-02  3.06433067e-02  7.15396553e-03 -1.26416370e-01
 -1.01652823e-01  6.28017560e-02  3.54052559e-02 -6.02159016e-02
  5.85738719e-02 -1.83544736e-02 -8.10905620e-02  2.65336353e-02
  4.58548367e-02 -5.76687008e-02 -4.26180810e-02  1.77623294e-02
  1.03651397e-02 -1.69436950e-02  3.17311957e-02  4.90217730e-02
  2.04772409e-02 -6.67709932e-02  2.03269478e-02  1.06418151e-02
  7.56105110e-02 -3.68921198e-02  2.84101609e-02 -3.39537859e-02
 -2.32266951e-02  2.38940660e-02 -1.15328938e-01  5.09446375e-02
  3.03212982e-02 -3.88018005e-02  4.83521186e-02 -4.13501039e-02
 -5.09633385e-02  2.67087948e-02  4.32639197e-03  3.15906703e-02
 -2.19166987e-02  2.80876867e-02  2.45722216e-02 -1.10960677e-02
  1.29327523e-02 -2.22480670e-02  5.58800958e-02  3.00041344e-02
  4.08484451e-02 -8.50777980e-03 -4.09958363e-02  9.71337929e-02
  3.71183385e-03  3.42752375e-02  3.88284884e-02 -2.55153812e-02
 -2.45404039e-02 -3.97384427e-02 -8.86990409e-03 -4.62999418e-02
 -4.63720821e-02 -4.74450886e-02  1.61352083e-02 -3.80865708e-02
 -5.72135001e-02 -4.25727591e-02 -5.60084917e-02  2.22188551e-02
  3.78602631e-02  1.64340120e-02 -5.36564812e-02 -1.22472992e-08
 -4.15734872e-02  5.04510803e-03 -3.28432545e-02 -7.70502351e-03
  3.57768424e-02 -1.20584704e-02  6.71627000e-02 -4.50237319e-02
 -1.07480884e-02  7.81890675e-02 -2.07090992e-02  1.96309444e-02
 -8.00475553e-02 -3.55807208e-02  4.72406950e-03  3.28896269e-02
 -3.23438980e-02 -5.17084450e-02 -9.32818353e-02 -2.89459061e-02
  5.05123064e-02  5.20083904e-02 -1.64654963e-02 -2.26477832e-02
 -3.04243416e-02 -4.04504426e-02  6.34846091e-02  1.55388102e-01
  2.36726087e-02  2.33876565e-03 -2.99981162e-02  7.03888535e-02
 -3.88206206e-02 -2.63522845e-02  2.21736208e-02 -2.50135120e-02
  3.87120545e-02  2.67213490e-02  4.58276235e-02  2.62583606e-04
 -3.28030847e-02 -7.14257509e-02 -1.05342560e-01 -4.36239205e-02
  4.53532450e-02 -1.71390586e-02 -8.97293836e-02  1.56982690e-02
 -3.01498715e-02 -7.96153173e-02  1.11307232e-02  2.62493789e-02
  2.17610523e-02  4.21564616e-02  6.14916645e-02 -4.03153934e-02
 -3.04712970e-02  1.42067540e-02 -7.17431083e-02 -1.13265710e-02
  9.48089808e-02 -1.22568376e-01  7.47018829e-02 -4.52486724e-02]"
460,Pay,Governance,salary,2,0.517,"[-3.45146731e-02  5.97352050e-02 -2.00308915e-02  8.17103684e-02
 -9.67931226e-02 -6.52353987e-02  8.04399252e-02  6.47936575e-03
 -1.02074491e-02  3.69865913e-03 -5.56512875e-03 -1.16336882e-01
 -3.80092673e-02 -4.61994782e-02 -7.84966499e-02 -4.09510639e-03
 -5.09813055e-03 -3.16551334e-04  3.40165868e-02 -6.83088005e-02
 -2.23173331e-02 -8.87684640e-04 -8.37440789e-03 -7.99230114e-02
  1.15903936e-01  1.81037523e-02  4.07851115e-02  6.72155470e-02
 -1.71590671e-02  1.21603184e-03 -1.29938452e-02  1.69577710e-02
  6.99614435e-02  1.04528908e-02 -1.56920888e-02 -1.39332497e-02
  1.15028629e-02  1.65583580e-04 -1.01603985e-01  3.64612527e-02
  3.92296463e-02 -6.94090687e-03 -1.60768591e-02 -7.80272260e-02
 -5.52257858e-02  1.28252553e-02  8.50314349e-02  1.51715577e-01
 -4.40871753e-02  9.03458074e-02 -3.50572797e-03  1.80834215e-02
  4.85652313e-02  5.12873940e-02  3.77240367e-02 -4.51050662e-02
  5.87348733e-03  1.34270974e-02  1.23808775e-02  1.44238817e-02
 -4.93755005e-02  2.79120672e-02  8.98837345e-04  4.07666378e-02
  1.01051211e-01 -1.17057636e-01 -3.33559513e-02 -5.71549200e-02
 -5.74605092e-02 -8.24536607e-02 -5.01437262e-02 -2.77176294e-02
 -4.05053385e-02 -4.54342365e-02  6.17596656e-02 -2.12729406e-02
  1.62604135e-02  1.13455942e-02 -8.82057566e-03 -1.90665405e-02
  8.04527029e-02 -8.89194533e-02 -8.02021325e-02  2.74857618e-02
  2.57845782e-02 -1.80682298e-02  1.02492064e-01  8.54506418e-02
  9.95919183e-02  3.33926231e-02  5.86797893e-02 -5.68338931e-02
  2.71463227e-02 -3.24969329e-02 -9.26870927e-02  4.12575901e-02
  1.49449855e-02  9.85018443e-03 -1.10546257e-02  1.48092404e-01
 -1.05300630e-02 -6.40791506e-02  2.44062617e-02 -1.41817341e-02
 -4.33734767e-02  3.57519127e-02  6.01871721e-02  6.55411035e-02
 -5.36896102e-03  3.53478501e-03 -4.85703722e-02  6.87918626e-03
 -7.58516267e-02  1.49243576e-02  2.20886674e-02 -3.09387986e-02
 -3.56780961e-02  5.43698072e-02  8.08411464e-03 -1.83557719e-02
  8.01231340e-02  3.08719696e-03 -6.28278330e-02  6.77445456e-02
 -1.49450734e-01 -8.80360156e-02 -7.44190738e-02 -6.63610716e-33
  2.70933565e-02  1.86525919e-02  3.49470600e-02 -1.56730674e-02
  2.71147825e-02 -5.39268833e-03  8.59130989e-04  4.56236228e-02
  5.92319109e-02  3.14398855e-02 -8.68296102e-02 -2.59377453e-02
 -7.79140415e-03  5.59738092e-03  4.16019708e-02  8.62325132e-02
  1.70004070e-02  2.59876009e-02 -2.99387351e-02  6.41021878e-02
  1.22990948e-03  1.06302705e-02 -1.06034102e-02  5.95072284e-02
  4.56052423e-02  1.10499807e-01 -4.42132056e-02 -5.65420836e-02
  6.17411872e-03 -2.29568053e-02 -4.02892716e-02  4.22225222e-02
  3.48633677e-02 -8.97888243e-02 -4.86278348e-02 -6.50392026e-02
 -2.95878220e-02 -2.86568478e-02  6.78811595e-03 -1.38587551e-03
 -2.85206772e-02 -2.41938550e-02  3.56656983e-02  6.12961361e-04
 -4.20416780e-02  8.18623230e-02  5.54919057e-02  6.50111139e-02
 -4.77600992e-02  8.44547078e-02 -1.38189644e-02 -1.91712976e-02
 -7.85103366e-02 -2.53610406e-02 -1.75110460e-03  7.29338778e-03
  1.22926338e-02  6.30432740e-02 -9.77247581e-03 -3.74157056e-02
 -4.15919572e-02  2.76323948e-02 -2.41933353e-02  5.27013727e-02
 -1.57271642e-02  4.89404574e-02  3.35840546e-02  2.13655699e-02
  7.96488747e-02 -2.90486845e-04 -6.71341047e-02  4.56924401e-02
  4.54521924e-02  5.54740429e-02 -1.07336104e-01  4.52733822e-02
  6.86661247e-03 -1.88571289e-02  2.64723115e-02  1.12869360e-01
 -2.96201725e-02  8.67953375e-02  2.73832288e-02 -1.49770277e-02
  1.13075882e-01  3.80070582e-02 -4.42151427e-02  4.48251069e-02
  1.01467483e-01  6.39786571e-03 -1.27790850e-02 -8.43487978e-02
  7.95091875e-03  1.69379599e-02  5.18796314e-03  2.95460377e-33
 -4.30399440e-02  7.30021223e-02 -3.42752337e-02  5.44729643e-02
 -7.64113814e-02  5.00671938e-02  7.50992224e-02  8.17064941e-02
 -1.33768590e-02  4.39731739e-02 -6.95297569e-02  3.64002436e-02
  2.94958614e-02  5.01635820e-02  9.07935202e-03 -4.36842144e-02
  2.28282921e-02 -7.59969205e-02 -5.37929274e-02  9.22749192e-03
 -4.28405637e-03 -5.16361184e-03  9.71421832e-04  7.73694068e-02
  5.38894301e-03 -7.39470078e-03 -7.42682302e-03 -4.08984944e-02
 -9.48932469e-02  1.14751365e-02  1.58813912e-02 -2.59917788e-02
 -3.70912366e-02 -1.60588622e-02  3.07900291e-02 -3.45110428e-03
  6.14699116e-03 -2.09519006e-02  4.95474078e-02  4.65511009e-02
  2.84740962e-02 -7.85869285e-02 -1.27305817e-02  8.24900158e-03
  2.73580011e-02 -7.49035925e-02  2.62438748e-02 -4.49040271e-02
  3.41955051e-02 -5.99544682e-02  2.62674931e-02 -4.93971109e-02
  1.59426741e-02 -1.94164980e-02 -5.56449629e-02 -1.76820718e-02
 -1.71785355e-02 -1.75586045e-02  2.89087053e-02 -1.07440501e-01
  6.89593107e-02 -1.63574424e-02  1.04329679e-02  1.30435556e-01
 -8.29293728e-02  3.31599452e-02 -1.46575440e-02 -7.34093189e-02
  6.60162838e-03 -3.98119688e-02  7.28288740e-02 -4.63950746e-02
  1.24469586e-01  2.69559156e-02  1.00486446e-03  2.56984886e-02
 -9.05332062e-03 -1.01872729e-02  4.70116399e-02  8.82752687e-02
 -9.45819020e-02 -1.88404508e-02  1.81757081e-02 -4.48157173e-03
 -9.89630353e-03 -5.63589260e-02 -2.28175204e-02  1.00848461e-02
 -1.25298100e-02 -7.40216151e-02 -7.62383789e-02 -2.22537504e-03
 -7.33086318e-02  1.75812989e-02 -1.48329958e-02 -1.38244873e-08
 -1.68497749e-02 -1.20893344e-02 -3.96695100e-02 -5.52737899e-02
  5.80569878e-02 -7.42935762e-02 -2.27000136e-02 -4.86456193e-02
  3.62860248e-03  4.71758023e-02 -2.31885910e-02 -6.77990168e-02
  1.43473800e-02 -2.60933582e-02 -2.00442579e-02  8.31234604e-02
  7.09773332e-04  5.70747405e-02 -1.23881334e-02 -8.54746550e-02
  5.12938090e-02  7.46649802e-02 -6.47644550e-02  3.29784378e-02
 -4.75354791e-02 -7.78311677e-03 -5.83116412e-02  9.48764160e-02
  3.14261671e-03  8.20634738e-02 -4.29814756e-02 -2.38003526e-02
 -2.41682287e-02 -2.34449245e-02  3.89348902e-02 -4.27223817e-02
  7.48568699e-02  1.02821402e-02  3.02193705e-02 -2.90258806e-02
  6.49974197e-02 -8.11568554e-03 -3.54805328e-02 -9.55576729e-03
  4.44582105e-03  4.15252848e-03 -4.70741577e-02  3.38959061e-02
 -4.55759950e-02 -7.11992616e-03  7.23909959e-02  8.33737478e-02
 -1.16898241e-02 -2.05906220e-02 -5.03766313e-02 -8.09426606e-02
  3.19498442e-02 -1.21155903e-02 -1.32842809e-01 -1.41810123e-02
  3.35845910e-02 -1.09636016e-01  4.01436836e-02 -4.90200659e-03]"
461,Pay,Governance,expense,1,0.5027,"[-1.63565744e-02  1.22137539e-01 -2.57996563e-02  3.27599235e-02
  6.83242306e-02  1.40004624e-02  1.66929260e-01  7.60759460e-04
  2.43970901e-02  3.34730409e-02  4.63297591e-02 -5.17470390e-02
 -5.08533008e-02  1.05642397e-02 -9.97797549e-02 -7.50976577e-02
  3.29526626e-02 -1.19980704e-03 -7.73569420e-02  4.89019752e-02
 -1.59396175e-02 -1.36765861e-03  2.27577947e-02  4.96757068e-02
  2.71918550e-02  2.70599965e-02  1.46996500e-02  6.13175472e-03
  7.20709702e-03 -7.57102221e-02  2.06321813e-02 -4.27430943e-02
  1.42624564e-02 -4.23899032e-02  4.78102230e-02  4.64664288e-02
 -5.71578089e-03  2.42416412e-02  5.97849395e-03  2.25499924e-02
 -7.64634013e-02 -2.54862290e-02 -2.32539140e-02 -1.34546617e-02
  5.91235841e-03 -2.69560460e-02 -1.85616850e-03  2.02831738e-02
  1.25986533e-02  9.10045579e-02  6.37499318e-02 -4.78063943e-03
 -1.75113212e-02 -3.37936394e-02  1.79736875e-02 -3.10974903e-02
  2.50115357e-02 -4.80035096e-02 -3.43269184e-02 -4.56890762e-02
 -4.87143435e-02  1.90160461e-02 -4.99953665e-02  3.73783000e-02
  6.97859749e-02  4.70597483e-03  3.69818462e-03  4.24409546e-02
 -1.32664770e-01  1.60668492e-02 -5.36833704e-02 -1.48961898e-02
 -4.59607914e-02 -3.28484038e-03  4.21848111e-02  1.58316223e-03
  1.23638295e-01  4.52016965e-02  1.96552183e-02 -1.93706118e-02
  4.20274436e-02  3.36726382e-02 -1.93612352e-02  1.57692283e-02
  5.33955880e-02  8.54628440e-03  1.03627564e-02  6.62570354e-03
  1.98306795e-02 -1.75112411e-02  3.39863673e-02 -6.92313984e-02
  3.87494862e-02 -2.94147376e-02  1.68389063e-02  1.80219002e-02
  4.83108778e-03  1.94627605e-02 -8.06125998e-03  1.98196709e-01
  2.67550573e-02  3.62094380e-02  7.45547786e-02  1.26445084e-03
 -2.52007544e-02 -2.99397483e-02  5.35278283e-02  5.80843836e-02
  4.70068492e-02  1.10540800e-02 -3.19636837e-02 -3.84777300e-02
 -4.01170552e-02 -8.05440079e-03  5.39653264e-02  4.43705022e-02
 -6.22379370e-02 -1.50913897e-03  1.00429356e-01 -2.37406678e-02
  5.37673570e-03  1.94806512e-02 -8.19076225e-03 -8.18897411e-03
 -1.40974283e-01 -1.45608738e-01 -3.25344391e-02 -4.58602591e-33
 -2.56209541e-02 -2.07224861e-02 -1.28076319e-02 -3.59212942e-02
 -6.07440099e-02 -2.95109209e-02 -1.83222874e-03  1.37613937e-02
 -5.94907291e-02  2.28315704e-02  8.05824436e-03  1.00406803e-01
 -2.92734113e-02 -3.13319708e-03  9.25004482e-02  2.37428863e-02
  1.61549449e-02  1.50664866e-01  7.20424056e-02 -3.29120792e-02
 -2.79599484e-02 -3.71849686e-02  5.61105981e-02  1.59463584e-02
  1.43072475e-02 -3.47601995e-02  2.01945640e-02 -7.19791427e-02
  4.18083221e-02 -4.64510609e-04  3.01564392e-02  3.29763666e-02
  6.51572794e-02 -1.90885067e-02 -5.70510980e-03  1.47756916e-02
 -3.30419652e-02 -8.46527424e-03  2.12832410e-02 -4.02331613e-02
 -3.07414215e-02 -3.74483392e-02  6.73258351e-03 -4.03363141e-04
 -5.72063550e-02 -4.83943382e-03  1.39663965e-01 -1.64686388e-03
 -8.32640305e-02  2.63123307e-02 -4.88888547e-02 -4.10292782e-02
 -6.79416060e-02 -2.32733916e-02 -3.77232470e-02 -8.45339224e-02
  4.98535447e-02 -3.04846019e-02  2.54601259e-02 -7.09829181e-02
  3.19979750e-02  6.22442784e-03 -5.07050706e-03 -6.28247531e-03
 -4.62354794e-02 -4.69665565e-02  8.69558100e-03 -1.03714662e-02
  4.67853062e-02 -2.92222835e-02 -9.35008228e-02 -3.29899602e-02
  7.16703162e-02  3.46073247e-02  1.88855436e-02  7.09749386e-02
 -2.26736385e-02 -2.99675297e-02 -6.53950172e-03  3.87309231e-02
 -7.47596920e-02 -5.53179942e-02  1.05524752e-02  4.31521684e-02
  1.91366095e-02  1.78157929e-02  2.93569528e-02 -2.26296503e-02
 -2.24195775e-02  2.41286270e-02  1.67030829e-03  5.09674521e-03
 -4.21557091e-02 -5.60809523e-02  5.63131943e-02  3.09865968e-33
  2.54482329e-02  3.72876227e-02  4.10644114e-02 -8.73378292e-03
 -1.73228011e-02  8.45905673e-03 -2.20703594e-02 -6.42618835e-02
  1.45401922e-04  6.98277131e-02 -1.52567521e-01  1.72348600e-02
 -4.07529809e-02  1.07117267e-02  3.87516171e-02 -6.31802157e-02
  6.12586290e-02 -5.03634773e-02 -1.81386690e-03 -5.75728975e-02
 -4.78130504e-02  9.23388004e-02  9.47149694e-02 -7.19401166e-02
 -7.58740157e-02  6.27736002e-02 -3.36614884e-02 -7.84296915e-03
 -4.84051332e-02  3.55000794e-02 -2.47250721e-02 -1.87673848e-02
 -2.02075616e-02  4.96611968e-02 -6.25531524e-02  2.15245672e-02
 -2.23159995e-02  1.06947944e-01 -4.07849159e-03 -2.17887498e-02
  3.85074057e-02 -2.88848188e-02  5.31292297e-02  5.56307957e-02
  4.44942415e-02 -8.34125504e-02 -9.12485868e-02 -8.48962069e-02
  1.05040178e-01 -4.66191657e-02  7.53259228e-04 -2.52553690e-02
  6.12343429e-03  4.00832901e-03 -1.20761685e-01  8.35846588e-02
  1.59626398e-02 -4.00771312e-02  3.24736312e-02 -1.44320242e-02
  1.07626142e-02  7.65349716e-02 -1.07929194e-02  5.44561148e-02
 -9.19575915e-02  9.35977232e-03  4.72733229e-02 -8.37110654e-02
  2.45724581e-02  1.04822377e-02 -2.63196845e-02  4.48610354e-03
 -7.43426830e-02 -9.99499299e-03 -8.25341418e-03  8.78227577e-02
 -4.38300456e-04  1.81830097e-02  3.52115147e-02 -4.53571742e-03
  3.86100188e-02 -4.36400101e-02  5.37416199e-04 -3.64524536e-02
 -7.32007697e-02 -1.07413799e-01  1.01969540e-02 -3.10715437e-02
 -4.83687557e-02  1.83014050e-02 -2.81118173e-02  4.25008824e-03
 -3.49301449e-03  9.26390141e-02 -1.93841029e-02 -1.21413830e-08
 -5.70780365e-03  2.92445868e-02  8.53143632e-02  1.93981901e-02
 -7.51081016e-03 -1.28185093e-01  3.39011066e-02  1.39226839e-01
  1.66194662e-02  1.11576900e-01  2.11559236e-02 -2.97672488e-02
  1.25690801e-02  7.01404437e-02 -5.00777364e-02  2.27498058e-02
 -6.93194009e-03 -2.62068156e-02 -4.89056632e-02  1.85109396e-02
 -3.45810986e-05  8.91911145e-03 -1.20909242e-02  6.08715303e-02
  2.89238291e-03 -5.83644733e-02  1.96797755e-02  1.30579025e-01
  1.64106041e-02 -1.55909834e-02  5.30366674e-02  6.83815926e-02
  2.46365797e-02 -2.73051877e-02 -7.35626668e-02 -1.04315706e-01
 -8.12849328e-02  1.01146484e-02  1.34786181e-02  8.58510062e-02
  2.05497677e-03  3.46397806e-04  4.56634685e-02  1.14546455e-02
  3.14598419e-02  1.04331216e-02 -1.60954252e-01 -3.93029824e-02
 -7.70105422e-02 -3.06337755e-02 -8.84746946e-03  2.03623325e-02
  6.17743470e-02  2.82977838e-02 -1.12683754e-02  3.76186194e-03
  6.69868514e-02  3.57781909e-02 -5.97681552e-02  3.78981568e-02
  8.83718207e-02 -6.61034882e-02  2.66110338e-02 -5.52146211e-02]"
462,Pay,Governance,subscription,1,0.5006,"[-7.93076083e-02 -6.60777763e-02 -3.84943858e-02  3.13490489e-03
  1.69351175e-02  1.24766361e-02  5.34874722e-02 -9.65096708e-03
  4.50877845e-02  3.19856815e-02 -6.66263048e-03  2.51549557e-02
  4.67703007e-02  3.44693451e-03 -8.56488850e-03 -4.28677909e-02
  2.84831841e-02  1.67619772e-02  3.87944351e-03 -3.48244868e-02
 -1.32459924e-01  4.81360182e-02 -1.88692212e-02  8.30156729e-02
  1.43593224e-02 -4.94680181e-02 -3.81488614e-02 -1.75980628e-02
 -3.44186719e-03 -6.42525777e-02  7.75315687e-02 -5.73708005e-02
  8.81254822e-02  1.05897486e-02  1.19616976e-03 -6.26178905e-02
 -1.94028355e-02  2.24425248e-03 -8.13982338e-02 -1.97891686e-02
  5.31962328e-02 -9.96354371e-02 -7.24240839e-02  1.66436285e-02
 -6.36680797e-03  1.23929549e-02 -4.52027749e-03  6.12015687e-02
  4.75566126e-02  7.82333910e-02 -3.63124325e-03 -8.75306204e-02
 -3.24382191e-03  4.83783372e-02  4.63849586e-03  1.95363592e-02
  3.90407327e-03  4.63523902e-02  2.30992399e-03 -4.33837287e-02
  6.78935796e-02 -7.45531321e-02 -1.08993515e-01  8.08916762e-02
 -3.86682376e-02  7.72020146e-02  5.02984412e-02  1.22814775e-01
  7.98660144e-03 -4.39197384e-02 -1.01215445e-01  7.16601908e-02
 -3.57446969e-02  2.96767708e-02  8.02828148e-02 -9.97572672e-03
  3.28498222e-02 -8.32532570e-02  8.50977227e-02  3.09307724e-02
 -5.88398613e-02  1.39523093e-02 -6.13794802e-03  9.17405821e-03
  2.82931458e-02  2.13662051e-02  5.46932630e-02 -1.54498927e-02
 -1.65979713e-02 -3.95080075e-02  1.50672747e-02  6.16673231e-02
  5.43626584e-02 -1.13189826e-02 -1.46489412e-01  2.10675281e-02
  1.91256925e-02 -4.20176610e-02 -2.84254700e-02  2.25609481e-01
  9.20937490e-03  4.28032354e-02  2.13425439e-02 -6.99771335e-03
 -3.92419212e-02 -1.01976760e-01 -4.03331919e-03  4.59370725e-02
 -7.41877640e-03  3.85067053e-02 -5.27400784e-02 -5.15474845e-03
 -2.60800235e-02 -4.26286720e-02  1.64146572e-02  1.16307668e-01
  1.89650264e-02  9.62705836e-02  3.28130573e-02 -1.09393448e-02
  2.15133950e-02  2.08747461e-02  7.75734545e-04 -3.93775180e-02
 -2.33629327e-02 -6.01269081e-02  9.42424056e-04 -5.72250633e-33
  6.31456124e-03  2.59465761e-02  2.29684971e-02 -1.96249206e-02
  3.63172367e-02 -1.57734298e-03  6.97166920e-02  1.78544968e-02
 -5.55966794e-02  2.29913630e-02 -8.35602637e-03  1.39864758e-01
 -6.44711498e-03  4.88075390e-02  1.81886379e-03 -6.83812276e-02
 -3.05642262e-02  8.77050832e-02 -2.49336064e-02 -1.41528528e-02
 -5.48512638e-02 -1.81062613e-02  3.60229947e-02  5.48489764e-02
  4.28216020e-03 -3.06708589e-02  6.00044895e-03  1.29616410e-02
  9.59322974e-02  1.81717873e-02 -1.42462761e-03  2.80751772e-02
 -3.91320549e-02 -2.35322155e-02  2.28091069e-02 -7.96805397e-02
  2.99494211e-02 -4.83012795e-02  1.04135545e-02 -3.98860201e-02
  2.38343515e-02 -7.12002721e-03 -6.61426112e-02 -1.89861413e-02
 -2.61698682e-02 -9.32324491e-03  7.78320059e-02 -4.99459840e-02
  9.40596461e-02  2.41113044e-02  5.02832569e-02  2.90159881e-02
 -1.19811207e-01 -5.06515317e-02 -2.06915499e-03 -3.29320994e-03
 -1.04355877e-02 -1.40154157e-02  2.66515017e-02 -7.65549764e-02
  4.37681898e-02 -1.27421580e-02  1.26399159e-01 -5.14887320e-03
 -8.14354718e-02 -2.90370081e-03 -1.16731040e-02 -6.61995560e-02
  2.87951659e-02  7.39766099e-03  3.16119343e-02 -4.14797012e-03
  1.91587787e-02 -4.67806542e-03 -4.04548869e-02  2.74594538e-02
 -1.63497403e-02  1.26083731e-03  7.91649893e-03  7.07393736e-02
 -4.57752161e-02 -2.38250494e-02 -4.09025997e-02  1.12347424e-01
  8.83333609e-02  9.77821350e-02 -9.92692448e-03 -7.07967381e-04
 -9.08617489e-03  2.54100794e-03 -3.86736244e-02  1.63698830e-02
  3.62027176e-02  1.04870144e-02  7.56700709e-02  5.58946645e-33
 -4.45854105e-02 -4.70416509e-02 -3.78823318e-02 -2.97942059e-03
 -1.34063261e-02 -4.48825508e-02 -6.95208684e-02  4.97143418e-02
  7.14602098e-02  5.38098030e-02 -6.62704483e-02 -1.09367808e-02
 -2.53240038e-02  8.69541317e-02  3.24365906e-02 -2.89691500e-02
  9.11904871e-02 -2.92511620e-02 -3.01735420e-02 -2.69973036e-02
 -7.58521184e-02 -1.01624420e-02 -2.96206563e-03 -5.54539412e-02
  8.21305625e-03  3.48128378e-02  7.94082433e-02  1.06647134e-01
 -6.43393118e-03  3.92165966e-03  3.42562981e-02 -2.21584253e-02
 -7.14726821e-02  8.68875254e-03 -1.50994761e-02  6.40651735e-04
  1.07430518e-01  1.34944290e-01 -2.59371288e-02 -5.92732988e-02
  4.85724360e-02 -8.68848711e-02  5.47860153e-02  4.85798232e-02
  5.09450734e-02 -3.18182819e-02  5.69157936e-02  1.76365264e-02
  3.17557454e-02  5.56257404e-02 -9.45074707e-02 -3.27424519e-02
  5.39798178e-02  4.95140674e-03 -7.11460933e-02  8.25481862e-02
 -3.53947319e-02  5.82604036e-02  6.80464134e-02 -1.88825037e-02
 -3.90256047e-02  7.65166385e-03 -6.84084520e-02 -2.25180257e-02
 -2.72305198e-02 -1.10545743e-03  4.25481312e-02  1.35236676e-03
 -9.47326142e-03 -5.09297883e-04 -9.01176780e-02 -5.52094802e-02
 -1.15412804e-04 -5.19496053e-02 -4.37496975e-02  1.41259395e-02
 -9.45939794e-02  4.75850217e-02 -4.80456538e-02  1.59184635e-02
 -9.16262716e-02 -1.64941736e-02 -2.14553457e-02  5.99123724e-03
 -1.34988977e-02 -1.09930590e-01  1.02287181e-01 -3.95104475e-02
  1.65872294e-02 -3.81073579e-02 -9.31311492e-03 -4.33571823e-03
 -9.21209678e-02  1.01469690e-02  2.35000793e-02 -1.25156268e-08
  1.44320074e-02 -5.66842500e-03  2.80188303e-02  2.82091759e-02
  8.28128383e-02  5.08766957e-02 -1.45633733e-02 -2.24182867e-02
  1.22282710e-02  7.30549246e-02 -3.48720290e-02 -3.88221033e-02
  1.55427530e-02  5.24012186e-02  6.50724396e-02 -4.92773205e-02
 -3.12240813e-02 -3.85657847e-02 -7.81631842e-02 -5.97914308e-03
  1.33305648e-02  2.72875037e-02  8.18008706e-02 -5.98150603e-02
 -8.46279692e-03  1.01896096e-02  4.76423092e-02  8.30092356e-02
  3.47730070e-02 -5.96263036e-02  1.19743505e-02  8.38442817e-02
 -1.78932417e-02 -6.79930300e-02 -7.12617673e-03 -7.16327503e-02
 -1.53026329e-02 -1.87391452e-02 -3.25234681e-02 -3.23045487e-03
  5.15351854e-02 -2.38125492e-02  6.47370368e-02  1.16638085e-02
 -4.76461872e-02  1.50924008e-02 -5.76090440e-02 -3.44389342e-02
  1.21774875e-01 -1.81397684e-02 -1.57745779e-02  2.33916985e-03
  6.84968308e-02  3.72698600e-03 -1.52134541e-02 -2.71781124e-02
  5.87138981e-02 -4.22774106e-02 -6.24958947e-02  7.93360770e-02
  9.44993868e-02 -7.61913462e-03  1.19572424e-03 -4.21672165e-02]"
463,Pay,Governance,donations,2,0.4958,"[-6.63738698e-02  6.13117516e-02  4.41276655e-03 -1.43624777e-02
  5.45575507e-02  9.69466474e-03  1.41002968e-01  1.87901724e-02
  1.35830007e-02  6.86518382e-03  6.50429428e-02 -9.17311907e-02
 -4.56840470e-02 -4.44444567e-02 -2.55279522e-02  2.42123473e-02
  3.61364409e-02  2.11216267e-02 -6.91511557e-02 -2.51106396e-02
 -3.19296010e-02 -3.52874286e-02  4.00028154e-02  3.97947393e-02
  2.58423630e-02  3.61818708e-02 -3.64494622e-02 -2.58928873e-02
  2.58074477e-02 -4.82906774e-02  4.25162688e-02 -5.95781058e-02
  4.46618907e-02 -1.56339526e-03  2.43331119e-03  2.59044413e-02
  2.25565303e-02  3.22893299e-02 -7.47739896e-02  6.42204136e-02
 -1.41319232e-02 -7.49790817e-02  1.18372487e-02  7.91397318e-03
 -3.02936789e-02 -2.44733021e-02  5.20599820e-02  6.48047701e-02
  4.21269052e-02  5.07792234e-02  6.25429600e-02 -3.11958026e-02
 -2.20763255e-02 -1.69025094e-03  3.98362093e-02 -3.97958271e-02
  3.94686684e-02  2.43748091e-02 -3.63025181e-02 -7.22812489e-02
  6.22431412e-02 -2.39426573e-03 -5.50120547e-02  1.02660146e-04
  8.79170224e-02  2.62107998e-02  2.41889078e-02  6.44226000e-02
 -3.23449410e-02 -7.63715357e-02  8.63830149e-02  1.35037014e-02
  5.40068932e-02 -5.11804372e-02  2.73157936e-02  1.45599656e-02
  4.27205227e-02 -6.78895041e-03  2.46173758e-02 -1.74997896e-02
 -2.66869012e-02 -2.05013808e-02  4.20402875e-03  1.58772897e-02
 -2.32773852e-02  6.74928576e-02  2.81710345e-02  3.82427312e-02
 -5.66490879e-03  3.65609042e-02 -8.94332156e-02  1.57936830e-02
  2.26217285e-02 -9.28856507e-02 -1.06311142e-01  3.67194065e-03
 -4.31092316e-03 -2.04984415e-02 -9.61435400e-03  2.62017936e-01
  7.92882591e-03  7.34144524e-02  6.88549504e-02 -7.59372413e-02
  3.06919478e-02  2.95875501e-03 -4.44364399e-02  1.90968588e-02
  5.78547232e-02  3.11853569e-02 -2.27659531e-02  3.92672494e-02
  3.77486758e-02  5.05817756e-02 -1.34856189e-02  1.59873031e-02
 -3.52874286e-02 -2.41895281e-02  7.63228047e-04 -5.02370708e-02
  7.19853789e-02  2.56322157e-02 -1.12817285e-03 -5.97060174e-02
 -5.92605285e-02 -8.34846273e-02 -8.43066648e-02 -5.33385704e-33
 -1.79027021e-02  9.96847358e-03  7.87645429e-02  6.91821575e-02
  4.27907612e-03  1.42369317e-02  3.54728550e-02 -2.00888887e-02
 -7.75435716e-02  9.06803645e-03 -1.25296433e-02  6.17177635e-02
  6.09119758e-02  4.92774472e-02  8.89571756e-03 -7.04248622e-02
 -4.00881916e-02 -1.02331592e-02  3.31679769e-02  1.31825032e-02
  4.51095179e-02 -4.26193839e-03  2.84460932e-03  1.01127982e-01
  7.18470290e-02 -9.98862684e-02 -5.55516556e-02 -2.50347536e-02
  6.37396649e-02  2.37012119e-03  2.77100001e-02  6.55233115e-02
  4.20423150e-02 -1.00869521e-01 -6.16257675e-02 -9.25057456e-02
  1.13729294e-02 -4.61821631e-02  2.90266834e-02 -5.28394580e-02
  1.12759108e-02 -4.35291557e-03  1.70943961e-02  5.16252965e-02
 -2.25491896e-02  2.97487695e-02  9.59584117e-02 -5.06100096e-02
 -1.92712341e-02  2.62548365e-02 -5.81763918e-04 -3.77482362e-02
 -1.35852113e-01 -5.07520810e-02 -4.23695557e-02 -6.53983951e-02
  1.36233820e-03 -1.49227148e-02 -2.35138014e-02 -5.49498983e-02
  8.11199769e-02  3.62526700e-02  1.44273024e-02  3.16483038e-03
 -1.14697307e-01  3.15060280e-02  7.14106187e-02 -3.56048197e-02
 -1.08468048e-02 -1.55805219e-02 -4.53765430e-02 -6.96632313e-03
  5.21180965e-03  5.42213060e-02 -1.86329763e-02 -9.11946315e-03
 -1.20838592e-02 -6.51403284e-03  7.19415620e-02  2.61839498e-02
 -3.11805885e-02 -2.15508342e-02  6.64703026e-02 -6.97897573e-04
  4.27718535e-02  6.57221228e-02 -5.50504476e-02 -5.12306392e-02
  1.20522762e-02 -7.11916089e-02 -5.74509054e-02  2.21361592e-03
 -2.29559131e-02 -1.10587202e-01 -4.72448580e-03  3.46699312e-33
 -2.47249473e-02 -5.68829440e-02  6.49098232e-02  6.23431429e-02
  6.67324066e-02 -1.10259168e-02 -3.98919359e-02 -1.93308294e-02
  1.25777140e-01  8.96070227e-02 -4.39297445e-02 -2.30140630e-02
  7.55608678e-02  7.01292232e-02 -3.36438082e-02 -4.23425175e-02
  1.13047697e-02  5.08926110e-03 -1.72260012e-02 -6.04287535e-02
 -1.66450292e-02  1.12085328e-01  1.10524528e-01 -6.45857155e-02
 -1.86149329e-02  4.92374832e-03 -4.98006120e-02  4.50919420e-02
  5.47752790e-02 -2.35559978e-02  7.56376833e-02 -1.18001690e-02
 -9.65324491e-02 -1.58398673e-02 -7.94854760e-02  9.76229683e-02
  4.51534204e-02  1.86251309e-02 -1.97984688e-02 -5.36968336e-02
  6.57408014e-02 -4.29616980e-02  6.18011802e-02  6.45234957e-02
 -5.66459522e-02 -1.50924725e-02 -4.61140610e-02 -1.57608651e-02
  9.76358205e-02 -8.56162049e-03 -1.12391576e-01 -4.90848720e-02
  3.12163564e-03  5.86766638e-02  6.05241442e-03  1.07543826e-01
 -3.02391835e-02 -1.37008978e-02  2.59489361e-02 -7.01186061e-03
 -3.54937762e-02  1.29948398e-02 -3.89380753e-02  7.79317468e-02
 -5.91724366e-02 -2.74969153e-02  4.63690348e-02  1.74208004e-02
 -9.56182834e-03 -2.28237752e-02  7.86511004e-02  1.24407848e-02
 -1.64759047e-02  4.53704363e-03 -9.67739746e-02  6.56011254e-02
 -4.39830013e-02  8.08687732e-02  2.84914691e-02 -5.01665324e-02
  3.05661932e-03 -7.43668601e-02  1.96481366e-02  9.65220015e-03
  4.91707548e-02 -3.01835686e-02  9.58812460e-02 -5.65361865e-02
 -4.32251766e-02  1.56517215e-02 -4.71418537e-02  7.99162034e-03
  5.29771745e-02  5.15727624e-02  4.34386544e-02 -1.27202027e-08
  4.16538008e-02  3.92572097e-02 -4.35559191e-02 -1.77393872e-02
  5.90321496e-02 -4.78464514e-02 -1.43047674e-02  3.66573110e-02
  2.35175434e-02  3.18456292e-02 -1.18857678e-02  5.80795668e-02
 -5.16881831e-02  5.27263619e-03  1.47154825e-02 -5.34133390e-02
 -7.42888749e-02  8.30696488e-04 -3.94545943e-02 -5.62249608e-02
  2.55573336e-02 -8.71325005e-03  1.34192556e-02  1.42986868e-02
 -3.62277627e-02 -8.42370745e-03  3.83406989e-02  8.84835348e-02
 -3.42351682e-02 -4.01309459e-03 -6.06704829e-03  6.20897524e-02
 -1.48886517e-01  5.36363991e-03 -1.70160830e-02 -2.65838336e-02
 -1.58397779e-02 -5.05097257e-03  1.93370823e-02 -9.01954249e-03
 -6.65035564e-03 -3.96811143e-02 -2.13142037e-02 -3.35877873e-02
 -7.77415857e-02  3.62025201e-02 -5.98891526e-02 -2.98404731e-02
 -2.03546975e-02 -9.15935040e-02 -1.98715515e-02 -3.09905247e-03
  4.36392315e-02  1.02668284e-02  1.49769252e-02 -2.77869776e-03
 -9.12703481e-03  7.11785406e-02  8.08408186e-02 -2.30458826e-02
  9.48096886e-02 -1.15706198e-01  7.41595104e-02 -5.51282987e-02]"
464,Pay,Governance,tax,1,0.4933,"[-2.65830345e-02  5.31028882e-02  1.64878350e-02 -3.14331725e-02
 -1.13280639e-02  2.13683471e-02  1.65031374e-01  6.83981320e-03
 -5.16773062e-03  1.11850388e-02  8.81680548e-02 -8.68074317e-03
 -1.45113468e-01 -3.98998074e-02 -4.49814089e-02  5.87420259e-03
 -2.82342415e-02  3.95239778e-02 -2.87321601e-02  4.17357422e-02
  9.37224701e-02  2.92970240e-02 -4.01105769e-02  3.36097814e-02
  1.31924972e-01  3.63055035e-04 -4.93757464e-02  8.42920132e-03
  7.70415878e-03 -7.09263533e-02  2.47299131e-02 -9.34521109e-03
 -8.44849646e-02  5.66813280e-04 -1.75957233e-02 -4.13265824e-02
  2.79645640e-02  2.18079835e-02 -1.97287928e-03  1.15176858e-02
 -1.02342863e-03 -4.30355966e-02 -6.72496408e-02  1.00189457e-02
 -1.85194463e-02 -3.02352458e-02  5.47407009e-02  3.82207483e-02
  6.02395572e-02  1.38148680e-01  2.16127057e-02  5.57884835e-02
 -7.07445806e-03  3.18758339e-02  7.06984997e-02 -1.42416432e-01
 -2.33190991e-02  5.18892743e-02  2.38834582e-02 -1.24369450e-01
 -5.80223724e-02 -8.09382200e-02  2.22870652e-02  4.05239873e-03
  8.25388506e-02 -1.28514450e-02 -1.35533614e-02 -5.74513115e-02
 -8.61612931e-02 -1.27719223e-01 -7.49693885e-02 -2.70454120e-02
  1.53978020e-02 -7.79498694e-03 -8.56141653e-03 -9.36177894e-02
  5.31838164e-02  6.91542998e-02  1.08710909e-02 -5.99250682e-02
  1.98482778e-02  5.54401651e-02 -2.30276249e-02 -1.61880199e-02
  5.51590249e-02 -1.77950244e-02  4.82849292e-02  5.27066253e-02
  5.82296774e-02  5.71225956e-02  4.38165152e-03 -2.53285449e-02
  5.45110144e-02  9.37925652e-03 -1.09869331e-01  2.17069425e-02
  7.36973435e-02 -5.06409705e-02  1.29968021e-02  2.21684203e-01
  5.51460907e-02  3.84989753e-02 -6.98764920e-02 -3.02141067e-02
  6.69818697e-03  7.44190114e-03 -6.29882747e-03  9.00929347e-02
  1.99473202e-02 -3.84904109e-02 -3.73792648e-02  1.79814938e-02
 -7.30070248e-02 -1.11680769e-03 -1.85289998e-02  4.17668074e-02
 -1.05067976e-02 -3.65734957e-02  7.66874626e-02 -1.19177200e-01
  6.97410852e-03 -1.44220591e-02 -5.20105883e-02 -5.82514144e-03
 -8.41852874e-02 -1.10886306e-01  2.95359418e-02 -5.70357536e-33
  1.09080635e-02 -3.91364517e-03  2.54428331e-02 -4.97228205e-02
  2.60593742e-02  1.31763397e-02  5.76809309e-02  4.64465357e-02
 -5.15532866e-02  1.20095648e-02 -8.19745287e-02 -2.86308993e-02
  6.94506988e-03 -1.26465280e-02  6.52736723e-02  6.14632703e-02
 -5.88213690e-02  2.24526338e-02  7.53941536e-02  2.10609101e-02
  4.69946600e-02  7.94683862e-03  5.44057228e-02  2.96236612e-02
 -4.36159708e-02  5.09268381e-02 -3.92615162e-02 -7.62377009e-02
 -2.98625417e-02  4.52598818e-02  2.13415790e-02  8.25435892e-02
  8.55370983e-02 -6.29366189e-02 -3.78055200e-02  3.12741101e-02
  3.97837348e-02  4.10452345e-03  8.31434038e-03 -5.68760075e-02
 -2.39789896e-02 -3.56992111e-02  8.02397579e-02 -1.37758872e-03
 -1.03764549e-01 -1.16808340e-02  8.92437696e-02  4.60580960e-02
 -1.28766745e-02  2.10744366e-02 -1.95066668e-02 -4.12898399e-02
 -2.24113725e-02 -5.84244765e-02  1.15715628e-02 -2.38830056e-02
  3.28883231e-02 -2.78070755e-02 -2.47260556e-02 -2.28063669e-02
  6.12603873e-02 -2.82300748e-02 -1.77403595e-02  5.54901995e-02
 -9.88288745e-02 -7.14547113e-02  1.41478926e-02 -4.07831073e-02
  8.99223983e-02 -1.46836042e-02 -4.02323641e-02  3.97746032e-03
  7.04771057e-02 -1.14072673e-02  3.86622548e-02  7.43394867e-02
 -2.48790327e-02 -3.05251405e-02  1.40696596e-02  3.80651914e-02
 -4.34099175e-02 -2.90713888e-02 -9.25662369e-02 -7.37158060e-02
  4.12153378e-02  8.32787603e-02  3.42388935e-02  2.78233383e-02
  2.51412466e-02 -3.32882814e-03 -4.51678261e-02 -8.87709484e-03
  4.02010940e-02 -2.83760671e-02  5.23841903e-02  3.06826066e-33
 -3.20759453e-02  2.79013924e-02  6.78838184e-03  1.06247077e-02
 -2.56289635e-02 -1.11146597e-02  5.14421463e-02 -7.04571083e-02
 -7.80037045e-02  1.06333122e-01 -5.17355986e-02 -2.38700639e-02
  7.13785086e-03  7.09126666e-02  6.62447233e-03 -2.91696172e-02
  1.70012377e-02 -4.92315590e-02  3.20131257e-02 -5.96977770e-02
 -5.23840711e-02  7.68290535e-02  3.73270065e-02  8.02825689e-02
 -5.48648089e-02  1.14804413e-02 -5.23044132e-02  2.97798533e-02
  1.09931026e-02  1.48586212e-02  3.27457190e-02  4.70607318e-02
 -3.36567797e-02 -1.66371614e-02 -2.21196795e-03  1.81605089e-02
 -2.02667245e-04 -2.70215925e-02  3.69728543e-02  3.34984576e-03
  7.64957583e-03 -3.65580544e-02  3.00891250e-02  7.96590820e-02
  3.43447216e-02 -2.81579327e-02 -7.86966458e-02  3.55445258e-02
  2.00335812e-02  1.40512204e-02 -2.09947992e-02 -7.78978411e-03
  8.57354887e-03  2.59078965e-02 -7.15118051e-02  8.19864720e-02
 -6.11011945e-02 -2.65587633e-03 -2.74003707e-02  1.42792175e-02
  4.14975211e-02  1.81752797e-02 -3.13197412e-02  7.08829463e-02
 -6.52073622e-02 -3.36633995e-02  5.39983958e-02 -7.58754984e-02
  1.21138550e-01 -3.52698117e-02 -2.03799382e-02 -7.15607852e-02
 -8.75766426e-02 -2.51984317e-02 -1.50163602e-02  5.50952032e-02
  5.13154417e-02  3.74485739e-02  5.95697537e-02 -4.03928058e-03
  1.41627330e-03 -5.68640009e-02  4.74577071e-03  1.14646116e-02
 -5.44871874e-02 -9.20431539e-02  3.52878794e-02 -2.86980160e-02
  4.00052313e-03 -1.13199204e-02 -3.75632830e-02  5.56695051e-02
  1.14581864e-02  4.26336192e-03 -2.28014234e-02 -1.30581199e-08
  5.74346352e-03  1.07319020e-02  7.50405481e-03  6.14100806e-02
 -7.71349110e-03 -3.95662151e-02  1.75426621e-02  6.05184585e-02
 -1.53669193e-02  1.81923120e-03  6.77847862e-02 -3.67365638e-03
 -1.44435018e-02  3.23842326e-03 -2.63279676e-02  5.03877625e-02
 -1.39163025e-02  2.62059867e-02 -1.52259506e-02  6.43235072e-02
  2.62564272e-02 -1.90072674e-02 -5.40232845e-02  6.72705248e-02
 -1.57312062e-02 -5.89405699e-03  8.08247328e-02  1.22270711e-01
  4.23436165e-02  1.78221967e-02  3.08080744e-02  5.64247109e-02
 -5.30327037e-02  2.51761060e-02 -9.87679437e-02 -5.18398173e-02
 -5.76387905e-02  8.74785148e-03  3.77174467e-02  2.78271511e-02
  2.61799037e-03 -5.49681596e-02  1.33602098e-02 -4.26565558e-02
 -5.58645278e-02  2.98746047e-03 -1.08088866e-01 -1.10117063e-01
 -7.28777424e-02 -7.45077804e-02  1.90339312e-02  2.56309751e-02
  2.79428475e-02 -3.25539671e-02 -2.90492550e-02 -1.38080399e-02
 -1.19431885e-02  5.71139157e-03 -6.70623034e-02  2.29716511e-03
  1.13890417e-01 -5.24898432e-02  5.92209734e-02 -1.65187810e-02]"
465,Board,Governance,committee,4,0.533,"[-4.14831005e-02 -6.49114102e-02 -7.79282898e-02  4.21078317e-02
  3.88047239e-03  1.43630290e-02  5.20702861e-02 -1.64112169e-02
  5.41218668e-02  1.31711960e-02  4.32445761e-03 -4.13813591e-02
 -7.21352845e-02 -4.12652530e-02 -1.02091700e-01  1.66530404e-02
  9.37320478e-03 -2.04975419e-02 -3.28312665e-02  5.25383325e-03
 -6.23867102e-02  1.62399504e-02 -1.13322055e-02  5.90945929e-02
 -2.63915528e-02  2.13119928e-02 -7.38537088e-02  3.97116281e-02
 -8.01612437e-03 -1.15259282e-01 -8.15212727e-03  4.74700183e-02
  1.09478526e-01  3.01844981e-02  4.94973268e-03 -1.06755141e-02
  2.18560491e-02 -2.47360277e-03  7.07860366e-02 -1.09052891e-02
 -5.63650168e-02 -5.43868616e-02 -5.56871071e-02  3.20838355e-02
  5.62146713e-04  8.23829174e-02  7.03797713e-02  3.68087851e-02
  4.17171093e-03  8.34744945e-02  4.84492294e-02 -3.77071574e-02
 -2.47383378e-02 -1.71243809e-02  2.41742972e-02 -3.17458361e-02
 -3.74125615e-02 -5.23816608e-02 -4.35047457e-03 -1.18658915e-02
  3.04628666e-02 -3.37185562e-02 -6.37715906e-02  9.40640494e-02
  7.26348013e-02 -1.62924305e-02 -1.61560439e-02  1.84321329e-02
  5.92023060e-02 -6.19278513e-02  3.38913202e-02  8.23542359e-04
 -9.51333065e-03  1.47227850e-03  7.55336136e-03  1.75289288e-02
  6.80175722e-02  1.22341784e-02  1.15391739e-01 -1.01840518e-01
  2.43626274e-02  6.60355017e-02  2.76941583e-02  1.23085938e-02
  6.36857599e-02 -1.06910812e-02  2.06527505e-02  4.22661193e-02
 -3.05549316e-02  1.50515344e-02 -4.87184785e-02  2.57222522e-02
  7.05830678e-02 -5.21307513e-02 -1.24965593e-01  7.19667301e-02
 -2.41938923e-02 -1.34501206e-02  1.82683077e-02  2.43479162e-01
 -3.38081010e-02  7.11387023e-02 -6.18980415e-02 -4.93419915e-02
 -8.25820640e-02 -7.48917013e-02  1.53501406e-02  3.39671620e-03
  5.97951189e-02  1.73177198e-02 -2.62596216e-02  3.73625085e-02
  2.82436237e-03  2.37485208e-02 -8.89035873e-03 -5.74933365e-02
  2.25234553e-02  4.05000150e-02 -1.05299894e-02  4.12819125e-02
 -1.92544870e-02  4.76197014e-03 -4.95896973e-02 -2.02058256e-02
  1.85110923e-02 -2.75488310e-02 -3.69331799e-02 -6.30614589e-33
 -2.98811449e-03 -5.36609069e-02  2.87079234e-02 -1.73213482e-02
  3.04780435e-02  9.00268834e-03  5.06132618e-02 -6.93173036e-02
 -9.88399684e-02  2.61624847e-02  5.81879588e-03 -7.25888237e-02
  4.57451195e-02 -6.61789328e-02  4.96931449e-02 -5.58902370e-03
 -7.47753084e-02 -8.30850471e-03 -3.96739766e-02  1.43334772e-02
 -6.04667254e-02  1.31037042e-01  3.26513536e-02  7.88010284e-03
  4.74810041e-02 -3.18737850e-02 -8.23152363e-02 -1.18004028e-02
 -2.40331646e-02  4.21064124e-02  2.96765994e-02  1.71010010e-02
 -2.06112247e-02  1.87337864e-02 -4.48486907e-03 -8.32485687e-03
 -5.55096893e-03 -7.86508471e-02  5.96265644e-02 -6.24408200e-03
 -9.54462774e-03 -2.77736336e-02  3.58630121e-02  2.84942929e-02
 -4.10693064e-02  2.49122921e-03  5.52600175e-02  6.09186515e-02
  6.59865737e-02  2.19109822e-02 -3.28625962e-02 -3.79688442e-02
  5.98686822e-02 -1.03328034e-01  4.61147875e-02 -3.02104708e-02
 -4.95142862e-03  3.32566090e-02 -2.40014084e-02  1.76268369e-02
  4.64129001e-02  1.52883828e-01 -8.57376009e-02  7.63317123e-02
 -4.47860695e-02 -7.13961199e-02 -5.38122803e-02 -5.78566603e-02
  1.25204325e-01 -4.87997681e-02 -4.03420627e-02 -3.07308733e-02
  2.03830469e-02  3.33470441e-02 -4.64011133e-02 -3.46154198e-02
  1.12425892e-04 -1.09255956e-02 -5.30537590e-02 -3.59070301e-02
 -4.65557277e-02 -4.43788990e-02 -6.44169524e-02  2.44611390e-02
  7.04714656e-02  4.60711606e-02  2.26696618e-02  1.68325715e-02
 -2.08801264e-03 -2.44093481e-02 -1.19584359e-01 -3.48157398e-02
  1.16460830e-01 -1.65859461e-02  3.52343498e-03  4.11805022e-33
 -3.78323626e-03 -1.50061725e-02  6.45238394e-03  3.92173836e-03
  2.18983982e-02  3.63097480e-03 -5.67035973e-02 -1.36137158e-01
  9.75156017e-03  6.12630472e-02 -1.09854378e-02  4.76133428e-04
 -1.85379870e-02 -2.97552701e-02  1.34828454e-02 -2.76825335e-02
  1.90919731e-02 -4.56653163e-02 -1.57830082e-02 -4.65962142e-02
  6.23377040e-03  3.30630057e-02  6.30179942e-02  3.96932028e-02
 -2.85049435e-02 -1.16441958e-02  1.13432311e-01  1.80936474e-02
  4.48948285e-03 -1.63351633e-02 -7.38183931e-02 -8.30042362e-02
 -6.84543401e-02  1.75885521e-02  2.25906409e-02  2.24143453e-02
  5.50030470e-02  4.42147674e-03 -5.72639368e-02  2.82661971e-02
  8.11277255e-02  4.89421794e-03 -4.90166582e-02  1.16518810e-01
 -3.52272056e-02 -8.87456723e-03 -3.20378728e-02  9.16771963e-02
 -3.92573141e-02 -1.95656577e-03 -1.33041441e-01 -2.66936738e-02
 -6.75583375e-04  5.66430986e-02  5.81040457e-02  5.30416667e-02
 -2.05771383e-02 -4.02111076e-02  7.21804425e-02  3.64061333e-02
 -1.60319526e-02  5.18105552e-02 -5.56849688e-03  5.66551797e-02
  7.99235776e-02  2.46612411e-02 -9.16802138e-02  7.65039697e-02
  2.71051172e-02  7.26079792e-02  2.79783681e-02 -3.00286394e-02
 -3.93119715e-02  5.42696789e-02 -6.55409992e-02  4.69581364e-03
 -4.70774882e-02 -5.41004864e-03 -1.29321078e-02  2.11516060e-02
 -3.46276797e-02 -3.60757224e-02  2.92886868e-02  7.44177625e-02
  4.09884080e-02  1.54702906e-02  1.07972771e-01  1.20157413e-02
  1.43066961e-02  2.68772971e-02  5.64830452e-02 -5.81722260e-02
  1.53575599e-01 -1.22614820e-02  3.45236645e-03 -1.16564607e-08
  6.19004760e-03 -1.60301104e-04  1.52311092e-02 -2.22501196e-02
  8.21276382e-02 -1.24842532e-01 -4.00723852e-02 -2.18815841e-02
 -2.00091656e-02  1.01835340e-01  6.49664626e-02  2.20714435e-02
  3.99840660e-02 -3.00384443e-02  5.99642061e-02  2.29121069e-03
 -3.11545487e-02  8.37890133e-02 -6.63467124e-02 -3.58972847e-02
 -4.71023843e-02 -6.14511631e-02 -1.60750300e-02  6.08103760e-02
  2.62342636e-02  2.17692479e-02 -9.60220210e-03  3.34084667e-02
 -2.90828366e-02  2.48120241e-02 -1.01684909e-02  3.16992141e-02
 -2.26049200e-02 -2.60841697e-02  4.01983894e-02 -3.31341065e-02
 -7.99577907e-02 -4.98260781e-02  3.75737101e-02 -3.39610763e-02
 -5.20421043e-02  1.72888562e-02  3.23104486e-02  2.26622410e-02
  4.26431373e-02  1.60015421e-03 -2.79653398e-03  1.41059514e-02
  1.77156068e-02 -1.37614205e-01 -1.72766540e-02  1.39454175e-02
  1.23442505e-02  5.49048111e-02  2.67162547e-03  2.78266612e-02
 -1.82115901e-02 -3.52166709e-03 -3.06807663e-02  2.20522732e-02
  4.74436618e-02  1.18030965e-01  4.57200482e-02 -9.26298499e-02]"
466,Board,Governance,community,1,0.5045,"[-3.26424092e-02 -5.68686612e-02 -9.17509869e-02  5.91025241e-02
 -6.68028044e-03 -3.85844894e-02  1.10290378e-01  5.24865836e-03
  1.53759366e-03 -3.84987667e-02  6.69906735e-02 -6.02001660e-02
 -1.98568292e-02  4.61133346e-02  3.87798399e-02  1.28209963e-02
 -3.01668588e-02  9.45353694e-03 -5.04434481e-02 -2.29570959e-02
 -1.18661866e-01  3.60543989e-02  7.00768502e-03  5.71892932e-02
 -7.78890587e-03  6.53262660e-02 -2.68379170e-02  2.43234839e-02
  1.48450490e-02 -8.39401037e-02  9.28682741e-03  2.84017883e-02
  1.46764681e-01  1.62584167e-02  1.60099063e-02  1.44150266e-02
 -1.71944173e-03  3.13995183e-02  2.47103963e-02 -4.55752015e-02
 -1.30982809e-02 -4.29216884e-02 -2.32297964e-02 -1.25906034e-03
  2.90646357e-03  3.85366827e-02  1.83378402e-02  2.44642440e-02
  7.32727125e-02 -1.51738629e-03 -4.87903599e-03 -9.90077294e-03
 -4.45965827e-02  2.67095454e-02 -1.30282743e-02  3.16279568e-03
 -2.74212547e-02  5.16282767e-02 -2.49851332e-03 -9.37093422e-02
  4.96809520e-02 -2.86169406e-02 -2.49154586e-02  9.25146863e-02
  4.77713272e-02  1.51072862e-03  2.30470039e-02  7.13041052e-02
  4.71456759e-02 -1.18229233e-01  1.32134743e-02 -7.05547223e-04
  1.71808247e-02  2.78009679e-02  5.57497106e-02  6.12767832e-03
  3.98156680e-02 -8.35980698e-02  6.39782026e-02  1.69923492e-02
  4.78272066e-02 -1.54698808e-02 -4.04650532e-02  1.72102656e-02
 -5.84114455e-02 -4.50080112e-02 -3.32071632e-02 -1.62837468e-02
 -2.19624192e-02 -4.34412109e-03 -6.08588383e-02  1.00090824e-01
  1.06049553e-01 -2.71750130e-02 -1.25022203e-01  1.53344842e-02
  4.63504307e-02 -9.04486254e-02 -2.28223875e-02  3.09655070e-01
 -1.69012323e-02 -1.51726333e-02 -7.89348315e-03 -4.42775115e-02
  4.97398060e-03 -1.08751869e-02 -1.96473505e-02  7.00743645e-02
 -3.50982160e-03  3.75012979e-02 -5.47438376e-02 -5.93796466e-03
 -4.10271026e-02  9.23442002e-03  5.44442087e-02 -2.88792960e-02
  6.43294305e-02  4.44470011e-02  1.92361847e-02  6.74298182e-02
 -2.04449631e-02  1.95177887e-02  1.97196603e-02 -7.52818072e-03
  5.04552983e-02 -1.64076071e-02 -6.30030781e-02 -5.55008776e-33
  3.93541232e-02 -4.94861752e-02 -2.61683352e-02  1.85859371e-02
  4.12679389e-02 -7.35886442e-03 -7.66277732e-03 -9.87405796e-03
 -6.28727600e-02 -3.04214396e-02  1.43069029e-02  6.28755465e-02
 -2.68744235e-03  1.33879585e-02  1.03431925e-01  5.30898245e-03
 -3.70055586e-02 -3.12871002e-02  8.21236346e-04  1.10585978e-02
 -7.18494784e-03  7.38540385e-03 -1.36718352e-03  9.08418372e-02
 -7.01998547e-02 -7.58225545e-02 -5.41402260e-03 -5.76399714e-02
  6.69159889e-02  1.75079089e-02 -2.87164142e-03  6.61742091e-02
  1.17161935e-02 -4.11805138e-02  4.50077467e-02 -5.06368978e-03
  8.52383748e-02 -1.05176307e-01 -1.85679067e-02 -3.41923609e-02
 -2.06890814e-02  2.46710051e-02 -2.65882984e-02 -1.86586101e-02
  3.49331908e-02  3.34406756e-02  6.18062392e-02  3.30133960e-02
 -5.91601767e-02  6.03937544e-02 -5.26542217e-03 -5.92522360e-02
 -3.90895605e-02  7.10086748e-02 -8.62535741e-03 -4.08662744e-02
  1.00837564e-02  2.39141304e-02  1.68879572e-02 -7.25532994e-02
  6.10539354e-02  1.14688285e-01 -1.29225459e-02 -2.21491400e-02
  7.60883652e-03 -3.62347881e-03  5.79156093e-02  1.25397509e-02
  6.97276071e-02 -4.40189391e-02 -7.27593026e-04 -9.02937353e-03
  1.07317781e-02  1.05400115e-01 -1.50718978e-02  3.70102227e-02
 -8.14017355e-02  1.33674461e-02 -3.26706246e-02  3.21031734e-02
 -2.18939800e-02  1.51827151e-03 -7.99854547e-02 -1.12362474e-03
  6.31754994e-02  1.80660300e-02 -3.42344679e-02 -2.37123668e-02
  9.18332115e-03 -5.41526079e-02 -6.27108142e-02 -1.78846773e-02
  1.13007434e-01  7.37929791e-02  5.25843212e-03  4.13823088e-33
 -7.64895007e-02 -4.34470847e-02 -1.17506338e-02  9.42998454e-02
  4.98361848e-02 -6.05985560e-02 -3.64579111e-02 -8.53502229e-02
  7.55307823e-03  9.40200835e-02 -3.97836789e-02 -8.01276416e-02
  7.78820813e-02  4.63842601e-02  6.06242847e-03 -4.75802040e-03
  8.64438713e-02  8.74807034e-03 -3.86491567e-02  2.04348452e-02
 -1.50736691e-02 -5.46506047e-02 -9.36344564e-02  4.75349165e-02
  1.77137125e-02  1.16211195e-02 -1.96395814e-02 -1.01272419e-01
 -1.81444194e-02  1.31525602e-02 -3.79234441e-02  3.69280623e-03
 -1.03588193e-03 -7.49372020e-02  3.77527885e-02  7.82659948e-02
 -2.93081137e-03 -2.07802989e-02 -7.80743808e-02 -3.02151982e-02
  7.67357871e-02 -7.79265584e-03 -6.10453971e-02  6.81748316e-02
 -4.64122333e-02  2.96820756e-02  4.72884849e-02 -1.21239591e-02
 -1.02978880e-02  6.42194822e-02 -8.42678919e-02 -4.56746258e-02
  9.83053222e-02 -5.65002114e-02  5.89667959e-03  9.67761967e-03
  1.85580738e-02  3.30805294e-02 -3.34305428e-02  5.32601587e-02
  2.21887566e-02 -6.34400770e-02 -8.42696428e-02  1.09793670e-01
  5.64029701e-02 -3.05269528e-02 -7.92839099e-03 -2.05430016e-03
 -6.16824329e-02  2.03229785e-02  1.20224431e-02 -3.15545499e-03
 -3.20818797e-02  4.69032628e-03 -1.01878747e-01 -8.38135835e-03
 -4.34084758e-02  4.76243198e-02  8.57198797e-03 -3.17289568e-02
 -1.74446590e-02 -5.16688861e-02  1.36945443e-02 -5.25954273e-03
  1.66859701e-02 -5.80006130e-02  1.97558925e-02  5.27078621e-02
 -1.94217209e-02  2.34674867e-02  1.12010874e-02  2.59670950e-02
  1.05671575e-02 -7.83087686e-02 -2.02536080e-02 -1.32734588e-08
  2.57177837e-02  1.07631637e-02 -1.98522173e-02  4.08506282e-02
  8.32859054e-02  6.43424392e-02 -7.05011487e-02  3.21624801e-02
  4.92429994e-02  1.43590286e-01  4.11097556e-02  4.32268046e-02
 -4.29942310e-02  4.40829620e-02  3.55263166e-02  4.23681550e-03
 -2.38853712e-02  4.85636201e-03 -3.47905792e-02 -6.39952123e-02
  6.80838451e-02 -5.45209646e-02 -1.10719111e-02 -6.62392657e-03
  1.29051204e-03 -6.70655891e-02 -6.35323226e-02  4.21797708e-02
 -2.87740156e-02 -9.12778378e-02 -2.58680098e-02  1.48411905e-02
 -8.62016901e-02 -2.87547102e-03 -3.40817012e-02 -2.52925903e-02
  2.38970406e-02 -1.18220253e-02  2.76355911e-03 -4.75824885e-02
 -3.08458954e-02  2.49071382e-02  6.09909929e-02 -6.01555593e-02
 -3.88603471e-02  6.60417974e-02  2.53598634e-02 -1.78241879e-02
 -7.13162869e-02 -1.15688950e-01 -4.14105207e-02 -5.66897951e-02
  1.90149583e-02  5.92899583e-02  5.07316701e-02 -3.07815652e-02
  1.54349534e-02  1.06603533e-01 -2.66019125e-02  3.61906886e-02
  1.01338618e-01  6.49647936e-02 -2.72865612e-02 -5.97221404e-02]"
467,Board,Governance,fabs,2,0.4679,"[-5.12057431e-02 -3.32040153e-02 -5.60812689e-02 -3.77948061e-02
  5.22967055e-02 -3.54281589e-02  1.16635025e-01  8.53992105e-02
  3.29518877e-02 -2.25023739e-02 -8.09569582e-02 -6.68526515e-02
  6.67504687e-03 -6.25301376e-02 -7.57408217e-02 -1.12656727e-02
 -4.67248969e-02 -7.20862746e-02 -4.82607819e-02  1.66330300e-02
 -1.14948750e-01 -3.85279618e-02 -3.46774571e-02 -2.23901495e-02
 -2.76355240e-02  8.49393196e-03 -3.23555060e-03  4.78841970e-03
 -3.07287704e-02 -2.55454667e-02  6.52724579e-02  4.58473898e-02
  6.07857257e-02  4.19015549e-02 -5.01458766e-03  2.00273637e-02
  3.93418781e-02  1.60119180e-02  5.38548157e-02 -4.29268442e-02
  1.85200609e-02 -4.93801348e-02  4.00435142e-02  7.53557235e-02
  2.40630899e-02  1.03501238e-01  4.52770032e-02 -8.35881196e-03
 -4.53622406e-03 -1.76884595e-03  3.22028063e-02 -1.02392107e-01
 -1.17130920e-01  6.12580664e-02  4.73111309e-03  7.33911991e-02
 -4.35354970e-02 -3.17252316e-02  3.77080799e-03 -2.61358134e-02
 -3.30127515e-02 -1.58390254e-02 -4.10510972e-02  3.04207392e-02
  2.65158191e-02  8.60251486e-02 -6.22623824e-02  1.44038610e-02
  1.20269703e-02  6.24727048e-02 -1.58398726e-03  3.08464561e-02
 -3.60339619e-02  2.82505024e-02  2.57633422e-02  3.15928347e-02
 -3.64429764e-02  5.24748154e-02  8.43935758e-02 -2.32014917e-02
 -9.82168168e-02 -4.22760025e-02  2.51245517e-02 -6.46180613e-03
 -1.89248603e-02 -6.95122480e-02 -1.64243076e-02 -7.42614716e-02
 -6.84821680e-02 -1.13338698e-02  3.91598418e-02  2.06092782e-02
  8.38148370e-02  2.77461074e-02 -1.43838122e-01 -1.69915035e-02
  4.26067039e-03 -7.23938048e-02 -4.57958505e-02  1.88321248e-01
  2.28768885e-02 -2.57302932e-02  5.34747243e-02  3.03701852e-02
 -5.12937121e-02 -7.47269616e-02 -7.14745298e-02  7.92266503e-02
 -1.06047178e-02  4.22019176e-02 -7.83065110e-02  2.65389476e-02
 -3.54531445e-02 -3.74617614e-02  2.70362454e-03 -7.30772465e-02
 -1.20415436e-02 -6.66886121e-02  9.16083306e-02 -9.20464545e-02
 -2.25720908e-02  1.13246478e-01  3.56981531e-02  5.28487703e-03
 -2.25109309e-02 -9.85439718e-02 -8.33370388e-02 -5.05154968e-34
 -3.32339816e-02  7.20121106e-03  4.50704210e-02 -2.47939285e-02
  1.06013271e-04  9.57601797e-03  2.95209270e-02 -2.06372514e-02
  4.27123532e-02  6.01989031e-02  1.96986292e-02  5.09231761e-02
 -1.46625806e-02 -4.63098027e-02  1.04948945e-01  1.91382680e-03
 -2.48970632e-02 -2.74870452e-02  9.82975936e-04 -6.50081635e-02
 -6.84241345e-03  2.84412950e-02  4.91882898e-02  6.77322149e-02
 -1.65475570e-02 -7.83364400e-02  3.86574678e-02  1.50637329e-02
 -4.08927612e-02  5.99369332e-02 -7.71983201e-03 -3.37590091e-03
  2.99714680e-04 -5.30074257e-03 -6.22568689e-02 -5.62338680e-02
  7.26405298e-03 -2.87158582e-02 -3.38035822e-02 -1.65063236e-02
  5.16429171e-02 -3.55851725e-02 -5.58095910e-02  1.87609121e-02
  7.97080547e-02  5.02188094e-02  5.07564247e-02  1.01179682e-01
  4.22688276e-02 -3.30381817e-03 -1.34690534e-02 -7.05411062e-02
 -4.56824601e-02  9.56770107e-02  2.49964688e-02  6.59262165e-02
  6.02236995e-03 -2.15057489e-02 -3.08122542e-02 -2.48037484e-02
  1.15904383e-01  5.83647676e-02  4.21277396e-02 -3.21164122e-03
 -8.32946599e-02  2.34986488e-02  1.32687241e-02  1.60409156e-02
  3.30403410e-02  5.36862798e-02 -7.27871656e-02  2.10741162e-03
  1.18197203e-01 -3.25536095e-02  5.08373156e-02 -3.09714843e-02
 -7.23821903e-03  4.59601078e-03 -1.93176363e-02  2.91694179e-02
  5.66579029e-02 -3.73145789e-02  4.14762311e-02 -3.92492898e-02
  6.92507774e-02 -2.57998072e-02  1.38319610e-03 -8.45658481e-02
 -3.17504397e-03  3.80195379e-02 -8.25252607e-02 -4.37863544e-02
  3.99152674e-02  5.26255881e-03 -3.09384391e-02  2.65983074e-33
  3.61022465e-02 -5.87489419e-02  2.43476760e-02  6.24989793e-02
  6.18207157e-02 -2.59178262e-02  4.43868376e-02  1.66652966e-02
  6.59610033e-02  3.83939035e-02 -5.64206988e-02 -2.91475505e-02
  5.33202179e-02 -5.61449118e-02 -4.64080274e-03  1.46211758e-02
  1.19627612e-02 -3.00793792e-04  4.47132736e-02  3.54876891e-02
 -2.12586597e-02 -3.88539322e-02  3.35270017e-02 -3.81201040e-03
 -9.30095315e-02  2.64111534e-02 -4.58769081e-03  4.58251312e-02
 -1.95565578e-02 -2.61958782e-02  6.35881275e-02  5.06099313e-03
 -6.08198382e-02 -2.10630018e-02 -6.05900660e-02  2.97612995e-02
 -1.73020102e-02  8.90237987e-02  2.09814552e-02 -5.25976196e-02
  5.13763689e-02 -9.22259176e-04 -2.81017330e-02  1.07278243e-01
 -2.89294925e-02  1.79472622e-02 -6.03795275e-02  1.72780175e-02
  4.59403135e-02 -2.26629470e-02 -9.19709504e-02 -3.94750834e-02
 -1.00709349e-01  1.68874525e-02 -6.05437644e-02  2.98733655e-02
 -1.23977503e-02  1.55307548e-02  2.49082106e-04 -3.23553337e-03
 -2.15144269e-03  3.00691440e-03 -3.76717299e-02  4.39756960e-02
  9.57983360e-02 -2.13210545e-02 -6.52739629e-02  3.54796052e-02
 -2.94220615e-02  1.15835734e-01  9.02964026e-02  8.08068886e-02
 -9.96703729e-02  1.08876802e-01  5.98454364e-02  6.85531646e-02
 -6.92585409e-02  6.74102157e-02 -6.53653145e-02  2.38827523e-02
 -2.43838374e-02 -2.02481858e-02 -3.76365297e-02  1.35791764e-01
 -7.60677382e-02  3.66604589e-02 -5.95441647e-03  4.58438583e-02
  2.72506173e-03  2.41760281e-03 -3.71858589e-02  5.87160662e-02
  2.50527933e-02  5.93831623e-03  1.62391365e-02 -1.68868795e-08
 -1.55681837e-02  3.13843191e-02  1.10253040e-02  2.09569596e-02
  4.26209671e-03  3.62533517e-02 -1.01543806e-01 -9.76487622e-03
 -1.71433501e-02  1.09139755e-02 -1.20992698e-02  1.63668692e-02
  8.73451158e-02  6.70594126e-02  1.62690338e-02  1.27065815e-02
 -4.21290379e-03  1.15647221e-04 -2.39728279e-02 -6.05095085e-03
 -3.82130146e-02  4.74121347e-02  1.37041464e-01  7.43806586e-02
 -1.47773540e-02  2.01181266e-02 -5.44819683e-02  7.98944384e-02
 -2.11847238e-02  9.74842235e-02  6.85238838e-03  3.34014408e-02
  1.76779479e-02 -4.22948897e-02 -6.78981142e-03  7.37724155e-02
 -2.81432606e-02 -4.67719734e-02 -3.02723553e-02  4.82378760e-03
 -2.13529076e-02 -4.79104333e-02  6.50827121e-03 -3.84980142e-02
 -7.45677352e-02 -2.29516402e-02  3.32223177e-02  2.76393984e-02
 -5.25262095e-02 -9.73783284e-02  3.65273729e-02  3.16516683e-02
 -3.57892439e-02  6.33525848e-02  6.85977563e-02 -4.18910272e-02
 -3.21736708e-02  7.04211416e-05 -2.71579437e-02  3.35786864e-02
  1.17110170e-01  3.61139104e-02  1.86420958e-02  4.80349362e-03]"
468,Board,Governance,play,1,0.459,"[ 4.34834100e-02 -3.39043587e-02  2.45597698e-02 -5.94466887e-02
 -1.04132086e-01  5.61258756e-02  6.95894733e-02  3.51551622e-02
  2.85967402e-02  5.15401959e-02 -1.14639848e-02 -1.71078481e-02
 -2.12403815e-02  2.51022913e-02  8.16349760e-02 -1.54482331e-02
 -4.46178503e-02  3.80876064e-02  1.22643476e-02  8.18331353e-03
 -9.55990702e-02 -3.80935781e-02 -4.29305062e-02 -2.46957093e-02
 -6.33971766e-02  4.95320559e-02  8.07572529e-03  8.58009458e-02
 -5.04479147e-02 -7.32737780e-02  3.82458651e-03  1.87850893e-02
  3.82691547e-02 -2.38236375e-02 -1.17068216e-01  1.16198603e-02
 -4.18708334e-03 -8.64147991e-02  5.69708087e-03 -2.70712804e-02
  3.97357084e-02 -7.32676089e-02 -1.10319797e-02  3.09110396e-02
 -3.56559679e-02  3.69894765e-02 -4.86024283e-02  5.16085420e-04
  5.61316125e-02  6.63571525e-03 -4.40278500e-02  6.27214834e-02
 -4.33773808e-02 -1.04162553e-02  1.73272640e-02  6.30041212e-02
  3.62486416e-03  6.54104948e-02  3.41859534e-02 -8.80857371e-03
  3.87379043e-02 -2.73026209e-02  4.66409065e-02  3.39821354e-02
 -8.54462665e-03 -1.45122847e-02  2.24023145e-02 -1.92042943e-02
 -5.12740240e-02  2.59793969e-03  3.64645496e-02  1.12770749e-02
 -3.72919301e-03 -2.87187994e-02  6.94575906e-02  2.93645803e-02
  1.19409878e-02 -5.59332483e-02  3.60980704e-02  2.00560782e-02
 -3.08440253e-02  2.17515863e-02 -9.09341350e-02  4.60177325e-02
 -4.55535203e-02 -3.87613177e-02  1.31526950e-03  3.36351730e-02
  6.46958277e-02  2.11923793e-02 -5.23116812e-02  1.14469677e-02
 -1.27819078e-02  6.22360483e-02 -1.29148103e-02  1.50220925e-02
 -3.48264687e-02 -7.66167715e-02 -5.62043861e-02  2.75495350e-01
  2.75152698e-02  5.39212413e-02  5.51399067e-02 -6.11626031e-03
 -7.06647336e-02  2.02925522e-02 -6.67482987e-02  6.53174594e-02
  2.04037149e-02 -7.58879557e-02 -1.10946391e-02 -3.41019817e-02
 -3.59189920e-02  8.75369459e-02  3.59214516e-03  3.15955207e-02
  3.50173749e-02  1.24381259e-02 -1.06712673e-02  1.97390968e-04
  5.35639301e-02  4.61612120e-02 -3.10981013e-02  5.33041405e-03
 -3.46523821e-02 -3.04295421e-02  8.61804709e-02 -6.31715660e-33
  4.45176773e-02 -1.24133050e-01  2.09497809e-02  5.48985638e-02
 -9.29939374e-03 -2.27153767e-02  6.27077892e-02  9.78897419e-03
 -9.07369778e-02  2.78447233e-02  8.43677297e-03 -1.34833092e-02
 -1.36698112e-02  3.65630612e-02  8.40664580e-02 -3.13299196e-03
 -6.00391515e-02  5.47636449e-02  5.48120495e-03  3.51599529e-02
  2.74516661e-02 -4.51325998e-02 -1.31599223e-02  8.66591651e-03
 -3.95012312e-02  4.94911596e-02 -1.36738848e-02 -9.62403789e-02
  6.55377284e-02 -3.34363505e-02  4.74130455e-03 -1.19730644e-02
 -1.01846777e-01  1.80607159e-02  5.13476506e-02 -8.97929911e-03
 -8.16717446e-02  3.47270840e-03  5.20284579e-04 -6.59307018e-02
 -2.16718744e-02  2.13648491e-02 -6.48039281e-02  2.30306182e-02
 -1.03646917e-02 -3.08395959e-02  5.94010279e-02 -1.79135278e-02
 -8.39820951e-02 -1.05955619e-02  2.79403646e-02  4.85510714e-02
 -2.69798525e-02 -5.18272221e-02 -4.18681419e-03 -2.63030846e-02
  3.13507281e-02 -4.34239432e-02 -5.00277542e-02 -7.60400519e-02
  1.48912683e-01 -5.52337952e-02 -8.50367695e-02  7.56996050e-02
 -6.15518987e-02  2.06481107e-02  5.08471839e-02 -1.02139777e-03
  1.04597405e-01 -5.76313883e-02  2.47550812e-02  5.41926781e-03
  8.01761746e-02  2.93141268e-02 -4.65675555e-02 -1.72414128e-02
  1.45754023e-02 -2.66102012e-02  8.56621470e-03 -3.53732370e-02
  2.60625519e-02 -8.58330205e-02 -9.21111256e-02 -3.11151817e-02
  1.49901314e-02 -5.79511467e-03  4.23884997e-03 -1.19662076e-01
 -6.04918897e-02  3.16058174e-02 -9.92131010e-02 -4.50907537e-04
 -2.40153708e-02 -6.36642240e-03  1.69567745e-02  4.91255289e-33
  6.35958882e-03 -4.74370690e-03 -4.80641164e-02  1.46747741e-03
 -1.90682709e-02  1.37667190e-02 -3.90596362e-03  1.35826301e-02
  4.96732332e-02  5.34034148e-02 -6.67611435e-02  3.97223383e-02
  4.03026715e-02  4.49954951e-03  2.10208558e-02 -2.97578983e-02
  5.29081523e-02  7.59927481e-02  6.77024499e-02  4.07355987e-02
 -9.91515219e-02  1.29830120e-02  6.73841238e-02  9.53338761e-03
 -9.19165555e-03 -5.76149812e-03  1.14318110e-01 -8.27343960e-04
 -5.40978238e-02  7.16504678e-02  5.30366153e-02  5.07535934e-02
 -2.24315412e-02 -6.91617578e-02 -2.09631529e-02  4.75895293e-02
  9.83332247e-02  2.48987805e-02 -6.42502606e-02 -6.91438839e-02
  5.74981719e-02  5.26743904e-02 -2.56423783e-02  5.74240871e-02
 -1.23533327e-02  1.04674451e-01  6.10711463e-02 -2.15088725e-02
 -3.23090586e-03  7.38783032e-02 -4.80981879e-02 -1.90821644e-02
 -1.94277205e-02 -9.34088156e-02 -4.11634445e-02 -7.13306153e-03
 -3.25283594e-02 -2.63017155e-02 -2.67672893e-02  4.77289557e-02
  6.47878945e-02  8.33059475e-02 -7.57369995e-02 -1.18924342e-02
  1.81431361e-02  8.83937478e-02 -1.22213908e-01  6.58818113e-04
  3.35256867e-02  2.43325462e-03 -1.29637554e-01  5.20193689e-02
 -3.96163501e-02 -4.68218736e-02 -6.29107878e-02 -6.47312542e-03
 -1.28013268e-01  7.47458860e-02  5.80317751e-02  1.13740377e-02
 -1.43541778e-02 -4.68750447e-02 -3.88596617e-02  4.32015173e-02
 -3.45736854e-02  5.74527979e-02  4.10653837e-02  1.65022463e-02
 -6.08890802e-02 -4.16237563e-02  7.03700334e-02  7.74528012e-02
  7.10470453e-02 -3.65609787e-02 -1.05539116e-03 -1.38336569e-08
 -4.71302867e-02  7.39105940e-02  2.82736728e-03 -3.45945992e-02
 -1.69513766e-02  3.65857817e-02 -2.83818152e-02 -6.05185032e-02
  4.30399291e-02  4.36869934e-02  7.33062103e-02 -7.03368485e-02
  8.26060176e-02 -2.18864176e-02  1.19157098e-01  3.19002871e-03
 -1.84992068e-02  5.29338419e-02 -6.80065602e-02  1.19596608e-01
 -2.32094266e-02  8.83404259e-03 -2.87637822e-02  2.98474822e-02
 -6.37662187e-02 -3.58200260e-02  2.20544450e-02  2.79694982e-02
  2.92680021e-02  2.74488125e-02  3.75998467e-02  3.09115630e-02
  6.46667229e-03 -5.74219674e-02 -4.61448915e-03 -3.53112556e-02
  1.82112679e-02 -2.29168423e-02 -1.42550515e-02  6.40737340e-02
 -4.81403768e-02  2.88155340e-02  3.56242470e-02 -5.69129996e-02
 -7.38952234e-02  3.40557992e-02 -3.08211744e-02 -2.18610987e-02
 -2.79235635e-02 -1.10264318e-02 -2.65567144e-03  4.88767847e-02
 -2.40619630e-02 -9.18780977e-04  8.78501907e-02  1.24430899e-02
 -2.90541188e-03  7.57141858e-02 -5.81005290e-02  6.81477189e-02
  4.43708859e-02  7.42068468e-03  1.48585914e-02  2.92139146e-02]"
469,Board,Governance,top,4,0.4513,"[-5.94933666e-02 -5.05372230e-03 -6.91810697e-02 -5.40794730e-02
  2.66542900e-02 -2.25724857e-02  7.64950663e-02  1.30815595e-01
 -1.39404526e-02 -1.02902614e-02 -6.10211305e-02 -7.54897445e-02
  1.15435123e-02 -3.07705197e-02 -3.77226919e-02 -3.35670006e-03
 -5.36456984e-03  1.77230220e-02 -6.00377610e-03 -8.84513557e-02
 -4.27493155e-02  5.46163172e-02  9.29173268e-03 -8.71511176e-03
 -5.48194125e-02  1.84477996e-02 -7.03122020e-02  7.59133622e-02
 -3.58712226e-02 -1.17171757e-01  6.46330463e-03 -2.26993430e-02
  4.05385680e-02  9.90674645e-03 -2.27356218e-02 -2.10875086e-03
 -2.96909865e-02 -4.17364500e-02  4.16711792e-02 -3.53451110e-02
  1.04442304e-02 -4.92643304e-02 -5.03583737e-02  2.60844789e-02
  1.70497112e-02  5.08836359e-02  3.20840701e-02  1.39080524e-03
 -3.12311258e-02  1.43236117e-02 -3.01117003e-02 -1.49361175e-02
 -4.09447867e-03  1.43548101e-03  6.63306415e-02  6.94934055e-02
  1.23474421e-02 -6.52899295e-02  2.38483176e-02 -1.08383801e-02
  3.77241261e-02  2.60356348e-02 -5.05213328e-02  3.01363412e-02
  1.00190379e-01 -4.87465225e-02  4.51863371e-02  7.17218444e-02
 -6.16047569e-02 -2.17414163e-02  5.69361784e-02  3.14012989e-02
  1.87905300e-02 -6.29129484e-02  4.25053239e-02 -3.01131792e-02
  3.18394341e-02 -6.01920066e-03  7.90394172e-02  2.43780557e-02
  1.43506685e-02  2.85694040e-02 -5.28550148e-02  1.25980694e-02
 -3.24077047e-02 -1.74139738e-02  7.11323973e-03  1.31917177e-02
 -9.72694233e-02  3.31396796e-02 -5.83054721e-02  3.17190662e-02
  3.86886597e-02 -2.36354731e-02 -7.83697218e-02  3.78237180e-02
  2.01190561e-02 -6.47923201e-02 -1.04016013e-01  2.21434340e-01
  2.09549046e-03 -2.44512968e-02  2.88902745e-02 -2.61833146e-02
 -3.30971070e-02 -2.03189086e-02  5.58719896e-02  8.50524083e-02
 -9.66865104e-04 -3.40298377e-02 -3.21459658e-02 -4.13638800e-02
  3.90231200e-02  4.22661453e-02 -2.37220302e-02  6.29434688e-03
  4.99315597e-02  1.19709447e-02  7.23648518e-02 -9.48797017e-02
  4.82740588e-02 -3.03643811e-02  2.13200245e-02 -9.17772129e-02
 -5.59683405e-02 -3.82403866e-03  4.71577086e-02 -3.12256262e-33
  7.06220865e-02 -2.76753809e-02  1.78042073e-02  2.12336937e-03
  1.12802181e-02  1.01625146e-02  3.84452716e-02 -5.03110364e-02
 -6.42700642e-02  1.03514105e-01 -6.91806898e-02  1.52235311e-02
 -5.83307669e-02 -3.40950885e-03  1.00624368e-01 -2.17131362e-03
  1.44023951e-02  3.82254738e-03 -1.54049248e-01 -2.27682218e-02
 -3.42293680e-02  6.82121143e-02 -1.95796937e-02  4.98362482e-02
 -7.21671358e-02 -2.64940336e-02 -1.24005172e-02 -1.24840252e-01
 -5.24423495e-02  1.34053202e-02  8.66692699e-03  3.73180993e-02
  1.89176090e-02  4.41805013e-02 -5.04515553e-03 -8.28904007e-03
  5.28728627e-02 -5.65534383e-02  2.01149508e-02 -6.75661415e-02
  3.38690802e-02  6.11918233e-02  4.46019545e-02  5.04537635e-02
 -9.35969129e-02  6.54491186e-02  2.26891600e-02  1.83759872e-02
  4.03690152e-03  3.22765745e-02 -4.71856110e-02 -8.56631100e-02
  3.14601115e-03 -2.73886342e-02 -1.53392134e-02  2.27775499e-02
  1.49925202e-02  3.65226567e-02  2.54928842e-02 -2.41084769e-02
  4.96752374e-02 -1.35725075e-02 -6.23531006e-02  3.10206357e-02
  1.35547211e-02 -5.82734272e-02  5.37440255e-02  3.48597649e-03
  8.94314498e-02 -1.58309974e-02 -9.08697695e-02  2.64485031e-02
  1.02618016e-01  4.96378131e-02  2.01918334e-02  3.12244054e-02
  9.94486921e-03 -1.78328566e-02 -2.27511860e-02 -1.27530340e-02
  2.22739670e-02  1.58614852e-02  1.48653612e-02 -2.30501313e-02
  2.29102895e-02  1.58193633e-02 -1.58465076e-02 -1.15109095e-02
  9.85573605e-03  6.03376478e-02 -4.42816466e-02 -1.98418535e-02
  1.62972897e-01  1.81238819e-03 -1.16985589e-01  4.23807921e-33
 -3.36838551e-02  3.80266793e-02  4.00171392e-02  3.92837152e-02
  3.74377100e-03  4.30885144e-03  7.46347830e-02 -1.82582121e-02
 -5.88002913e-02  7.30922222e-02  3.36912684e-02 -1.92419756e-02
  7.08874390e-02  2.28305850e-02  1.05666429e-01  4.03208993e-02
  1.01720197e-02 -7.25890696e-02 -9.69798863e-02 -5.58292530e-02
 -4.26608026e-02 -8.13198537e-02 -4.49195467e-02 -2.18997803e-02
 -3.32804117e-03  6.19208813e-02  4.15368304e-02  8.36043432e-02
  3.06237563e-02 -2.98455693e-02  4.03864384e-02 -2.90713441e-02
 -2.26547178e-02  4.92682792e-02 -4.81471010e-02  1.54142559e-01
  4.91563007e-02 -6.33589178e-02  2.32754759e-02  6.26892671e-02
  6.17442764e-02 -3.75922881e-02 -9.69685242e-03  1.60949439e-01
 -3.72121483e-02  1.03654815e-02 -1.12796806e-01  2.21238267e-02
 -9.56592150e-03 -2.82469131e-02 -8.23347792e-02  1.08240061e-02
 -4.06230167e-02 -1.93367954e-02  4.38265465e-02  4.17145900e-02
 -3.64132933e-02  5.32026850e-02  1.76639426e-02 -3.19390818e-02
  4.55045030e-02  4.82439473e-02 -1.14630740e-02  6.19757175e-02
 -2.27871183e-02  5.02604358e-02 -2.29548924e-02 -4.04588878e-02
 -1.09604120e-01 -3.48540954e-02 -2.25165971e-02 -3.56303640e-02
 -1.20398477e-02 -1.41000364e-03 -1.48050804e-02 -4.25643250e-02
  5.95659157e-03  4.74817231e-02  9.72829945e-03 -9.22932103e-02
 -3.93976159e-02 -1.34776700e-02 -5.99266887e-02  3.82518582e-02
  1.81950964e-02 -1.62088368e-02  9.01532248e-02  1.87188592e-02
 -1.40855312e-02 -4.95861843e-02 -4.18597236e-02  5.02378605e-02
  4.63728141e-03 -1.19516044e-03 -3.82024981e-02 -1.28765620e-08
  1.78054143e-02 -6.81991652e-02  2.33406685e-02 -1.90583002e-02
  1.42372651e-02  1.01488583e-01  5.06204888e-02 -2.63161119e-02
  8.92552808e-02  2.18411777e-02 -1.74311716e-02 -6.20925007e-03
  2.84968708e-02 -6.09460063e-02  1.55783724e-02  2.29907259e-02
 -7.64704272e-02  1.12184845e-01 -8.75125173e-03 -2.44447142e-02
 -7.38437250e-02 -1.04565662e-03  4.30650897e-02 -2.86224894e-02
 -1.19915931e-02 -2.87336782e-02  7.20080873e-03  1.36374190e-01
  6.33065253e-02  3.63243967e-02 -2.45255902e-02  5.87294362e-02
  6.57824625e-04 -6.38482496e-02  1.06123285e-02  3.33995223e-02
 -7.23498017e-02  5.45281842e-02 -1.72576401e-03 -1.23942541e-02
  3.46794464e-02 -3.91957462e-02  4.21308354e-02 -4.72341571e-03
 -1.51361115e-02 -1.34521478e-03 -4.13750932e-02  1.12446044e-02
  1.09635070e-02 -8.12788028e-03 -6.24906383e-02  1.87857178e-04
  6.71403259e-02  6.99446201e-02  1.49570790e-03 -2.35895321e-04
  1.73145235e-02  2.30994001e-02 -5.98312728e-02  5.43023869e-02
  1.77088499e-01  9.39232204e-03 -1.18692443e-02  7.95641616e-02]"
470,Board,Governance,net,5,0.445,"[-3.55734453e-02 -7.89186060e-02  1.06426245e-02 -2.57309694e-02
  6.67672185e-03  3.51995043e-02  1.20898083e-01  5.89084774e-02
  2.82422695e-02 -3.34254291e-04 -4.43680361e-02 -7.46890809e-03
 -2.40884572e-02  1.89902037e-02 -3.93446945e-02 -1.27673494e-02
  5.10862563e-03 -9.78894308e-02 -1.53751196e-02 -8.90552253e-02
  1.35461730e-03  2.54989490e-02 -1.20659498e-02 -9.00392085e-02
  3.14397104e-02  5.69563126e-03 -1.65554881e-02  2.08130665e-02
  5.20866290e-02 -1.22973032e-01 -1.29241645e-02  4.69455607e-02
 -1.77720748e-02  4.80154529e-02 -4.97284159e-02 -8.04001912e-02
 -7.35942423e-02  4.92567942e-02  2.39023077e-03  1.10656852e-02
  1.93554442e-02 -2.63273623e-02 -9.92390979e-03  2.23064143e-02
  4.95267436e-02  2.96249203e-02  3.52678597e-02 -2.03422084e-02
  5.47806285e-02  6.07419806e-03  5.77570358e-03 -5.70897050e-02
 -3.62666883e-02  2.90632676e-02  5.53132929e-02 -1.94209423e-02
 -3.58701348e-02  1.99837778e-02 -5.44066615e-02 -1.03939446e-02
  1.01608232e-01  1.88289769e-02 -9.72885042e-02  4.70507741e-02
  7.72159621e-02  7.19763115e-02 -1.25196716e-02  9.39952880e-02
 -3.08763236e-02 -9.63011086e-02 -3.57414968e-02  3.42238769e-02
 -3.51651348e-02  7.95927569e-02  3.55657190e-02 -2.11182311e-02
  8.52122456e-02 -2.11442094e-02  6.23365156e-02 -1.43011948e-02
  2.39447635e-02  7.04274476e-02 -1.78937353e-02  3.12718414e-02
  1.90381687e-02 -2.02374030e-02 -7.95518979e-03  6.02591634e-02
  1.02303335e-02 -2.64469460e-02 -6.89484328e-02  2.77458690e-02
  4.63301018e-02  4.93440069e-02 -2.26828307e-02  2.15918496e-02
 -4.44653071e-02 -1.21377103e-01 -8.07944387e-02  2.29919329e-01
  3.28775565e-03  1.64565388e-02 -7.00371526e-03 -2.45491993e-02
 -1.62066612e-03  9.64350626e-03  3.06585114e-02  1.43173533e-02
  6.26191497e-02 -3.80768417e-03 -9.49581861e-02 -2.13241279e-02
 -6.24353178e-02 -4.13691550e-02  2.49397215e-02 -4.38213237e-02
  5.01203947e-02  3.49086598e-02  1.04900643e-01 -2.01895158e-03
 -6.48384839e-02 -1.15635237e-02 -7.85382390e-02  1.47421956e-02
 -8.53914674e-03 -1.28022330e-02  1.36252725e-02 -3.54082225e-33
 -1.36089455e-02 -2.64505856e-03  1.98583212e-02 -1.26675246e-02
  1.04093835e-01  4.84567741e-03  8.58943686e-02 -1.39147537e-02
 -8.90250280e-02  6.41540363e-02 -1.20096967e-01 -6.89385459e-03
 -2.18786951e-02  1.14073670e-02  1.61780506e-01 -4.45949510e-02
  5.49148358e-02  6.47176504e-02  3.20252739e-02 -8.64020642e-03
 -7.86524788e-02 -1.15649719e-02  3.28504667e-02 -7.32700294e-03
 -1.17927175e-02 -1.15904905e-01 -4.18115668e-02 -1.89395677e-02
  1.19137295e-01 -1.02885405e-03 -5.75878425e-03  2.91335136e-02
 -1.58484858e-02 -2.54704319e-02  2.92977765e-02 -3.34423594e-02
 -1.93285905e-02 -4.21799012e-02  8.99212882e-02  1.26171177e-02
 -5.68002462e-02  4.20986712e-02 -3.21257636e-02  7.66230922e-04
 -4.70497347e-02 -7.51995668e-03 -4.63784905e-03  7.60045424e-02
 -4.33031470e-02  4.61174883e-02 -7.88690522e-03  5.26621826e-02
 -5.12625501e-02 -3.22428532e-02  1.14011392e-02 -9.36522614e-03
  3.05874590e-02  3.63201164e-02  3.16826478e-02  6.95834309e-02
  7.61013702e-02 -5.09153213e-03 -6.56573847e-02  1.86819851e-03
  4.09971504e-03  7.88728998e-04  3.34930755e-02 -4.37618569e-02
  8.44161212e-02 -7.31217638e-02 -1.19575851e-01 -7.29763135e-03
  5.93809374e-02  5.31494953e-02  7.90212955e-03  6.07443005e-02
 -1.02034710e-01  2.75312411e-03 -3.10516320e-02  3.98297757e-02
 -6.57790750e-02  6.21791258e-02 -5.93936443e-02  5.08914422e-03
 -1.14305066e-02 -1.08326785e-02 -4.02494807e-05 -1.13516301e-01
  4.63240147e-02  3.46327089e-02 -4.13189791e-02 -1.22683616e-02
  2.16082055e-02  7.18096718e-02 -3.64425816e-02  3.50042602e-33
 -1.40943810e-01  1.09014269e-02 -1.40695870e-01  6.87465295e-02
 -2.13473034e-03 -2.19723862e-02  3.61522250e-02 -5.28337136e-02
 -2.99613327e-02  6.13723397e-02  4.14426811e-02 -2.81059798e-02
  4.82910499e-02  1.47102559e-02  3.28269452e-02 -7.45433569e-02
 -1.77613553e-02  5.36087668e-03  2.19476335e-02 -2.14867163e-02
 -7.65283033e-03  2.53451224e-02 -6.76664263e-02 -1.95595976e-02
 -7.05990614e-03  4.08757105e-02 -4.60089669e-02  7.14333355e-02
 -5.94479628e-02  5.72916754e-02 -4.06897217e-02 -1.80859230e-02
  1.21168317e-02  3.57121608e-05 -2.27518082e-02  8.74191299e-02
  1.14948690e-01 -3.55361104e-02 -8.10058694e-03 -6.88567874e-04
  8.76302645e-02 -5.98667301e-02 -3.48896123e-02  1.02088287e-01
 -1.09370649e-02 -4.69723865e-02 -7.36246109e-02  1.50510680e-03
 -1.00484630e-02  3.54896225e-02  1.37308741e-03  4.24124785e-02
 -5.73050790e-03 -7.64647052e-02  1.17340991e-02  4.50878255e-02
 -2.11318564e-02 -3.98203023e-02  5.14054410e-02 -3.20780687e-02
  1.17418617e-02 -7.84948170e-02 -6.14217632e-02  9.68130603e-02
  4.07425128e-02  5.03037609e-02  4.83463192e-03  3.56128365e-02
 -2.41384432e-02 -1.72538627e-02 -5.56752831e-03  7.61057809e-02
 -1.65395718e-02 -3.18300910e-02 -1.05379023e-01 -3.34882662e-02
  2.43166517e-02  1.02251925e-01 -4.43491898e-02  4.11443179e-03
 -4.07837890e-02  2.39468291e-02 -2.40274910e-02 -5.22493850e-03
  1.71124786e-02 -2.70247981e-02  9.25924629e-02 -6.20180834e-03
 -3.37847881e-02 -7.83701148e-03 -3.74085605e-02  9.97018162e-03
 -4.12561446e-02  7.30228797e-02 -6.93550380e-03 -1.11769864e-08
 -8.83987695e-02  5.91237918e-02 -3.16096134e-02  3.87098244e-03
  4.40773591e-02  8.02613329e-03  2.44216379e-02  2.34603491e-02
  1.37632899e-02  6.40969276e-02 -3.64035927e-02 -4.15540813e-03
  1.36507032e-02  2.70165298e-02  4.12309580e-02  3.27612348e-02
 -3.25306132e-02 -4.02869470e-02  3.33210221e-03  9.53344442e-03
  6.44901991e-02  2.64069345e-02 -6.24432741e-03  6.00167103e-02
  1.01284478e-02 -2.12364066e-02  4.28593159e-02  1.13521941e-01
  3.22641768e-02  3.28168236e-02 -5.23909181e-03  4.72031720e-02
  4.89061959e-02 -4.22652327e-02  4.32308298e-03  6.42168596e-02
 -5.26835695e-02  2.15952583e-02  1.98912621e-02  3.22892293e-02
 -3.44059616e-02  2.30621193e-02 -7.25296792e-03 -3.90150025e-02
  8.83859247e-02 -5.01988009e-02 -4.31364551e-02 -2.67878287e-02
 -2.22778600e-03 -1.10128067e-01 -1.20897386e-02  7.48359114e-02
  6.72949245e-03  4.36743014e-02  6.14879839e-02 -4.70927544e-02
  3.42928874e-03 -3.94643247e-02 -9.95515138e-02  1.37973025e-01
 -9.70093906e-03 -1.77703090e-02  5.02142776e-03 -1.60562452e-02]"
471,Board,Governance,team,2,0.4377,"[-1.02086686e-01  2.94455420e-02 -6.22371435e-02  6.23699604e-03
 -2.40372978e-02 -1.01394793e-02  1.40271589e-01  4.71199118e-02
  9.25389305e-02 -2.55319569e-02 -1.29434076e-04 -7.24092126e-02
  3.23624276e-02  2.11873241e-02 -1.04634352e-02 -4.29196171e-02
 -6.42352924e-02 -2.14252677e-02 -4.82456647e-02 -1.00303493e-01
 -8.68700370e-02 -4.87687886e-02 -3.93972471e-02  7.80959278e-02
 -5.52356653e-02  4.35375832e-02 -2.51498334e-02  5.34142414e-03
 -5.07049263e-02 -1.28488317e-01 -8.45532864e-02 -2.67758127e-03
  9.34174582e-02  1.80172995e-02 -2.62486823e-02  5.38475513e-02
 -2.00821459e-02  9.01520811e-03  1.84945539e-02 -1.01420016e-03
 -1.77105647e-02 -4.97408994e-02 -2.16425732e-02 -5.81465010e-03
 -2.34755054e-02  4.08374108e-02  5.05327918e-02  1.45607824e-02
  1.46215912e-02  3.91953103e-02 -8.13409872e-03  5.18356338e-02
 -2.93696895e-02  1.18055195e-02  6.81932792e-02  4.92009819e-02
 -4.22666967e-02 -3.36505659e-02  1.16987647e-02 -5.99139705e-02
  9.68110189e-02 -2.83211283e-02 -4.18087095e-02  4.45389859e-02
 -3.07566058e-02  5.01094609e-02  2.82998127e-03  9.63070616e-02
  1.07258894e-02 -6.66993856e-02  6.91148117e-02 -3.69573608e-02
  2.03777645e-02 -2.71902401e-02  6.35106191e-02  9.51599330e-02
  8.17338824e-02 -5.90328649e-02  8.79725367e-02  1.76204126e-02
  2.06884723e-02 -4.48118933e-02 -3.35364640e-02  4.45640013e-02
 -2.46090274e-02 -4.22501639e-02 -5.94846979e-02  4.63568419e-02
  9.79288202e-03  4.68554646e-02 -3.06323189e-02  3.37673426e-02
  9.32596549e-02 -7.59487448e-04 -8.26745331e-02  8.47632587e-02
  4.37146388e-02 -2.24247407e-02 -1.66509580e-02  2.19700813e-01
  1.04350911e-03  3.74287702e-02  7.53634004e-03 -1.23796612e-02
 -3.01874895e-02 -2.64940578e-02 -4.86275032e-02  2.43430566e-02
 -1.11714741e-02  7.04067713e-03  5.47438907e-03 -4.25696000e-03
 -1.15918308e-01  4.22092378e-02 -2.59978045e-02 -3.93292494e-02
 -3.38927470e-02  3.00562140e-02 -3.65033038e-02 -7.46848360e-02
  6.06925637e-02  3.21233347e-02  3.39062698e-02  1.12989629e-02
  4.89680804e-02  3.30011845e-02 -1.85032021e-02 -5.11156151e-33
  2.13493425e-02 -5.06332442e-02 -1.06936209e-02  5.93710877e-02
 -2.40235906e-02  3.69864218e-02  6.41427338e-02  3.20938565e-02
 -1.11114055e-01 -2.03866372e-03 -1.55826593e-02 -1.67093929e-02
  7.50761852e-02  7.12748431e-03  1.09014384e-01 -1.52899567e-02
 -6.59690872e-02  2.18179226e-02 -9.92931351e-02 -4.54729125e-02
 -6.29797503e-02  5.42823896e-02  3.11071351e-02  5.30766100e-02
 -9.56550911e-02 -3.33374739e-02 -5.30891903e-02 -7.59969503e-02
 -3.64122912e-02  2.42060982e-02  3.88818905e-02  3.82981226e-02
  1.29725616e-02  3.08582578e-02 -5.43192849e-02 -4.11379263e-02
  3.48173045e-02 -8.74371231e-02  2.14071199e-03 -6.53781183e-03
  3.83352526e-02  4.76091169e-03 -7.73325190e-02 -4.89269709e-03
  2.01362148e-02  3.04423049e-02  2.13315338e-02  3.09701497e-03
  5.41790761e-03 -3.63647094e-04 -1.52270431e-02 -6.12268113e-02
 -7.55036622e-02  5.77751175e-03  5.57657145e-02 -2.12163897e-03
  1.94111597e-02  1.69084389e-02 -1.92520060e-02 -1.21868718e-02
 -4.30483790e-03  8.54020119e-02 -9.21488274e-03 -4.70559252e-03
  3.66769992e-02 -6.65795431e-03  4.84199971e-02  2.67178472e-02
  7.62020648e-02 -1.04230069e-01 -3.26991938e-02 -4.13670167e-02
  8.97139683e-02  5.92674948e-02  3.72074023e-02  2.01590471e-02
  4.44231927e-02  7.70759359e-02 -2.10148264e-02  1.66837610e-02
 -3.83026190e-02 -7.00514987e-02 -4.19518016e-02 -2.03571413e-02
  7.19306944e-03  3.84420790e-02 -6.41008317e-02 -4.49690484e-02
 -4.24083732e-02  6.74867108e-02 -1.96550917e-02  2.83996370e-02
  5.62593117e-02  9.40768272e-02 -1.90536883e-02  3.45396387e-33
  1.49214165e-02 -3.87004614e-02  1.26809571e-02  4.07571159e-02
  9.82337669e-02 -3.42210419e-02  5.23337461e-02 -1.18049905e-02
  5.52593395e-02  1.27420470e-01 -3.38885151e-02 -5.75774871e-02
  4.85252775e-03  1.93776973e-02  5.93727408e-03  4.66586500e-02
  6.97929710e-02 -5.39196394e-02 -3.90274227e-02 -3.53196915e-03
 -7.63280839e-02 -3.38538215e-02  1.61769744e-02  3.99215147e-02
  1.42345894e-02  3.40205356e-02  4.46521677e-02 -6.16402440e-02
  1.73974950e-02 -2.43524928e-03  6.17760643e-02 -1.57066435e-03
 -3.20532843e-02 -4.87595871e-02  4.28172536e-02  1.13588013e-01
 -4.91328761e-02  1.20605733e-02 -3.57800536e-02 -7.64171127e-03
  5.41920774e-02  1.74514819e-02 -4.00479659e-02  1.04046173e-01
 -1.61463013e-05  1.12235202e-02  4.37846221e-02  9.62324534e-03
  1.60541702e-02  8.69828910e-02 -1.91592351e-02 -1.47911226e-02
 -2.63864566e-02 -2.73492672e-02 -4.21827361e-02  1.93273439e-03
 -1.14584574e-02 -1.38630616e-02  3.35363438e-03 -1.13653056e-02
 -1.56554803e-02  4.05682204e-03 -4.58477549e-02  1.15950435e-01
 -1.67315919e-02  1.40828546e-02 -4.40843254e-02  3.01993769e-02
  1.66890733e-02  2.51226313e-02 -3.24715674e-02  1.11519936e-02
 -1.19869811e-02  5.17858565e-02 -7.13215172e-02 -3.13932598e-02
 -1.68608606e-01  2.06039697e-02  5.86191639e-02 -1.23683608e-03
 -6.70634732e-02 -1.12011535e-02 -5.84327653e-02  9.31279436e-02
 -7.08256364e-02 -2.20825300e-02  5.72055876e-02  8.57314095e-02
 -1.39194299e-02 -7.09023851e-04  8.87347385e-03  1.38733974e-02
  2.09560804e-02 -3.94533910e-02  8.86813365e-03 -1.25898936e-08
  2.27370244e-02  4.32837978e-02 -1.12236198e-02 -6.02112105e-03
  5.39135896e-02 -1.99869741e-02 -6.63116947e-02 -7.08837155e-03
  9.19831172e-02  6.79313391e-02  7.61675090e-02 -6.99588330e-03
  3.44792083e-02  2.02567764e-02  3.59685533e-02 -1.78693086e-02
 -8.78213570e-02  7.39678070e-02 -2.92633940e-02 -5.09774573e-02
 -4.03177552e-02 -4.23922986e-02 -5.87112047e-02  2.20977403e-02
 -1.67111419e-02 -6.20080046e-02 -1.01558916e-01  6.29458427e-02
 -2.31007226e-02 -3.64047522e-03 -1.98391099e-02  9.10073295e-02
 -9.45108831e-02  6.18985407e-02  5.02369413e-03 -5.46795018e-02
 -6.24623615e-03 -6.83628470e-02  2.35302206e-02 -1.38537651e-02
 -2.12435126e-02  3.65521424e-02 -2.64020693e-02 -2.08526477e-02
 -1.25379022e-02 -2.25961115e-02  2.22164132e-02 -7.62906298e-02
 -1.00302890e-01 -1.48746550e-01 -1.43174110e-02  5.30233011e-02
 -1.79908164e-02  1.09018154e-01  3.22951749e-02  3.61224040e-02
 -3.42743807e-02  1.83447488e-02 -1.77779477e-02  2.21353639e-02
  1.23067103e-01  6.44580051e-02  9.57560074e-03 -1.84322987e-02]"
472,Board,Governance,chip,1,0.4337,"[-7.77243674e-02  4.51546200e-02 -7.71638677e-02 -1.61533169e-02
 -5.23131490e-02 -6.67521283e-02  1.45921215e-01  2.56380662e-02
  1.77066512e-02 -5.98797537e-02 -2.58205459e-02 -3.63279805e-02
 -2.68440004e-02 -5.36167026e-02 -7.15320408e-02 -4.44349274e-02
  2.41929404e-02  1.80689991e-02 -8.45881458e-03 -4.72681932e-02
 -8.31392333e-02 -3.06863543e-02  2.01668404e-02  1.03963250e-02
 -7.07529783e-02  8.55956376e-02  4.17987816e-02  1.83531754e-02
 -2.68541500e-02 -1.13930129e-01  8.77266675e-02  1.97966546e-02
  6.24392740e-02  1.03866700e-02  6.01002052e-02 -5.00267260e-02
 -7.39259720e-02 -3.75127010e-02  2.18046289e-02 -6.36195168e-02
 -1.39912944e-02 -8.84222835e-02  4.17371327e-03  7.95416310e-02
  1.78879444e-02 -9.07611474e-03  2.88689416e-02  1.93322655e-02
 -2.11814977e-02  1.68397445e-02 -2.11177450e-02  1.37751112e-02
 -2.51998864e-02  2.39653569e-02  6.13109432e-02  4.09674197e-02
 -2.70478632e-02  1.45821078e-02 -4.37715836e-02  2.27146763e-02
  7.14147650e-03 -1.69300288e-02 -7.10957721e-02  4.49742340e-02
  9.47990920e-03 -2.73885801e-02  1.40770897e-02  4.48490027e-03
  4.42904513e-03 -2.51944549e-02  5.87777793e-02 -1.95733216e-02
  3.47382128e-02  2.11378094e-02  1.25520900e-01 -1.67081617e-02
  1.15485184e-01 -1.23564508e-02  1.19625062e-01 -6.31982163e-02
 -9.01091937e-03 -1.11966237e-01 -4.86704856e-02  2.95417383e-02
  2.62080319e-02  1.95855275e-02 -4.21252614e-03  6.70065209e-02
  1.20007889e-02 -4.48117256e-02 -2.14978773e-02  2.64556222e-02
  3.25045804e-03 -5.70717603e-02  1.78132467e-02 -1.16861854e-02
  3.74195469e-03 -6.73221499e-02 -8.08918923e-02  2.14906454e-01
  6.33657351e-03  6.34467304e-02 -6.44393563e-02 -6.49043219e-03
  7.45607838e-02 -9.26102395e-04 -2.99707893e-03  5.56179322e-02
  9.19538178e-03  5.14821894e-03 -3.08331363e-02  6.79559484e-02
 -1.55475019e-02  5.58529273e-02  3.05747744e-02 -1.72168929e-02
 -1.18119176e-02  5.16370684e-02  1.12548709e-01 -2.94173434e-02
 -6.95590163e-03  3.69231887e-02 -1.01338685e-01  1.08181341e-02
 -5.25826812e-02  2.74016964e-03  1.64758433e-02 -4.70658130e-33
 -2.43342784e-03  9.29684471e-03 -2.54615415e-02 -6.08490258e-02
 -2.92779934e-02  2.68263370e-02  5.64038157e-02 -4.74764779e-02
 -7.85828605e-02  5.78576587e-02  1.35546261e-02 -1.06346406e-01
 -6.67767450e-02  1.40473321e-01  7.30193257e-02  5.53598627e-02
 -8.66531804e-02  1.19470004e-02  1.32894954e-02 -1.67534854e-02
 -4.70752046e-02  9.84043553e-02  3.01610250e-02  7.07435831e-02
  6.04372323e-02  5.60702570e-03 -9.19132009e-02 -5.49653620e-02
  6.53150901e-02  8.02617893e-03 -1.03010200e-02  3.49693000e-02
 -1.66063122e-02 -2.70510279e-02  4.99942340e-02  6.09990545e-02
  3.83653305e-02 -4.82032262e-02 -4.35076393e-02  2.08996553e-02
  2.90099885e-02  2.01887228e-02  2.52050441e-02 -4.95885462e-02
  1.06327059e-02 -4.46943529e-02  1.34789497e-02  2.93303356e-02
 -2.13281834e-03  5.94094656e-02 -4.31621186e-02  2.19544536e-03
  4.90032099e-02 -2.49563977e-02 -3.46948057e-02 -7.35596046e-02
  6.53608292e-02 -2.70574205e-02  8.16012174e-02 -3.30584869e-03
 -6.54017329e-02  3.48798782e-02 -5.99677041e-02  6.52989000e-02
  3.48543189e-02  3.29920389e-02  4.04521637e-02  2.11600345e-02
 -3.30696329e-02  3.40536088e-02 -5.96167101e-03 -6.57680333e-02
  3.39351855e-02 -4.15216014e-02 -8.78839195e-02  3.08638271e-02
 -7.03264102e-02 -1.59796923e-02 -5.82873709e-02 -2.27016397e-02
 -7.81389012e-04  8.57023697e-04 -9.54242703e-03  1.35567840e-02
  4.03818535e-03  8.65991786e-02 -2.30348427e-02 -4.78719324e-02
  4.27337438e-02 -1.62104145e-02 -8.26176330e-02 -1.49520747e-02
  7.17346817e-02 -6.86049163e-02 -3.00736837e-02  4.16182746e-33
 -5.78826182e-02 -5.07474132e-02 -6.74487138e-03  1.42497078e-01
 -2.82109920e-02 -1.11347191e-01 -1.21667618e-02  3.43168178e-03
  7.30121583e-02 -3.52780260e-02 -1.82312001e-02 -5.45699820e-02
  8.02608058e-02 -5.85349612e-02  3.47436070e-02  3.68052386e-02
 -7.42439851e-02  1.17400968e-02  8.14687461e-02  5.90518452e-02
  3.28359678e-02  1.10547887e-02 -3.07793058e-02  3.66838872e-02
  1.33578908e-02  3.50280479e-02  1.50203500e-02  8.37938711e-02
  7.46443681e-03 -7.46862143e-02 -2.09509358e-02 -8.71256068e-02
  7.90565014e-02  7.63592403e-03 -2.70410292e-02  1.28985181e-01
  7.13636354e-02  5.55121638e-02 -1.08841751e-02 -7.70509383e-03
  2.22644135e-02 -1.52110728e-02 -2.49555428e-02  1.98858649e-01
  9.01751127e-03 -3.65107916e-02 -1.63736697e-02  4.71670069e-02
 -5.75187393e-02  4.65080664e-02 -5.21656387e-02 -1.82891060e-02
  2.01234198e-03 -6.71539083e-02 -1.81551594e-02  3.66457365e-02
  4.68983874e-02  2.56978218e-02 -1.18164555e-03  6.86985720e-03
  5.66304550e-02  3.04206908e-02  4.08645980e-02  3.02548818e-02
  2.95057166e-02  8.18198826e-03 -2.24748850e-02 -2.94297468e-03
 -3.35672684e-03 -1.60071335e-03  8.00895616e-02  1.75313056e-02
 -2.65106969e-02  2.35742051e-02 -1.49233919e-02  1.38411280e-02
 -1.01334445e-01  7.00591654e-02 -5.12321154e-03  5.27940467e-02
 -2.82907896e-02 -4.04759273e-02  1.51017578e-02  9.75570306e-02
  3.82907242e-02  2.87765656e-02  4.35081050e-02 -4.15294105e-03
 -5.45301586e-02 -3.50864902e-02 -1.60063449e-02 -1.63986627e-02
  3.05146966e-02 -6.51293695e-02 -9.66832489e-02 -1.07378240e-08
  4.45692129e-02 -3.37723903e-02 -5.62462993e-02 -4.20880765e-02
  6.93655014e-02 -2.00761203e-03 -6.20752713e-03 -8.21164325e-02
  5.91192627e-03  3.80355753e-02  5.91217764e-02 -3.76774669e-02
 -1.28790690e-02  3.95644680e-02  2.40536146e-02  3.78329796e-03
 -5.22749722e-02 -2.45198347e-02 -5.94787374e-02 -3.25842947e-02
 -5.85454069e-02  8.86432901e-02  4.66058329e-02 -3.50351110e-02
  9.75527614e-03  1.28088584e-02 -3.14178728e-02  6.86565936e-02
  6.31024241e-02  4.84667830e-02 -4.60991897e-02  8.29972606e-03
  9.75500643e-02 -2.51623672e-02  1.00274406e-01 -2.26492696e-02
  6.03898950e-02  2.07973905e-02  5.64393662e-02 -3.26806046e-02
 -4.69874702e-02  3.22621269e-03 -4.02760468e-02 -5.31906933e-02
 -6.79236427e-02 -8.83715302e-02 -3.19253877e-02 -3.80835906e-02
  8.29203706e-03 -2.56997682e-02  5.88007411e-03  1.54747162e-02
 -4.12044264e-02  2.32957359e-02  2.35475749e-02  2.43801698e-02
 -7.17780143e-02 -1.34426765e-02  1.37921255e-02 -1.47714438e-02
  7.73778707e-02  2.90255118e-02  8.91281385e-03 -2.31255237e-02]"
473,Board,Governance,material,3,0.4282,"[-5.87220788e-02  2.23537814e-02 -8.56944360e-03  6.03480637e-02
  8.62029847e-03 -4.82765175e-02  2.06276223e-01  3.49735469e-02
 -1.41750481e-02  8.25156718e-02 -3.79802026e-02 -4.01729457e-02
 -1.11737885e-02  2.80840695e-02 -3.48029882e-02 -1.48787061e-02
  2.05729064e-02 -2.71384511e-02 -4.39731888e-02  4.75704111e-02
 -2.47743484e-02  6.18006587e-02 -3.53322621e-03 -1.36660719e-02
 -1.87055543e-02  1.11467578e-01  1.03830139e-03  2.59517692e-02
  8.66673216e-02 -1.27881289e-01  3.53309326e-03  6.43546879e-02
  2.53264718e-02  2.16518883e-02 -5.53481393e-02  2.11018845e-02
  1.76635832e-02 -4.51911092e-02 -2.33341139e-02  6.51323749e-03
 -7.15547204e-02 -6.93877339e-02  1.42925307e-02 -4.77320775e-02
  3.94324176e-02  1.44524192e-02  7.87913576e-02 -6.12839824e-04
 -2.31131613e-02  3.33126895e-02 -1.25540597e-02 -4.62048389e-02
 -5.11877378e-03  3.25199403e-02 -8.65156017e-03  4.77419198e-02
  2.80800238e-02  3.77325676e-02  2.46374886e-02 -2.63565965e-02
  7.20916092e-02 -3.03837620e-02 -5.69842346e-02  4.32594344e-02
  1.21580966e-01  4.06740606e-02 -2.08019204e-02  2.26968732e-02
 -9.49723739e-03 -2.82678138e-02  7.14999661e-02  2.80184411e-02
 -7.71605293e-04  1.45123554e-02  4.86115776e-02 -6.89629167e-02
  5.27870655e-02 -3.58466357e-02  4.48877327e-02  5.22100851e-02
 -5.59312887e-02  2.39901580e-02 -2.13991944e-02  1.05583128e-02
 -9.42256860e-03  3.23595330e-02  4.06463258e-02 -2.03961171e-02
 -7.28830621e-02  2.15539825e-03 -2.13116268e-03  6.97915554e-02
 -9.81966928e-02 -3.05944998e-02 -1.23269767e-01  3.06126494e-02
 -4.27501984e-02 -4.52043675e-02  3.55374813e-02  2.11598113e-01
  3.50648537e-02  4.99290638e-02  2.10935213e-02  1.68328881e-02
 -6.75806999e-02 -1.21724680e-01 -3.61074694e-02  2.12735906e-02
  3.71566005e-02  2.72445865e-02 -6.26328662e-02 -7.79959979e-03
 -1.03602819e-01 -1.47904342e-04 -4.80844900e-02 -4.41633798e-02
  3.71781848e-02  8.19456130e-02  2.28204578e-02  1.95821766e-02
  4.63376269e-02 -3.15470807e-02  2.84094978e-02 -1.30617060e-02
 -8.73730704e-02 -1.66805059e-01 -3.12648192e-02 -4.71232653e-33
  3.49496566e-02 -9.40347761e-02  1.80485882e-02  3.53444889e-02
 -2.43215654e-02  1.53421080e-02 -1.02398600e-02 -3.28196436e-02
  1.25418790e-02  3.89152840e-02  2.18074694e-02  6.58103824e-02
 -4.27860767e-02  8.73786956e-03  1.37876466e-01 -5.59220538e-02
 -4.32175361e-02 -1.55753084e-02 -4.74238060e-02  2.16885796e-03
 -9.90150794e-02  1.07900776e-01  4.88192402e-02  8.02760273e-02
  3.53513728e-03 -6.28573895e-02  1.33589730e-02 -9.80095789e-02
 -4.89289537e-02 -4.80480166e-03  1.84399150e-02  2.13182755e-02
  7.56056830e-02  2.12812386e-02 -3.74412872e-02  5.20835891e-02
 -4.49281894e-02 -3.53412442e-02  6.92121163e-02 -2.68653855e-02
 -4.72778641e-03  1.14621886e-03  9.89271402e-02  3.01737301e-02
 -4.92811874e-02 -9.79177887e-04  8.96998271e-02  6.62780879e-03
 -8.71265531e-02 -2.89362855e-02  4.61657755e-02  5.65934600e-03
 -1.41520528e-02 -6.50844052e-02 -1.04262363e-02  2.11211257e-02
  4.19909954e-02 -1.25920800e-02 -1.33702904e-02 -3.73843648e-02
  9.98559371e-02  4.65018339e-02  3.87276858e-02  7.69164704e-04
 -2.95474138e-02 -3.48839238e-02 -3.32105532e-02  5.31454943e-02
  6.86687753e-02 -4.38725911e-02 -5.66388294e-02  2.01146863e-03
  1.09968223e-01  3.81469466e-02 -2.62537971e-02  2.31112465e-02
  7.01476727e-03 -4.74226773e-02  1.23347919e-02 -1.18880831e-02
 -1.30400747e-01  1.23732528e-02 -8.10790285e-02 -6.53695911e-02
 -9.42710415e-02  3.62892486e-02  1.10597666e-02 -5.37472554e-02
  4.28693742e-02  1.77634433e-02 -6.43452853e-02 -4.19026427e-02
  2.24971282e-03 -5.10777682e-02 -3.23392153e-02  3.54396669e-33
 -1.74615048e-02 -4.46234457e-02 -1.24184061e-02  1.49911568e-01
  5.63176125e-02 -4.89047691e-02 -3.87647515e-03  4.81601134e-02
  2.62210835e-02  4.93125543e-02  1.96339227e-02 -6.80899620e-03
  5.43461516e-02  6.27579540e-03 -6.34420756e-03  7.57126138e-02
  4.41033542e-02  4.18489650e-02  4.23701406e-02 -3.06975469e-02
 -3.80412415e-02 -6.69257808e-03  1.21867182e-02 -3.58300768e-02
 -8.41826424e-02  3.29792872e-02  1.85032450e-02 -7.96219110e-02
 -5.43230288e-02  7.44935591e-03  1.36666158e-02 -1.03137322e-01
 -3.07624079e-02  5.71087487e-02  1.21733546e-02  2.35621091e-02
  9.25952494e-02  8.90608784e-03 -5.96272536e-02 -8.07052776e-02
  8.13578889e-02 -2.23374479e-02  9.19606239e-02  6.54246956e-02
 -5.60423955e-02  2.34097484e-02  7.81991519e-03  4.95705707e-03
  3.84086855e-02  2.95779668e-02  5.98331355e-02 -7.17751449e-03
  2.21398324e-02 -5.56288697e-02  7.53887929e-03  7.01515144e-03
 -1.23090178e-01 -9.62579856e-04 -2.28169151e-02  3.55264507e-02
  1.13004800e-02  7.43001774e-02 -1.56271849e-02  7.48819346e-03
  2.45890953e-02  2.59207580e-02 -4.22010757e-02 -6.80769980e-02
 -1.01037115e-01  2.07579024e-02  1.31769508e-01  4.59340066e-02
 -1.91892218e-02  2.13905629e-02  6.55146968e-03 -6.96228221e-02
 -2.79039014e-02  2.33366783e-03 -4.32276204e-02 -2.94366535e-02
 -1.94916185e-02 -2.96990070e-02 -9.63003710e-02  5.90687580e-02
 -9.83963534e-03 -3.50532238e-03  2.97764968e-02  3.21601555e-02
  1.07720839e-02 -2.83126868e-02 -2.84303678e-03  6.74048737e-02
  3.62485722e-02  4.63272296e-02 -5.50590158e-02 -1.32829809e-08
 -7.90007319e-03 -3.46125253e-02 -1.48613285e-02 -1.01201929e-01
  2.49845069e-02  7.48709310e-03  4.38831262e-02 -4.31640483e-02
 -5.95880719e-03 -5.67901600e-03  1.60543490e-02 -1.09414598e-02
  9.64960828e-03  4.86102700e-02  4.90329228e-02  6.37399498e-03
 -6.74229413e-02  1.56797543e-02 -5.78626320e-02 -4.51476760e-02
  2.91486904e-02 -1.22701917e-02  5.75427245e-03  4.44796830e-02
 -1.28863491e-02 -1.70717819e-03  4.33490751e-03  7.49869272e-02
 -2.94915549e-02  1.18103936e-01 -2.24662945e-03  3.10200546e-02
 -4.94587906e-02 -4.06127563e-03 -6.15676343e-02 -7.13190855e-03
  8.78866762e-02 -7.98310488e-02 -6.28691725e-03  1.88034289e-02
 -1.23770572e-02 -1.59221925e-02  3.07829678e-02  5.89498541e-06
  4.53617200e-02 -1.82903428e-02 -6.74657077e-02  3.17807198e-02
 -1.43171363e-02 -9.78586078e-03  1.51148755e-02 -1.96022708e-02
  2.62364410e-02  7.61153698e-02  2.44644545e-02 -4.46194457e-03
 -4.47408063e-03  5.15806768e-03 -1.91191528e-02  1.29365036e-02
  4.69588675e-02 -6.97053522e-02  7.56474435e-02  2.34184843e-02]"
474,Board,Governance,party,2,0.4248,"[-7.33442605e-02  3.23197320e-02 -1.83208045e-02  4.01495397e-02
 -3.84978950e-02  3.85666937e-02  1.28213614e-01 -3.05711646e-02
  9.80079826e-03 -1.36498397e-03  2.34744381e-02 -6.11619093e-03
 -9.71500576e-03 -2.38604639e-02  3.24771889e-02 -3.04385670e-03
 -2.00941935e-02 -2.29645148e-02 -3.32117677e-02  4.01836187e-02
 -1.52590171e-01 -8.47852007e-02 -3.29012088e-02  5.68068400e-02
  5.51099069e-02  7.95580447e-02 -1.28866024e-02  2.34031361e-02
 -2.00564027e-05 -8.69658813e-02  3.98175977e-02  7.46399760e-02
 -2.78551765e-02  2.73558106e-02 -4.22281809e-02 -2.86068525e-02
  1.39169591e-02 -5.96163608e-02  3.89072881e-03  3.45486179e-02
 -3.07453014e-02 -1.47515545e-02 -3.13606858e-02 -1.08328555e-02
  1.66058261e-02  1.38933733e-02  4.62583750e-02  4.21540104e-02
  4.12749872e-02  7.16501102e-02  6.56081289e-02  6.31351992e-02
 -4.36097197e-02  8.74171220e-03  6.08168244e-02 -6.81626126e-02
 -2.45550107e-02 -3.22233178e-02 -4.65473533e-03 -1.11091733e-02
 -3.04572806e-02 -3.01565486e-03 -3.25241424e-02  4.00608592e-02
  2.23994590e-02  7.39463558e-03 -1.62166022e-02  7.23285452e-02
  1.95046719e-02 -4.53977287e-02 -1.84851922e-02  1.74072944e-02
  7.08730668e-02  2.81876279e-03  6.13326356e-02 -9.20111611e-02
  2.20919792e-02 -2.91962400e-02  4.81972471e-02  8.27962384e-02
 -1.08415252e-02  3.73869948e-02 -4.28987890e-02 -3.66573185e-02
 -1.20066889e-02 -6.09406009e-02 -1.00250170e-02  6.74190670e-02
 -9.16871056e-02 -1.57648399e-02 -1.54877782e-01  2.76750475e-02
  4.48555909e-02 -1.83672886e-02 -4.39549312e-02  6.39540553e-02
 -5.56887239e-02 -3.69622409e-02  8.55775550e-03  2.51804680e-01
 -2.23082509e-02  8.79292339e-02  5.69629483e-03 -1.92049742e-02
  1.85129270e-02 -5.36962077e-02 -6.12163451e-03  6.08194545e-02
  5.14080785e-02  3.25255725e-03 -2.58829370e-02 -4.80488501e-02
  7.48311877e-02  1.03830891e-02  4.55968827e-02 -1.13568157e-02
  5.43498434e-03  7.84582924e-03  1.01862708e-02 -4.46943417e-02
  5.26014343e-02  1.99584030e-02  3.65757644e-02 -1.04655027e-02
 -5.86941913e-02  3.57856927e-03  1.31250331e-02 -5.84599863e-33
  5.56401238e-02 -1.02595240e-01 -2.38763858e-02  9.60083082e-02
  4.70868088e-02  7.41967112e-02  1.74886156e-02 -4.32220921e-02
 -1.79565307e-02  4.41172048e-02  7.53176538e-03 -8.37235749e-02
 -1.20388325e-02  2.78707128e-02  9.84107405e-02 -3.99567485e-02
 -5.43274768e-02  9.19286311e-02 -2.76801139e-02 -2.46431697e-02
 -6.82388172e-02  5.82810082e-02  4.39873151e-02  8.98975432e-02
  9.81843658e-03 -6.02427730e-03  2.71304846e-02 -3.02215870e-02
  1.99358221e-02 -7.46464590e-03  3.82699333e-02  8.19248520e-03
  3.70850414e-02  6.36371598e-02 -3.13381925e-02 -5.36028259e-02
 -1.09651079e-02 -1.10935047e-01  7.94131868e-03 -5.09617031e-02
 -2.13701166e-02 -8.49202368e-03 -4.55759466e-02  3.43609750e-02
 -4.26161960e-02  2.77820528e-02  8.82260203e-02 -8.87509435e-03
 -6.11170232e-02  4.89289202e-02 -4.99053765e-03 -1.43032977e-02
  3.08478475e-02 -6.62745163e-03 -2.39348672e-02 -3.87448594e-02
  5.07809501e-03 -8.45905319e-02 -2.21378934e-02 -7.21532330e-02
  1.16963699e-01  3.45459282e-02 -9.68011469e-02 -4.90708761e-02
  9.96925682e-03 -3.25755514e-02 -3.10884546e-02 -5.98188601e-02
  1.01020612e-01 -4.40634266e-02  2.31727008e-02  1.59616414e-02
  1.19893369e-03 -9.25055519e-03  1.79598108e-02  5.75981624e-02
 -1.52290538e-02 -2.22810935e-02 -2.18978096e-02  4.16691834e-03
 -3.96686159e-02 -6.74211979e-02 -2.65934616e-02 -1.76156871e-02
  1.78442821e-02  4.75417115e-02  2.24300120e-02 -7.86222890e-02
 -3.68537754e-02  1.71096101e-02 -1.02194548e-01 -1.10765342e-02
  8.61207023e-02  1.47736361e-02  6.28881529e-02  4.18606579e-33
  1.32898120e-02 -4.36299443e-02 -7.02700913e-02  1.80925168e-02
  9.60258767e-02 -1.75623205e-02 -2.21525580e-02 -9.17991102e-02
  6.71274737e-02  2.70627290e-02 -4.51729149e-02  9.35559254e-03
  1.11157499e-01  6.50001923e-03  9.63227227e-02 -3.03111486e-02
  6.89931437e-02  6.38461486e-02  3.63813452e-02  5.95234670e-02
 -4.36448120e-02  1.65264551e-02  1.95221175e-02  1.33598857e-02
 -2.80011576e-02 -1.63450604e-03  8.29204023e-02 -1.23448990e-01
 -1.94327272e-02  3.43824066e-02  1.72016360e-02 -5.08691333e-02
 -7.58252293e-02 -4.24081199e-02  1.72465071e-02  8.02504122e-02
 -4.49760780e-02  3.63535881e-02 -9.52144638e-02 -4.53922637e-02
  3.54613401e-02 -1.75111108e-02 -1.77813228e-02  1.01141416e-01
 -6.00638762e-02  4.10571918e-02 -1.19379997e-01  6.59738705e-02
  7.30887009e-03  5.66103868e-02 -9.85290632e-02 -5.42650232e-04
  3.78142111e-03  3.21588339e-03  5.65681932e-03 -2.14139484e-02
 -5.41417189e-02 -1.44786928e-02 -1.50534166e-02  7.15097040e-02
  2.53580380e-02  4.98639159e-02  2.52509359e-02  3.60418148e-02
 -1.85661986e-02  1.52221685e-02 -8.64495635e-02  5.55446371e-02
  3.34602296e-02  6.59793466e-02 -1.63165480e-02  3.56869996e-02
 -6.21816553e-02  1.35758698e-01 -1.85795277e-02 -5.93239740e-02
 -5.48216589e-02  5.75098693e-02  5.77627048e-02 -4.11404781e-02
 -2.50235815e-02  2.17552409e-02  5.76625054e-04 -2.25195587e-02
 -6.48881942e-02 -8.25668424e-02  1.43902689e-01  3.90132815e-02
 -4.90897074e-02 -3.53798829e-02  3.25895548e-02 -3.43630416e-03
  4.50195186e-02 -2.49054283e-02 -3.00571397e-02 -1.25734285e-08
  5.22868708e-02  5.79180522e-03 -4.09843400e-02 -7.00102523e-02
  3.10411397e-02 -2.55010221e-02 -5.57696745e-02  1.99972019e-02
  4.15174924e-02  5.65363169e-02  7.35237747e-02 -2.09741965e-02
  6.23460114e-02 -1.28143337e-02  4.30394672e-02 -2.95700841e-02
 -4.89257760e-02  4.33490705e-03 -6.26282319e-02 -1.89630613e-02
 -2.62734815e-02 -1.97005607e-02  1.08403014e-03  6.37637302e-02
 -3.77482921e-02  1.86170824e-02  3.04857194e-02  8.95094797e-02
  2.47912784e-03  2.30228677e-02 -2.82187127e-02  2.93256287e-02
 -9.26066339e-02 -2.84703933e-02 -2.53408123e-02 -2.52061822e-02
 -2.79695559e-02 -4.70181108e-02  1.20347207e-02  1.54962912e-02
 -3.13945450e-02 -2.08828487e-02  7.61277452e-02 -5.87670431e-02
 -3.17460075e-02  3.57644968e-02  2.58665476e-02 -2.81052459e-02
 -7.71740898e-02 -6.52460530e-02 -3.63261700e-02  4.63916026e-02
 -2.16745902e-02  5.35102300e-02  6.75051473e-03 -2.18435209e-02
 -2.02787928e-02  5.46626449e-02  1.65903997e-02  2.92177517e-02
  8.43871906e-02  1.16174608e-01  9.00945067e-03 -2.66215354e-02]"
475,Board,Governance,business,5,0.4159,"[-6.72328845e-03  5.95008731e-02 -3.12834457e-02 -1.46559514e-02
 -9.14382264e-02 -1.31095815e-02  1.14547506e-01  5.72272856e-03
  5.11534102e-02 -5.07223271e-02 -9.78785611e-05  3.20675946e-03
 -2.00384595e-02 -1.96989495e-02  4.88182623e-03 -3.88164669e-02
 -1.88203622e-02 -3.03307027e-02 -9.81239900e-02 -4.50929590e-02
 -1.13528930e-01  2.11118199e-02 -7.11427480e-02  1.19624976e-02
 -2.54580490e-02  6.51033372e-02 -2.01934148e-02  2.70911288e-02
  2.46974360e-02 -1.15710869e-01 -6.60479162e-03  4.44966964e-02
  1.04822583e-01  2.31086556e-02  5.38772764e-03  1.97690092e-02
 -4.89035482e-03 -3.28214057e-02  9.61310938e-02  1.42211253e-02
  8.04580189e-03 -9.45822820e-02 -9.43628997e-02 -2.69667339e-02
  1.24407895e-02  8.23658425e-03  3.05997636e-02  1.95940807e-02
  6.66870475e-02  3.83578241e-02 -4.17516716e-02 -1.10838041e-02
 -2.62214355e-02  3.54201272e-02  6.33814139e-03 -3.23167699e-03
 -6.00727051e-02  1.70497305e-03  1.11178984e-03 -6.11388050e-02
  8.43082815e-02 -5.23603102e-03  5.34569612e-03  2.75304466e-02
  5.31865060e-02  4.37809154e-02 -6.42373264e-02  7.15777129e-02
 -1.18367940e-01 -4.46073636e-02  8.37187245e-02 -5.19884117e-02
 -7.00210929e-02  5.18757477e-02  4.05245088e-02 -7.76389167e-02
  5.79783469e-02 -2.99022812e-03  5.68272024e-02 -2.01509651e-02
  3.84919122e-02  1.29799927e-02 -9.68651548e-02  6.29304126e-02
 -7.47640058e-02 -3.63083333e-02  2.30353791e-02  5.94456606e-02
  6.43917695e-02  1.36421714e-02 -4.56992015e-02 -5.03942482e-02
  2.41248813e-02 -1.00576524e-02 -7.22754002e-02  2.96641663e-02
 -2.66810730e-02 -6.11667112e-02  1.63142737e-02  2.69207478e-01
  2.30495986e-02  7.11534992e-02  2.09855549e-02 -7.75647210e-03
 -5.02380095e-02 -2.65977755e-02 -2.19228733e-02  7.09413961e-02
 -3.51571920e-03 -3.04035507e-02 -4.89510074e-02  1.23466114e-02
 -5.19865006e-02  1.44284070e-02  2.46115611e-03 -2.09934060e-02
  9.52104665e-03  2.19688732e-02  7.95353428e-02 -2.67094094e-03
  1.41171627e-02  1.10985354e-01 -2.59088501e-02 -4.15771939e-02
 -1.00756995e-01 -9.91118178e-02 -2.10773684e-02 -5.26287629e-33
 -1.95315555e-02 -5.62942363e-02  2.68325657e-02  8.00702870e-02
  1.44257732e-02  5.52247949e-02 -3.29193077e-03 -9.61289916e-04
 -5.89947589e-02  1.14519581e-01 -8.71033408e-03  7.24855810e-02
  3.09660900e-02  2.35705916e-02  1.34438783e-01  4.04674187e-02
 -2.02558786e-02  4.27438095e-02  2.88681891e-02 -3.37164178e-02
 -2.31856247e-03 -1.26010710e-02 -2.01893784e-02  4.21781018e-02
  1.25602465e-02 -2.90447921e-02  1.20264366e-02 -6.64832117e-03
  6.93591982e-02 -4.72723693e-03  1.00143358e-01  1.28670819e-02
 -3.37249693e-03 -6.44557364e-03 -4.14984077e-02 -5.18122725e-02
 -3.44035588e-02 -9.13646817e-02  9.78476647e-03 -5.21974191e-02
 -1.07853867e-01  8.52124579e-03 -4.92977351e-02  2.79037300e-02
 -3.73868942e-02  8.25425088e-02  4.15625535e-02  1.23083591e-02
 -2.42179679e-03  9.60745476e-03  8.55997298e-03 -1.43610081e-02
 -9.50097479e-03 -1.81244221e-02  2.62699258e-02 -7.29391724e-02
 -8.80723912e-03 -7.34148100e-02 -3.64239030e-02 -9.64478124e-03
  1.08777381e-01  7.40861297e-02 -5.06748483e-02  5.09435497e-02
 -3.20411026e-02 -2.18132487e-03  2.45174617e-02  5.66331204e-03
  6.77381307e-02 -8.84807631e-02 -1.48961516e-02 -5.74735738e-03
  5.54461293e-02 -2.56516621e-03 -2.53313337e-04  8.56991932e-02
 -3.24760415e-02  3.09107043e-02  2.20199842e-02  2.64665037e-02
 -1.34867160e-02  1.18317856e-02  6.23096004e-02  4.41086814e-02
  4.06668074e-02  6.68133274e-02  3.24245989e-02 -7.62052685e-02
  6.63366215e-03  7.57526681e-02 -1.31247371e-01  9.26004350e-02
 -3.55803750e-05  9.52477604e-02  6.68318849e-03  3.38985865e-33
 -1.60014760e-02 -3.47659402e-02 -2.46371944e-02  4.10754606e-02
  1.41287558e-02  1.34546519e-03  4.57587354e-02 -4.21891846e-02
 -1.02097327e-02  8.29491690e-02 -1.06639877e-01 -9.56875607e-02
  5.17988298e-03  7.81034008e-02 -1.57665685e-02 -5.44381402e-02
  1.45576179e-01 -2.37396415e-02 -3.22429463e-02  3.23393270e-02
 -6.75594360e-02  7.71353170e-02 -2.93599796e-02  2.32155118e-02
 -2.85748504e-02  4.97308113e-02 -4.93967421e-02 -2.72944327e-02
 -2.87256930e-02 -3.43495072e-03 -2.58456115e-02  3.06835249e-02
  6.74879318e-03 -4.10491554e-03 -2.82437224e-02  5.44895455e-02
 -7.98402540e-03 -2.20291433e-03 -2.25319620e-03 -4.49595228e-02
  5.54078519e-02 -2.99655385e-02  1.46504184e-02  1.17575780e-01
 -1.80847812e-02 -5.76959401e-02 -9.56832711e-03 -4.61512133e-02
  7.46812597e-02 -1.55690191e-02 -7.31923655e-02  1.74655952e-02
 -7.27203488e-03 -4.45536114e-02 -2.14737374e-02  6.95937276e-02
 -3.90394069e-02 -5.87985106e-02 -3.87177430e-02  6.16827272e-02
  1.31189926e-02  4.25779074e-02  4.88679931e-02  1.00666292e-01
 -4.43441942e-02  4.91203889e-02  3.31992246e-02 -7.77704734e-03
  3.51240188e-02 -2.89705396e-02  5.80141321e-02  5.00137433e-02
 -5.98230474e-02  4.38150615e-02 -9.09048468e-02  3.25091407e-02
 -5.01043200e-02 -4.63556200e-02  1.72304641e-02 -2.31384463e-03
 -5.14282379e-03 -8.54956657e-02 -3.32568139e-02  4.35512029e-02
 -1.06989369e-01 -6.09240569e-02  2.48160493e-02 -2.05506980e-02
 -2.00571660e-02 -8.68843496e-02 -6.88864514e-02  1.19287067e-03
 -6.77131116e-02  3.51048745e-02  5.34828426e-03 -1.42595713e-08
 -2.71116327e-02 -3.83158140e-02  1.52392900e-02 -2.50105280e-02
  1.77997036e-03 -2.94878148e-02  3.50298323e-02  1.87460668e-02
  4.26138379e-02  6.17840625e-02 -5.92685379e-02 -1.48096057e-02
 -5.73165901e-02  1.00494802e-01  1.92690622e-02 -1.31445378e-02
 -8.17106757e-03 -1.94140989e-02 -4.15715942e-04  5.09941056e-02
  5.11026345e-02  2.83888169e-02  5.36579750e-02 -2.90604252e-02
  1.04250619e-02 -5.07335253e-02  4.74255346e-02  7.13779777e-02
  1.04421144e-02 -9.32862423e-03  2.92412583e-02  8.11794996e-02
 -2.48064585e-02 -2.10860334e-02 -3.93337570e-02 -9.15308446e-02
  2.11219303e-02  3.11428215e-02  4.08736467e-02 -2.76377262e-03
 -6.77127838e-02  3.07528749e-02  2.70171873e-02  2.72041839e-03
 -3.48232500e-02 -2.15707086e-02 -2.83344258e-02 -5.74983424e-03
 -1.78366378e-02 -5.77623397e-02 -1.74757876e-02  1.51949218e-02
  7.82815889e-02 -2.62996498e-02  2.93855593e-02 -7.14598969e-02
  2.09183283e-02 -1.38087794e-02 -5.70219941e-02  3.69396508e-02
  4.98278923e-02 -9.08899903e-02  2.59110183e-02  3.86371766e-03]"
476,Board,Governance,component,4,0.4095,"[-1.40942205e-02  1.41459107e-02 -3.19176912e-02  3.35347801e-02
  1.49744460e-02  5.97560778e-02  1.12632960e-01  4.40651253e-02
  2.86739487e-02 -3.28849405e-02  3.78661640e-02 -5.38130440e-02
 -3.38734090e-02  2.76576597e-02  2.64213495e-02  2.82606366e-03
  3.85248996e-02 -2.51256023e-02 -5.63090742e-02  1.58623047e-02
 -4.60327007e-02 -2.76818089e-02 -1.53524559e-02 -2.26955619e-02
 -3.25288810e-02  9.87804383e-02  1.25710919e-01 -2.18230151e-02
  8.29891041e-02 -1.19612120e-01  2.96978056e-02  3.14092450e-02
 -5.06345630e-02 -1.18832402e-02 -1.41001195e-01  2.66065262e-02
  1.54206837e-02  1.47566525e-03 -5.56471124e-02 -7.41290823e-02
  1.06890500e-02 -2.85844803e-02 -6.60203546e-02 -5.41826226e-02
  3.89327370e-02 -2.38197483e-02 -1.42233903e-02 -7.24270716e-02
  4.37503867e-02 -1.78343672e-02 -5.49083799e-02 -4.17706221e-02
  2.10971702e-02  6.89275488e-02 -2.42070146e-02  5.48592396e-02
 -1.93006471e-02  2.98647713e-02  6.44074578e-04 -5.52097708e-02
  1.54861119e-02 -1.80429444e-02  1.31763639e-02  3.80015634e-02
  8.16643909e-02 -1.72690805e-02 -6.34820908e-02 -4.38847989e-02
 -5.18892184e-02 -4.97641377e-02 -1.62184108e-02 -2.64071506e-02
  7.85686225e-02 -2.26347093e-02  3.82022373e-02 -5.63529506e-02
 -4.43051755e-02 -4.51225564e-02  1.10711426e-01  2.72156540e-02
  7.67611489e-02  4.42741476e-02 -8.78273919e-02  2.88774297e-02
  5.20512089e-02  1.15410723e-01  3.69149521e-02 -2.96449345e-02
 -4.88140173e-02 -7.71926492e-02 -4.00972553e-02  3.16108093e-02
  1.39259771e-01  3.71893123e-02 -2.92502847e-02  1.19625665e-02
 -1.88352708e-02  2.71547809e-02 -4.80376789e-03  1.83047816e-01
  5.08466400e-02  1.47735560e-02 -1.70176048e-02  4.58719991e-02
 -9.52422172e-02 -3.62093523e-02 -5.74483685e-02 -7.33828777e-03
  5.06339148e-02 -1.11085391e-02 -2.18156241e-02  1.78545155e-03
 -7.74763674e-02 -7.33297989e-02  2.12735180e-02 -1.10931471e-01
 -5.06400410e-03  1.39443064e-02  1.62602197e-02 -6.65288232e-03
  5.95331527e-02 -7.69406790e-04 -3.89636420e-02 -6.82712765e-03
  1.23428274e-02 -4.54032347e-02  2.99035255e-02 -3.32323567e-33
  1.40245184e-02 -6.00404898e-03 -4.29696850e-02  4.80297916e-02
  2.34308615e-02  3.14229988e-02  3.68264169e-02 -6.71459362e-03
 -3.09413336e-02  2.07602009e-02 -3.69468555e-02  2.21987832e-02
 -6.04349673e-02  4.36370112e-02  8.13451260e-02 -7.88868517e-02
  1.25073111e-02  4.98367399e-02 -3.66824232e-02 -1.08198479e-01
 -2.80536078e-02  3.82145941e-02 -1.26103153e-02  6.54257536e-02
  3.69099006e-02 -1.47125991e-02  6.79721264e-03 -1.28208091e-02
 -1.06638543e-01 -2.85746641e-02  6.06370233e-02  6.02207929e-02
  9.65697877e-03  6.18761815e-02 -5.71082393e-03 -5.38173430e-02
 -4.89512160e-02 -2.72809826e-02 -3.64608392e-02 -3.00285872e-02
 -2.12642308e-02 -3.47282626e-02 -1.30633246e-02  4.70165722e-03
  3.47133949e-02 -4.82090341e-04  6.84475005e-02  8.23989436e-02
  8.52362216e-02  2.37968117e-02  1.32517964e-02  5.06042503e-02
  6.14414550e-02  8.21099989e-03  4.62930053e-02  4.43557873e-02
  2.55654566e-02  7.01773763e-02  9.30373818e-02 -5.18611409e-02
 -1.33820688e-02  6.05294146e-02 -2.57321354e-02  4.99403998e-02
 -8.61052200e-02  6.87623322e-02  2.39167809e-02 -5.48629835e-02
  1.44263338e-02 -2.28150412e-02 -1.11754276e-02 -4.02591228e-02
  2.10848767e-02  1.79881081e-02  1.01796221e-02 -3.77494432e-02
 -9.77849513e-02 -5.57719283e-02 -9.00154039e-02 -1.13580618e-02
 -1.53657421e-01 -3.45879383e-02 -2.53363438e-02  9.89700258e-02
  7.71056488e-02 -1.50718316e-02 -2.74438262e-02 -4.95469160e-02
  5.74509762e-02  2.61210222e-02 -5.27721047e-02 -2.26189457e-02
 -3.59344557e-02  5.60846180e-03  2.02807263e-02  3.48255262e-33
 -1.32671138e-02 -1.61522534e-02 -1.55795123e-02  4.23891954e-02
  4.34805155e-02 -3.68981138e-02 -4.10583951e-02 -2.11222898e-02
 -2.51846444e-02  9.53092799e-02  7.07846209e-02  1.79842953e-02
  7.30281621e-02 -3.54314744e-02 -4.67410162e-02  1.82225868e-01
  7.82388151e-02  2.74435547e-03  3.54883522e-02 -5.93383275e-02
 -4.75178920e-02 -3.42570916e-02 -5.43406839e-03 -2.97244042e-02
 -4.85167727e-02  6.42417595e-02  1.27057999e-01  9.74497013e-03
  1.60567015e-02  1.55724993e-03 -8.46811477e-03 -5.20139784e-02
 -1.14806741e-02 -2.43162178e-02 -3.13440636e-02  1.01927267e-02
  7.34394714e-02 -5.27061261e-02 -4.69585210e-02 -7.74274021e-02
  1.73185673e-02  1.36081427e-02  2.12184917e-02  1.51937202e-01
 -8.67920667e-02 -7.28825703e-02  4.52213660e-02  3.53564247e-02
  3.80580686e-02  6.03076406e-02 -5.56141362e-02 -7.64683485e-02
  4.21839505e-02 -4.81275432e-02  1.66069344e-02  1.51154138e-02
  1.71718304e-04  2.15472132e-02  7.83014148e-02 -3.23157534e-02
  4.39726003e-02  4.40564845e-03  7.05139828e-04 -1.85957213e-03
  6.72303587e-02  6.51146285e-03 -4.95692343e-02  5.99672981e-02
  4.85822186e-02 -1.17289890e-02  7.10112005e-02  5.05317971e-02
  3.05350162e-02 -2.09564790e-02  1.49062378e-02 -5.68226986e-02
 -2.97189262e-02  3.13975811e-02  5.20657413e-02 -7.40447361e-03
  1.73417553e-02 -9.27514210e-02 -3.79161653e-03 -3.58988233e-02
 -4.47551813e-03 -5.73423132e-02  2.11721268e-02  1.92515943e-02
  1.24286432e-02 -3.86501104e-03 -3.31865475e-02  8.88282359e-02
  1.78929288e-02  2.41819117e-02 -9.89545416e-03 -1.11401235e-08
  1.56370530e-04 -1.65918060e-02 -6.69079795e-02 -1.12003401e-01
  5.91726117e-02 -5.68494275e-02  4.63763863e-04  1.39753136e-03
 -1.27442256e-02  8.27039629e-02  9.48540717e-02 -1.83723774e-02
 -1.10156834e-02  3.17340605e-02  7.89730102e-02  3.57861794e-03
 -9.45321172e-02  8.29845518e-02 -7.26675317e-02 -4.53342535e-02
  5.33530414e-02  2.69648321e-02  3.38104926e-02  4.09009904e-02
  5.32616414e-02 -4.58653606e-02  1.67555381e-02  5.81791140e-02
  6.88839331e-02  1.91959273e-02 -4.23972905e-02  4.80409898e-02
  2.75762249e-02 -6.61879480e-02 -1.55993120e-03  3.88281271e-02
 -2.51628291e-02 -8.33704311e-04  3.61866020e-02 -2.50946060e-02
 -1.49557246e-02 -7.24327341e-02  5.68071613e-03 -4.76020481e-03
 -4.25273180e-02  6.18763790e-02 -1.00743972e-01 -5.11126295e-02
 -1.92884705e-03 -1.53064774e-02 -6.84077591e-02 -4.50863177e-03
 -7.94543177e-02  4.05437946e-02  1.17649110e-02 -8.32732860e-03
  2.59906817e-02 -1.88552067e-02  2.51706671e-02 -1.75235178e-02
  2.20302325e-02  8.38287696e-02  8.36291444e-03 -3.74266915e-02]"
477,Board,Governance,contribution,1,0.4093,"[-4.78910394e-02  1.01059549e-01 -2.35156175e-02  1.22002484e-02
  5.30333668e-02  7.06803277e-02  1.43503278e-01  2.02460494e-02
  1.39078377e-02  1.56008014e-02  3.52358446e-02 -8.60944465e-02
  2.58509140e-03 -7.34063191e-03 -8.85831714e-02  4.19034883e-02
  1.24416128e-03  2.68349592e-02 -1.05112016e-01 -6.88477308e-02
 -6.56045228e-02  3.74315493e-02  8.19782447e-03  5.30224815e-02
  3.37868296e-02  6.97935522e-02 -1.63029376e-02  5.49796149e-02
  3.94363366e-02 -5.73416352e-02  2.98182033e-02  1.66812278e-02
  4.38621789e-02  1.00661255e-02 -3.41349654e-02 -1.07364252e-03
 -8.28063395e-03  4.59288247e-02 -4.72387262e-02  4.12453956e-04
 -2.23521199e-02 -5.47588207e-02 -7.47027947e-03  8.80011998e-04
  1.92365665e-02 -4.79363743e-03  4.02752832e-02  2.79691219e-02
 -1.00379037e-02  6.13884330e-02  2.54910644e-02 -2.47253980e-02
 -4.40268777e-02 -9.44597460e-03  1.89252123e-02  2.24796459e-02
 -3.67533192e-02  2.38469969e-02  5.96993184e-03 -5.51635846e-02
  8.82893726e-02 -8.05890094e-03  2.86280783e-03  2.92023215e-02
  4.97540534e-02 -2.57348698e-02  4.13057022e-02 -2.95328647e-02
 -1.00031346e-01 -1.92151554e-02  4.89342073e-03  2.82874368e-02
 -1.24433441e-02 -1.51877776e-02  5.48320264e-02  2.92509869e-02
  1.12509280e-02 -5.50449714e-02  7.96355382e-02 -2.28689089e-02
  1.94261596e-02  4.54044230e-02 -6.98248856e-03  5.23743816e-02
  1.37303525e-03  1.53712584e-02  2.20872238e-02  5.68745397e-02
  1.37158372e-02 -7.15849455e-03 -6.20203204e-02  1.44743621e-02
  6.75318539e-02 -8.22886676e-02 -8.29045698e-02 -2.06029415e-02
 -1.81061346e-02 -3.09706274e-02 -7.66085312e-02  2.61572421e-01
 -5.13709802e-03  1.68017950e-02 -9.00977924e-02 -2.24315636e-02
  2.89792232e-02 -3.98272648e-03 -5.13471179e-02  2.17282493e-02
  4.63870466e-02  3.19013111e-02 -3.69438641e-02  1.03851976e-02
 -2.80009136e-02  6.53735474e-02 -1.57673284e-02 -2.58497111e-02
 -3.10907159e-02 -2.75244913e-03 -4.84891385e-02 -3.04706991e-02
  8.00649151e-02  3.85937840e-02 -5.42637594e-02 -5.52316802e-03
 -1.32891804e-01 -7.69401714e-02 -4.71139252e-02 -5.18396829e-33
 -4.40794751e-02 -8.96231644e-03  3.48116197e-02  1.10564254e-01
  1.61304697e-02 -5.15599996e-02  1.68412551e-02 -2.32066624e-02
 -6.05494678e-02 -4.45752311e-03 -6.89132232e-03  4.05660011e-02
  6.96901828e-02  5.38979396e-02  1.10342838e-02  1.38983075e-02
  1.65067725e-02  5.78633584e-02 -4.06328589e-02 -2.69018896e-02
 -1.21795423e-02  2.29836553e-02  1.27833141e-02  5.33775128e-02
  4.78210300e-02 -7.79905170e-02 -3.86865996e-02 -3.11271083e-02
 -2.49999389e-02  3.07985488e-02  4.65621836e-02 -1.66832134e-02
 -4.56876121e-03 -1.30996197e-01 -5.60236089e-02 -1.17423326e-01
 -9.94346105e-03 -1.12632640e-01  3.32517624e-02  2.40737316e-03
 -2.36556549e-02  1.64386760e-02 -4.17052917e-02 -3.09369713e-03
 -2.98352670e-02  2.09569223e-02  1.48731053e-01  4.11154181e-02
  5.92340678e-02  4.85823788e-02 -2.97722574e-02 -2.61696316e-02
 -7.57908970e-02 -6.50813710e-03 -1.97824836e-02 -7.18548102e-03
 -4.43554111e-02  3.28835403e-03 -3.86661962e-02 -4.28006127e-02
  5.30566163e-02  6.36476874e-02 -9.26683396e-02  2.38437206e-02
 -1.66091714e-02  2.15330832e-02  7.09271803e-02 -1.31771655e-03
  7.69275590e-04  2.50094440e-02 -5.19229360e-02  1.00890175e-03
  7.06232563e-02  2.97405925e-02 -4.76858132e-02 -4.65526730e-02
 -5.60756698e-02  1.99752934e-02 -9.92265623e-03  5.67390695e-02
 -9.75445360e-02 -2.36940030e-02 -1.91671606e-02 -5.50665297e-02
  1.21832164e-02  3.23904343e-02 -4.34692763e-02 -6.60723001e-02
 -8.56630132e-03  9.10363533e-03 -4.72192280e-02  1.11284722e-02
  4.20817062e-02 -1.53176924e-02 -3.46877351e-02  4.00490815e-33
 -1.09661132e-01 -2.44349688e-02  6.35415390e-02  4.37265784e-02
  8.97540450e-02 -2.15424430e-02 -3.31523307e-02 -5.22052385e-02
  8.96096826e-02  8.38962495e-02 -9.34682507e-03 -5.79840988e-02
  9.05205831e-02  3.67522659e-03  3.01908217e-02 -1.33954501e-03
  3.75776254e-02  5.15502952e-02 -8.27416256e-02 -3.34372930e-02
  1.78364143e-02  7.78543297e-04  9.57578644e-02 -9.22198668e-02
  4.49064607e-03  5.16027287e-02  6.02498539e-02  1.47304116e-02
 -4.13411733e-04  8.91814008e-03  5.41713797e-02  1.46624148e-02
 -1.33763224e-01 -7.39701018e-02 -4.37372811e-02  5.40140048e-02
  3.07127200e-02 -1.50945736e-03 -4.44405116e-02 -7.67569989e-04
  7.98295066e-02  4.81347516e-02  8.44784677e-02  1.14791118e-01
 -5.31407408e-02  9.83835547e-04  7.93984998e-03  8.33970681e-03
  5.52108102e-02  4.65784445e-02 -6.25373274e-02 -4.44742218e-02
  2.86669545e-02 -5.95256966e-03  3.45855206e-02  3.88288349e-02
  5.30974679e-02 -1.55734934e-03  9.48584825e-02 -1.42592341e-02
 -4.76453491e-02  4.45378199e-02 -2.91130729e-02  6.87737614e-02
 -1.28256134e-03 -2.87543964e-02 -4.51026931e-02  3.68881002e-02
  4.69932072e-02 -4.93210554e-02  6.70742989e-02  4.25590202e-02
  2.64717117e-02  7.61004388e-02 -6.04017712e-02 -7.08486736e-02
 -7.75258616e-02  9.72404853e-02 -3.77070606e-02 -1.61886588e-02
 -5.99585958e-02 -3.90657298e-02 -6.99063297e-03 -4.77322424e-03
  4.44746912e-02 -4.46264967e-02  5.47207408e-02  4.44104299e-02
 -3.88835445e-02  2.16263942e-02 -4.00046706e-02  8.87575522e-02
  1.13277854e-02  6.82757981e-03  1.03809219e-02 -1.29705695e-08
 -1.51057877e-02  3.41468677e-02 -5.74367680e-02  1.07281487e-02
  5.30653186e-02 -2.02108789e-02 -5.11572026e-02  3.63647416e-02
 -9.97753721e-03  8.01174343e-02  5.56704327e-02  9.22595430e-03
  3.28603461e-02  4.38227467e-02  3.82319167e-02 -5.26832007e-02
 -6.91302419e-02 -1.48540586e-02 -6.80658147e-02 -8.30530971e-02
  6.70074373e-02  2.10873559e-02  2.36569699e-02 -6.65283129e-02
 -3.29332091e-02  1.76220629e-02 -3.89466062e-02  1.29511744e-01
 -5.88723384e-02 -3.56469154e-02 -1.30719366e-02  7.00766221e-02
 -1.69609591e-01 -5.68040758e-02 -1.34168286e-02 -1.78438723e-02
  2.45011523e-02 -3.69871147e-02  3.56402807e-02  6.91589564e-02
 -8.54250323e-03 -4.39980030e-02  4.63062339e-02  3.42077436e-03
 -6.70877546e-02  1.94655340e-02 -5.06115407e-02 -2.37054434e-02
 -1.46797886e-02 -3.44940610e-02  2.22393242e-03 -2.98924744e-02
  4.16848762e-03  3.44837122e-02  1.72043443e-02 -4.10210937e-02
 -1.09769711e-02  5.23598976e-02 -2.70575359e-02  1.09520052e-02
  1.41366363e-01  2.43596416e-02  1.78471282e-02 -5.99543285e-03]"
478,Board,Governance,letter,1,0.4067,"[-5.42231388e-02  1.74779538e-02  1.43800601e-02  6.33058548e-02
 -8.53475630e-02  4.45236452e-02  8.94544646e-02 -1.69726927e-02
 -4.08560559e-02 -3.61585617e-02  3.79197858e-02  9.79730766e-03
  1.18322233e-02 -1.04356473e-02 -8.68929401e-02  2.02431362e-02
 -1.26687903e-02 -1.81117766e-02 -8.05322453e-02 -4.17298302e-02
 -3.83467562e-02  9.85646471e-02  5.73011748e-02 -1.00370878e-02
 -3.34796943e-02  1.26730457e-01 -3.63220833e-02 -3.21464762e-02
 -4.91681509e-02 -8.41157809e-02  4.95479396e-03  2.92576030e-02
  4.07300144e-02 -3.57921198e-02  2.97437627e-02  6.02213740e-02
  3.58372531e-03 -1.78965535e-02 -5.58921648e-03 -3.70819420e-02
 -2.71172803e-02 -1.44091770e-01  3.31830769e-03  4.92392555e-02
 -1.56738088e-02 -6.62088254e-03  1.31381652e-03  6.68060780e-02
 -4.01383154e-02 -1.38010448e-02  3.80103327e-02 -4.64389697e-02
 -4.13224623e-02 -2.03355551e-02  2.29945667e-02 -2.71679889e-02
 -6.46821829e-03 -1.29593434e-02 -8.43573436e-02 -2.13822126e-02
  1.20984549e-02 -6.73591811e-03 -4.69435900e-02  2.19915044e-02
  5.76409474e-02 -2.02185437e-02 -1.79373696e-02 -5.06271981e-02
 -3.67638096e-02 -3.64809521e-02  4.29192223e-02  2.39505116e-02
 -4.49175714e-03  1.03293415e-02 -2.40674131e-02 -5.69403544e-02
  4.01675403e-02 -1.18572704e-01  1.11884296e-01  4.35118116e-02
 -1.08086504e-01 -4.79234643e-02  2.12562326e-02  7.74011463e-02
  6.11269176e-02  4.63465080e-02 -6.10758439e-02 -3.26908007e-02
 -6.61670640e-02  4.67576794e-02  1.91009464e-03 -1.08457774e-01
  7.77574405e-02  7.70701002e-03 -1.47643968e-01 -1.41859362e-02
 -4.82609235e-02 -4.15852219e-02 -8.92211124e-02  2.43090972e-01
  1.06493672e-02  2.00444572e-02 -2.71293670e-02  1.08007938e-02
  7.68198865e-03 -4.54402678e-02  7.78280105e-03 -9.38069895e-02
  6.00104919e-03 -2.93521141e-03 -6.74581379e-02  1.94844007e-02
 -2.50792447e-02 -6.44405931e-02 -5.28616644e-02 -2.66539529e-02
 -5.08735776e-02  2.46242285e-02  1.04109488e-01 -2.31901137e-03
 -1.95896849e-02 -1.97282583e-02 -1.13091767e-01 -8.89385771e-03
 -1.27997965e-01 -1.14399105e-01  3.02248392e-02 -5.66034546e-33
 -3.22327055e-02  7.77460709e-02  6.38128305e-03  4.05369364e-02
  4.72326279e-02  2.30968222e-02  2.11976636e-02  3.22376676e-02
 -6.75014257e-02 -2.98159681e-02 -2.22655609e-02 -2.18526535e-02
  7.81502277e-02  2.31588073e-02  7.53988232e-03  1.97718237e-02
 -1.40687823e-02 -1.89365242e-02 -2.36331765e-02 -5.78986406e-02
  3.90259810e-02  7.72529542e-02  1.68230161e-02  1.02408588e-01
 -4.42082882e-02 -1.01239579e-02 -1.07190544e-02 -5.41145578e-02
 -4.86525819e-02  3.16084586e-02  2.33235359e-02  2.27147620e-02
  4.22474444e-02 -2.66353302e-02 -2.05699578e-02 -5.30597791e-02
 -1.08823273e-03 -6.31672293e-02  3.80343683e-02  1.52514512e-02
  2.18905509e-03 -1.63984075e-02 -2.70438455e-02 -3.37527804e-02
  6.61801770e-02  9.12348405e-02  1.22395739e-01  2.21432932e-02
  5.86174764e-02  7.10893515e-03  5.09283766e-02 -4.47047353e-02
 -9.50484537e-03  2.67659146e-02  2.25571860e-02  1.29580777e-03
  6.07998967e-02  3.27001959e-02 -1.27356248e-02  2.41162255e-02
  8.27929229e-02  7.96286911e-02  7.80550167e-02  7.89472908e-02
 -1.67510100e-02 -1.19906463e-01 -7.60161504e-02 -9.66215879e-02
  1.45821739e-02 -8.01900215e-03 -2.12314688e-02  4.52002930e-03
  6.77624866e-02  4.19210270e-02 -6.28254423e-03 -3.96807380e-02
  3.14017683e-02 -3.96408029e-02 -1.60382073e-02 -1.78829134e-02
 -8.24853182e-02  2.51309201e-02 -4.96641807e-02 -1.53832361e-02
  6.88471273e-02  5.12139834e-02 -8.59447848e-03 -1.12156101e-01
  9.54152178e-03  1.95857659e-02 -1.24557279e-01 -4.38516438e-02
  3.81433442e-02  2.17066873e-02  1.32666919e-02  3.48716497e-33
 -1.08219497e-03 -1.85721964e-02 -3.18721980e-02  9.04700831e-02
  2.80952193e-02  7.32371304e-03  4.96255159e-02  4.20110524e-02
  2.15511164e-03  9.64624882e-02 -7.80190751e-02  6.18628189e-02
  7.79770911e-02 -1.81784444e-02  2.64112800e-02 -1.06952116e-02
  1.33053854e-01  3.03668249e-02 -6.92559918e-03 -2.28102896e-02
 -1.01343386e-01 -5.03736315e-03 -4.95003052e-02 -3.61611811e-03
  1.51834153e-02  1.56069268e-02  1.17875010e-01 -6.18451722e-02
 -6.50177002e-02  1.74233466e-02  2.14647949e-02  1.04211085e-02
 -1.40770441e-02  7.85365626e-02 -6.29827231e-02  6.67598620e-02
  9.39601362e-02 -3.29076238e-02 -6.44237027e-02  9.44668055e-02
  8.36839005e-02  2.48459801e-02  1.36508085e-02  1.33739710e-01
  9.13405139e-03  1.05166063e-02 -2.60720737e-02 -3.51171233e-02
  6.66671470e-02  5.94659597e-02 -1.59059968e-02 -2.30519585e-02
  1.05211036e-02 -3.22210044e-03 -4.89706509e-02  7.04885721e-02
 -9.56184641e-02 -5.06364405e-02  8.11856240e-03 -2.26516789e-03
  8.49509239e-03 -1.40954312e-02  3.15307453e-02  4.10936102e-02
  1.26628634e-02 -1.20242005e-02 -4.20573987e-02 -4.30460600e-03
  2.73380410e-02 -1.88946724e-02  1.37548596e-02  4.18910161e-02
 -2.62475908e-02  2.39714514e-02 -6.22316683e-03  6.77724648e-03
 -3.01788896e-02 -3.56963836e-02 -5.70975281e-02 -4.29593213e-02
 -9.37769711e-02 -2.50782631e-02 -2.90196072e-02  3.78156118e-02
  1.23899169e-02 -5.59542105e-02  1.55778872e-02 -5.52971773e-02
  3.34597193e-02 -3.23252403e-03  4.77173403e-02  3.11143715e-02
  5.07072806e-02 -3.25604193e-02 -5.40902801e-02 -1.32825022e-08
  1.37845986e-02 -1.12354923e-02  1.02060998e-03 -3.54962945e-02
  4.67556342e-02 -1.65262504e-03 -8.60019308e-03 -6.80243224e-02
  2.70224959e-02  4.60285656e-02  5.19909523e-02 -8.78364220e-03
 -4.76027764e-02 -2.15697773e-02  9.52210948e-02 -2.34449673e-02
 -7.26520224e-03  3.73732895e-02 -7.34005421e-02  3.37584056e-02
  4.42356654e-02  9.00826901e-02  1.93827169e-03 -4.39516231e-02
 -6.25571012e-02  2.30910815e-02  3.48728448e-02  2.34024581e-02
  2.23539281e-03  2.88491137e-02  3.17532010e-02  2.69737560e-02
  2.66209263e-02 -1.03218310e-01 -2.78492682e-02 -2.13590115e-02
  6.89715818e-02 -6.61176071e-03  3.72640304e-02  3.43810543e-02
  5.46237826e-02  3.05365567e-04 -1.32495514e-03  2.18410064e-02
  3.47747989e-02  3.68676595e-02 -2.95382701e-02 -4.17631529e-02
  6.21837704e-03 -4.35726643e-02  5.83244301e-02  4.68205325e-02
  2.96525788e-02  5.20163998e-02  6.55351346e-03  2.11048871e-02
  3.79316621e-02  1.23808458e-02 -4.47655767e-02  2.42029764e-02
  5.57572581e-02  1.88132338e-02  1.22830207e-02 -4.30279747e-02]"
479,Board,Governance,product,17,0.4051,"[-8.84602368e-02  4.34467308e-02 -2.43881164e-04 -9.58876917e-04
  3.24363336e-02 -3.17602009e-02  1.82681799e-01  9.57286581e-02
 -6.58613862e-03 -1.29657947e-02  2.39001047e-02 -3.54416110e-02
  5.20632751e-02  1.11543955e-02 -6.06339574e-02  3.42030153e-02
  8.53907783e-03  4.11146693e-02 -1.57561064e-01 -2.58443337e-02
 -4.71052490e-02  4.03076485e-02 -4.40604845e-03  4.76711690e-02
 -7.67094195e-02  7.76110664e-02 -5.85808698e-03  1.91489737e-02
  7.17408136e-02 -9.01402310e-02  4.15566936e-02 -2.25643087e-02
  4.83564474e-02 -2.38258913e-02  2.89344527e-02  1.92011036e-02
 -2.54396861e-03 -2.75486913e-02 -5.30542769e-02 -1.71822198e-02
  1.09593142e-02 -1.20095134e-01 -8.71433467e-02 -7.03513250e-03
  3.01064402e-02  3.94780263e-02  5.39857373e-02  5.03019355e-02
  2.70547476e-02  6.24836758e-02 -9.01734382e-02 -5.49327815e-03
 -5.63185895e-03 -1.61747895e-02 -1.22569753e-02  8.14990886e-03
 -1.53470542e-02  2.13566609e-02 -1.59885529e-02 -3.49608138e-02
  7.63268992e-02 -3.10975537e-02 -1.05056897e-01  4.34566773e-02
  4.83358540e-02  3.76344542e-03  5.79326693e-03 -6.52410761e-02
 -8.69539231e-02  4.17635031e-02  1.99894961e-02  4.69067879e-02
 -2.02004537e-02  2.70032994e-02  3.38858292e-02  1.54260900e-02
  4.39451709e-02 -3.70158590e-02  8.47297758e-02  2.30568368e-02
  3.42297405e-02 -1.39383529e-03 -6.05754368e-02  1.75284110e-02
 -1.89639570e-03 -2.32281368e-02  2.19562072e-02 -3.50114866e-03
 -1.22726038e-02  4.73611727e-02 -3.88861932e-02  1.80566441e-02
  5.60072297e-03 -2.61528101e-02 -9.76829305e-02 -8.34060833e-03
  1.54770892e-02 -6.53608516e-02  1.51666189e-02  2.41688624e-01
 -2.27341335e-02  2.34483052e-02 -6.26528077e-03 -1.34837255e-01
 -5.19796275e-02 -1.62985437e-02 -7.97722563e-02  4.56587486e-02
  5.37891015e-02  3.53799202e-02 -9.27599445e-02 -4.14150134e-02
 -7.69432113e-02  5.20777553e-02 -1.45057077e-02 -9.12455656e-03
 -4.57945801e-02  3.71899866e-02  1.34654297e-02 -4.85597439e-02
  3.17857750e-02  2.97290217e-02  6.05908372e-02  2.14814134e-02
 -1.03553779e-01 -4.84627262e-02  2.21101809e-02 -2.88942499e-33
  1.00331195e-03 -4.21888754e-02 -2.76375320e-02  4.16413285e-02
 -7.40563273e-02  1.67189557e-02 -1.15597434e-02 -2.87624672e-02
  8.98193847e-03  5.73621131e-02 -3.58001478e-02  7.17431307e-02
  3.02103925e-02  7.01519102e-02  1.62785172e-01  3.77148204e-02
  3.29787913e-03  1.91969462e-02  6.07802486e-03 -2.62742359e-02
 -6.94029182e-02  4.87381779e-02 -1.97666697e-02  9.84939709e-02
 -4.14193682e-02 -7.88801908e-02  3.54069062e-02 -3.48413996e-02
  3.92429270e-02  1.20273223e-02  5.48384339e-02  3.57355475e-02
  8.20183605e-02 -9.81718227e-02 -5.33002764e-02  6.76404918e-04
 -4.23448440e-03 -1.46048933e-01  1.97426230e-02  5.40738478e-02
 -2.30514929e-02  2.54135206e-03  4.21792967e-03  5.02728373e-02
 -3.08994688e-02  1.38449362e-02 -4.32001194e-03  2.24647913e-02
 -3.46130766e-02 -2.26712509e-04 -1.76831391e-02  2.02111695e-02
 -6.34404132e-03 -1.69807281e-02 -1.38422642e-02 -1.50076617e-02
 -2.92982347e-02 -4.44489792e-02  4.13424037e-02  1.82332024e-02
  1.61842890e-02  1.13876075e-01  2.11478723e-03 -6.55436364e-04
 -6.76315874e-02 -2.73227785e-02  5.48836105e-02 -3.92680652e-02
 -2.64791236e-03  1.65190082e-02 -7.57218823e-02 -2.05273051e-02
  1.05749734e-01 -2.35285852e-02  2.23501045e-02 -1.83866862e-02
 -2.26348564e-02  1.50130820e-02 -2.88274717e-02 -8.51286226e-04
 -3.20203044e-02 -2.14359025e-03  2.82618403e-02  5.35210036e-02
 -3.99826430e-02 -1.64396735e-03 -5.58920242e-02 -9.60799828e-02
  5.36599569e-02  2.84819566e-02  1.09988156e-04  1.95478592e-02
 -7.46096671e-03  4.34487350e-02 -4.35990468e-02  2.72341874e-33
 -6.01150952e-02 -5.96189275e-02  5.41554205e-02  3.21943015e-02
  6.57780319e-02 -2.92544253e-02  1.36431381e-02 -5.75345345e-02
 -2.33635288e-02  8.18081498e-02 -6.70670718e-02 -5.94543740e-02
  6.04937188e-02  3.43417563e-02 -5.74994348e-02  1.40650079e-01
  1.28307059e-01 -3.03292982e-02  4.79456298e-02 -6.37580901e-02
 -2.47680098e-02  1.73478667e-03 -3.65794636e-02 -3.70020643e-02
 -5.48560321e-02 -1.55800870e-02  4.91280295e-02 -2.63717119e-02
  3.11681423e-02  1.63070038e-02  8.20121467e-02 -5.26842140e-02
 -9.00271013e-02  3.27606909e-02  2.73981271e-03  8.32274258e-02
  9.18568075e-02 -2.58734617e-02  6.54896721e-03 -7.58720487e-02
  4.54491079e-02 -2.96390336e-02  3.11702732e-02  1.05157733e-01
 -8.71035177e-03 -2.51367763e-02  1.56368334e-02 -3.24304514e-02
  4.35246862e-02  3.31736617e-02 -2.65597347e-02  1.67598762e-02
  3.07203438e-02 -8.34483057e-02 -8.14367905e-02 -7.72402622e-03
  3.04088779e-02 -1.80621352e-02 -1.28833065e-03 -8.47208500e-03
 -4.09334414e-02  3.54918987e-02 -3.17792234e-04  3.00099272e-02
  1.58170164e-02  9.41145699e-03  1.61048174e-02 -1.88867573e-03
  1.79893803e-02  2.01032180e-02  8.98410082e-02  6.06464818e-02
 -7.70505667e-02  8.76508653e-03 -3.03336829e-02 -3.52551900e-02
 -9.65583026e-02  1.40461735e-02 -1.76584870e-02 -2.39346437e-02
 -2.06683818e-02 -7.02227429e-02 -4.15076464e-02  1.67609770e-02
 -4.67970632e-02 -5.20766713e-02  1.42511073e-02  1.42098935e-02
 -2.47402787e-02  1.52555723e-02 -5.40373772e-02  3.63131389e-02
 -1.16388656e-01  8.13102573e-02  5.90829141e-02 -1.32963072e-08
  1.66308954e-02 -1.74663961e-02  9.25341994e-02  2.68652979e-02
  2.26121340e-02  3.34517658e-02 -3.57084721e-02  1.24470573e-02
  1.11710804e-03  5.14053553e-02  4.94776331e-02  6.42822906e-02
 -8.08762200e-03  1.08216636e-01  6.22984432e-02 -6.06987998e-03
 -8.32940489e-02  4.36747894e-02 -3.94024476e-02 -3.93197834e-02
  3.80209903e-03  4.02387977e-02  7.17746690e-02 -3.24470513e-02
 -8.44501704e-02 -4.92228009e-02  3.52823511e-02  1.13489397e-01
  3.62072815e-03 -4.45451103e-02  2.30505317e-02  7.45604038e-02
 -1.24070030e-02 -2.09522415e-02  2.63821725e-02 -8.56342688e-02
 -1.89583690e-03  3.32639925e-02  3.58827189e-02  7.61540309e-02
 -4.48747873e-02 -5.32386899e-02  1.07769258e-02 -2.18209326e-02
 -2.47738287e-02 -1.65369548e-02  1.01947756e-02 -2.35283896e-02
 -3.88647728e-02  2.62895450e-02  2.77319923e-02  1.97113920e-02
  3.36966217e-02 -9.19354707e-03  4.42838557e-02  4.85107303e-03
  3.95726860e-02 -3.96394245e-02 -2.91400626e-02  3.82517055e-02
  9.64023620e-02 -1.27194198e-02  4.72757816e-02  3.42206918e-02]"
480,Accounting,Governance,audit,7,0.5931,"[-4.51628231e-02  9.63124782e-02 -3.97269875e-02 -2.80739344e-03
  3.21632884e-02  1.91590078e-02  1.25424892e-01 -7.79845864e-02
  2.18324102e-02  3.28767821e-02  5.46317883e-02 -3.97676528e-02
 -3.39375553e-03 -8.51455424e-03 -1.42589033e-01 -6.27120957e-02
  2.61112135e-02  2.60004979e-02  1.92952268e-02  3.50395427e-03
 -6.52056932e-02 -1.74824409e-02 -6.93531567e-03 -1.45399841e-02
 -2.23073773e-02 -1.65771544e-02 -3.22122537e-02  3.60481218e-02
 -2.65022181e-02 -1.12082139e-01 -1.46446712e-02 -6.23083003e-02
  6.91290991e-03  1.89595409e-02  1.64505909e-03 -2.70797797e-02
  4.46845107e-02  1.51460571e-02  2.92135254e-02  3.25717876e-04
 -7.59699568e-02 -8.95572752e-02  6.39012223e-03 -1.79019161e-02
 -6.81216046e-02 -1.25927152e-02 -5.43008791e-03 -3.54126692e-02
  1.27810100e-03  5.28094359e-02 -7.40129948e-02 -3.20398621e-02
  1.34164924e-02 -3.69915329e-02  1.40026594e-02 -4.35926765e-02
  4.72957175e-03  5.70542528e-04 -1.44187827e-02 -6.35044873e-02
  3.69360000e-02  4.53912392e-02 -8.14509317e-02  5.73694296e-02
  2.44506877e-02  6.57333508e-02 -1.58217549e-02  3.09031513e-02
  1.28591610e-02 -7.62284845e-02 -1.10715246e-02 -8.36131722e-02
 -2.58587748e-02 -2.67575346e-02  1.90385245e-02 -3.06059774e-02
  3.70379537e-02  7.36149075e-03 -1.68601051e-02 -7.48731270e-02
 -2.20674369e-02  3.00495066e-02 -7.73672527e-03  7.15646073e-02
  2.42642909e-02 -9.30747762e-03  3.81517373e-02 -1.15663828e-02
  4.07314999e-03  1.48873255e-02  4.10428792e-02  2.69219652e-03
  3.82875241e-02 -5.38467765e-02  6.53257594e-02 -2.57380381e-02
 -2.38438025e-02  5.36773801e-02  9.52672958e-02  2.19761714e-01
  3.64056304e-02  9.12422538e-02 -9.50152948e-02 -3.34738828e-02
  3.14277457e-03 -1.00671425e-02  1.02233971e-02 -2.42778081e-02
  4.39912230e-02  2.77399272e-02  4.56909090e-03  7.07754716e-02
 -8.85063689e-03 -1.84327345e-02  1.24848917e-01  5.84875941e-02
 -2.16060523e-02  5.19437753e-02 -2.86170691e-02  2.98183393e-02
  3.84658799e-02  5.10816984e-02  4.63497126e-03 -4.51783426e-02
 -5.38412035e-02 -7.05044121e-02  8.52651671e-02 -5.91659110e-33
  2.02028323e-02  5.65500967e-02 -2.68122572e-02 -1.56239988e-02
  1.10947508e-02  6.11932874e-02 -2.26974655e-02  6.61317036e-02
 -5.00007644e-02  8.15133229e-02 -1.47587005e-02  1.00090861e-01
 -2.18906794e-02 -5.13749085e-02  6.61550537e-02  1.14094906e-01
 -1.70989223e-02  1.23628929e-01 -1.91285717e-03 -5.86665655e-03
 -4.18207096e-03 -1.31403625e-01  6.32077307e-02  2.37135906e-02
  7.50446245e-02 -4.64397818e-02  1.54608730e-02 -1.83111615e-02
  9.33149015e-04  3.83024029e-02 -6.21439773e-04  2.81441752e-02
  4.74569835e-02 -8.42304528e-03  2.61970120e-03 -1.29354643e-02
 -2.94633135e-02 -1.26992501e-02  1.95971373e-02 -7.44198784e-02
  4.76181880e-03 -2.89115738e-02 -4.60711634e-03 -5.00433631e-02
 -7.40044862e-02  5.38677461e-02  1.69797409e-02  4.30423953e-02
  1.47289429e-02  2.34343149e-02  2.42525581e-02  4.16870136e-03
 -3.57896946e-02  3.83812860e-02  1.02683753e-02  4.38172147e-02
  6.65837154e-02  2.09530815e-02  3.23543362e-02  2.45644394e-02
  8.82869735e-02  9.88764390e-02 -2.96308845e-02  1.67731158e-02
 -1.04577705e-01 -4.57519405e-02  2.35312842e-02 -4.24756259e-02
  1.16032578e-01 -1.51955085e-02 -1.17649250e-01 -3.65868323e-02
 -1.99998450e-02  2.24650446e-02 -6.82200352e-03  9.98479221e-03
 -1.61192305e-02  3.47895175e-02  2.10899301e-02  2.87997089e-02
 -7.71970227e-02 -8.09109360e-02  6.36038482e-02 -3.53999101e-02
 -1.33077288e-02  5.26650771e-02 -3.60572375e-02 -5.14239632e-03
 -1.85646582e-02  3.50181386e-02 -5.23825325e-02 -2.79182456e-02
  5.37517220e-02  3.59146595e-02  2.15787347e-02  3.36600346e-33
 -6.93352371e-02 -3.09863091e-02  1.31437154e-02 -2.67240312e-02
 -5.69764152e-02 -3.34126092e-02 -1.84873119e-02 -2.10971460e-02
  4.66831354e-03  9.20595750e-02 -6.64085373e-02 -4.63550687e-02
  7.75431097e-02  4.35380265e-02 -3.90212238e-03 -3.32829691e-02
  4.71883267e-02 -5.01449518e-02 -1.55692082e-02  2.62607764e-02
  4.48686853e-02  7.50080869e-02  1.19459420e-01 -7.28671858e-03
 -9.01073497e-03  6.82978109e-02  3.31989452e-02 -2.86840759e-02
 -3.45339440e-02  2.00594142e-02  4.30745073e-03 -1.21452361e-02
 -1.44536961e-02  1.17673419e-01 -1.74819250e-02 -8.34126845e-02
  7.74736628e-02 -3.21547277e-02 -6.21237466e-03 -3.41815548e-03
  6.47201911e-02  7.05966428e-02  6.65662289e-02  6.16884651e-03
 -1.96344070e-02 -3.13998237e-02 -5.16928583e-02  7.64122531e-02
  4.91227992e-02 -2.47669462e-02 -6.66727424e-02 -1.31586529e-02
  4.54426110e-02  2.94222869e-02 -1.07963756e-01  5.23130409e-02
  2.69881357e-02 -4.50395606e-02 -1.31820804e-02  9.43211913e-02
 -7.84128532e-03  7.28323162e-02 -2.00327300e-02  6.48895726e-02
 -1.67775583e-02  2.18761992e-03  5.16004264e-02  1.27092386e-02
  2.35585459e-02 -7.90611282e-03  1.27000697e-02 -5.22158444e-02
 -8.70746449e-02  2.40398142e-02 -1.81470867e-02  4.52764519e-02
 -5.63793816e-02 -9.35645774e-02 -7.28895068e-02 -2.46191826e-02
  1.14290138e-04 -3.89425196e-02  1.18469698e-02 -3.37754451e-02
 -1.43012600e-02 -9.36497748e-02  5.20003401e-02 -7.91444704e-02
  4.19988856e-02  1.53660662e-02 -5.80339096e-02 -3.74982469e-02
 -5.42460717e-02 -8.67096260e-02  1.18338233e-02 -1.22936026e-08
  4.38187690e-03 -9.72516893e-04  1.12568937e-01  2.07253974e-02
  2.40202323e-02 -1.19162217e-01 -6.60809204e-02  5.28923012e-02
 -3.56508344e-02 -5.82785942e-02  8.56464729e-03 -7.03152595e-03
 -5.48371077e-02 -1.65897161e-02  1.59861241e-02 -1.19495049e-01
  3.31347296e-03  5.28020561e-02 -4.56581004e-02  1.26752835e-02
  1.66301094e-02  2.02321615e-02 -1.16398828e-02  3.46050598e-02
 -3.96208540e-02 -9.87390503e-02  5.85202407e-03  8.64206702e-02
  1.23609779e-02 -7.14107044e-03 -6.03618240e-03  8.37805048e-02
  6.17623329e-02 -1.76996198e-02 -1.32449508e-01 -1.63732190e-02
  3.17983096e-03 -3.70327942e-02 -4.92979016e-04 -2.37330608e-02
 -2.40967404e-02 -3.53495777e-02  5.22288121e-02 -2.55502015e-03
 -1.25865147e-01 -6.70974255e-02 -5.79296798e-02 -4.98402491e-02
  2.19009351e-02 -4.75865304e-02  2.38755271e-02 -4.93732430e-02
  5.88833801e-02  6.53556660e-02  2.40279771e-02  8.37097690e-03
  4.43947874e-02  1.26031116e-02 -2.64967438e-02 -1.64078921e-02
  1.22619905e-01 -2.14847233e-02  9.03997347e-02 -3.56430151e-02]"
481,Accounting,Governance,earnings,1,0.5844,"[ 6.02241140e-04  1.02761276e-01 -2.40628812e-02  4.83977981e-02
 -4.97361273e-02 -4.64047818e-03  9.21857953e-02  6.14578975e-03
  5.39921001e-02 -2.29924684e-03  2.46901717e-02 -1.93941891e-02
 -4.38347571e-02 -7.53181241e-03 -8.85474980e-02 -4.51482693e-03
  1.91090722e-02  1.28402011e-02 -9.19795595e-03 -2.04787636e-03
 -4.96970750e-02 -3.60682979e-02  1.61994360e-02 -3.58103998e-02
  1.56470358e-01 -2.61422228e-02  3.46406107e-03  1.01632290e-01
  3.67169604e-02 -5.88401370e-02 -8.55289251e-02 -5.12389317e-02
  1.29839957e-01  1.95470476e-03 -4.55173887e-02 -5.64967468e-02
 -8.25420301e-03  2.98956297e-02 -3.43188364e-03  4.63006198e-02
 -2.39083543e-02 -5.09684086e-02 -3.13201062e-02 -8.09339583e-02
 -7.81446174e-02 -4.51851413e-02  4.94755544e-02  1.12055369e-01
  1.53374346e-02  1.38369709e-01  1.61753986e-02  5.91050647e-03
  2.46339329e-02  4.07425035e-03  3.01271621e-02 -3.39420256e-03
 -6.76500658e-03 -3.25454473e-02  2.82842610e-02 -4.73930920e-03
 -4.21724021e-02  3.41574550e-02 -6.06031455e-02  9.27955210e-02
  1.50311321e-01 -5.15905768e-02 -2.29438879e-02  5.27583733e-02
 -1.10957332e-01 -4.35698703e-02  1.33582596e-02 -6.14458881e-02
 -5.95289394e-02 -4.17824760e-02 -3.20929848e-03 -2.82140970e-02
  3.10764518e-02 -9.29353293e-03 -2.47915424e-02 -1.83765553e-02
 -1.17764913e-03 -3.77887189e-02 -5.97121008e-02  1.37526989e-02
  1.85605790e-02 -1.32711381e-02  1.05346948e-01  7.19525740e-02
  4.00074869e-02  2.36834195e-02 -1.01129692e-02 -2.82913279e-02
  5.60555086e-02 -3.21530811e-02 -4.84780557e-02  9.10598040e-03
 -5.21363765e-02 -7.57156163e-02  2.19590347e-02  1.86363935e-01
  2.63861008e-02  1.72430314e-02 -3.31273116e-02 -3.85572538e-02
 -3.90547961e-02 -5.45734242e-02  5.66950925e-02  4.80419695e-02
 -3.06483060e-02 -7.53893331e-03  6.13821158e-03  1.48988562e-02
 -5.27669117e-02 -3.68518122e-02 -8.51651561e-03 -1.21835396e-02
 -6.15889579e-02  6.07215874e-02  5.21225519e-02 -3.46713625e-02
  7.74984211e-02  3.55860479e-02 -4.29418497e-02  2.28175279e-02
 -9.06615406e-02 -5.84083758e-02 -4.30208892e-02 -5.29500292e-33
  4.06726785e-02 -2.71220002e-02  3.30126956e-02 -1.24119327e-03
 -8.96796491e-03  7.73428380e-03 -1.63433962e-02 -2.54449621e-02
  2.90099457e-02  1.53411767e-02 -5.83014451e-02  3.17888334e-02
  4.97038290e-02 -4.69421409e-02  5.07040136e-02  5.05076014e-02
  2.45041456e-02  6.50708526e-02  4.26813066e-02  6.00814074e-02
  4.29406669e-03 -7.08044991e-02  3.51983905e-02  5.67823835e-02
  7.36674145e-02  2.48954948e-02 -8.48715827e-02 -2.38633286e-02
 -6.41549155e-02  8.29888694e-03  6.71876371e-02  9.12735332e-03
  6.49834797e-02 -5.08511104e-02 -5.33170402e-02 -4.58048582e-02
 -4.22991160e-03  3.19147436e-03  9.76562798e-02  2.02166419e-02
 -4.72289249e-02 -5.60890548e-02 -2.81571858e-02 -8.13724399e-02
 -9.72956792e-02  8.98429155e-02  6.21327981e-02  3.68057117e-02
  1.54851675e-02  6.20699078e-02 -7.33459042e-03  8.95219296e-03
 -6.59216493e-02 -5.34485579e-02  3.89680155e-02 -1.59654282e-02
  4.38940478e-03 -1.88526195e-02 -4.20814892e-03 -3.61772925e-02
  1.70235205e-02  1.28751904e-01  5.14701530e-02 -3.71768326e-02
 -1.22962922e-01  8.87002498e-02  2.75626536e-02  4.14953269e-02
  6.30505458e-02  3.98042277e-02 -1.16127156e-01 -1.70494206e-02
  5.70462085e-02  2.14182120e-03  3.20900977e-02  5.94224036e-03
 -7.64322048e-03 -3.86425108e-02  1.20017715e-01  1.04287632e-01
 -1.54337002e-04  4.64116484e-02  2.26289220e-02 -2.80710105e-02
  7.46363327e-02  9.72554460e-02 -8.91243108e-03  4.90910038e-02
  8.36697146e-02  6.23085499e-02  1.18592009e-02 -5.87814227e-02
 -1.65932551e-02  2.38201227e-02 -4.57122065e-02  2.92279452e-33
 -5.54651991e-02  6.73860535e-02 -3.85976210e-02 -4.48025875e-02
 -9.89639089e-02 -1.41479084e-02  8.25164542e-02  1.91399008e-02
  1.77560449e-02  1.03383012e-01 -2.09832960e-03  3.95006537e-02
 -2.72872467e-02  1.39378812e-02 -1.98938381e-02 -5.51447868e-02
  8.26774538e-02 -5.59469052e-02  2.83105648e-03 -2.60125902e-02
  2.48360317e-02  4.91396077e-02  7.63722062e-02  2.91937590e-02
  4.25522961e-02  8.13313574e-03  8.41275416e-03  6.40964694e-03
 -2.84362268e-02  9.25896876e-03  4.30902615e-02 -5.15789054e-02
  1.49587747e-02  3.94176133e-02 -7.43719924e-04 -2.06655581e-02
  3.10797170e-02 -4.88205180e-02  2.65840348e-02 -5.89956455e-02
  6.78554550e-02 -6.29001036e-02  1.85585786e-02  7.43223652e-02
  2.43737996e-02 -4.86311130e-02  9.53095593e-03  2.56045107e-02
  7.25258291e-02 -2.29523499e-02 -4.20800596e-02 -1.33143859e-02
 -1.56811171e-03  5.68069555e-02 -1.02017961e-01  4.83316109e-02
 -3.65051553e-02 -3.35493684e-02 -1.72230247e-02  7.63277570e-03
 -4.71730419e-02  4.66363616e-02  2.73882225e-02  1.49682730e-01
 -5.07912524e-02 -2.17274274e-03  1.29558155e-02 -3.31865549e-02
  2.42494456e-02 -7.67734274e-02  5.79653122e-02 -4.09451984e-02
  2.00712290e-02 -7.46045336e-02 -1.68556608e-02  1.27492428e-01
  8.05009273e-04 -5.12847714e-02  8.55133054e-04  3.36118639e-02
 -3.85327600e-02  1.27532147e-02  1.18486108e-02  1.02032367e-02
 -5.42423576e-02  1.75805371e-02 -2.21883074e-05 -2.20933245e-04
  1.38953468e-02 -3.57709154e-02 -6.51145726e-02 -6.70899544e-03
 -4.48643193e-02 -9.61235818e-03  1.09888874e-02 -1.22343842e-08
 -7.75734242e-03 -1.34470668e-02  4.13710587e-02 -4.96544652e-02
  4.37510498e-02 -7.86691681e-02  1.63854957e-02 -5.91409504e-02
  1.82350911e-02  4.66188453e-02 -3.27589549e-02 -1.72431730e-02
 -9.97758806e-02 -1.37253869e-02 -4.05924357e-02 -3.41602811e-03
 -5.25772572e-02  4.18553054e-02 -2.11929474e-02 -9.38241109e-02
  6.59234151e-02 -1.14084093e-03  3.12678851e-02  3.36768129e-03
 -3.70647237e-02 -3.33634056e-02 -2.74324678e-02  3.30494046e-02
 -4.71199583e-03 -3.78722139e-02  1.99231170e-02  1.92060135e-02
 -7.30231591e-03  1.25022614e-02  2.62737144e-02 -5.10177873e-02
  5.48630282e-02  2.61450820e-02  2.71579716e-02 -1.75352804e-02
 -1.47206578e-02 -6.09038286e-02  2.47330554e-02 -2.72741797e-03
 -6.93858787e-02  6.28933031e-03 -7.34974965e-02 -1.81200150e-02
 -3.40805501e-02 -1.41508460e-01  5.85985072e-02 -2.05341820e-03
  3.19356024e-02 -1.90904941e-02  9.91857424e-03 -3.41498405e-02
 -3.19876894e-02 -1.71077941e-02 -9.85768363e-02 -4.88822199e-02
  8.13417435e-02 -1.18404225e-01  2.62189619e-02 -4.31752317e-02]"
482,Accounting,Governance,audits,2,0.5733,"[-4.91686054e-02  7.06115514e-02 -3.38013284e-02  2.58952305e-02
  2.19109543e-02  2.84530874e-02  1.08824059e-01 -8.80376026e-02
  3.18027958e-02  2.73642279e-02  4.62225489e-02 -3.95111665e-02
 -1.50528401e-02  8.51476844e-03 -1.51196972e-01 -7.83789754e-02
  2.22378094e-02  5.61202765e-02  1.19848466e-02  1.40412422e-02
 -7.25816339e-02 -4.12509665e-02 -2.92209033e-02 -7.96958152e-03
 -2.14390401e-02 -1.18843233e-02 -4.16134447e-02 -3.31815123e-03
 -2.76984423e-02 -1.06119223e-01 -2.95487121e-02 -6.62915409e-02
  2.63657197e-02  2.04627104e-02 -8.96196160e-03 -1.80178043e-02
  7.62987360e-02  2.99817994e-02  3.55074108e-02  2.79195909e-03
 -6.98691010e-02 -7.48948008e-02  1.60441007e-02 -1.38574913e-02
 -8.31158832e-02 -1.79453101e-02  5.94914658e-03 -3.96992266e-02
 -2.16556229e-02  3.34324241e-02 -6.90645501e-02 -4.66455854e-02
  4.03674021e-02 -7.27515109e-03  8.96298513e-03 -6.39305562e-02
  1.95383597e-02  8.26446805e-03 -3.20221782e-02 -4.90931571e-02
  4.72067557e-02  1.31271081e-02 -1.03696086e-01  6.04642294e-02
  2.78501641e-02  6.98580816e-02 -2.52358392e-02  8.02580714e-02
  1.85504947e-02 -7.10565150e-02 -3.70947085e-02 -7.48719424e-02
 -4.08330038e-02 -2.90084770e-03  4.04704399e-02 -1.49648553e-02
  2.73507778e-02  3.58536234e-03 -2.23948117e-02 -1.19611099e-01
 -3.35818380e-02 -1.17912665e-02 -1.20410509e-02  6.35154843e-02
  4.55896519e-02 -5.58808167e-03  1.25691807e-02 -1.93154104e-02
  1.46048730e-02  8.36168509e-03  4.33827341e-02 -4.15025949e-02
  4.73883450e-02 -4.99274954e-02  5.03433831e-02 -2.95385644e-02
 -2.26018447e-02  4.98509780e-02  1.21969715e-01  1.33996293e-01
  3.51172052e-02  8.02162290e-02 -4.79042269e-02  1.78872386e-03
 -6.78716553e-03  9.58950445e-03 -2.28726156e-02 -2.63130460e-02
  4.52079922e-02  4.28651646e-02 -7.90639315e-03  6.76008165e-02
 -1.31754978e-02 -1.72516759e-02  1.17424183e-01  1.34712923e-02
 -2.96075884e-02  5.28334714e-02 -8.80873017e-03  2.07355991e-02
  3.81118357e-02  5.86965643e-02  2.95268856e-02 -5.67212999e-02
 -5.86592890e-02 -3.82548198e-02  2.44787876e-02 -5.32146733e-33
  2.22997703e-02  7.52977133e-02 -4.13911901e-02  2.83196699e-02
  1.66961213e-03  4.27274518e-02 -2.85571180e-02  6.59281239e-02
 -2.25362983e-02  8.13340321e-02 -5.10430112e-02  1.31596267e-01
 -9.23701562e-03 -3.87687869e-02  9.31705460e-02  8.99533480e-02
 -4.24923981e-03  1.20100953e-01 -1.44948205e-02  3.46479518e-03
 -2.14210097e-02 -1.15458295e-01  5.79119474e-02  2.21011154e-02
  1.00890711e-01 -4.53958586e-02  5.80281485e-03  2.38979654e-03
  1.83263514e-02  4.00643535e-02  2.49059163e-02  3.44931521e-02
  4.21801768e-02 -2.78137950e-03  4.91350098e-03  5.79595044e-02
 -2.53927205e-02 -2.52047684e-02  3.01013868e-02 -8.17948729e-02
 -5.70657896e-03 -2.45828703e-02 -9.33505315e-03 -3.73102427e-02
 -5.51534295e-02  6.14781044e-02  1.40574295e-04  4.77780327e-02
  3.08916681e-02  4.18217592e-02  5.35814697e-03  3.59270792e-03
 -5.67194223e-02  3.17859687e-02  4.60171141e-02  3.35474573e-02
  7.07490444e-02 -1.56805273e-02  3.18124816e-02  2.32234821e-02
  5.53465001e-02  9.74085182e-02 -3.23960669e-02 -2.76930612e-02
 -1.13663912e-01 -4.17562798e-02  5.35556348e-03 -4.98955511e-02
  1.06521361e-01 -1.12356152e-02 -1.47973597e-01 -8.90972558e-03
  9.09284502e-03 -4.19410132e-03  2.34067999e-03  5.12347696e-03
 -2.61627845e-02  2.42218170e-02  4.14450467e-03  6.23201206e-02
 -4.49474938e-02 -7.46250525e-02  7.20060989e-02 -5.10043930e-03
  3.37227085e-03  3.77058312e-02 -4.19438481e-02 -4.79136081e-03
 -2.20818277e-02  2.18647011e-02 -7.12953433e-02 -2.93586068e-02
  4.09897454e-02  3.79098542e-02 -1.51034305e-02  2.27601035e-33
 -8.78157318e-02 -2.27870978e-02 -1.47652766e-02  1.49523905e-02
 -5.06616756e-02 -2.79795155e-02 -2.86666062e-02 -2.75609437e-02
  2.20681410e-02  6.84647337e-02 -8.12243000e-02 -4.10314910e-02
  6.88970312e-02  3.12535800e-02 -3.85823883e-02 -4.79509234e-02
  5.58249131e-02 -6.44726530e-02 -5.07766055e-03  1.13493123e-03
  5.47227971e-02  1.03829429e-01  9.68926698e-02  2.71672907e-04
  6.46523898e-03  6.80271536e-02 -1.49605097e-02 -5.74929826e-02
 -4.48803641e-02  2.11089160e-02  4.59908089e-03 -9.95723251e-03
 -2.81010102e-02  1.25826076e-01 -4.05801982e-02 -8.69922340e-02
  6.57142252e-02  1.23378197e-02 -1.53370230e-02 -2.22550575e-02
  8.79910365e-02  7.30130821e-02  7.75184706e-02  4.83964663e-03
 -2.43043303e-02 -4.63942438e-02 -6.65486231e-02  9.64042172e-02
  4.52841930e-02 -5.48194386e-02 -7.10925460e-02 -2.32490082e-03
  4.63550817e-03  3.49049456e-02 -9.07085687e-02  4.06774022e-02
  8.73281795e-04 -4.26247045e-02  8.08722060e-03  9.41559896e-02
 -8.59102327e-03  7.69422799e-02 -3.09377592e-02  8.40040743e-02
 -2.01021750e-02 -1.98343415e-02  3.82287763e-02 -6.76306849e-03
  2.50527281e-02 -4.31012409e-03  3.45585309e-02 -6.57782182e-02
 -8.44313055e-02  6.23702165e-03 -4.16542590e-02  5.59626669e-02
 -6.33187369e-02 -9.69217494e-02 -8.11142996e-02 -6.14397563e-02
  1.26093463e-03 -5.54282814e-02  1.54483598e-02 -1.73899028e-02
 -9.86459572e-03 -7.99002573e-02  8.44193473e-02 -9.40285772e-02
  6.04548454e-02  1.01042690e-03 -5.67026660e-02 -5.36253676e-02
 -1.53021468e-02 -6.88647479e-02  3.26192379e-02 -1.23180097e-08
 -7.71776366e-04  2.28508767e-02  8.38242471e-02  8.98263417e-03
 -1.01113482e-03 -1.06636025e-01 -7.03107566e-02  1.02970354e-01
 -2.41589826e-02 -4.35739122e-02  2.11272985e-02  2.34241062e-03
 -4.95694242e-02 -2.34847683e-02  4.08887789e-02 -1.05969779e-01
  1.13328900e-02  6.73826486e-02 -5.55203110e-02  1.29117686e-02
  8.70845746e-03  3.48126069e-02 -6.06156141e-03  3.45569588e-02
 -1.64787713e-02 -9.23250690e-02  5.76830981e-03  6.79726452e-02
  1.80880278e-02  3.36475521e-02 -9.03298520e-03  7.37762228e-02
  7.89521858e-02 -2.46356614e-02 -6.28755167e-02 -2.55349576e-02
 -5.69818076e-03 -4.36127298e-02 -5.55079384e-03 -2.89438143e-02
 -4.49376740e-02 -4.57468815e-02  4.55173776e-02  2.04419419e-02
 -1.00192696e-01 -6.35193661e-02 -4.02291678e-02 -6.27506431e-03
  2.17436012e-02 -4.42589261e-02  3.73707712e-02 -6.53164610e-02
  4.22664322e-02  7.55420700e-02  1.25721665e-02  1.71076469e-02
  6.44738451e-02  5.69403172e-03 -1.95531733e-02 -2.79461034e-02
  1.03743047e-01 -1.00133531e-02  9.01709124e-02 -1.15272412e-02]"
483,Accounting,Governance,business,5,0.5596,"[-6.72328845e-03  5.95008731e-02 -3.12834457e-02 -1.46559514e-02
 -9.14382264e-02 -1.31095815e-02  1.14547506e-01  5.72272856e-03
  5.11534102e-02 -5.07223271e-02 -9.78785611e-05  3.20675946e-03
 -2.00384595e-02 -1.96989495e-02  4.88182623e-03 -3.88164669e-02
 -1.88203622e-02 -3.03307027e-02 -9.81239900e-02 -4.50929590e-02
 -1.13528930e-01  2.11118199e-02 -7.11427480e-02  1.19624976e-02
 -2.54580490e-02  6.51033372e-02 -2.01934148e-02  2.70911288e-02
  2.46974360e-02 -1.15710869e-01 -6.60479162e-03  4.44966964e-02
  1.04822583e-01  2.31086556e-02  5.38772764e-03  1.97690092e-02
 -4.89035482e-03 -3.28214057e-02  9.61310938e-02  1.42211253e-02
  8.04580189e-03 -9.45822820e-02 -9.43628997e-02 -2.69667339e-02
  1.24407895e-02  8.23658425e-03  3.05997636e-02  1.95940807e-02
  6.66870475e-02  3.83578241e-02 -4.17516716e-02 -1.10838041e-02
 -2.62214355e-02  3.54201272e-02  6.33814139e-03 -3.23167699e-03
 -6.00727051e-02  1.70497305e-03  1.11178984e-03 -6.11388050e-02
  8.43082815e-02 -5.23603102e-03  5.34569612e-03  2.75304466e-02
  5.31865060e-02  4.37809154e-02 -6.42373264e-02  7.15777129e-02
 -1.18367940e-01 -4.46073636e-02  8.37187245e-02 -5.19884117e-02
 -7.00210929e-02  5.18757477e-02  4.05245088e-02 -7.76389167e-02
  5.79783469e-02 -2.99022812e-03  5.68272024e-02 -2.01509651e-02
  3.84919122e-02  1.29799927e-02 -9.68651548e-02  6.29304126e-02
 -7.47640058e-02 -3.63083333e-02  2.30353791e-02  5.94456606e-02
  6.43917695e-02  1.36421714e-02 -4.56992015e-02 -5.03942482e-02
  2.41248813e-02 -1.00576524e-02 -7.22754002e-02  2.96641663e-02
 -2.66810730e-02 -6.11667112e-02  1.63142737e-02  2.69207478e-01
  2.30495986e-02  7.11534992e-02  2.09855549e-02 -7.75647210e-03
 -5.02380095e-02 -2.65977755e-02 -2.19228733e-02  7.09413961e-02
 -3.51571920e-03 -3.04035507e-02 -4.89510074e-02  1.23466114e-02
 -5.19865006e-02  1.44284070e-02  2.46115611e-03 -2.09934060e-02
  9.52104665e-03  2.19688732e-02  7.95353428e-02 -2.67094094e-03
  1.41171627e-02  1.10985354e-01 -2.59088501e-02 -4.15771939e-02
 -1.00756995e-01 -9.91118178e-02 -2.10773684e-02 -5.26287629e-33
 -1.95315555e-02 -5.62942363e-02  2.68325657e-02  8.00702870e-02
  1.44257732e-02  5.52247949e-02 -3.29193077e-03 -9.61289916e-04
 -5.89947589e-02  1.14519581e-01 -8.71033408e-03  7.24855810e-02
  3.09660900e-02  2.35705916e-02  1.34438783e-01  4.04674187e-02
 -2.02558786e-02  4.27438095e-02  2.88681891e-02 -3.37164178e-02
 -2.31856247e-03 -1.26010710e-02 -2.01893784e-02  4.21781018e-02
  1.25602465e-02 -2.90447921e-02  1.20264366e-02 -6.64832117e-03
  6.93591982e-02 -4.72723693e-03  1.00143358e-01  1.28670819e-02
 -3.37249693e-03 -6.44557364e-03 -4.14984077e-02 -5.18122725e-02
 -3.44035588e-02 -9.13646817e-02  9.78476647e-03 -5.21974191e-02
 -1.07853867e-01  8.52124579e-03 -4.92977351e-02  2.79037300e-02
 -3.73868942e-02  8.25425088e-02  4.15625535e-02  1.23083591e-02
 -2.42179679e-03  9.60745476e-03  8.55997298e-03 -1.43610081e-02
 -9.50097479e-03 -1.81244221e-02  2.62699258e-02 -7.29391724e-02
 -8.80723912e-03 -7.34148100e-02 -3.64239030e-02 -9.64478124e-03
  1.08777381e-01  7.40861297e-02 -5.06748483e-02  5.09435497e-02
 -3.20411026e-02 -2.18132487e-03  2.45174617e-02  5.66331204e-03
  6.77381307e-02 -8.84807631e-02 -1.48961516e-02 -5.74735738e-03
  5.54461293e-02 -2.56516621e-03 -2.53313337e-04  8.56991932e-02
 -3.24760415e-02  3.09107043e-02  2.20199842e-02  2.64665037e-02
 -1.34867160e-02  1.18317856e-02  6.23096004e-02  4.41086814e-02
  4.06668074e-02  6.68133274e-02  3.24245989e-02 -7.62052685e-02
  6.63366215e-03  7.57526681e-02 -1.31247371e-01  9.26004350e-02
 -3.55803750e-05  9.52477604e-02  6.68318849e-03  3.38985865e-33
 -1.60014760e-02 -3.47659402e-02 -2.46371944e-02  4.10754606e-02
  1.41287558e-02  1.34546519e-03  4.57587354e-02 -4.21891846e-02
 -1.02097327e-02  8.29491690e-02 -1.06639877e-01 -9.56875607e-02
  5.17988298e-03  7.81034008e-02 -1.57665685e-02 -5.44381402e-02
  1.45576179e-01 -2.37396415e-02 -3.22429463e-02  3.23393270e-02
 -6.75594360e-02  7.71353170e-02 -2.93599796e-02  2.32155118e-02
 -2.85748504e-02  4.97308113e-02 -4.93967421e-02 -2.72944327e-02
 -2.87256930e-02 -3.43495072e-03 -2.58456115e-02  3.06835249e-02
  6.74879318e-03 -4.10491554e-03 -2.82437224e-02  5.44895455e-02
 -7.98402540e-03 -2.20291433e-03 -2.25319620e-03 -4.49595228e-02
  5.54078519e-02 -2.99655385e-02  1.46504184e-02  1.17575780e-01
 -1.80847812e-02 -5.76959401e-02 -9.56832711e-03 -4.61512133e-02
  7.46812597e-02 -1.55690191e-02 -7.31923655e-02  1.74655952e-02
 -7.27203488e-03 -4.45536114e-02 -2.14737374e-02  6.95937276e-02
 -3.90394069e-02 -5.87985106e-02 -3.87177430e-02  6.16827272e-02
  1.31189926e-02  4.25779074e-02  4.88679931e-02  1.00666292e-01
 -4.43441942e-02  4.91203889e-02  3.31992246e-02 -7.77704734e-03
  3.51240188e-02 -2.89705396e-02  5.80141321e-02  5.00137433e-02
 -5.98230474e-02  4.38150615e-02 -9.09048468e-02  3.25091407e-02
 -5.01043200e-02 -4.63556200e-02  1.72304641e-02 -2.31384463e-03
 -5.14282379e-03 -8.54956657e-02 -3.32568139e-02  4.35512029e-02
 -1.06989369e-01 -6.09240569e-02  2.48160493e-02 -2.05506980e-02
 -2.00571660e-02 -8.68843496e-02 -6.88864514e-02  1.19287067e-03
 -6.77131116e-02  3.51048745e-02  5.34828426e-03 -1.42595713e-08
 -2.71116327e-02 -3.83158140e-02  1.52392900e-02 -2.50105280e-02
  1.77997036e-03 -2.94878148e-02  3.50298323e-02  1.87460668e-02
  4.26138379e-02  6.17840625e-02 -5.92685379e-02 -1.48096057e-02
 -5.73165901e-02  1.00494802e-01  1.92690622e-02 -1.31445378e-02
 -8.17106757e-03 -1.94140989e-02 -4.15715942e-04  5.09941056e-02
  5.11026345e-02  2.83888169e-02  5.36579750e-02 -2.90604252e-02
  1.04250619e-02 -5.07335253e-02  4.74255346e-02  7.13779777e-02
  1.04421144e-02 -9.32862423e-03  2.92412583e-02  8.11794996e-02
 -2.48064585e-02 -2.10860334e-02 -3.93337570e-02 -9.15308446e-02
  2.11219303e-02  3.11428215e-02  4.08736467e-02 -2.76377262e-03
 -6.77127838e-02  3.07528749e-02  2.70171873e-02  2.72041839e-03
 -3.48232500e-02 -2.15707086e-02 -2.83344258e-02 -5.74983424e-03
 -1.78366378e-02 -5.77623397e-02 -1.74757876e-02  1.51949218e-02
  7.82815889e-02 -2.62996498e-02  2.93855593e-02 -7.14598969e-02
  2.09183283e-02 -1.38087794e-02 -5.70219941e-02  3.69396508e-02
  4.98278923e-02 -9.08899903e-02  2.59110183e-02  3.86371766e-03]"
484,Accounting,Governance,expense,1,0.5433,"[-1.63565744e-02  1.22137539e-01 -2.57996563e-02  3.27599235e-02
  6.83242306e-02  1.40004624e-02  1.66929260e-01  7.60759460e-04
  2.43970901e-02  3.34730409e-02  4.63297591e-02 -5.17470390e-02
 -5.08533008e-02  1.05642397e-02 -9.97797549e-02 -7.50976577e-02
  3.29526626e-02 -1.19980704e-03 -7.73569420e-02  4.89019752e-02
 -1.59396175e-02 -1.36765861e-03  2.27577947e-02  4.96757068e-02
  2.71918550e-02  2.70599965e-02  1.46996500e-02  6.13175472e-03
  7.20709702e-03 -7.57102221e-02  2.06321813e-02 -4.27430943e-02
  1.42624564e-02 -4.23899032e-02  4.78102230e-02  4.64664288e-02
 -5.71578089e-03  2.42416412e-02  5.97849395e-03  2.25499924e-02
 -7.64634013e-02 -2.54862290e-02 -2.32539140e-02 -1.34546617e-02
  5.91235841e-03 -2.69560460e-02 -1.85616850e-03  2.02831738e-02
  1.25986533e-02  9.10045579e-02  6.37499318e-02 -4.78063943e-03
 -1.75113212e-02 -3.37936394e-02  1.79736875e-02 -3.10974903e-02
  2.50115357e-02 -4.80035096e-02 -3.43269184e-02 -4.56890762e-02
 -4.87143435e-02  1.90160461e-02 -4.99953665e-02  3.73783000e-02
  6.97859749e-02  4.70597483e-03  3.69818462e-03  4.24409546e-02
 -1.32664770e-01  1.60668492e-02 -5.36833704e-02 -1.48961898e-02
 -4.59607914e-02 -3.28484038e-03  4.21848111e-02  1.58316223e-03
  1.23638295e-01  4.52016965e-02  1.96552183e-02 -1.93706118e-02
  4.20274436e-02  3.36726382e-02 -1.93612352e-02  1.57692283e-02
  5.33955880e-02  8.54628440e-03  1.03627564e-02  6.62570354e-03
  1.98306795e-02 -1.75112411e-02  3.39863673e-02 -6.92313984e-02
  3.87494862e-02 -2.94147376e-02  1.68389063e-02  1.80219002e-02
  4.83108778e-03  1.94627605e-02 -8.06125998e-03  1.98196709e-01
  2.67550573e-02  3.62094380e-02  7.45547786e-02  1.26445084e-03
 -2.52007544e-02 -2.99397483e-02  5.35278283e-02  5.80843836e-02
  4.70068492e-02  1.10540800e-02 -3.19636837e-02 -3.84777300e-02
 -4.01170552e-02 -8.05440079e-03  5.39653264e-02  4.43705022e-02
 -6.22379370e-02 -1.50913897e-03  1.00429356e-01 -2.37406678e-02
  5.37673570e-03  1.94806512e-02 -8.19076225e-03 -8.18897411e-03
 -1.40974283e-01 -1.45608738e-01 -3.25344391e-02 -4.58602591e-33
 -2.56209541e-02 -2.07224861e-02 -1.28076319e-02 -3.59212942e-02
 -6.07440099e-02 -2.95109209e-02 -1.83222874e-03  1.37613937e-02
 -5.94907291e-02  2.28315704e-02  8.05824436e-03  1.00406803e-01
 -2.92734113e-02 -3.13319708e-03  9.25004482e-02  2.37428863e-02
  1.61549449e-02  1.50664866e-01  7.20424056e-02 -3.29120792e-02
 -2.79599484e-02 -3.71849686e-02  5.61105981e-02  1.59463584e-02
  1.43072475e-02 -3.47601995e-02  2.01945640e-02 -7.19791427e-02
  4.18083221e-02 -4.64510609e-04  3.01564392e-02  3.29763666e-02
  6.51572794e-02 -1.90885067e-02 -5.70510980e-03  1.47756916e-02
 -3.30419652e-02 -8.46527424e-03  2.12832410e-02 -4.02331613e-02
 -3.07414215e-02 -3.74483392e-02  6.73258351e-03 -4.03363141e-04
 -5.72063550e-02 -4.83943382e-03  1.39663965e-01 -1.64686388e-03
 -8.32640305e-02  2.63123307e-02 -4.88888547e-02 -4.10292782e-02
 -6.79416060e-02 -2.32733916e-02 -3.77232470e-02 -8.45339224e-02
  4.98535447e-02 -3.04846019e-02  2.54601259e-02 -7.09829181e-02
  3.19979750e-02  6.22442784e-03 -5.07050706e-03 -6.28247531e-03
 -4.62354794e-02 -4.69665565e-02  8.69558100e-03 -1.03714662e-02
  4.67853062e-02 -2.92222835e-02 -9.35008228e-02 -3.29899602e-02
  7.16703162e-02  3.46073247e-02  1.88855436e-02  7.09749386e-02
 -2.26736385e-02 -2.99675297e-02 -6.53950172e-03  3.87309231e-02
 -7.47596920e-02 -5.53179942e-02  1.05524752e-02  4.31521684e-02
  1.91366095e-02  1.78157929e-02  2.93569528e-02 -2.26296503e-02
 -2.24195775e-02  2.41286270e-02  1.67030829e-03  5.09674521e-03
 -4.21557091e-02 -5.60809523e-02  5.63131943e-02  3.09865968e-33
  2.54482329e-02  3.72876227e-02  4.10644114e-02 -8.73378292e-03
 -1.73228011e-02  8.45905673e-03 -2.20703594e-02 -6.42618835e-02
  1.45401922e-04  6.98277131e-02 -1.52567521e-01  1.72348600e-02
 -4.07529809e-02  1.07117267e-02  3.87516171e-02 -6.31802157e-02
  6.12586290e-02 -5.03634773e-02 -1.81386690e-03 -5.75728975e-02
 -4.78130504e-02  9.23388004e-02  9.47149694e-02 -7.19401166e-02
 -7.58740157e-02  6.27736002e-02 -3.36614884e-02 -7.84296915e-03
 -4.84051332e-02  3.55000794e-02 -2.47250721e-02 -1.87673848e-02
 -2.02075616e-02  4.96611968e-02 -6.25531524e-02  2.15245672e-02
 -2.23159995e-02  1.06947944e-01 -4.07849159e-03 -2.17887498e-02
  3.85074057e-02 -2.88848188e-02  5.31292297e-02  5.56307957e-02
  4.44942415e-02 -8.34125504e-02 -9.12485868e-02 -8.48962069e-02
  1.05040178e-01 -4.66191657e-02  7.53259228e-04 -2.52553690e-02
  6.12343429e-03  4.00832901e-03 -1.20761685e-01  8.35846588e-02
  1.59626398e-02 -4.00771312e-02  3.24736312e-02 -1.44320242e-02
  1.07626142e-02  7.65349716e-02 -1.07929194e-02  5.44561148e-02
 -9.19575915e-02  9.35977232e-03  4.72733229e-02 -8.37110654e-02
  2.45724581e-02  1.04822377e-02 -2.63196845e-02  4.48610354e-03
 -7.43426830e-02 -9.99499299e-03 -8.25341418e-03  8.78227577e-02
 -4.38300456e-04  1.81830097e-02  3.52115147e-02 -4.53571742e-03
  3.86100188e-02 -4.36400101e-02  5.37416199e-04 -3.64524536e-02
 -7.32007697e-02 -1.07413799e-01  1.01969540e-02 -3.10715437e-02
 -4.83687557e-02  1.83014050e-02 -2.81118173e-02  4.25008824e-03
 -3.49301449e-03  9.26390141e-02 -1.93841029e-02 -1.21413830e-08
 -5.70780365e-03  2.92445868e-02  8.53143632e-02  1.93981901e-02
 -7.51081016e-03 -1.28185093e-01  3.39011066e-02  1.39226839e-01
  1.66194662e-02  1.11576900e-01  2.11559236e-02 -2.97672488e-02
  1.25690801e-02  7.01404437e-02 -5.00777364e-02  2.27498058e-02
 -6.93194009e-03 -2.62068156e-02 -4.89056632e-02  1.85109396e-02
 -3.45810986e-05  8.91911145e-03 -1.20909242e-02  6.08715303e-02
  2.89238291e-03 -5.83644733e-02  1.96797755e-02  1.30579025e-01
  1.64106041e-02 -1.55909834e-02  5.30366674e-02  6.83815926e-02
  2.46365797e-02 -2.73051877e-02 -7.35626668e-02 -1.04315706e-01
 -8.12849328e-02  1.01146484e-02  1.34786181e-02  8.58510062e-02
  2.05497677e-03  3.46397806e-04  4.56634685e-02  1.14546455e-02
  3.14598419e-02  1.04331216e-02 -1.60954252e-01 -3.93029824e-02
 -7.70105422e-02 -3.06337755e-02 -8.84746946e-03  2.03623325e-02
  6.17743470e-02  2.82977838e-02 -1.12683754e-02  3.76186194e-03
  6.69868514e-02  3.57781909e-02 -5.97681552e-02  3.78981568e-02
  8.83718207e-02 -6.61034882e-02  2.66110338e-02 -5.52146211e-02]"
485,Accounting,Governance,revenue,3,0.5349,"[-3.13075632e-02  4.89958860e-02 -4.46763299e-02 -3.08605824e-02
 -4.47585359e-02  3.41253448e-03  1.18407920e-01  6.47953600e-02
  4.37495187e-02  2.41042479e-04  3.32451542e-03  5.59107214e-03
 -3.45297046e-02 -2.70389542e-02 -2.21273005e-02 -1.46799432e-02
  1.71803646e-02 -4.07389086e-03 -4.52270657e-02  1.06504047e-02
  6.17126711e-02  2.84328498e-03 -4.62942151e-03  2.34340448e-02
  5.08709215e-02  1.28210289e-02 -4.82911877e-02  5.31579331e-02
  2.85910666e-02 -7.26693124e-02 -2.29922272e-02  8.02187528e-03
  5.08515015e-02 -1.85822821e-04 -2.72046085e-02  1.26535781e-02
  2.81591289e-04  3.47090932e-03 -2.71308329e-02  3.52029204e-02
  4.20206599e-03 -5.81907295e-02 -9.01900828e-02 -3.02240960e-02
  8.34621023e-03 -4.61239368e-02  2.64766719e-02  7.05038756e-02
  3.27152088e-02  1.35221153e-01 -8.98646470e-03  3.81942354e-02
 -1.89159010e-02  5.11562601e-02  7.68642873e-02 -5.06167337e-02
  1.75511520e-02 -1.56340227e-02  1.53962318e-02 -6.34020716e-02
 -5.54833896e-02 -6.13055788e-02 -7.89563823e-03  3.15492563e-02
  6.46534562e-02 -6.81089312e-02 -4.47517745e-02  5.13238497e-02
 -1.10093847e-01 -6.17086589e-02  1.24302162e-02 -2.59584077e-02
 -3.27335969e-02 -7.27949515e-02  3.24232411e-03 -3.73879299e-02
  7.97866508e-02  4.62725572e-02  9.73682757e-03 -4.08779979e-02
  5.84141724e-02  1.55056398e-02 -8.07415321e-02  2.95863207e-02
  7.46195810e-03 -1.53167024e-02  9.50188935e-02  3.14905047e-02
  5.89889996e-02  5.25998734e-02 -3.29911597e-02 -2.56570522e-02
  5.02159111e-02 -3.90703492e-02 -9.95714590e-02  4.57200110e-02
 -3.37151834e-03 -1.29391119e-01  9.20093134e-02  2.44363949e-01
  2.25206632e-02  5.65496348e-02  1.28814140e-02 -7.07663223e-02
 -5.67132011e-02 -6.82185888e-02  1.30362725e-02  1.26674786e-01
  5.64354705e-04 -7.07929768e-03 -5.92721403e-02  6.53405394e-03
 -7.17173740e-02 -1.18641593e-02  1.22860810e-02  2.34217122e-02
 -7.11580813e-02  1.35179050e-02  4.10921946e-02 -5.55952862e-02
  2.74864826e-02  1.53583176e-02  5.71010343e-04  8.72726087e-03
 -1.04082115e-01 -4.66957055e-02 -3.17949094e-02 -4.67563862e-33
 -2.45159212e-02 -4.82900329e-02  3.49392816e-02 -5.17454781e-02
 -3.87706910e-03  2.58744229e-02 -1.31522464e-02  2.21538059e-02
 -3.04215923e-02  3.78786251e-02 -5.06131537e-02  3.63394134e-02
  3.34854834e-02  3.61575633e-02  1.06938869e-01  1.96740944e-02
 -8.63716900e-02  9.42509323e-02  5.10185994e-02  2.76195109e-02
 -9.16902348e-03 -2.98784319e-02  5.43529093e-02  1.27169728e-01
 -3.07735405e-03 -5.08088013e-03 -3.17925662e-02 -4.11670171e-02
  6.97748223e-03  2.63661854e-02  2.76084337e-02  4.31171916e-02
  9.51319039e-02 -2.03086827e-02 -4.26782668e-02 -9.12331790e-03
  3.22449319e-02 -5.95004149e-02  3.71548496e-02 -1.44715607e-02
 -5.99236675e-02 -3.69140208e-02  7.69994035e-03 -5.33085549e-03
 -1.49443433e-01  3.71412896e-02  6.22239150e-02  1.37566840e-02
 -2.71596219e-02  2.39902008e-02 -3.63714360e-02  1.06810732e-02
 -6.31150529e-02 -4.37746570e-02  3.53236236e-02 -2.56310636e-03
 -2.86887307e-02 -3.85255329e-02 -2.52903551e-02 -8.85857642e-03
  8.41817707e-02  3.64025384e-02  2.44517643e-02  4.29918244e-02
 -6.69308528e-02  6.07718108e-03  5.92330396e-02 -1.59377344e-02
  8.37760642e-02 -3.75142023e-02 -5.20001054e-02 -4.55541648e-02
  3.30384485e-02 -1.27224121e-02  6.31500082e-03 -5.84094971e-03
  2.63179857e-02 -7.60055147e-03  3.04560624e-02  1.23977117e-01
 -1.89214461e-02 -2.46585794e-02  1.55472225e-02 -3.38719338e-02
  4.09513935e-02  6.34943396e-02  1.72399189e-02 -3.14103961e-02
  1.23343384e-02  5.83061092e-02 -5.27495481e-02  1.11481221e-03
 -3.74414995e-02  3.12644616e-02  7.24599883e-03  2.66412736e-33
 -4.65896819e-03  1.11046568e-01 -1.29004503e-02  4.41524163e-02
 -5.49265556e-02  4.28009443e-02  3.54181305e-02 -2.13130638e-02
 -2.58663148e-02  3.08400057e-02 -1.22592390e-01  4.76042069e-02
 -4.05778550e-02  6.85191825e-02 -3.27993371e-02 -5.37728779e-02
  1.22195363e-01 -3.82104144e-02 -1.23929316e-02 -3.51679064e-02
 -2.21164599e-02  7.60750324e-02 -2.36600824e-02 -1.83546846e-03
 -4.41731289e-02  4.02477235e-02 -9.66930091e-02  3.17873657e-02
 -5.30128814e-02  3.11709382e-02  7.60506913e-02 -2.89325770e-02
 -1.08734056e-01  6.39541599e-04 -6.44990131e-02  3.30456123e-02
  1.51292114e-02  1.96526535e-02 -3.88590130e-03 -8.00024252e-03
  6.13809377e-02 -2.77749300e-02  2.03536507e-02  6.42605573e-02
 -7.07655959e-03 -2.89228391e-02 -4.09982540e-02  1.74841564e-02
  7.56227747e-02 -1.70940459e-02 -5.06054424e-02 -9.74600948e-03
 -5.04215397e-02  2.68308185e-02 -1.18366182e-01  4.15397994e-02
 -3.11752856e-02 -1.59687456e-02  1.50539130e-02  2.28981674e-03
  3.65015939e-02  3.57642993e-02 -2.29880437e-02  1.28432333e-01
 -1.09037325e-01 -2.19513681e-02  3.95031348e-02 -5.26282452e-02
  2.31604297e-02 -5.64648733e-02  2.11148374e-02  6.32226747e-03
 -1.30567662e-02 -2.65818890e-02 -9.21025053e-02  1.60078928e-01
 -7.14636967e-02  5.78255998e-03  2.51623280e-02 -4.60828468e-02
 -1.02117006e-03 -3.61821204e-02  5.74153429e-03 -5.35444990e-02
 -1.04723983e-01 -5.42275943e-02  5.90155087e-02 -5.45502938e-02
 -2.25192104e-02 -1.99403614e-02 -5.91292158e-02 -1.08791376e-02
 -3.52056473e-02  2.85699352e-04  1.12977531e-02 -1.27328521e-08
  2.60048993e-02  1.64583512e-02  4.40252982e-02  4.35103215e-02
  4.93554585e-03 -5.46889342e-02  3.87342796e-02  1.07935719e-01
  6.30311146e-02  2.40045376e-02  3.90708894e-02 -4.38020602e-02
 -3.39620784e-02  4.41589355e-02  1.72067359e-02  6.06733598e-02
 -5.88337630e-02  4.68495712e-02 -2.44832821e-02 -3.59472297e-02
 -4.56824091e-05  1.34658869e-02  1.17209246e-02 -5.32808900e-02
 -1.36128149e-03 -4.26343679e-02  6.66412935e-02  7.25263879e-02
  2.12665703e-02 -1.98131036e-02  1.54750962e-02  7.05317557e-02
 -2.40300093e-02 -1.37139568e-02  3.56697972e-04 -6.96545616e-02
 -6.38970956e-02  2.10172404e-02  3.61476317e-02 -4.46995012e-02
 -1.76317319e-02 -1.20287994e-02  5.72415031e-02 -4.00542133e-02
 -4.93057594e-02  5.45242010e-03 -1.04221627e-01  2.43702289e-02
 -8.94241408e-03 -1.01753935e-01  5.82728013e-02  4.39285710e-02
  4.28737402e-02 -3.29468362e-02  4.45445739e-02 -7.19086826e-02
 -9.13693663e-03  7.92210735e-03 -5.16056754e-02  2.00684834e-02
  8.32253247e-02 -6.07363544e-02  1.01564944e-01 -6.81293458e-02]"
486,Accounting,Governance,management,12,0.5192,"[-6.74250163e-03  3.94127220e-02 -2.95228716e-02  7.41123632e-02
 -3.09088156e-02 -3.30426656e-02  9.95711312e-02 -4.89375107e-02
 -2.25774720e-02  1.07761778e-01  5.17430268e-02 -9.16452706e-03
  2.46204436e-02  3.09753940e-02  2.71800607e-02 -1.14289597e-02
 -4.73396443e-02 -8.33838433e-03 -2.28628702e-02 -9.31564867e-02
 -6.38783351e-02 -2.54104063e-02 -2.00622175e-02  1.92992408e-02
 -1.08344041e-01  7.56677985e-02 -6.90313727e-02  6.38180599e-02
 -2.82696150e-02 -1.38183877e-01  1.31309489e-02  7.15729315e-03
  9.56339538e-02  3.64910029e-02 -4.05676886e-02  6.54199570e-02
 -4.61293943e-02  1.17836101e-02  5.33233993e-02 -2.63855476e-02
 -2.44800970e-02 -1.52458316e-02 -5.41586392e-02 -7.21577480e-02
 -2.57489439e-02  4.93020751e-02  2.44439812e-04 -2.69789039e-03
 -2.27397177e-02 -2.15124413e-02 -6.21105060e-02 -5.08999862e-02
 -1.74447615e-02  9.68975667e-03  3.62056121e-02  1.64978560e-02
  3.13485675e-02 -2.98486464e-02 -4.73109484e-02 -1.02875553e-01
 -3.47474590e-02 -1.57520249e-02 -7.26062879e-02  3.25870477e-02
  5.20022921e-02 -2.28076838e-02 -2.76090130e-02  9.69556347e-02
 -4.01524380e-02 -1.82784926e-02  9.14915577e-02 -1.03170276e-01
 -3.42110358e-02 -1.66468916e-03  2.17488483e-02 -5.15869409e-02
 -2.30062865e-02  1.81478392e-02  8.83841068e-02  1.94602169e-03
  5.66026978e-02  2.49093771e-02 -3.33295688e-02  9.09490734e-02
 -3.26895975e-02 -2.15647463e-02  5.69076743e-03 -8.15423857e-03
  5.71353249e-02  2.13302951e-02 -1.93279404e-02 -3.10928430e-02
  4.10875492e-02  7.80773582e-03 -1.05895981e-01 -2.29647812e-02
  3.17370705e-02 -9.95659549e-03 -5.00304289e-02  2.12100565e-01
  4.72692102e-02  2.21707188e-02 -2.55228225e-02 -3.71890515e-02
 -3.80109288e-02 -4.43153642e-02  4.35216352e-02  4.12057862e-02
  2.68357806e-03 -9.32605192e-03 -1.95706468e-02  5.66908382e-02
 -8.82166103e-02 -4.01940197e-02  4.13320512e-02 -9.40297451e-03
 -8.26471299e-03  3.51529904e-02  3.12146153e-02  5.91682382e-02
 -6.23886939e-03  4.17862013e-02  1.35075925e-02  1.56383719e-02
 -1.16812684e-01  2.08049663e-03 -9.24678799e-03 -4.95486958e-33
 -1.75512768e-02 -8.98833424e-02 -1.36630451e-02  6.60484135e-02
  8.62389132e-02  3.00743487e-02 -9.98962484e-03  8.78575295e-02
  2.61653867e-02  1.92045723e-03  2.88701765e-02  2.57828012e-02
  2.28039548e-02 -6.25035390e-02  1.11601591e-01 -4.30049412e-02
 -4.99433838e-02  1.18328132e-01  9.29857977e-03 -7.76721817e-03
 -7.34170228e-02  3.06019764e-02 -1.14092296e-02 -2.40515880e-02
  6.16032332e-02  2.09791698e-02 -2.86934320e-02 -1.36957727e-02
  1.05531000e-01  1.64966155e-02  6.74866885e-02  5.19290082e-02
 -5.62217943e-02 -1.97678544e-02 -6.81038201e-03  2.85073463e-02
 -8.18141848e-02 -4.22843024e-02  2.53905915e-02 -5.76908924e-02
 -8.59821662e-02 -4.37891632e-02  1.35796648e-02  3.62083036e-03
 -4.46456783e-02  4.51583788e-02  9.72872227e-02 -1.28815267e-02
  4.90351953e-03  6.33655488e-02 -3.14216055e-02 -4.13633436e-02
  3.61029506e-02 -1.55062135e-02  7.88018107e-02 -1.61103979e-02
  3.85580398e-02 -1.53121036e-02  6.98828325e-03  1.54383359e-02
  2.29718555e-02  5.85144237e-02 -7.50529170e-02  9.01918039e-02
  5.07602617e-02 -3.89378704e-02 -6.50601648e-03 -1.58440508e-02
  1.11078821e-01 -1.00741545e-02 -5.09891808e-02 -5.36722550e-03
  4.69328500e-02  5.42523488e-02 -1.95006151e-02  6.03998033e-03
  2.68346537e-02  2.54885089e-02 -9.54342410e-02  1.85403563e-02
 -1.45493094e-02 -6.61010039e-04  4.53139953e-02  2.21819747e-02
  9.71526578e-02  1.70249976e-02  6.47831857e-02  2.18948815e-02
  3.88422124e-02  1.46642208e-01 -6.48898259e-02  1.48661081e-02
  1.15849013e-02  1.51158854e-01 -2.73532458e-02  3.86382312e-33
  2.49592327e-02  6.04487583e-03 -4.92412001e-02  2.53113192e-02
  4.67575341e-02 -4.94141877e-03 -4.66419943e-02 -5.14290258e-02
 -3.94193493e-02 -9.37140919e-03 -6.32311776e-02 -4.02414650e-02
  1.26834307e-02  8.05570334e-02 -6.19750246e-02 -3.54964808e-02
  1.08410008e-01 -9.34646502e-02 -1.04379460e-01  5.48994541e-03
 -7.12465122e-02  6.88104853e-02 -3.29447985e-02  2.42999494e-02
 -8.34296942e-02  8.49779695e-02 -8.05544760e-03 -6.20969571e-03
 -2.09841132e-02 -2.43264064e-03  3.73189524e-02 -5.93400225e-02
 -1.89313907e-02  4.62824702e-02 -3.48984562e-02 -3.82679030e-02
  1.73168350e-02  4.18221653e-02 -3.90591361e-02  8.93673003e-02
  1.05569139e-02 -3.21455486e-02  5.59766358e-03  3.41871828e-02
 -2.06340360e-03 -5.36873890e-03 -3.99615914e-02 -3.86990458e-02
 -8.68422631e-03  1.22853834e-02 -1.14065439e-01 -5.71248978e-02
 -5.85132651e-02 -6.97128996e-02 -1.76434945e-02 -1.41001819e-02
 -1.50681008e-02 -4.36179340e-02 -1.58179235e-02  2.40705796e-02
  3.37884878e-03  1.51645727e-02 -1.84223279e-02  7.97082931e-02
 -6.62442073e-02  7.73905590e-02  3.94710712e-02 -2.38908418e-02
 -2.84657497e-02  1.61539152e-04  2.49454062e-02  4.77407640e-03
 -3.73025462e-02  3.43278386e-02 -1.20241549e-02 -8.58326536e-03
 -6.57223091e-02 -4.31737117e-02 -2.51085497e-02 -6.63335770e-02
 -2.00591553e-02 -3.23599689e-02 -2.39369143e-02  4.80089560e-02
 -8.86013582e-02  2.40889913e-03  3.82408574e-02 -5.45429699e-02
 -2.37914752e-02 -6.08211607e-02 -2.30521169e-02 -7.34876320e-02
 -4.20055799e-02  2.42109168e-02  4.84418646e-02 -1.31674760e-08
 -1.89381577e-02 -3.86939123e-02  7.07191974e-02 -7.59283230e-02
  5.05007207e-02 -3.44543941e-02 -3.33810449e-02 -5.41095547e-02
  9.26085040e-02  9.99066979e-02 -6.50642393e-03 -1.23093529e-02
 -6.09188564e-02  7.13185295e-02  4.85054627e-02 -2.68703215e-02
 -1.46179013e-02  5.00654392e-02 -1.81922428e-02 -6.36717957e-03
  3.20900157e-02  2.05689110e-02  1.90309610e-03  1.42170787e-02
  5.89684509e-02 -2.69911233e-02 -1.79323496e-03  6.11436442e-02
 -2.13846974e-02  9.44638848e-02  5.47390245e-02  5.36800176e-02
  5.14261192e-03  4.01214212e-02 -6.08637277e-03 -6.70390502e-02
  3.29486020e-02 -1.09143034e-02  6.15980886e-02 -5.33163063e-02
 -5.04693687e-02  1.89082194e-02  3.75746489e-02  6.49397075e-02
 -2.24716850e-02  2.00802404e-02  1.35877337e-02  3.98633033e-02
 -1.02713669e-03 -1.30215824e-01  3.50517081e-03  7.75144994e-02
  7.08366632e-02  6.04240298e-02  2.48184558e-02 -1.42924068e-02
  7.78786838e-02 -6.06539324e-02 -9.40758064e-02  1.70111526e-02
  1.00462794e-01 -2.42625494e-02 -3.41327814e-03  3.64660621e-02]"
487,Accounting,Governance,monetary,1,0.4734,"[-8.21488257e-03  7.94079080e-02 -7.94393346e-02  3.66330408e-02
 -1.00567760e-02 -2.08000708e-02  1.40758857e-01  4.64805737e-02
  6.43772408e-02  1.42533742e-02  2.19796821e-02 -1.19481854e-01
 -3.67572755e-02 -1.34509790e-03 -3.89927113e-03 -6.31095022e-02
  4.94181551e-02  1.04324576e-02 -6.52235607e-03  2.31929868e-02
 -9.10039619e-03 -2.64485776e-02 -5.85842803e-02  9.18927044e-03
  7.22292662e-02  6.55323043e-02 -1.99320465e-02 -2.67838258e-02
  2.17800420e-02 -5.73458187e-02 -2.44143363e-02  8.47178847e-02
  7.79434964e-02 -5.85126914e-02  2.00639199e-03  1.93209313e-02
  6.82666525e-02  5.51667660e-02 -2.94390172e-02  2.03580931e-02
 -3.52978148e-02 -8.05562139e-02  5.01797348e-02 -5.36339954e-02
 -1.36751905e-02 -2.64220294e-02  6.04221076e-02  1.00708574e-01
 -2.67443694e-02  8.70186388e-02  5.79638146e-02 -1.16328103e-02
 -4.91388701e-02  8.17255527e-02  3.04514356e-02  4.14152211e-03
  8.15843716e-02  4.08468135e-02 -5.90498932e-03 -3.75692807e-02
 -3.98841575e-02  3.53901647e-02 -9.95326042e-02 -8.85936338e-03
  1.63756505e-01  1.71578601e-02 -1.35380933e-02 -4.52214554e-02
 -8.16595182e-02  9.55286063e-03  1.00128405e-01 -4.03710566e-02
 -6.47884374e-03 -8.97336826e-02  3.25544141e-02 -3.64804454e-02
  8.02848339e-02 -5.23456931e-02  2.28836033e-02  1.27840992e-02
  2.54602898e-02 -4.79438230e-02 -3.46402079e-02 -2.49858964e-02
 -9.41730849e-03 -1.98849849e-02  5.44820055e-02 -4.02562618e-02
  4.13165540e-02  2.66292458e-03  2.15363204e-02  2.84131598e-02
  3.84636112e-02 -3.81375924e-02 -3.55634168e-02  3.87119129e-02
 -2.93679610e-02 -6.53944677e-03  5.16343899e-02  2.31260151e-01
  5.75594455e-02  4.97496203e-02  6.75138086e-02  3.18705477e-02
  5.54067828e-02 -5.01276776e-02  2.55519506e-02  2.70569827e-02
  4.67698462e-02  1.16762957e-02 -4.92507592e-02 -4.05309722e-03
  1.75793879e-02 -1.66660193e-02 -1.53660914e-02  4.57342016e-03
 -1.26884074e-03 -3.48348059e-02  8.48478917e-03  2.76987180e-02
  4.42909412e-02  5.24800941e-02 -6.61273152e-02  5.47460141e-03
 -9.61189643e-02 -4.96044978e-02 -1.69520304e-02 -5.17774662e-33
 -5.29907085e-02 -2.68913768e-02  5.98650388e-02 -7.74559975e-02
 -5.60622439e-02  4.06427011e-02 -4.33754548e-02  1.40143661e-02
 -1.23070860e-02  1.86141990e-02  9.81257576e-03  7.59838223e-02
  1.44228956e-03  8.78260285e-02  7.26327896e-02 -3.53648439e-02
 -5.75844646e-02 -9.70328692e-04  1.30717725e-01  4.44210134e-03
 -3.91068496e-02 -4.14891355e-02  7.09576625e-03  1.87108908e-02
  1.31847942e-02 -9.57437325e-03 -1.73107348e-02 -1.28735285e-02
  4.53646928e-02 -1.49262371e-02  1.15746185e-02  5.15096262e-02
  6.07279241e-02 -1.84751078e-02 -6.44653589e-02 -4.61000130e-02
  1.18602570e-02 -4.17597517e-02  5.87951057e-02 -7.08965436e-02
 -4.38677147e-03  5.01945848e-03  4.20808699e-03  6.12994842e-02
 -5.67528643e-02  9.28920358e-02  6.88481927e-02  7.02323765e-03
 -4.59848940e-02 -4.36720438e-03  4.55202395e-03 -2.19390783e-02
 -9.00253728e-02 -1.68413967e-02 -6.27407655e-02 -8.83002356e-02
 -2.02725679e-02 -2.18780413e-02 -3.89084443e-02 -7.79641047e-02
  2.49695294e-02  6.82236627e-02  2.73967367e-02  4.24818471e-02
 -7.13412762e-02  6.23723082e-02  1.75484829e-02  8.71530082e-03
 -9.39207326e-04  1.52606238e-03 -1.29383534e-01  2.25750264e-02
  8.54202658e-02  2.88707688e-02  1.34903807e-02  3.74344969e-03
  1.08315803e-01 -5.92039451e-02 -1.04316901e-02  2.37976238e-02
 -8.53730217e-02 -2.00487226e-02  5.04676253e-02  6.64476007e-02
  6.84415847e-02  4.19079140e-02 -5.97259626e-02 -7.85648301e-02
  7.02682659e-02 -2.34978683e-02 -6.03354126e-02 -4.77696955e-02
  5.20335734e-02  1.14515377e-02  2.06958614e-02  2.95133626e-33
 -6.29726648e-02  1.13612767e-02 -2.38960180e-02  1.35587201e-01
  8.58613476e-03 -6.02485379e-03  2.05607666e-03 -5.10073043e-02
  5.24414442e-02  3.01938802e-02 -8.85578841e-02 -3.29331271e-02
  7.14011118e-03  7.24293739e-02 -2.62033995e-02 -2.73291804e-02
  3.60977948e-02  2.68376134e-02  4.20808457e-02 -5.91817424e-02
 -5.54671325e-02  8.36219918e-03  2.61645354e-02 -3.38817760e-02
 -3.58705409e-02  3.06433067e-02  7.15396553e-03 -1.26416370e-01
 -1.01652823e-01  6.28017560e-02  3.54052559e-02 -6.02159016e-02
  5.85738719e-02 -1.83544736e-02 -8.10905620e-02  2.65336353e-02
  4.58548367e-02 -5.76687008e-02 -4.26180810e-02  1.77623294e-02
  1.03651397e-02 -1.69436950e-02  3.17311957e-02  4.90217730e-02
  2.04772409e-02 -6.67709932e-02  2.03269478e-02  1.06418151e-02
  7.56105110e-02 -3.68921198e-02  2.84101609e-02 -3.39537859e-02
 -2.32266951e-02  2.38940660e-02 -1.15328938e-01  5.09446375e-02
  3.03212982e-02 -3.88018005e-02  4.83521186e-02 -4.13501039e-02
 -5.09633385e-02  2.67087948e-02  4.32639197e-03  3.15906703e-02
 -2.19166987e-02  2.80876867e-02  2.45722216e-02 -1.10960677e-02
  1.29327523e-02 -2.22480670e-02  5.58800958e-02  3.00041344e-02
  4.08484451e-02 -8.50777980e-03 -4.09958363e-02  9.71337929e-02
  3.71183385e-03  3.42752375e-02  3.88284884e-02 -2.55153812e-02
 -2.45404039e-02 -3.97384427e-02 -8.86990409e-03 -4.62999418e-02
 -4.63720821e-02 -4.74450886e-02  1.61352083e-02 -3.80865708e-02
 -5.72135001e-02 -4.25727591e-02 -5.60084917e-02  2.22188551e-02
  3.78602631e-02  1.64340120e-02 -5.36564812e-02 -1.22472992e-08
 -4.15734872e-02  5.04510803e-03 -3.28432545e-02 -7.70502351e-03
  3.57768424e-02 -1.20584704e-02  6.71627000e-02 -4.50237319e-02
 -1.07480884e-02  7.81890675e-02 -2.07090992e-02  1.96309444e-02
 -8.00475553e-02 -3.55807208e-02  4.72406950e-03  3.28896269e-02
 -3.23438980e-02 -5.17084450e-02 -9.32818353e-02 -2.89459061e-02
  5.05123064e-02  5.20083904e-02 -1.64654963e-02 -2.26477832e-02
 -3.04243416e-02 -4.04504426e-02  6.34846091e-02  1.55388102e-01
  2.36726087e-02  2.33876565e-03 -2.99981162e-02  7.03888535e-02
 -3.88206206e-02 -2.63522845e-02  2.21736208e-02 -2.50135120e-02
  3.87120545e-02  2.67213490e-02  4.58276235e-02  2.62583606e-04
 -3.28030847e-02 -7.14257509e-02 -1.05342560e-01 -4.36239205e-02
  4.53532450e-02 -1.71390586e-02 -8.97293836e-02  1.56982690e-02
 -3.01498715e-02 -7.96153173e-02  1.11307232e-02  2.62493789e-02
  2.17610523e-02  4.21564616e-02  6.14916645e-02 -4.03153934e-02
 -3.04712970e-02  1.42067540e-02 -7.17431083e-02 -1.13265710e-02
  9.48089808e-02 -1.22568376e-01  7.47018829e-02 -4.52486724e-02]"
488,Accounting,Governance,asset,1,0.467,"[ 2.76875924e-02  1.01640761e-01 -4.87596504e-02 -1.65829808e-02
  2.76473146e-02 -4.25639227e-02  1.97412089e-01  2.33857650e-02
  3.66813727e-02 -1.76951233e-02  2.92166099e-02 -2.66239941e-02
  4.25624382e-03  5.69028128e-03  1.63072031e-02 -3.05346120e-02
  3.09258024e-03  2.33794656e-02 -9.38708261e-02  7.81777799e-02
 -6.89492598e-02 -1.18692862e-02  1.91566404e-02 -1.27120167e-02
  3.40276696e-02 -6.53190352e-03  2.22139917e-02  2.87635326e-02
  3.67311798e-02 -1.38796389e-01  6.72265887e-02  3.40962484e-02
  6.79879962e-03 -1.15779033e-02  4.93681319e-02  7.51050040e-02
  2.61986093e-03  9.03525203e-03 -3.44883315e-02  2.00420860e-02
  6.36370061e-03 -5.11138327e-02  2.29022349e-03 -3.93846333e-02
  3.77767123e-02 -2.27891468e-02  4.96785082e-02  5.27487323e-03
  4.41733897e-02  4.35028523e-02 -7.63399005e-02 -3.94313857e-02
 -8.49089622e-02  1.99888274e-03 -1.41610382e-02  6.54338002e-02
 -1.02076326e-02  4.75986041e-02 -7.87598826e-03 -1.15668168e-02
  6.46233484e-02 -3.97800934e-03 -7.05278339e-03  2.95811351e-02
  1.19819038e-01  1.60868205e-02  8.48139264e-03  1.85441878e-02
 -1.20234519e-01 -5.03714494e-02  1.09393395e-01 -6.94109425e-02
 -5.23867048e-02 -5.42585067e-02  3.82330194e-02 -3.67512926e-02
  5.88652082e-02 -6.44532265e-03  4.73235287e-02 -7.95309246e-02
 -2.18639467e-02 -7.14484379e-02 -1.76234636e-02  3.90805751e-02
  2.83187367e-02  5.70544340e-02 -1.55647693e-03  2.67135780e-02
  9.88103729e-03  9.78502538e-03 -4.86492887e-02 -4.78878915e-02
  1.11625873e-01  5.13495430e-02 -1.86489299e-02  5.20080663e-02
 -1.22062583e-02 -5.45900278e-02 -5.89037202e-02  2.49672353e-01
 -6.29568566e-03  5.34931310e-02  5.57046011e-02  3.36841010e-02
 -1.00431889e-01 -5.13025327e-03  3.95267271e-03  3.29872556e-02
  1.44365719e-02 -1.36973162e-03 -5.89423478e-02  5.85157331e-03
 -8.04131255e-02 -2.01920848e-02  3.24819274e-02 -2.57958639e-02
 -4.17945050e-02 -1.96402874e-02  3.69681194e-02 -4.79817912e-02
  1.00166425e-01  5.98020777e-02 -1.33132832e-02  4.94009182e-02
 -7.97875747e-02 -8.18321407e-02 -1.68122991e-03 -5.03418313e-33
 -3.33694443e-02 -1.74813252e-02  3.54621299e-02  3.60366367e-02
 -7.94243589e-02 -1.94559321e-02 -1.80049967e-02 -5.22781443e-03
 -8.23502466e-02  5.51603884e-02  2.79823430e-02  8.71701762e-02
 -4.36617509e-02  3.79878506e-02  8.51172656e-02  2.25156490e-02
 -5.58058582e-02  1.10110313e-01  1.24344632e-01 -2.45704371e-02
 -3.72852832e-02  6.21721633e-02 -2.19312441e-02  2.98114773e-02
 -1.25270733e-03 -3.52836587e-02  1.67045556e-02 -5.47661744e-02
 -2.69089676e-02  4.29312736e-02 -2.52053537e-03  3.86072025e-02
  2.95974649e-02 -5.72589114e-02 -3.70903872e-02 -2.25634687e-02
 -9.16804746e-02 -1.78342126e-02  2.31783092e-03  3.95895503e-02
  7.84064922e-03 -2.50034332e-02 -4.39574905e-02  3.00649405e-02
 -1.12147657e-02  9.36966483e-03  1.04389690e-01  2.61838976e-02
 -2.40831692e-02  4.15257551e-03  2.38076202e-03 -2.81948014e-03
 -2.22388301e-02  3.79161048e-03 -3.96270491e-02 -2.39401534e-02
 -2.97306571e-02  7.30021611e-06 -6.12171963e-02 -7.07691610e-02
  1.04612097e-01  5.16479388e-02 -3.02653648e-02  4.80635557e-03
 -7.56435394e-02  4.34551947e-02  4.53276560e-02  4.09028158e-02
  3.19683328e-02 -4.23539197e-03 -1.20004103e-01 -2.35839151e-02
  1.27432197e-01  2.57829558e-02  2.27419399e-02 -1.50597906e-02
 -3.93838696e-02  4.83561009e-02 -6.30468652e-02  6.40327930e-02
 -7.09207803e-02  2.08715294e-02 -6.05318509e-03  6.65010214e-02
 -2.91609596e-02  4.10781875e-02  3.96339148e-02 -1.11730359e-01
  1.90082286e-02  1.48384701e-02 -4.09332961e-02 -1.27772044e-03
 -2.77159158e-02  3.40679847e-02 -2.17778012e-02  4.29197526e-33
 -2.74220631e-02 -4.72693816e-02 -5.37162088e-02  9.10634324e-02
  3.92743051e-02 -7.76669756e-02  6.77224249e-02  2.32974486e-03
 -5.47605716e-02  4.70734052e-02 -1.08784046e-02 -8.42246264e-02
 -2.79009435e-02 -5.37657216e-02  1.24981338e-02  2.53486987e-02
  7.95983449e-02 -7.45922253e-02 -5.07965358e-03 -8.67500808e-03
 -4.60713506e-02  2.87203584e-02  1.18635334e-01  2.85756793e-02
 -4.41416427e-02  9.35400277e-02 -1.29337450e-02 -4.61263172e-02
  1.21026975e-03  1.53075205e-02 -1.53728621e-02  1.54669825e-02
  1.66219678e-02 -1.42017072e-02 -4.80273739e-02  3.31795402e-02
  1.43804718e-02 -4.05675918e-02 -2.09512636e-02  2.02254802e-02
  4.93636131e-02 -3.29817571e-02  6.91276565e-02  1.12697445e-01
  3.43663990e-02 -4.27129827e-02  6.30853027e-02  5.50675532e-03
  1.07600197e-01  1.15169939e-02  3.71537320e-02  3.11115105e-02
  8.53514392e-03 -5.00374734e-02 -3.03443819e-02  4.46211956e-02
  5.39568439e-02 -9.77040827e-03 -4.20759059e-03  3.93976346e-02
  2.38117538e-02  6.31038696e-02 -4.11944389e-02  8.40299278e-02
 -6.92690760e-02 -2.07126103e-02 -7.45891184e-02 -3.45371403e-02
 -5.37839420e-02 -1.49470801e-02  4.20911349e-02 -2.41363086e-02
  1.90721452e-02  2.84324028e-02 -5.59696406e-02 -3.10258772e-02
 -1.60957929e-02 -2.72232685e-02  4.48213331e-02 -4.66667600e-02
 -9.89351571e-02 -3.86539698e-02 -9.39555615e-02  5.23884706e-02
 -1.72577444e-02  3.94350290e-03 -9.04857218e-02 -3.80516499e-02
  5.63800475e-03 -6.16345294e-02 -7.11580962e-02  4.64621112e-02
 -1.31299458e-02  8.11922178e-02 -4.66902442e-02 -1.21656072e-08
 -2.04300005e-02  2.89688818e-02  2.87208669e-02 -4.51964214e-02
  2.24027280e-02 -1.28638856e-02 -4.02129851e-02  1.58238877e-02
  4.10369970e-02  9.23637748e-02  5.56381159e-02 -5.66108823e-02
 -1.86709221e-02  5.20635210e-02 -4.09886651e-02 -4.03762162e-02
 -2.62907483e-02 -2.61871064e-05 -4.07797582e-02 -1.01329148e-01
  9.94092599e-02 -9.03626997e-03  2.28397660e-02 -7.80026317e-02
 -4.37495150e-02 -4.40053158e-02 -4.01025712e-02  4.93548214e-02
  1.14769477e-03  3.24682938e-03 -2.10438520e-02  4.03902717e-02
  8.92701093e-03 -2.05599070e-02  1.89701654e-02  1.12119354e-02
  3.27288099e-02  2.88119614e-02 -2.23252475e-02  6.74959868e-02
 -3.54980454e-02 -6.89668134e-02  4.17638943e-02 -1.47302356e-02
 -1.85345486e-03  1.07395034e-02 -5.59280887e-02  1.86226778e-02
  1.79636274e-02 -3.15039009e-02 -4.57505556e-03 -4.81952541e-02
 -1.55814514e-02  5.78598194e-02  3.00119258e-02 -3.85642312e-02
  5.21316975e-02 -9.12662596e-03 -6.64661750e-02  9.27925669e-03
  1.18455723e-01 -7.22152442e-02 -5.68164773e-02  1.61110442e-02]"
489,Accounting,Governance,economy,2,0.4624,"[-3.20174657e-02  4.58573885e-02 -6.58578277e-02  2.80930661e-02
  6.37050271e-02  1.82745755e-02  8.78482908e-02 -4.82337028e-02
 -2.43608970e-02 -3.16795185e-02  3.56442779e-02 -2.03166660e-02
 -1.95266549e-02 -3.16317491e-02 -1.16060199e-02 -6.87182648e-04
 -3.09956484e-02 -5.95938750e-02 -8.17503408e-02 -3.32517512e-02
 -4.33762185e-02  4.57852054e-03 -2.84693390e-02 -3.26325782e-02
 -2.29248665e-02  6.38511851e-02 -2.47567482e-02  3.29201892e-02
 -2.40525939e-02 -1.01461165e-01 -2.62509882e-02  5.69949858e-02
  9.72543061e-02  1.52395647e-02 -2.01478302e-02  1.19772581e-02
  7.52224997e-02 -4.48249700e-03  3.89562435e-02 -2.53562629e-02
 -1.42526440e-02 -8.47115964e-02 -4.02645096e-02 -3.70153151e-02
  2.25848164e-02 -2.00036988e-02  4.15486842e-02  2.97849495e-02
  5.94760478e-02  5.91947585e-02  1.71841886e-02  4.40252200e-02
 -2.46755462e-02 -1.88149847e-02  3.42240222e-02  4.02570553e-02
 -2.08445489e-02 -5.76315820e-02  5.16649988e-03 -3.62905562e-02
  5.88152334e-02 -3.96554880e-02 -2.75276043e-02  1.24350470e-03
  1.41401112e-01 -3.59249450e-02 -5.95518798e-02  5.58521487e-02
 -1.64783716e-01  3.85884428e-03  5.05775623e-02 -9.81284529e-02
 -8.96998569e-02 -6.80130944e-02  1.68780629e-02 -6.75704926e-02
  4.53489199e-02  2.64761653e-02  4.67968248e-02 -3.41955014e-02
  7.98320323e-02 -6.79150373e-02 -1.10668108e-01 -3.90193821e-03
 -3.44474725e-02 -7.94118177e-03 -1.45566678e-02 -2.24277247e-02
  6.92863911e-02  5.80910454e-03 -1.04963016e-02 -3.54559980e-02
  3.73907224e-03  1.46874497e-02 -1.40674319e-02  4.06034477e-02
  1.22891022e-02 -3.64217311e-02  1.45679228e-02  2.57325858e-01
  6.09082021e-02  2.08994728e-02  6.15313500e-02  3.92584167e-02
 -5.47587462e-02 -8.59558582e-02 -2.35904269e-02  1.26156852e-01
  6.17103325e-03 -4.47431440e-03 -3.51380259e-02 -9.15644784e-03
 -3.43183242e-02  4.19592559e-02  3.73332016e-03 -2.06753090e-02
  5.45232035e-02 -4.47358191e-02  1.61934178e-02  5.83370849e-02
  1.39273554e-02  5.39132692e-02 -4.31928299e-02  3.54912318e-02
 -7.35832676e-02 -7.46397749e-02 -4.87976298e-02 -5.10947905e-33
 -4.00522910e-02 -6.00198135e-02  7.40105473e-03 -4.74608950e-02
 -8.39407668e-02  7.02858269e-02 -3.64100225e-02 -1.74625013e-02
 -4.79914024e-02  5.77602945e-02 -6.34219646e-02  6.82829693e-02
  2.62491629e-02  9.10056680e-02  1.36999190e-01  2.26088986e-02
 -1.01573579e-01  4.91397679e-02  7.29731470e-02  1.24103855e-02
  4.49734274e-03  1.01293679e-02  2.12130919e-02  1.58505868e-02
 -1.30168376e-02 -3.12223826e-02 -1.45247271e-02 -9.64501221e-03
  1.02491073e-01  1.91956982e-02  6.32545948e-02  6.42480627e-02
 -1.54605154e-02 -4.60917689e-02 -9.22018364e-02 -3.08435597e-02
  2.84205899e-02 -2.71326844e-02 -2.38028746e-02 -4.98752780e-02
 -9.43662822e-02  2.52976501e-03 -5.30481227e-02  4.12705131e-02
 -7.18646403e-03  2.57949028e-02  1.07576638e-01  2.41674203e-02
  4.05745916e-02  4.81609777e-02 -3.01118325e-02  1.68764521e-03
 -3.82584557e-02 -1.06931120e-01 -3.56334541e-03 -3.71516570e-02
 -4.11147289e-02  1.18356235e-02 -7.44770467e-03 -7.38587901e-02
  2.19352711e-02  2.11242791e-02 -1.42274415e-02 -1.11721270e-02
 -2.41065063e-02  8.20308700e-02  2.40692422e-02  6.85146824e-03
  1.23103037e-02  1.50293503e-02 -2.09853854e-02 -1.11295190e-02
  9.14338753e-02  4.17082794e-02  3.16469260e-02  1.27507344e-01
  1.21571012e-02  2.71597896e-02 -7.21539408e-02 -1.30386250e-02
 -3.87668572e-02  9.82614607e-03  3.83518189e-02 -1.50464205e-02
  6.75391555e-02  2.98569743e-02 -7.96024501e-03 -7.42431283e-02
  7.34283626e-02  2.81671397e-02 -1.33600280e-01  2.31874231e-02
  9.83738527e-03  5.09371273e-02  5.79223447e-02  2.61124223e-33
  2.51431693e-03  5.10834903e-02 -9.08710510e-02  6.07080832e-02
 -2.85892263e-02 -6.21447433e-03  3.20991911e-02 -3.14476565e-02
 -4.76066694e-02  1.56487245e-02 -1.18444048e-01  6.68003969e-03
  1.01198226e-01  6.94171339e-02  1.01883942e-02 -5.17054275e-02
  4.80163693e-02 -2.13287454e-02 -3.19482386e-02 -1.66233676e-03
 -5.49612269e-02 -2.23513246e-02  2.22467054e-02  1.95843671e-02
 -1.77861266e-02  7.36811608e-02 -1.11893572e-01 -6.05108403e-02
 -3.90969403e-02 -2.76438938e-03  1.07882358e-02 -5.45641547e-03
  1.65545382e-02  3.24208327e-02 -4.17313948e-02  5.90431280e-02
 -6.58182129e-02 -4.43508402e-02  1.29843857e-02  2.34846883e-02
  4.71139550e-02 -4.12917472e-02 -2.63265595e-02  1.27448782e-01
 -2.30564475e-02 -5.16549088e-02 -7.90376123e-03 -7.79134745e-04
  6.80325106e-02 -2.95377914e-02  4.32480127e-02  8.38918537e-02
 -1.46642802e-02 -4.89266478e-02 -5.43924235e-02  4.84086685e-02
  3.04616690e-02  2.30012904e-03 -6.72152415e-02  1.56981796e-02
 -3.30874920e-02  5.15479781e-02 -1.95379350e-02  7.31060803e-02
 -1.52770132e-02  3.13377157e-02  1.88878234e-02 -3.84519584e-02
  6.10409454e-02 -4.01815549e-02  4.31713015e-02  2.25908794e-02
 -7.63884485e-02  7.64832646e-02 -4.07392271e-02  8.32731947e-02
  2.98917964e-02  1.67196617e-02  5.83953261e-02  1.73594784e-02
 -6.24462701e-02 -6.18742444e-02  3.89788449e-02 -3.99653874e-02
 -1.01433568e-01 -2.82991584e-02 -1.32817812e-02 -2.84549966e-02
 -3.41236889e-02 -5.90770952e-02 -9.09244120e-02  9.30898543e-03
 -1.04575204e-02 -3.65703623e-03 -2.77768373e-02 -1.36177158e-08
  3.23325233e-03 -4.29558009e-02  5.52334003e-02  3.38146649e-02
 -5.20599522e-02 -1.26459785e-02  5.38734943e-02  6.56621605e-02
  7.07938522e-02  8.20101425e-02 -2.40276195e-02  3.73843536e-02
 -4.05255482e-02  6.75510466e-02 -2.32273117e-02  2.35411879e-02
 -2.92227603e-02  1.09676830e-02 -3.38245630e-02 -3.85010317e-02
  5.78410476e-02  3.90357263e-02  2.31518019e-02 -6.25197776e-04
 -5.79600409e-03 -5.27993962e-03  4.41738553e-02  3.74698602e-02
 -4.61821735e-04  1.67978816e-02 -1.71851572e-02  3.88537906e-02
 -6.21934608e-03 -6.44241124e-02 -3.96631658e-02 -2.97861863e-02
  2.09709406e-02  6.72344025e-03  3.68517861e-02 -9.02442336e-02
 -4.25658235e-03 -1.96059793e-02 -1.90536194e-02 -7.57817179e-02
  5.89310899e-02 -3.27941664e-02 -4.27922159e-02 -5.87553643e-02
  4.37370986e-02 -4.35824692e-02 -3.40202115e-02  1.71199758e-02
  4.84099202e-02  4.76504676e-03  4.94157150e-02 -7.37389252e-02
  1.36796581e-02 -1.28145022e-02 -9.98910740e-02  4.29379530e-02
  8.43494162e-02 -4.01008204e-02  5.55465110e-02 -3.06441560e-02]"
490,Accounting,Governance,corporate,7,0.4593,"[ 6.52458461e-04 -2.05369517e-02  1.38533185e-03  2.41175313e-02
 -3.97732034e-02 -3.50070857e-02  9.34580863e-02  1.01425592e-02
  5.84837086e-02 -3.18563320e-02 -1.02017438e-02 -3.11919721e-03
 -5.86398877e-02 -1.34805357e-02 -1.15169687e-02 -3.73377837e-02
 -2.12461017e-02  5.64963790e-04  1.03011802e-02 -5.20572588e-02
 -8.89791325e-02 -7.80431181e-02 -5.56607731e-02  4.09134403e-02
  4.00886089e-02  7.65796304e-02 -1.75595395e-02  2.40977276e-02
 -1.31062651e-02 -1.24103993e-01 -7.24584758e-02  5.51966876e-02
  1.20532095e-01 -1.00285532e-02  7.23169791e-03  7.03166500e-02
 -2.92924326e-02 -8.39925930e-03  7.60032684e-02 -1.74775943e-02
 -4.11533117e-02 -4.30764689e-04  3.45064439e-02 -1.68825109e-02
  2.09686439e-02  8.13517347e-03  2.38544252e-02 -1.48593187e-02
  4.05740663e-02  4.54767495e-02 -1.89819653e-02 -7.72139281e-02
  1.48811843e-02  4.98694666e-02 -1.11997286e-02 -6.25190092e-03
 -6.08398616e-02 -2.34593991e-02  3.95440590e-03 -6.67472631e-02
  6.02321513e-02 -7.98693597e-02  4.52458719e-03  7.68939704e-02
  9.77444574e-02  2.14575510e-02  6.26624981e-03  4.02905531e-02
 -9.73885730e-02 -8.96159187e-02  8.59688595e-02 -6.03258535e-02
  1.12233972e-02  6.89410046e-02  2.57669110e-03 -4.57761157e-03
 -5.16144186e-03  1.27017079e-02  8.97313356e-02 -6.94818348e-02
  8.49881321e-02  5.13652377e-02 -8.93993527e-02  8.56079683e-02
 -6.18299805e-02  5.95319550e-03  7.70944357e-02  3.88495028e-02
 -4.58570942e-03  6.67711571e-02 -6.89099282e-02 -1.88654829e-02
  2.41766144e-02 -1.75491273e-02 -1.43818378e-01  1.92797612e-02
  2.97444523e-03 -1.04130832e-02  1.54132023e-02  2.31622264e-01
  4.16844524e-02  5.49642891e-02  8.35322309e-04 -1.95146110e-02
 -6.10012598e-02 -4.23492491e-02 -2.54826620e-02  6.05590902e-02
  7.23795444e-02  2.82632262e-02 -7.80537575e-02  6.42246306e-02
 -1.05179340e-01 -8.10427070e-02 -5.52438013e-02 -3.73083837e-02
 -9.78849828e-03  5.05994856e-02  7.30805770e-02  8.06214812e-05
  2.30431790e-03  8.13289657e-02 -2.63987146e-02 -6.71962835e-03
 -9.70063508e-02 -5.30845188e-02 -6.03246540e-02 -4.75926071e-33
 -3.43619436e-02 -1.38949864e-02  1.68002173e-02  8.62498432e-02
 -1.62985083e-03  3.07569746e-02  1.72042809e-02  6.57368600e-02
 -6.11876473e-02  1.49497939e-02 -5.03508076e-02  2.47103404e-02
  3.99401039e-02 -2.65924372e-02  9.17256251e-02 -4.18130727e-03
 -3.89100090e-02 -2.07202639e-02  9.31974687e-03 -4.11473587e-02
 -5.76046817e-02  5.69208376e-02 -3.34883071e-02  4.96470928e-02
  1.21887377e-03 -9.06998068e-02 -8.57183430e-03 -1.18739558e-02
 -2.28098501e-03  2.76459418e-02  9.99309123e-02  4.71731499e-02
  6.78277807e-03 -2.43883878e-02  5.07692732e-02 -2.58280453e-03
 -1.38274375e-02 -8.89322683e-02  1.65992193e-02  1.37737608e-02
 -5.51798642e-02  2.07585399e-03 -2.18987893e-02  1.69582013e-02
  4.36793864e-02  2.31218264e-02 -2.11397856e-02  3.88491936e-02
  1.58134736e-02  3.46939638e-02 -3.75782996e-02  8.61794408e-03
  9.73716285e-03 -1.98587421e-02  1.03840463e-01 -1.12218298e-02
 -1.58319715e-02 -3.40496823e-02 -2.23549604e-02  1.41302636e-02
  7.82379042e-03  1.63971037e-01 -5.62582724e-02  1.37052452e-02
 -3.96010689e-02  8.61379057e-02  5.11492379e-02  2.71478035e-02
  9.23979729e-02 -4.39778008e-02  3.83331962e-02 -5.51333316e-02
  4.73433770e-02  1.81950536e-02 -7.25001320e-02  4.58518863e-02
 -6.30538613e-02  4.01662141e-02 -2.59069521e-02  5.80063909e-02
 -1.76963490e-02  2.65840925e-02  7.02105239e-02  4.67136428e-02
  4.15773243e-02  3.37500982e-02  3.27002294e-02 -4.03999165e-02
  1.66696943e-02  1.26495793e-01 -1.39471903e-01 -8.82811006e-03
  1.87539626e-02  1.09546766e-01 -2.39293203e-02  3.03157440e-33
  7.99249765e-03 -4.69779223e-02  4.32779640e-03 -3.32047604e-02
 -8.52148514e-03  1.01563251e-02  3.11172977e-02 -6.93604425e-02
 -2.77697723e-02  9.49736238e-02 -6.24722876e-02 -1.97262634e-02
  1.18220020e-02  7.62008205e-02 -4.66224775e-02 -1.42036648e-02
  4.84999232e-02 -5.63986897e-02 -7.74243996e-02  1.15496963e-02
 -5.74884340e-02  1.75121780e-02  6.60116086e-03  8.23938251e-02
 -3.23414095e-02  5.56898713e-02 -3.54771838e-02 -1.10896416e-02
  2.96342690e-02  4.92870063e-03 -6.07780032e-02  6.13189477e-04
 -6.08477965e-02  5.40934280e-02  9.01343487e-03  5.21269441e-02
 -3.72042023e-02  1.21666500e-02  5.54722687e-03 -8.54507759e-02
  1.88773666e-02  7.66302971e-03 -3.70584428e-02  7.06451833e-02
 -3.46209630e-02 -7.81252384e-02 -2.55975127e-02 -5.59634045e-02
  2.25097574e-02  8.19602516e-03 -1.43660307e-01 -1.06281210e-02
 -1.98331494e-02 -2.51710471e-02 -1.04046511e-02  3.75229791e-02
 -2.83592269e-02 -3.31266597e-02 -2.03869902e-02  8.76461621e-04
 -2.94546061e-03  6.52451534e-03  4.32898514e-02  1.35216996e-01
 -5.05073555e-02  8.21156949e-02  2.05232296e-03 -4.84127924e-03
 -3.25504616e-02 -2.78466102e-02  7.40674958e-02  2.34073233e-02
 -9.91958976e-02 -1.26929814e-03 -6.47956207e-02  1.91413928e-02
 -4.65874560e-02 -1.80864129e-02 -5.00132963e-02 -3.18851657e-02
  7.12678805e-02 -4.25349474e-02 -2.31934562e-02  6.84241056e-02
 -8.67563784e-02 -2.45761182e-02  3.48460972e-02 -3.89659181e-02
 -2.88406760e-02 -2.84392964e-02 -2.77790669e-02 -4.36972976e-02
 -3.13530043e-02  6.44275844e-02  3.52072716e-02 -1.32608058e-08
 -6.48980141e-02 -1.84079667e-03  7.81557150e-03 -5.04966676e-02
  8.47453251e-02 -6.17784746e-02  2.30089598e-03 -2.81114951e-02
  4.68809642e-02  2.08206214e-02 -3.33189964e-02 -1.63991656e-02
 -2.53107958e-02  8.62218142e-02  1.66680440e-02 -3.28962393e-02
 -3.88004333e-02  2.49969885e-02 -1.13473563e-02 -2.34467606e-03
  2.86108125e-02  3.97447646e-02  6.35074601e-02  2.40002722e-02
  1.83731001e-02 -3.37460190e-02  5.59514537e-02  3.28439623e-02
  4.70445007e-02  6.07026890e-02 -1.99091453e-02  1.01896279e-01
 -4.12353948e-02 -2.00346299e-02 -3.71257327e-02 -6.18138015e-02
  4.28842157e-02  1.08730104e-02 -5.37170214e-04 -2.87461895e-02
 -3.63681093e-02  2.36362498e-02  9.31318197e-03 -4.73246968e-04
 -1.09373452e-02 -6.62066787e-02 -5.11141084e-02  4.85646799e-02
  5.15918480e-03 -7.87850618e-02  2.29243413e-02  2.54780501e-02
 -2.30995845e-03  4.79082167e-02 -1.47653148e-02 -8.25522393e-02
  1.80155914e-02 -2.07830761e-02 -1.05612949e-01  2.66898107e-02
  4.75812294e-02 -6.16994165e-02  8.25474262e-02  2.81125288e-02]"
491,Accounting,Governance,employed,1,0.4591,"[-1.42318476e-02  2.29664184e-02  2.70210076e-02  4.07331064e-02
 -5.95113486e-02 -2.50111129e-02  7.49019980e-02 -4.04620618e-02
 -4.21019234e-02 -5.49025014e-02  4.22982015e-02 -2.46007126e-02
 -5.77030107e-02  2.61547416e-02 -3.82341957e-03  1.99916009e-02
  2.25101896e-02  1.46800335e-02  3.79911624e-03 -9.59819034e-02
 -8.28099325e-02  1.59453712e-02 -2.18203701e-02 -2.59907041e-02
  2.70491224e-02  3.74456421e-02 -6.85307570e-03  8.30257684e-02
  3.93169522e-02 -5.76109029e-02 -1.67217329e-02  1.93850715e-02
  3.40534560e-02 -1.03900442e-02  2.86623873e-02  1.83267724e-02
  9.29810479e-03  8.85910355e-04  3.49221267e-02 -2.44465172e-02
 -1.05954334e-03 -6.60437942e-02 -2.18906403e-02 -1.79497823e-02
 -9.03188344e-03 -2.90166098e-03  9.28345025e-02  4.20761667e-02
 -1.20042367e-02  7.78220370e-02 -2.16572732e-03 -1.45111885e-02
  2.45213322e-02  3.49449441e-02  1.40535207e-02 -3.65489312e-02
 -1.99657399e-02 -3.87738161e-02  1.98678281e-02 -2.99811866e-02
  5.57334684e-02  2.42072102e-02 -6.87744543e-02  3.21088508e-02
  3.07023358e-02 -4.79788370e-02 -5.74468859e-02 -4.98596355e-02
 -1.00717433e-01 -7.82358125e-02  5.58110923e-02 -7.43751153e-02
 -9.27999839e-02 -3.67896282e-03  4.00043763e-02 -9.39350948e-02
  5.82226366e-02 -2.00948473e-02  6.97534606e-02 -9.72397476e-02
  3.90672386e-02  4.33751894e-03 -7.27266520e-02  4.37593088e-02
 -6.76310137e-02 -4.58679674e-03  2.43487302e-02  7.39248246e-02
  1.14622630e-01 -1.97520871e-02  1.89468954e-02  1.02780480e-02
  1.26876980e-02 -1.23799527e-02 -2.76652351e-02 -6.45783767e-02
  4.09001261e-02  1.21179342e-01 -5.82068115e-02  2.56691515e-01
  1.30866468e-02 -3.16333049e-03 -3.26351002e-02 -2.25992920e-03
 -6.37129992e-02  1.61173008e-02 -2.54296139e-02  7.80221447e-02
 -5.93926311e-02 -6.84106350e-03 -9.00886804e-02  3.56819741e-02
 -1.10475101e-01  5.63145243e-02  4.21238244e-02 -1.35294544e-02
 -6.57891780e-02  3.35646570e-02 -3.34145837e-02  5.32836951e-02
  2.26612724e-02  1.03510961e-01 -7.80127123e-02  1.81217473e-02
 -1.22968525e-01 -1.12014204e-01  3.35930623e-02 -5.34953851e-33
  4.52280007e-02 -1.49103627e-02  3.51136252e-02  5.23287207e-02
  7.44118690e-02  4.43344079e-02 -7.67301302e-03  3.77304666e-02
  1.69575866e-02  8.20617303e-02 -6.04291745e-02  7.78659061e-02
 -4.99043316e-02  1.65951550e-02  6.27500787e-02  4.93117459e-02
  5.42548969e-02  9.93606895e-02 -5.19370893e-03  1.99153777e-02
 -3.12076174e-02  2.48536337e-02 -8.45225900e-02  6.30389899e-02
 -1.56728830e-02 -2.69196898e-04 -2.02695097e-04 -6.99485093e-03
  5.63921928e-02  5.01601510e-02  6.13305904e-02 -5.07451780e-03
  3.06716724e-03 -1.31880008e-02 -3.94639783e-02 -2.84363180e-02
 -7.66530856e-02 -7.68433139e-02  2.15126928e-02 -7.91918486e-03
  7.15604424e-03 -1.42718898e-02  7.76225179e-02 -6.24940470e-02
 -9.99993831e-02  2.84632132e-03  4.06692103e-02  6.18612319e-02
  5.29768579e-02  1.53085858e-01  1.32007599e-02 -6.40319102e-03
 -9.38441791e-03 -2.75495835e-02  3.49709317e-02 -2.55969446e-02
 -4.13258560e-04  8.23937170e-03  1.78148095e-02 -5.97513914e-02
  2.70507224e-02  6.08238615e-02 -1.17040552e-01  1.73125193e-02
 -5.61304353e-02 -6.55192509e-02  4.54543792e-02  1.62601043e-02
  1.29009575e-01 -8.11698753e-03 -7.29875416e-02  5.61795793e-02
  8.63152295e-02  5.74167958e-03 -9.22103971e-03  4.12463881e-02
 -6.00797012e-02 -1.56908750e-03 -4.85786758e-02  5.89295886e-02
  2.70726029e-02 -7.96951540e-03 -1.84117444e-02  2.19171345e-02
  6.74376637e-02  7.01520890e-02 -6.60911156e-03 -7.84875602e-02
  5.90652116e-02  1.04243167e-01 -1.13071557e-02  3.24569852e-03
  8.02588649e-03  3.86458300e-02 -5.67634962e-03  4.17065139e-33
 -2.84952782e-02 -2.30413880e-02 -2.01748889e-02 -3.33180390e-02
 -2.56728195e-02  4.54600854e-03  9.44173485e-02 -7.03685731e-02
 -6.68077171e-02  5.03140353e-02 -6.89697564e-02 -3.64359207e-02
  4.63421345e-02  2.57173460e-02 -6.89178780e-02 -1.52045591e-02
  1.40250102e-02 -1.21298656e-02 -3.37462500e-02  2.84966454e-02
 -3.25530469e-02 -7.87761621e-03  7.63049573e-02  3.17258276e-02
  6.96315765e-02  2.82417927e-02 -3.75611447e-02  1.28911687e-02
 -9.34764743e-02 -7.61392154e-03 -4.34497520e-02  2.95493510e-02
 -6.94963038e-02  2.47419775e-02 -5.64394370e-02  1.82883546e-03
 -5.77911809e-02  2.06937287e-02  9.49461572e-03  1.23102032e-02
  5.78941554e-02 -1.12691354e-02  5.95109239e-02  1.54075906e-01
 -3.86610813e-02 -4.47175652e-02 -1.99872311e-02 -3.21538076e-02
  9.59681049e-02  1.03999292e-02  9.20282211e-03  1.79535709e-02
 -3.03367283e-02  2.58787740e-02  1.48690958e-02 -1.28726792e-02
  1.65049720e-03 -1.10899128e-01 -3.73125225e-02  1.38708251e-02
 -2.37471554e-02  2.27686745e-04  6.96622431e-02  7.75459632e-02
 -6.75880443e-03 -6.23869263e-02 -1.27694206e-04 -2.93066725e-02
  6.00732677e-02 -1.62955504e-02  1.82149410e-02  2.40992010e-03
 -1.34000862e-02 -4.78203483e-02 -3.31210904e-02 -2.07409281e-02
 -2.55258642e-02 -6.86705485e-02 -4.21214029e-02  3.13686170e-02
 -3.44035998e-02 -5.49192466e-02  3.26465070e-02 -2.39313091e-03
 -5.65488078e-02 -2.09532529e-02  4.07203333e-03 -5.70231769e-03
  1.17447125e-02 -3.49688567e-02 -1.83097180e-02  2.20976826e-02
 -2.33132299e-02  7.78725296e-02  1.96225103e-02 -1.22328352e-08
 -3.10872011e-02  3.83468606e-02  2.13126205e-02 -5.56926243e-02
  8.86784401e-03 -5.12141623e-02  4.47227508e-02  5.86795527e-03
  5.52267246e-02  3.27577069e-02 -1.19155068e-02 -5.73773570e-02
  3.88732902e-03  2.85944361e-02  8.83576274e-02 -2.93067470e-03
  2.74277031e-02  4.22333330e-02 -4.36608084e-02 -1.12676201e-02
  7.20320791e-02  6.58223778e-02  1.09865740e-02  3.20029780e-02
 -3.31085287e-02  1.03660375e-02 -6.27084449e-02  2.87638903e-02
  5.25555275e-02  8.01348165e-02 -3.77771724e-03  1.04666017e-01
 -6.74355924e-02 -1.19576976e-01 -1.09835684e-01 -7.57362992e-02
  1.96557771e-02 -1.94024090e-02 -1.10177640e-02 -5.59587553e-02
  2.14149840e-02  6.54689819e-02  2.57639140e-02 -5.21220826e-02
  2.99032051e-02 -3.87019999e-02 -2.60335784e-02 -1.56605989e-03
 -2.63026226e-02 -4.84119281e-02 -2.98684370e-02 -2.87595741e-03
  5.42335920e-02  4.39612009e-02  1.81415267e-02 -2.86403373e-02
  1.45351402e-02 -1.22801075e-02 -1.16583578e-01  6.53587340e-04
  5.38782850e-02 -3.82011347e-02  8.76187980e-02  2.89601777e-02]"
492,Accounting,Governance,income,3,0.4563,"[-1.66089907e-02  3.39689068e-02  3.09168798e-04  4.50641289e-02
 -4.49000709e-02 -1.69536956e-02  9.86164063e-02  1.83076337e-02
 -5.97190158e-03 -3.92351747e-02  3.22295167e-02 -8.98902863e-02
 -7.51173943e-02 -1.43963506e-03 -5.41411042e-02 -9.88860338e-05
  1.94014702e-02  1.38272587e-02 -1.05683217e-02 -2.40024924e-02
  4.24391031e-02 -8.72176979e-03 -3.26983593e-02 -6.50993511e-02
  1.20256782e-01  2.28157631e-04  6.72817277e-03  5.59499525e-02
  4.70610410e-02 -3.01732961e-02  4.97279279e-02  6.63686991e-02
  9.18282270e-02 -4.06611059e-03 -2.84782387e-02 -1.12063661e-02
  7.48328120e-02  2.72210427e-02 -8.14792328e-03  3.22464965e-02
  1.58959266e-03 -7.53773823e-02 -1.23146828e-02 -7.04913437e-02
  7.39801582e-03 -5.81175722e-02  1.04589693e-01  6.70900866e-02
  1.70239192e-02  1.29393712e-01 -2.56312452e-02  6.28975704e-02
  2.20477842e-02  3.18581834e-02  2.98165977e-02 -1.95550397e-02
  2.33074985e-02  8.09988566e-03  1.73974894e-02 -3.72579731e-02
 -1.08074360e-02  1.43026384e-02 -8.76987062e-04  1.73684023e-02
  1.16887949e-01 -3.61011252e-02 -5.08233532e-02 -3.20792431e-03
 -1.51380628e-01 -3.70844565e-02 -3.04332972e-02 -7.09349960e-02
 -6.56948239e-02 -4.54428084e-02  5.39521128e-02 -7.70629495e-02
  6.32249042e-02  1.44818854e-02 -2.06149518e-02 -5.31440340e-02
  7.16158329e-03  1.56863369e-02 -8.91513601e-02  4.27784175e-02
 -9.66116879e-03  1.62569415e-02  5.86685613e-02  4.88653854e-02
  7.38478750e-02  3.45357321e-02  2.56352425e-02 -5.25944540e-03
  4.39574271e-02 -9.21411254e-03 -3.67449000e-02  1.66791622e-02
  2.98813195e-03 -1.05621457e-01 -5.79236913e-03  2.03113347e-01
  8.23903177e-03 -8.08997359e-03  9.75411199e-03 -4.88683172e-02
 -2.67248005e-02 -3.43268402e-02  3.77999209e-02  1.27405673e-01
 -4.33884002e-02  2.39796937e-02 -2.41110101e-02  4.24829405e-03
 -9.02605057e-02 -1.40669402e-02  1.99360261e-03 -6.93053082e-02
 -6.20345771e-02 -1.72464293e-04  1.92618892e-02  3.97576652e-02
  8.87923092e-02  4.84946780e-02 -4.33216766e-02  4.05337662e-02
 -4.71024476e-02 -1.11084960e-01 -9.74342402e-04 -5.22250173e-33
  5.03663942e-02 -1.28592066e-02  5.51819950e-02 -2.64975913e-02
 -2.39714067e-02  4.50691693e-02  3.27603407e-02  3.05816140e-02
 -2.46221945e-02  3.31480131e-02 -2.70804297e-02  6.99288175e-02
  1.51871918e-02  1.66875403e-02  8.02097619e-02  5.74875548e-02
 -3.37505937e-02  2.80530136e-02  2.60292180e-02  4.79341447e-02
  3.87354642e-02 -1.94679517e-02  4.29884046e-02  8.07578191e-02
  3.05643231e-02  2.77534928e-02 -6.19589426e-02 -2.51132939e-02
  6.24104254e-02 -2.74775922e-03  9.08477046e-03  2.43717805e-02
  5.98229878e-02 -1.34390280e-01 -4.67307307e-02  2.31193248e-02
 -1.24315936e-02 -3.82729769e-02  2.43758056e-02 -4.58289124e-02
 -4.55560721e-02 -6.08659647e-02  6.33116290e-02  1.90287512e-02
 -9.39525291e-02  5.82015179e-02  9.93160680e-02  7.63742700e-02
 -3.64551209e-02  9.98353213e-02 -9.95796453e-03  2.78992113e-03
 -9.07792225e-02 -8.70480463e-02 -6.07745126e-02 -2.24717539e-02
  2.17713304e-02  5.94222173e-03 -1.39134992e-02 -6.29654750e-02
  1.20688369e-02 -4.73140776e-02 -1.57868359e-02 -8.87429435e-03
 -4.03133221e-02  4.89534438e-02  4.17526476e-02  8.67263041e-03
  7.99259990e-02 -1.04623707e-02 -6.45513609e-02  2.89658271e-02
  7.33988211e-02  1.01468735e-03 -1.32086016e-02  4.13409211e-02
 -1.62052419e-02 -1.49026327e-02  2.47986205e-02  9.00832266e-02
 -1.94406379e-02  3.78712304e-02 -1.10041229e-02 -3.53224911e-02
  9.58841741e-02  1.04271226e-01 -1.04136663e-02 -2.13984656e-03
  3.98873724e-02  2.05124468e-02  3.26271605e-04 -4.03845794e-02
 -2.78880466e-02 -3.47940028e-02  1.45767471e-02  2.62075676e-33
 -8.35944489e-02  4.28940319e-02 -6.72588274e-02  5.32062948e-02
 -1.38197150e-02  4.50995332e-03  7.66755566e-02 -2.32175216e-02
 -4.15976951e-03  9.78875607e-02 -7.53218010e-02 -1.93160512e-02
  6.64541721e-02  5.58257997e-02 -7.29287788e-02 -4.51309308e-02
  1.17368679e-02 -2.87267286e-02  3.90636474e-02 -1.35356076e-02
 -3.54762599e-02  5.85725531e-02  5.86518534e-02  6.83710426e-02
  3.66547774e-03  4.84071709e-02 -8.77647325e-02  5.99095188e-02
 -8.57877508e-02  1.67867839e-02  6.12851493e-02 -4.33050375e-03
 -4.83639613e-02 -5.30845560e-02 -2.93237790e-02  4.75645624e-02
 -6.50030449e-02 -1.16644101e-02  7.01695168e-03  2.92474474e-03
  5.19376621e-02 -4.55015227e-02 -2.01098304e-02  3.68850268e-02
 -1.60224531e-02 -5.93953393e-02  4.80348244e-03 -8.35906249e-03
  8.59183744e-02 -1.97468791e-02  2.60566305e-02  7.81481806e-03
  4.76185940e-02  5.14945202e-02 -6.27433807e-02  6.13539889e-02
 -3.04683931e-02 -4.53302823e-02 -1.52417338e-02 -3.88229564e-02
  1.94593295e-02  2.69619860e-02 -4.12931554e-02  1.54845640e-01
 -3.14624794e-02 -5.40374517e-02  2.13916954e-02 -8.12464431e-02
  2.76549924e-02 -7.09067136e-02  3.97268906e-02 -4.92287092e-02
  7.78817907e-02 -9.18423980e-02 -3.09765898e-02  1.05045632e-01
 -1.90345850e-02  3.14098038e-02  5.71939796e-02  1.85457654e-02
 -4.68574017e-02 -6.99920952e-02  4.25457247e-02 -1.42599072e-03
 -7.89004713e-02 -8.13498199e-02 -3.84561755e-02 -3.98010500e-02
 -1.77716818e-02  9.57926456e-03 -9.25997421e-02  5.94084002e-02
 -2.25062314e-02  3.01788673e-02 -3.42041929e-03 -1.24634658e-08
  4.46072854e-02  2.24944931e-02 -4.88904826e-02 -1.03223948e-02
  9.22118407e-03 -6.51905462e-02  3.20389718e-02  1.40156291e-04
  4.36045639e-02  8.43356848e-02  2.48838170e-03 -4.05837782e-02
 -1.56026557e-02 -1.96672063e-02  7.09959911e-03  4.14790697e-02
  3.62551659e-02 -2.72128042e-02 -2.53245737e-02 -1.40057495e-02
  9.63745564e-02 -1.62845105e-02 -1.60664134e-02  3.18517610e-02
 -1.18373716e-02 -6.02545170e-03  2.23541353e-02  7.77272657e-02
 -1.22147826e-02  3.28991376e-02 -6.51157508e-03 -5.26874792e-03
 -4.10341732e-02 -3.03884633e-02  1.02242855e-02 -6.12844341e-02
 -5.76401176e-03  3.65436822e-02  2.01425087e-02 -3.22215110e-02
  2.91550271e-02 -4.71884198e-02 -6.14447817e-02 -7.18749091e-02
 -5.26615754e-02  1.40148010e-02 -1.56989545e-01 -4.46106717e-02
  3.18049715e-04 -1.21852748e-01  9.14095622e-03  2.08626781e-02
 -1.62241552e-02 -5.64600378e-02 -2.47502550e-02 -7.05685765e-02
  3.14836241e-02  1.55418701e-02 -7.83189386e-02 -2.36676969e-02
  7.49432445e-02 -9.93043706e-02  2.65384950e-02 -6.31218702e-02]"
493,Accounting,Governance,audited,2,0.4548,"[-5.28267846e-02  8.69400576e-02 -2.53270082e-02  4.24418002e-02
  3.90928239e-02  4.92080953e-03  1.27937272e-01 -1.11713313e-01
 -1.03667965e-02  4.79129702e-02  6.21002465e-02 -3.03392280e-02
 -2.78142770e-03  1.69381890e-02 -1.48726419e-01 -6.68324381e-02
  3.18610705e-02  4.54372503e-02 -4.99967746e-02  3.82808782e-02
 -7.81316608e-02  2.26436350e-02  1.06912088e-02  1.62150618e-02
  5.91737553e-05  9.46228334e-04 -3.35513353e-02  2.94349436e-02
 -3.16492631e-03 -1.00974448e-01 -1.17284553e-02 -6.38880953e-02
  1.90830529e-02  2.21837014e-02 -8.84683430e-03 -1.65384188e-02
  6.39540255e-02 -9.20255389e-03  1.53773604e-02 -2.09089206e-03
 -3.73102836e-02 -1.25971913e-01  1.84883876e-03 -1.55736245e-02
 -8.70752633e-02 -1.24792242e-02 -3.27770622e-03 -5.14449812e-02
 -2.88252858e-03  6.48195595e-02 -6.87054768e-02 -3.48674133e-02
  1.81808062e-02 -2.74257604e-02 -5.11930371e-03 -1.57855544e-02
  4.59615849e-02  2.11768970e-02  2.90495064e-02 -6.72234595e-02
  5.10246269e-02  5.19144349e-02 -9.08780321e-02  7.70437345e-02
  7.99180847e-03  4.29842286e-02 -1.73425805e-02 -2.95039583e-02
  2.83307079e-02 -9.94668826e-02  7.07343966e-02 -4.13570851e-02
 -2.43797395e-02 -2.47097816e-02  3.81382219e-02  2.03600572e-03
  3.63243707e-02 -1.60494577e-02 -2.06506974e-03 -1.07349321e-01
 -2.47695800e-02 -1.08543932e-02  6.21044217e-03  1.86106786e-02
  9.48228221e-03  2.21752282e-03  9.15549230e-03 -2.64979787e-02
  2.59806141e-02  2.38358434e-02  2.57940460e-02  1.03515098e-02
  2.65763942e-02 -3.99884470e-02  1.60727166e-02 -6.17664233e-02
 -1.84429623e-02  7.90358931e-02  6.12911098e-02  1.77865908e-01
 -1.34238172e-02  1.33596033e-01 -1.07904747e-01 -1.15087479e-02
 -4.83442377e-03 -1.30131915e-02  1.11290766e-02  1.49578676e-02
  2.79164501e-02  2.51791682e-02 -2.50213966e-02  6.06289506e-02
  3.30217928e-02  3.55629846e-02  1.18547000e-01  8.20327327e-02
 -2.36550942e-02  6.67666122e-02 -2.34216843e-02  6.29368518e-03
  4.19288203e-02  4.18654196e-02  5.02317622e-02 -2.77606826e-02
 -5.94209358e-02 -5.71664907e-02  9.57638398e-02 -4.86092077e-33
  5.58547005e-02  5.23105860e-02 -3.66428867e-02 -2.10935567e-02
  2.72949040e-02  5.99352904e-02 -3.94265167e-02  2.34858282e-02
 -5.88544495e-02  2.85776500e-02  5.55736618e-03  9.00517479e-02
 -2.35205032e-02 -2.46205349e-02  7.33066648e-02  8.11561346e-02
 -1.70938522e-02  1.03688248e-01 -3.24695446e-02 -8.31048563e-03
  2.18840800e-02 -6.37484565e-02  6.64805844e-02  8.20993911e-03
  1.05667450e-02 -6.80836737e-02  1.84136350e-02 -1.73008274e-02
  3.09859701e-02  4.04019207e-02 -2.52867714e-02  5.65196648e-02
  6.08308427e-02  1.97929479e-02 -7.04229297e-03  1.20873395e-02
 -1.45037929e-02 -3.04220077e-02  5.52075263e-03 -5.71657829e-02
  6.89060688e-02 -4.59295176e-02 -2.45016115e-03 -6.09408319e-02
 -7.99164325e-02  3.39639783e-02 -1.54933669e-02  2.46331040e-02
  4.24536131e-02  3.77026573e-02  4.20067087e-02  2.32893974e-02
 -6.36144355e-02  2.21366119e-02  5.03596244e-03  5.37210889e-02
  6.12586625e-02  2.00444870e-02  3.87500525e-02  2.80575268e-02
  9.97238904e-02  1.15514643e-01 -9.10523441e-03 -4.94613312e-03
 -1.20469943e-01 -9.11685899e-02  2.74865534e-02 -4.48289700e-02
  8.64597037e-02 -6.69586938e-03 -1.37038752e-01 -4.28217985e-02
  2.25202106e-02  6.29034415e-02  9.18531884e-03 -3.28083523e-02
 -5.60097173e-02  2.85050273e-02 -2.77991779e-03  2.05320045e-02
 -3.25392298e-02 -6.57321364e-02  4.45402265e-02  1.32406726e-02
 -3.99764953e-03  3.40432972e-02 -5.79081625e-02 -3.41672159e-04
 -4.06307494e-03  5.89915626e-02 -5.72475716e-02 -1.34032927e-02
  6.45439178e-02  1.15798907e-02 -1.80377923e-02  2.15471017e-33
 -1.05601683e-01 -6.86832052e-03 -9.68561321e-03  3.55871767e-03
 -8.50619897e-02 -5.37499152e-02 -4.52476814e-02 -1.21762194e-02
  1.20759066e-02  5.03359288e-02 -3.47479060e-02 -4.44689393e-02
  6.54391572e-02  5.75123578e-02  1.07226763e-02 -2.72274707e-02
  8.06745887e-02 -2.77646575e-02 -1.21157318e-02  2.06814166e-02
  2.41612792e-02  2.57209651e-02  1.16915867e-01  2.46832613e-02
  2.65734177e-02  4.79495786e-02  4.39724177e-02 -1.89682953e-02
 -2.58590169e-02  2.73634978e-02  3.86470109e-02  2.10018400e-02
 -6.69149831e-02  1.27602071e-01 -4.69855554e-02 -5.17850667e-02
  7.13614821e-02  1.21015832e-02 -1.68518052e-02  4.40804986e-04
  6.70065954e-02  8.10892209e-02  2.19903309e-02  6.93198964e-02
  2.23203301e-02 -1.85665041e-02 -9.27014351e-02  2.78810561e-02
  6.66359067e-02 -1.93189632e-03 -7.60462880e-02 -9.60019510e-03
  5.99094667e-02  4.85376716e-02 -9.56419632e-02  1.72708649e-02
  6.77651539e-02 -2.08714008e-02  1.21292127e-02  3.05096805e-02
 -1.65315103e-02  8.11388940e-02 -2.45234128e-02  2.76256166e-02
  1.43833533e-02 -1.05016278e-02  3.05878296e-02 -1.13228643e-02
  5.99435866e-02 -6.22771913e-03  2.66737246e-04 -6.39931709e-02
 -8.29652175e-02  1.63755380e-02  8.68321303e-03  4.26302068e-02
 -8.66287425e-02 -5.76364212e-02 -6.23106584e-02 -5.71440198e-02
 -1.13455765e-02 -4.36394028e-02  1.49205122e-02 -8.04885551e-02
 -2.32292432e-02 -1.18279696e-01  8.69744644e-02 -7.93500021e-02
  3.32663544e-02 -1.78274661e-02 -3.82895581e-02 -6.36611134e-02
 -4.48458679e-02 -5.88928275e-02  2.09612139e-02 -1.26256134e-08
  8.46869126e-03  1.76814049e-02  9.90363732e-02  3.63768414e-02
  3.58478166e-02 -1.04812883e-01 -4.99316119e-02  5.44605665e-02
 -1.87792759e-02 -8.95454809e-02 -1.81501731e-02 -7.05331424e-03
 -3.68515961e-02  1.93475019e-02  2.40246300e-02 -1.24523729e-01
 -4.18576710e-02  6.99859709e-02 -6.65090978e-02  4.45539579e-02
 -1.05910879e-02  2.02895328e-02 -3.05763651e-02  4.01944574e-03
 -4.72037420e-02 -9.69956741e-02 -4.48091561e-03  8.19502324e-02
 -8.69960152e-03  2.65660733e-02 -1.45709245e-02  8.02149102e-02
  2.84694526e-02 -3.44843082e-02 -1.02358051e-01 -4.48903814e-02
 -2.25875508e-02 -4.53459956e-02 -6.98564108e-03 -5.68893179e-02
 -4.76204650e-03 -9.57592111e-03  4.61854674e-02 -7.86192250e-03
 -6.42465577e-02 -5.11297174e-02 -5.97066507e-02 -2.93444954e-02
  1.54798208e-02 -6.55339062e-02  3.29898596e-02 -4.19752374e-02
  7.35675097e-02  4.40341681e-02 -5.26902359e-03 -2.41422467e-03
  3.22832912e-02  1.01289628e-02 -2.87078824e-02 -2.39763223e-02
  6.70673475e-02 -5.27752489e-02  6.61308989e-02 -1.80826690e-02]"
494,Accounting,Governance,operations,4,0.4546,"[-2.01381147e-02  7.69903660e-02 -2.02013031e-02  3.06425653e-02
 -1.55614153e-01 -6.43924996e-02  1.16331711e-01 -4.32168618e-02
  8.46070424e-03  4.22863849e-02  5.21301515e-02  1.82869378e-02
  5.53462142e-03  2.94061676e-02 -1.33422641e-02  1.44778239e-02
 -5.11864051e-02  3.81724015e-02 -1.54675230e-01 -6.33656681e-02
 -4.87594306e-03 -6.20996319e-02 -3.61527838e-02  1.23868035e-02
  4.79314327e-02  5.19085005e-02 -1.06045090e-01 -3.97483930e-02
  7.19829798e-02 -1.10126667e-01 -3.29997577e-02  4.46437392e-03
  1.04784355e-01 -3.92066129e-02 -3.25249471e-02  5.40993996e-02
  3.24149467e-02 -6.16029417e-03  3.72126587e-02  2.64634448e-03
 -5.23575768e-02 -1.30779639e-01 -4.26125042e-02 -1.23558659e-03
 -2.38127029e-03  5.02270460e-02  1.73315518e-02  2.45705154e-03
  3.70146520e-02  1.77357048e-02 -3.66240405e-02  1.03359194e-02
 -1.53627336e-01  3.47817838e-02  2.16835290e-02  2.01100577e-02
  3.35425735e-02  4.69664024e-04 -9.64932516e-03 -7.69999474e-02
  1.49413962e-02 -1.27089710e-03 -2.57983878e-02  4.41096686e-02
  4.65445369e-02 -6.06843680e-02  2.54110266e-02 -5.38469367e-02
 -4.91448976e-02  2.80807912e-02  4.48717512e-02  4.61863540e-03
 -1.81740932e-02  2.60461234e-02  2.31287498e-02 -2.03629266e-02
  7.60857314e-02 -1.14795417e-02  3.73300761e-02 -3.57233249e-02
  6.05220869e-02 -4.77743298e-02 -4.08951938e-02 -2.40406189e-02
 -1.25006505e-03 -8.18076823e-03 -1.62827000e-02 -1.10988077e-02
  8.95666778e-02  6.99913455e-03 -2.35130871e-03 -1.21451635e-02
  5.84955029e-02 -8.25917423e-02  2.29700431e-02 -3.59557383e-03
 -1.16181662e-02 -1.73591413e-02 -3.18597630e-02  2.20774695e-01
  1.00106830e-02  3.37403715e-02 -5.81879988e-02 -9.05956551e-02
 -4.64063287e-02 -2.54513901e-02 -1.68938912e-03 -2.37475578e-02
 -2.08729822e-02 -2.46422440e-02  9.98182129e-03  4.05033259e-03
 -4.89129610e-02 -4.52381978e-03 -4.91007604e-02  4.01291922e-02
 -4.63515520e-03  3.87871615e-03 -1.78008750e-02  1.05707778e-03
  2.40978301e-02  7.31891543e-02 -5.70946699e-03  2.57384963e-02
 -5.32255769e-02 -3.32804061e-02  4.17740159e-02 -6.37890018e-33
 -5.47301359e-02 -9.52027589e-02 -5.79118263e-03  7.34891221e-02
 -1.21634705e-02  5.25061898e-02 -6.76925108e-02 -3.19774449e-02
 -7.34155439e-03  7.28591606e-02 -5.40620089e-02  7.67305791e-02
  1.81197003e-02  5.22863911e-03  9.24057290e-02 -3.93667594e-02
  8.82323459e-02  6.80979416e-02  3.19786519e-02 -8.38336907e-03
  1.31156696e-02 -2.94003394e-02 -6.27856255e-02  5.99756949e-02
  9.50106531e-02 -8.74204934e-03 -1.24892863e-02 -6.73628822e-02
 -1.10696480e-02  8.25977977e-03  2.97089834e-02  7.36362040e-02
 -4.63752225e-02  1.68604665e-02  3.92908081e-02  8.20512921e-02
  2.67092679e-02 -6.41673356e-02  6.11695983e-02 -4.77405339e-02
 -6.60010874e-02 -3.44638154e-02 -8.28637034e-02  1.17522497e-02
 -4.47495915e-02  5.47303222e-02  1.69926193e-02  1.04665726e-01
  7.46805891e-02  2.88373064e-02 -3.32821682e-02  3.15966383e-02
 -9.90645215e-03 -1.40074892e-02  4.37603891e-02  4.67876978e-02
  3.95684578e-02  4.59231762e-03  1.34609304e-02  7.35099614e-02
  4.07677470e-03  2.74505187e-02 -2.97134779e-02  3.94358560e-02
 -8.71490538e-02 -3.64651121e-02 -4.17081788e-02 -2.72078160e-02
  4.87783886e-02 -1.49965473e-02 -1.29146382e-01  1.15672778e-02
  5.36424965e-02  2.08065398e-02  3.34334001e-02 -1.53137418e-02
  4.45360169e-02 -4.62135933e-02 -5.95840886e-02 -3.83122303e-02
 -3.27777155e-02  3.93862240e-02  7.65182227e-02  4.24386077e-02
  6.86581209e-02  2.13089138e-02  1.67384576e-02 -1.77981667e-02
 -1.06426571e-02  5.51944338e-02 -9.71242934e-02  1.61779132e-02
 -1.69092659e-02  1.94413196e-02  1.12219332e-02  3.65778063e-33
 -9.17991698e-02  2.29605306e-02 -6.09080382e-02 -1.23157734e-02
 -2.75662784e-02 -2.27891449e-02  1.20170377e-02 -1.60728067e-01
  7.10857380e-03  6.31622924e-03 -8.86273906e-02  2.21045967e-02
 -4.22417670e-02 -6.27046078e-02 -1.62211608e-03 -6.05438389e-02
  1.42580774e-02 -1.21678030e-02 -2.06764694e-02  5.94471730e-02
 -5.53897433e-02  6.32593110e-02  4.24665585e-02 -3.16264629e-02
 -4.64112731e-03  5.86451776e-02  7.49083469e-03  2.80708708e-02
  5.95527627e-02  9.75301117e-03 -3.46633121e-02 -9.47800353e-02
  7.62742187e-04  2.63531879e-02 -4.61176671e-02  6.48070648e-02
  9.52893868e-02  5.31598851e-02  2.92428304e-02 -4.21038717e-02
  8.84201899e-02 -6.41547441e-02  3.75416316e-02  1.44400910e-01
  2.77483463e-02 -5.41432574e-02 -1.62409171e-02 -5.83127653e-03
 -3.10139302e-02 -6.50411891e-03 -2.45387908e-02 -6.11780351e-03
 -9.23693702e-02  2.98077520e-03 -1.22114206e-02  1.01440288e-01
 -2.52852263e-03 -9.65909958e-02  2.12914273e-02  6.28042817e-02
 -1.08363973e-02  2.88777072e-02  4.21067625e-02  5.88813089e-02
 -6.87603354e-02  4.20233123e-02  3.00478786e-02 -3.16182002e-02
 -2.56780647e-02  1.07178623e-02  1.11658722e-01  3.09760030e-02
 -3.69030982e-02 -4.34875228e-02 -1.23240789e-02 -3.75228412e-02
 -6.10167421e-02 -2.70705204e-02  2.20054947e-02  6.16234243e-02
  3.01600210e-02  1.30757010e-02  2.76630893e-02  3.26931216e-02
 -1.35837778e-01 -2.04324853e-02  1.21477097e-01 -1.11980336e-02
 -4.69481647e-02 -1.81670580e-02 -5.49560748e-02  3.17719392e-02
 -2.55860016e-02 -9.03165899e-03 -6.01745769e-03 -1.23765940e-08
 -4.39726673e-02 -1.62755679e-02  6.89159930e-02  3.09972651e-03
  6.69955760e-02 -2.37521417e-02  1.60486568e-02  6.27708286e-02
 -1.86290480e-02  3.62485414e-03  5.56591142e-04  3.35441642e-02
 -6.42093306e-04 -5.29785687e-03  5.25561012e-02 -2.68637296e-03
 -5.97748347e-03 -4.42005992e-02 -7.77001157e-02 -3.96874808e-02
  4.25596023e-03 -1.75881106e-02  6.74974918e-02  3.76392901e-02
  2.67647337e-02  1.36366589e-02  1.09555637e-02  4.74634767e-02
  4.85209450e-02  6.84474260e-02  4.38837036e-02  1.99983399e-02
  5.93407676e-02  4.62016053e-02 -2.91184653e-02 -8.20537508e-02
  2.32913196e-02  3.74859795e-02  1.16911447e-02 -3.78359780e-02
 -9.43446755e-02 -4.62180041e-02  6.47870526e-02  5.92541471e-02
  1.29551850e-02  1.60642229e-02 -7.69351125e-02 -5.90083376e-02
 -1.13020716e-02 -1.22023806e-01  3.93115208e-02  1.09024821e-02
  1.94540769e-02  8.27486515e-02 -6.55849371e-03  2.78024580e-02
  2.63270978e-02 -4.13762368e-02 -1.61920078e-02  9.55517814e-02
 -3.80911655e-03 -9.64401849e-03  5.53083457e-02 -3.63494530e-02]"
495,Business Ethics,Governance,ethics,3,0.817,"[-2.04199813e-02  1.08389370e-01 -6.93139434e-02 -4.47425991e-04
 -1.25744147e-02  5.35881659e-03  1.13482191e-03 -2.44205948e-02
  8.54191463e-03  5.77554815e-02  2.54328344e-02  6.51111007e-02
 -5.19306213e-02  7.63035659e-03 -4.50141355e-02  1.14854146e-02
  1.89194293e-03 -1.85688324e-02 -1.32637247e-01  1.46322343e-02
 -2.50002295e-02  2.53664721e-02  6.74358904e-02  1.33352363e-02
 -6.06920496e-02  2.66252905e-02  4.14551646e-02 -2.64121350e-02
  5.19732013e-02 -7.16998056e-02  4.71394323e-03  4.06861193e-02
  1.41974702e-01 -8.64162017e-03 -2.86689121e-02 -5.75239444e-03
  2.17473623e-03 -3.38674560e-02  2.34729461e-02 -2.97301337e-02
  1.74963549e-02 -6.41497374e-02 -2.42601763e-02 -3.62329334e-02
 -1.13528017e-02 -4.26325388e-02  2.35786512e-02 -3.68071683e-02
 -9.51255951e-03 -2.93914974e-02 -2.96520572e-02 -9.34937503e-03
 -8.88711959e-02  2.55547818e-02  3.94700840e-02 -8.12579617e-02
 -1.65336626e-03 -2.98392922e-02 -2.37853229e-02 -3.36153544e-02
  8.93020853e-02 -1.45101519e-02 -3.90871093e-02  7.26795048e-02
  2.42004264e-02  4.06951234e-02  3.48980166e-02  5.24385497e-02
 -1.10715389e-01 -9.72113982e-02  1.29433908e-02 -5.01935966e-02
  8.88924859e-03 -8.27046484e-03  9.07682441e-03 -5.13749104e-03
  4.05036807e-02 -7.75904255e-03  2.05022022e-02 -7.72339106e-02
 -2.22363677e-02 -7.83913583e-02  2.06520651e-02  8.67875740e-02
  2.39782743e-02 -2.17468627e-02  3.23417634e-02 -5.26168086e-02
  9.56585109e-02  9.94856283e-02 -4.76322956e-02 -1.76461078e-02
  7.80574456e-02 -2.57196445e-02 -8.62697661e-02  5.25535755e-02
 -3.95043828e-02 -5.44727407e-02 -1.05314173e-01  2.41094783e-01
 -2.15968750e-02  7.86391795e-02 -1.28025457e-01 -1.62979104e-02
  3.64955738e-02  1.00989593e-03 -1.61368046e-02 -5.85481375e-02
  6.33147545e-03  1.43202012e-02 -5.80925010e-02  7.40425065e-02
 -5.60288019e-02  3.35462540e-02  1.21862918e-01  4.76461686e-02
  3.67832780e-02  2.61624549e-02  8.51032436e-02 -1.10239536e-01
  2.03368235e-02  5.56919817e-03  3.63744125e-02  3.04889660e-02
 -1.77308787e-02 -1.59947544e-01 -2.45612133e-02 -6.56666115e-33
 -4.10897471e-02 -3.82317491e-02  5.66663407e-03 -5.11332266e-02
 -3.58338351e-04  4.07103598e-02 -1.49682192e-02  2.90810578e-02
 -1.08462898e-02  9.45246369e-02  2.85523608e-02  2.56390758e-02
  6.86000362e-02  5.64340875e-03 -1.49432267e-03  9.44494922e-03
 -6.54134899e-02 -5.14555071e-03 -2.42013372e-02  1.03056990e-02
  8.43994617e-02  3.13042924e-02  1.53571451e-02  1.87070519e-02
 -2.56850719e-02 -6.17776252e-02 -8.00827704e-03 -1.11103259e-01
  8.16042423e-02  4.66493480e-02 -4.01403615e-03  5.49711809e-02
  4.22362946e-02 -7.82927126e-02  1.17740929e-02  1.08579189e-01
 -8.07858855e-02  4.21692505e-02  1.65407322e-02  2.10264120e-02
  1.13978851e-04 -7.76156783e-03  4.57133912e-02 -9.48594511e-03
  6.19553886e-02  5.60216047e-02  7.75613561e-02 -7.06968307e-02
 -3.51709165e-02  5.93507029e-02  1.34314701e-03  1.40570300e-02
  3.93337980e-02 -6.81555048e-02  3.14401612e-02  9.73734632e-03
  5.85839115e-02  4.99455929e-02 -9.05504301e-02 -6.72461540e-02
  7.39205256e-02 -5.79786627e-03 -6.26932681e-02  1.96917728e-02
 -1.16348499e-02  6.59260107e-03 -4.71815057e-02 -2.64609847e-02
  3.82995345e-02 -9.62756872e-02 -2.57249922e-03  1.28269708e-02
 -6.97859004e-03  5.03155254e-02 -9.33420286e-02  5.00693768e-02
 -1.43101765e-02 -7.02617271e-03  3.26941200e-02  6.06943714e-03
 -2.74246447e-02  4.42114584e-02 -2.65730340e-02  2.30465885e-02
  4.37015146e-02 -2.24290811e-03 -6.48132488e-02 -2.97627263e-02
  7.97347203e-02  1.04070522e-01  1.28496429e-02  2.17723716e-02
  2.77980007e-02  2.75133438e-02 -3.16864140e-02  4.01627408e-33
 -4.65714186e-02 -3.82487103e-02 -5.49788661e-02  5.66102751e-02
  4.90451753e-02 -7.52468826e-03 -4.18600328e-02  4.67187017e-02
  5.21172136e-02  6.57274351e-02 -6.50356039e-02 -6.24702871e-02
  7.40123615e-02  3.45777012e-02  3.07400171e-02 -5.04587740e-02
 -1.17715076e-02 -2.61648260e-02 -3.01554129e-02 -1.01900734e-02
  1.80859994e-02  4.28558327e-02 -2.10649967e-02 -1.71406530e-02
 -4.17454122e-03  7.47046620e-02 -2.60213166e-02 -4.09232937e-02
  3.75649780e-02 -1.85568519e-02 -2.38724630e-02  2.27181371e-02
 -6.77812621e-02 -1.79589372e-02 -3.68012843e-04  8.61333609e-02
  2.76135877e-02  3.03171761e-02 -1.79015175e-02 -5.56050502e-02
  2.86959838e-02  5.18847033e-02 -3.28220278e-02  6.75366819e-03
 -3.10122184e-02 -4.53488268e-02 -4.57153842e-02 -2.32665166e-02
  6.75162524e-02 -4.23183329e-02 -5.83571307e-02 -5.63526107e-03
  2.39142478e-02  9.06737056e-03  3.22374888e-02  2.96917353e-02
 -2.41706017e-02  1.96078010e-02  9.02366117e-02  1.98916923e-02
  6.70135915e-02  5.90908416e-02 -6.79635853e-02  8.41097683e-02
 -1.01241037e-01  3.96858901e-02 -2.90376395e-02  2.10822187e-02
 -8.17643404e-02 -8.87505338e-03  2.35548634e-02 -5.38675161e-03
 -1.25000432e-01 -2.75277384e-02 -7.68676726e-03  3.51718515e-02
 -5.83114736e-02 -6.63532168e-02 -8.16801190e-02 -1.06390361e-02
  9.78759024e-03 -9.03630704e-02  1.69916991e-02  2.40431223e-02
 -1.11314170e-01 -2.83184946e-02  4.46313694e-02  2.77665611e-02
 -5.15520684e-02 -2.91184485e-02  1.32903010e-02  3.67122097e-03
 -3.27076651e-02  9.69515964e-02  9.73959640e-03 -1.37729632e-08
  3.56370099e-02 -5.45428768e-02  4.32508141e-02 -1.35398237e-03
  8.38872511e-03 -2.26422958e-02 -3.35774757e-02 -2.06178334e-02
 -6.82882443e-02  4.57699336e-02 -1.33002060e-03  2.15799157e-02
 -2.54586302e-02  1.19759671e-01  5.31582395e-03 -1.13192676e-02
  1.24752671e-02 -2.19875504e-03  2.22247895e-02  4.27714884e-02
  3.41430753e-02 -1.84546113e-02 -1.15833115e-02 -4.30583768e-02
  1.14482846e-02 -1.84828062e-02 -2.52833664e-02  1.24869943e-02
  5.20100109e-02  6.03505298e-02  3.96311544e-02  8.16866383e-02
 -2.16162466e-02 -5.01855928e-03 -1.21213883e-01 -1.14340827e-01
 -4.78614904e-02 -5.76267540e-02  2.93011516e-02 -2.01541674e-03
  1.72294788e-02  3.51090468e-02  6.02863505e-02 -2.84348298e-02
  3.95301469e-02 -1.97203029e-02  2.61244159e-02  4.99178730e-02
  8.49465316e-04  4.00706223e-04 -4.65727709e-02 -4.71087173e-02
  4.15449217e-02 -1.43088568e-02  7.67869353e-02 -1.16483616e-02
  3.96608897e-02  9.68525000e-03 -7.14966357e-02 -9.05469526e-03
  1.30707905e-01  2.78557558e-02  5.75624257e-02 -6.76714778e-02]"
496,Business Ethics,Governance,ethical,1,0.7659,"[-2.36303806e-02  1.17745370e-01 -7.73215145e-02 -1.69366393e-02
 -1.16309607e-02  1.38618797e-02  2.66613462e-03 -2.92797815e-02
  3.85971889e-02  4.31581810e-02  2.98540834e-02  8.50568265e-02
 -3.13793533e-02  1.13832913e-02 -3.28983963e-02  2.19623419e-03
 -2.48915516e-02  1.10835889e-02 -1.20957062e-01  6.64121285e-03
 -3.42842340e-02 -1.09807216e-02  8.92101973e-02  2.68990304e-02
 -5.53430282e-02  8.16706475e-03  4.30662036e-02 -3.44410203e-02
  5.86823747e-02 -5.62647916e-02  2.15680115e-02  3.51466238e-02
  1.14566281e-01 -3.91937494e-02 -3.16482782e-02 -2.82849744e-03
 -3.35079283e-02 -4.41336147e-02  2.31646094e-02 -2.38171406e-02
 -9.26377717e-03 -9.96665508e-02 -4.01420668e-02 -5.04198931e-02
 -2.95387246e-02 -1.46924257e-02  2.60509122e-02 -4.77999598e-02
 -2.48100106e-02 -5.54424301e-02 -2.02062838e-02 -3.01914085e-02
 -9.21229646e-02  1.33306785e-02  2.52884850e-02 -1.03826821e-01
  3.25405225e-02 -5.43662012e-02 -2.15160809e-02 -8.91950540e-03
  7.74838850e-02 -1.37360599e-02 -4.63873930e-02  6.24049492e-02
  3.39504927e-02  4.25384268e-02  3.53100710e-03  2.48192288e-02
 -7.74227753e-02 -5.99951409e-02  2.53627151e-02 -4.38948385e-02
  3.80327255e-02 -1.54355611e-03  7.86029827e-03  2.11102162e-02
  3.75828929e-02 -7.18506053e-03  1.33199291e-02 -5.76092340e-02
  8.35447479e-03 -7.71175399e-02  1.99420396e-02  6.62382171e-02
  6.18562773e-02 -3.30013894e-02  4.18637544e-02 -5.71945421e-02
  8.49678889e-02  1.10370331e-01 -1.84197761e-02  2.63366438e-02
  6.13839887e-02 -2.30707545e-02 -4.22371253e-02  3.18598486e-02
 -2.31114998e-02 -1.95817128e-02 -9.17259157e-02  2.21235737e-01
 -1.54199423e-02  7.98855498e-02 -1.01510473e-01 -2.80925278e-02
  1.59146916e-02 -1.61162317e-02 -2.45736148e-02 -5.88205345e-02
  2.32620090e-02 -4.99058003e-03 -6.66091293e-02  8.02514628e-02
 -7.07050934e-02  6.14156686e-02  8.04880112e-02  6.09016567e-02
  5.46634570e-02  4.07373272e-02  6.74146637e-02 -1.06416672e-01
  8.96155648e-03 -6.86689396e-04  1.76160652e-02  2.38351971e-02
 -2.02625487e-02 -1.56474769e-01 -1.66988261e-02 -6.19712246e-33
 -3.35280746e-02 -2.52757315e-02  1.42914327e-02 -5.86993396e-02
  3.81651125e-03  2.18893103e-02 -3.03154588e-02 -1.92474585e-03
 -8.01929913e-04  1.20647021e-01  4.13597710e-02  2.01371107e-02
  8.51295739e-02  3.90711725e-02  1.55933667e-02 -3.93273309e-02
 -8.30137432e-02 -1.48490146e-02 -3.23899835e-02 -2.11724453e-02
  9.95493531e-02  2.53620632e-02  6.20113034e-03  1.10014146e-02
 -2.65287310e-02 -5.06906360e-02  2.88681942e-03 -1.16692536e-01
  7.43944421e-02  4.89552058e-02 -2.62417607e-02  3.88580710e-02
  3.62763815e-02 -7.59299621e-02  1.53581612e-02  1.03249878e-01
 -6.13443553e-02 -2.67435866e-03 -4.15188773e-03  2.57069003e-02
  3.18595208e-02  2.80690147e-03  5.89428917e-02 -2.17831135e-03
  9.18023735e-02  7.73230419e-02  6.88007101e-02 -1.01175956e-01
 -3.63783464e-02  4.65093553e-02 -3.29497061e-03  4.09674086e-02
 -1.92198455e-02 -8.37429836e-02  1.80628877e-02 -9.74283786e-04
  4.71850187e-02  3.63728255e-02 -1.04609057e-01 -4.08544727e-02
  3.88686992e-02 -3.38313207e-02 -4.32862379e-02  7.94317760e-03
 -2.07206737e-02  1.52270161e-02 -3.46070598e-03 -3.91097553e-02
  4.89680097e-03 -9.08546075e-02  2.11826134e-02  2.07798555e-02
  1.50507428e-02  1.10859023e-02 -1.22258164e-01  4.79099788e-02
 -1.32293841e-02  2.53090188e-02  7.38761052e-02 -3.42401005e-02
  1.63458716e-02  3.92458141e-02 -2.75232270e-02  4.90999334e-02
  5.55270761e-02 -2.93363514e-03 -6.57884926e-02 -3.47005427e-02
  4.79203835e-02  1.15753047e-01  3.07544991e-02  2.67223995e-02
  2.18399223e-02  2.91474313e-02 -4.91142944e-02  3.56374255e-33
 -6.94266409e-02 -3.77392061e-02 -4.32303101e-02  5.61331883e-02
  2.67811939e-02 -1.21591417e-02 -3.22966427e-02  2.14711167e-02
  3.66356894e-02  1.02028862e-01 -6.80827349e-02 -4.90924753e-02
  5.75760379e-02  3.66596729e-02  5.22717759e-02 -3.50106508e-02
 -5.23340628e-02 -5.65120112e-03 -5.65792574e-03 -3.05698421e-02
  2.43256446e-02  8.61679763e-02 -2.88109053e-02 -3.19955545e-03
  1.92597322e-02  6.38869405e-02 -5.98439872e-02 -2.46741567e-02
  7.84613043e-02  5.46738738e-03 -3.17618698e-02  1.82382185e-02
 -5.54939061e-02 -1.96857899e-02 -1.41715165e-02  9.71154273e-02
  6.79645315e-02  3.14466543e-02  1.06482976e-03 -3.77982669e-02
  3.49512808e-02  5.41109443e-02 -5.31974994e-02  1.43800778e-02
 -1.83161348e-02 -5.47576509e-02 -5.73652461e-02 -1.82527024e-02
  1.00258477e-01 -1.95476878e-02 -5.76632023e-02  2.16362905e-03
 -1.09847626e-02 -2.88177319e-02  2.39747874e-02  1.59695670e-02
 -3.87806147e-02  5.11972047e-03  8.98190290e-02  1.67516656e-02
  6.65020198e-02  5.21744639e-02 -4.13827300e-02  6.79532811e-02
 -1.08269505e-01  4.11643088e-02 -2.37457901e-02  2.39192359e-02
 -9.96488407e-02 -2.00751051e-02  3.76931727e-02  7.77593022e-03
 -1.25237808e-01 -3.74149121e-02 -2.19347738e-02  1.57732926e-02
 -5.36112860e-02 -4.04332727e-02 -5.98044023e-02  9.92778456e-04
  2.24764477e-02 -8.92189816e-02  1.53588373e-02 -2.72279186e-03
 -1.04941025e-01 -3.70006934e-02  4.25710604e-02  1.33320561e-03
 -6.31523654e-02 -4.21980582e-02 -2.19843816e-02 -2.77604572e-02
 -1.96365211e-02  9.66644585e-02  2.24837977e-02 -1.34578126e-08
  5.21832108e-02 -5.42154685e-02  7.34669417e-02  5.97778009e-03
  1.50533381e-03 -6.72802050e-03 -3.93384136e-02  4.52941144e-03
 -6.23054765e-02  7.17829913e-02  2.73472979e-03 -5.69376908e-03
 -2.90049277e-02  1.55468926e-01 -6.05562795e-03  8.55989940e-03
 -2.57435236e-02 -1.78901032e-02  3.16706710e-02  4.02358957e-02
  1.58379730e-02  1.26663288e-02 -4.44456376e-02 -3.37274671e-02
  3.72050167e-03  6.56221877e-04  2.77436571e-03  7.78811350e-02
  4.24023308e-02  3.25026587e-02  3.28287371e-02  5.02053760e-02
 -4.48127510e-04  1.19192144e-02 -8.97096768e-02 -9.82041731e-02
 -6.91408515e-02 -3.16537060e-02  1.40751526e-02  1.34808132e-02
 -2.25896994e-03  2.29595676e-02  5.51571958e-02 -1.87059119e-02
  2.96790954e-02 -1.80958360e-02 -1.84258334e-02  4.84808013e-02
 -3.48346606e-02  2.60115080e-02 -2.97827087e-02 -3.54445167e-02
  3.83299291e-02 -1.44250980e-02  7.76901618e-02  3.97653319e-03
  1.34960534e-02  3.27657443e-03 -5.53537160e-02  1.03053711e-02
  1.27816454e-01  3.11718136e-02  4.44724672e-02 -7.97628760e-02]"
497,Business Ethics,Governance,business,5,0.5786,"[-6.72328845e-03  5.95008731e-02 -3.12834457e-02 -1.46559514e-02
 -9.14382264e-02 -1.31095815e-02  1.14547506e-01  5.72272856e-03
  5.11534102e-02 -5.07223271e-02 -9.78785611e-05  3.20675946e-03
 -2.00384595e-02 -1.96989495e-02  4.88182623e-03 -3.88164669e-02
 -1.88203622e-02 -3.03307027e-02 -9.81239900e-02 -4.50929590e-02
 -1.13528930e-01  2.11118199e-02 -7.11427480e-02  1.19624976e-02
 -2.54580490e-02  6.51033372e-02 -2.01934148e-02  2.70911288e-02
  2.46974360e-02 -1.15710869e-01 -6.60479162e-03  4.44966964e-02
  1.04822583e-01  2.31086556e-02  5.38772764e-03  1.97690092e-02
 -4.89035482e-03 -3.28214057e-02  9.61310938e-02  1.42211253e-02
  8.04580189e-03 -9.45822820e-02 -9.43628997e-02 -2.69667339e-02
  1.24407895e-02  8.23658425e-03  3.05997636e-02  1.95940807e-02
  6.66870475e-02  3.83578241e-02 -4.17516716e-02 -1.10838041e-02
 -2.62214355e-02  3.54201272e-02  6.33814139e-03 -3.23167699e-03
 -6.00727051e-02  1.70497305e-03  1.11178984e-03 -6.11388050e-02
  8.43082815e-02 -5.23603102e-03  5.34569612e-03  2.75304466e-02
  5.31865060e-02  4.37809154e-02 -6.42373264e-02  7.15777129e-02
 -1.18367940e-01 -4.46073636e-02  8.37187245e-02 -5.19884117e-02
 -7.00210929e-02  5.18757477e-02  4.05245088e-02 -7.76389167e-02
  5.79783469e-02 -2.99022812e-03  5.68272024e-02 -2.01509651e-02
  3.84919122e-02  1.29799927e-02 -9.68651548e-02  6.29304126e-02
 -7.47640058e-02 -3.63083333e-02  2.30353791e-02  5.94456606e-02
  6.43917695e-02  1.36421714e-02 -4.56992015e-02 -5.03942482e-02
  2.41248813e-02 -1.00576524e-02 -7.22754002e-02  2.96641663e-02
 -2.66810730e-02 -6.11667112e-02  1.63142737e-02  2.69207478e-01
  2.30495986e-02  7.11534992e-02  2.09855549e-02 -7.75647210e-03
 -5.02380095e-02 -2.65977755e-02 -2.19228733e-02  7.09413961e-02
 -3.51571920e-03 -3.04035507e-02 -4.89510074e-02  1.23466114e-02
 -5.19865006e-02  1.44284070e-02  2.46115611e-03 -2.09934060e-02
  9.52104665e-03  2.19688732e-02  7.95353428e-02 -2.67094094e-03
  1.41171627e-02  1.10985354e-01 -2.59088501e-02 -4.15771939e-02
 -1.00756995e-01 -9.91118178e-02 -2.10773684e-02 -5.26287629e-33
 -1.95315555e-02 -5.62942363e-02  2.68325657e-02  8.00702870e-02
  1.44257732e-02  5.52247949e-02 -3.29193077e-03 -9.61289916e-04
 -5.89947589e-02  1.14519581e-01 -8.71033408e-03  7.24855810e-02
  3.09660900e-02  2.35705916e-02  1.34438783e-01  4.04674187e-02
 -2.02558786e-02  4.27438095e-02  2.88681891e-02 -3.37164178e-02
 -2.31856247e-03 -1.26010710e-02 -2.01893784e-02  4.21781018e-02
  1.25602465e-02 -2.90447921e-02  1.20264366e-02 -6.64832117e-03
  6.93591982e-02 -4.72723693e-03  1.00143358e-01  1.28670819e-02
 -3.37249693e-03 -6.44557364e-03 -4.14984077e-02 -5.18122725e-02
 -3.44035588e-02 -9.13646817e-02  9.78476647e-03 -5.21974191e-02
 -1.07853867e-01  8.52124579e-03 -4.92977351e-02  2.79037300e-02
 -3.73868942e-02  8.25425088e-02  4.15625535e-02  1.23083591e-02
 -2.42179679e-03  9.60745476e-03  8.55997298e-03 -1.43610081e-02
 -9.50097479e-03 -1.81244221e-02  2.62699258e-02 -7.29391724e-02
 -8.80723912e-03 -7.34148100e-02 -3.64239030e-02 -9.64478124e-03
  1.08777381e-01  7.40861297e-02 -5.06748483e-02  5.09435497e-02
 -3.20411026e-02 -2.18132487e-03  2.45174617e-02  5.66331204e-03
  6.77381307e-02 -8.84807631e-02 -1.48961516e-02 -5.74735738e-03
  5.54461293e-02 -2.56516621e-03 -2.53313337e-04  8.56991932e-02
 -3.24760415e-02  3.09107043e-02  2.20199842e-02  2.64665037e-02
 -1.34867160e-02  1.18317856e-02  6.23096004e-02  4.41086814e-02
  4.06668074e-02  6.68133274e-02  3.24245989e-02 -7.62052685e-02
  6.63366215e-03  7.57526681e-02 -1.31247371e-01  9.26004350e-02
 -3.55803750e-05  9.52477604e-02  6.68318849e-03  3.38985865e-33
 -1.60014760e-02 -3.47659402e-02 -2.46371944e-02  4.10754606e-02
  1.41287558e-02  1.34546519e-03  4.57587354e-02 -4.21891846e-02
 -1.02097327e-02  8.29491690e-02 -1.06639877e-01 -9.56875607e-02
  5.17988298e-03  7.81034008e-02 -1.57665685e-02 -5.44381402e-02
  1.45576179e-01 -2.37396415e-02 -3.22429463e-02  3.23393270e-02
 -6.75594360e-02  7.71353170e-02 -2.93599796e-02  2.32155118e-02
 -2.85748504e-02  4.97308113e-02 -4.93967421e-02 -2.72944327e-02
 -2.87256930e-02 -3.43495072e-03 -2.58456115e-02  3.06835249e-02
  6.74879318e-03 -4.10491554e-03 -2.82437224e-02  5.44895455e-02
 -7.98402540e-03 -2.20291433e-03 -2.25319620e-03 -4.49595228e-02
  5.54078519e-02 -2.99655385e-02  1.46504184e-02  1.17575780e-01
 -1.80847812e-02 -5.76959401e-02 -9.56832711e-03 -4.61512133e-02
  7.46812597e-02 -1.55690191e-02 -7.31923655e-02  1.74655952e-02
 -7.27203488e-03 -4.45536114e-02 -2.14737374e-02  6.95937276e-02
 -3.90394069e-02 -5.87985106e-02 -3.87177430e-02  6.16827272e-02
  1.31189926e-02  4.25779074e-02  4.88679931e-02  1.00666292e-01
 -4.43441942e-02  4.91203889e-02  3.31992246e-02 -7.77704734e-03
  3.51240188e-02 -2.89705396e-02  5.80141321e-02  5.00137433e-02
 -5.98230474e-02  4.38150615e-02 -9.09048468e-02  3.25091407e-02
 -5.01043200e-02 -4.63556200e-02  1.72304641e-02 -2.31384463e-03
 -5.14282379e-03 -8.54956657e-02 -3.32568139e-02  4.35512029e-02
 -1.06989369e-01 -6.09240569e-02  2.48160493e-02 -2.05506980e-02
 -2.00571660e-02 -8.68843496e-02 -6.88864514e-02  1.19287067e-03
 -6.77131116e-02  3.51048745e-02  5.34828426e-03 -1.42595713e-08
 -2.71116327e-02 -3.83158140e-02  1.52392900e-02 -2.50105280e-02
  1.77997036e-03 -2.94878148e-02  3.50298323e-02  1.87460668e-02
  4.26138379e-02  6.17840625e-02 -5.92685379e-02 -1.48096057e-02
 -5.73165901e-02  1.00494802e-01  1.92690622e-02 -1.31445378e-02
 -8.17106757e-03 -1.94140989e-02 -4.15715942e-04  5.09941056e-02
  5.11026345e-02  2.83888169e-02  5.36579750e-02 -2.90604252e-02
  1.04250619e-02 -5.07335253e-02  4.74255346e-02  7.13779777e-02
  1.04421144e-02 -9.32862423e-03  2.92412583e-02  8.11794996e-02
 -2.48064585e-02 -2.10860334e-02 -3.93337570e-02 -9.15308446e-02
  2.11219303e-02  3.11428215e-02  4.08736467e-02 -2.76377262e-03
 -6.77127838e-02  3.07528749e-02  2.70171873e-02  2.72041839e-03
 -3.48232500e-02 -2.15707086e-02 -2.83344258e-02 -5.74983424e-03
 -1.78366378e-02 -5.77623397e-02 -1.74757876e-02  1.51949218e-02
  7.82815889e-02 -2.62996498e-02  2.93855593e-02 -7.14598969e-02
  2.09183283e-02 -1.38087794e-02 -5.70219941e-02  3.69396508e-02
  4.98278923e-02 -9.08899903e-02  2.59110183e-02  3.86371766e-03]"
498,Business Ethics,Governance,bribery,1,0.4546,"[-7.08259046e-02  7.66195804e-02 -4.90360484e-02 -3.56479734e-02
  5.97010017e-04 -6.97659748e-03  9.60060433e-02 -3.54087241e-02
  6.33980939e-03  4.31969911e-02  3.39104980e-02  7.07944902e-03
  3.50387990e-02  2.34804414e-02 -2.60340683e-02 -3.19400360e-03
 -1.08491443e-02 -4.55950713e-03 -6.01436570e-02 -2.87224818e-02
 -4.88516055e-02 -8.38306621e-02  4.60043317e-03  9.47304303e-04
  1.98674984e-02  5.30846929e-03 -2.66724024e-02 -2.09896490e-02
  4.24692445e-02 -8.98203924e-02 -1.71261840e-02  2.44110990e-02
  1.26066163e-01  1.99174527e-02 -6.67155012e-02  3.83094624e-02
  4.02802322e-03  1.51664512e-02 -4.21879217e-02  5.36296032e-02
  2.61619557e-02 -7.76935294e-02  3.33888158e-02  3.80192045e-03
 -3.93047631e-02  4.54330025e-03  8.06376413e-02  2.72652600e-02
 -4.86681461e-02 -4.97002271e-04 -3.11512109e-02 -1.74236484e-02
 -1.67725664e-02  4.41700257e-02  3.28472443e-02 -6.99980631e-02
  7.35778585e-02  3.13277207e-02 -1.12850661e-03  2.95400876e-03
  4.90058288e-02  2.32972950e-02 -9.06530954e-03  7.38102617e-03
  1.79924835e-02  9.42255312e-04 -1.86130553e-02  4.31644078e-03
 -5.67714386e-02 -1.65950973e-02  9.37044621e-02 -5.39696142e-02
  4.04404942e-03 -8.67282301e-02  7.65226483e-02 -5.87646849e-03
 -1.16221514e-03  3.67325395e-02  5.99722192e-02 -7.89317861e-02
 -9.49845165e-02  9.55451746e-03  3.52282164e-04 -1.50371008e-02
  4.39383574e-02 -3.38518918e-02 -8.99445917e-03 -5.08084148e-02
  1.03615575e-01  6.69825375e-02  1.31589621e-02 -2.65280902e-02
 -2.88717391e-04  4.98487195e-03 -1.34522930e-01  5.73879369e-02
  4.76553524e-03 -3.68644530e-03  9.12012346e-03  2.43689761e-01
 -2.23142207e-02  9.89473760e-02 -9.46767107e-02 -5.78928329e-02
  8.09044689e-02 -3.39699015e-02  6.03496656e-03 -3.22800837e-02
  3.91113982e-02  1.40667977e-02 -6.86352924e-02  6.31928742e-02
  2.36611441e-02  5.51957451e-02  1.21876486e-02  9.49680284e-02
  3.33682895e-02  7.11009875e-02 -6.62821755e-02  2.41762056e-04
  6.85184821e-02  1.00840796e-02 -4.57875058e-03  2.26502940e-02
 -4.66854982e-02 -8.26123655e-02 -9.78268534e-02 -4.97472846e-33
 -3.43468748e-02 -3.10076419e-02 -8.21362715e-04  4.76483628e-02
  1.85061917e-02 -2.39296854e-02 -2.09808350e-03 -6.16287638e-04
 -5.52259269e-04  6.12251498e-02 -1.47005757e-02  1.07506268e-01
  6.34104609e-02  2.53558345e-02  7.39786923e-02  1.46587528e-02
 -9.85952690e-02 -1.64610408e-02  1.84240583e-02  6.39032712e-03
  4.27110158e-02 -4.21203487e-02  6.49567470e-02  3.50699686e-02
  3.76542658e-02 -3.35669182e-02 -2.23711394e-02 -2.22251881e-02
  1.04224354e-01  2.29146872e-02  1.90625768e-02  2.17120163e-02
  6.20415956e-02 -5.61059117e-02 -4.63008173e-02 -1.31887104e-02
 -1.68468561e-02 -5.37478328e-02  7.15233502e-04  3.19261439e-02
 -4.09189276e-02 -4.52480838e-02  5.71576320e-02  9.93598904e-03
  2.05730306e-04  8.43990520e-02  8.01113844e-02 -1.04433358e-01
 -4.48746309e-02  4.30213809e-02  9.66349326e-04 -6.74919179e-03
  6.74809441e-02 -3.39127406e-02  3.13100917e-03  4.67752386e-03
 -1.14125181e-02  3.21256295e-02 -5.91524467e-02 -2.40942538e-02
  5.45626916e-02  3.51764187e-02  1.87785327e-02  6.87552467e-02
 -1.58191681e-01 -4.21110280e-02  1.82139445e-02 -1.35136303e-02
  4.29041423e-02 -6.95387349e-02  2.29148287e-02  6.05220534e-02
 -1.16149299e-01  1.59517396e-02 -1.12842992e-01  1.17429486e-02
  4.71539237e-02  1.44682871e-02  8.23228136e-02 -8.83944780e-02
 -3.68094295e-02 -3.76965553e-02  6.98592812e-02 -4.59474549e-02
  7.44086283e-04  3.13523300e-02 -9.23297275e-03 -4.99079861e-02
  5.36518469e-02  7.42134452e-02 -1.01683855e-01  3.80175910e-03
  1.59273893e-02 -1.45421140e-02  1.72856487e-02  3.21280459e-33
 -1.06972851e-01 -2.27120947e-02 -2.12457366e-02 -4.65726247e-03
  2.50338912e-02 -3.22928024e-03 -2.42407769e-02 -6.67779818e-02
  1.10690236e-01  4.85440642e-02 -9.47208777e-02 -6.83328658e-02
  9.73346010e-02  4.39219624e-02  9.47755203e-03 -8.24742615e-02
  1.33772539e-02  3.29896323e-02  3.85604091e-02 -1.54034942e-02
  2.67878845e-02  1.16805419e-01 -2.90282629e-02 -4.61574979e-02
 -7.24442750e-02  8.48818049e-02 -6.75037429e-02 -2.52204482e-02
 -2.20091678e-02  7.22973123e-02 -3.56870927e-02  3.34009086e-03
 -6.07371479e-02  8.62573460e-03 -5.75016402e-02  5.15361410e-03
  1.32734822e-02 -1.37986364e-02 -4.97620292e-02 -6.03430234e-02
  4.74010892e-02 -1.64702125e-02  4.15873453e-02  2.47136056e-02
 -1.54119758e-02 -5.38312718e-02 -5.89025170e-02 -6.67402614e-03
  1.05599955e-01 -8.39008670e-03 -3.53427529e-02  3.68090458e-02
  1.12428805e-02  5.71991727e-02 -8.55075717e-02  3.47701460e-02
 -2.56958585e-02  3.52121778e-02  9.07954946e-02  5.60461134e-02
 -1.65272970e-02  5.13054547e-04 -6.23548478e-02  6.17294665e-03
 -6.39156327e-02  1.42692765e-02  2.03113575e-02 -6.68581389e-03
  6.32422566e-02 -7.31288455e-03  1.18869394e-01  7.12614087e-03
 -8.87624994e-02  2.78885812e-02 -4.82619107e-02  1.54764682e-01
 -4.14119102e-02  4.11900505e-02 -6.56234846e-03 -5.71869723e-02
  1.06030283e-02 -4.35570031e-02  2.98553258e-02 -7.54493475e-03
 -5.51856644e-02 -6.41497830e-03  1.58136472e-01 -2.60805450e-02
  1.87504292e-02 -7.62728229e-02 -1.31343985e-02 -2.95413509e-02
  7.35863149e-02  1.78971291e-02  7.24259578e-03 -1.16419914e-08
  2.82952953e-02 -9.49254911e-03 -5.25436038e-03  2.42268350e-02
 -8.01986270e-03 -4.43106107e-02 -8.62893984e-02 -5.55077530e-02
 -5.24953008e-02  6.41983526e-04  4.06205505e-02  6.12703636e-02
 -8.25801212e-03 -1.15420911e-02  4.62337509e-02  5.88926207e-03
 -2.25280114e-02  2.28328686e-02 -6.39014170e-02 -2.37742974e-03
  2.86691301e-02  1.45231821e-02 -5.07613569e-02  1.33342715e-02
 -1.69653073e-02 -4.11846712e-02  2.09415983e-02  8.54062513e-02
 -1.77207366e-02 -2.10914649e-02 -2.58368198e-02  8.09106044e-03
 -2.15165946e-03  9.61312465e-03  2.49884631e-02  2.67139208e-02
 -5.12670353e-02 -4.74688411e-02  2.38831937e-02  1.92887820e-02
 -3.73466238e-02 -4.84449342e-02  2.01632380e-02 -6.74892738e-02
 -6.04713820e-02 -1.67935118e-02 -8.29251111e-02  6.15445673e-02
  7.48520391e-03 -1.79894064e-02  1.48371961e-02 -2.25245953e-02
  7.86880311e-03 -5.59988692e-02  5.26728816e-02 -3.35610099e-02
  3.84212025e-02  5.18519953e-02 -6.38119280e-02  7.76510453e-03
  5.18082827e-02  6.01723674e-04  5.57592399e-02 -3.30004059e-02]"
499,Business Ethics,Governance,corporate,7,0.4514,"[ 6.52458461e-04 -2.05369517e-02  1.38533185e-03  2.41175313e-02
 -3.97732034e-02 -3.50070857e-02  9.34580863e-02  1.01425592e-02
  5.84837086e-02 -3.18563320e-02 -1.02017438e-02 -3.11919721e-03
 -5.86398877e-02 -1.34805357e-02 -1.15169687e-02 -3.73377837e-02
 -2.12461017e-02  5.64963790e-04  1.03011802e-02 -5.20572588e-02
 -8.89791325e-02 -7.80431181e-02 -5.56607731e-02  4.09134403e-02
  4.00886089e-02  7.65796304e-02 -1.75595395e-02  2.40977276e-02
 -1.31062651e-02 -1.24103993e-01 -7.24584758e-02  5.51966876e-02
  1.20532095e-01 -1.00285532e-02  7.23169791e-03  7.03166500e-02
 -2.92924326e-02 -8.39925930e-03  7.60032684e-02 -1.74775943e-02
 -4.11533117e-02 -4.30764689e-04  3.45064439e-02 -1.68825109e-02
  2.09686439e-02  8.13517347e-03  2.38544252e-02 -1.48593187e-02
  4.05740663e-02  4.54767495e-02 -1.89819653e-02 -7.72139281e-02
  1.48811843e-02  4.98694666e-02 -1.11997286e-02 -6.25190092e-03
 -6.08398616e-02 -2.34593991e-02  3.95440590e-03 -6.67472631e-02
  6.02321513e-02 -7.98693597e-02  4.52458719e-03  7.68939704e-02
  9.77444574e-02  2.14575510e-02  6.26624981e-03  4.02905531e-02
 -9.73885730e-02 -8.96159187e-02  8.59688595e-02 -6.03258535e-02
  1.12233972e-02  6.89410046e-02  2.57669110e-03 -4.57761157e-03
 -5.16144186e-03  1.27017079e-02  8.97313356e-02 -6.94818348e-02
  8.49881321e-02  5.13652377e-02 -8.93993527e-02  8.56079683e-02
 -6.18299805e-02  5.95319550e-03  7.70944357e-02  3.88495028e-02
 -4.58570942e-03  6.67711571e-02 -6.89099282e-02 -1.88654829e-02
  2.41766144e-02 -1.75491273e-02 -1.43818378e-01  1.92797612e-02
  2.97444523e-03 -1.04130832e-02  1.54132023e-02  2.31622264e-01
  4.16844524e-02  5.49642891e-02  8.35322309e-04 -1.95146110e-02
 -6.10012598e-02 -4.23492491e-02 -2.54826620e-02  6.05590902e-02
  7.23795444e-02  2.82632262e-02 -7.80537575e-02  6.42246306e-02
 -1.05179340e-01 -8.10427070e-02 -5.52438013e-02 -3.73083837e-02
 -9.78849828e-03  5.05994856e-02  7.30805770e-02  8.06214812e-05
  2.30431790e-03  8.13289657e-02 -2.63987146e-02 -6.71962835e-03
 -9.70063508e-02 -5.30845188e-02 -6.03246540e-02 -4.75926071e-33
 -3.43619436e-02 -1.38949864e-02  1.68002173e-02  8.62498432e-02
 -1.62985083e-03  3.07569746e-02  1.72042809e-02  6.57368600e-02
 -6.11876473e-02  1.49497939e-02 -5.03508076e-02  2.47103404e-02
  3.99401039e-02 -2.65924372e-02  9.17256251e-02 -4.18130727e-03
 -3.89100090e-02 -2.07202639e-02  9.31974687e-03 -4.11473587e-02
 -5.76046817e-02  5.69208376e-02 -3.34883071e-02  4.96470928e-02
  1.21887377e-03 -9.06998068e-02 -8.57183430e-03 -1.18739558e-02
 -2.28098501e-03  2.76459418e-02  9.99309123e-02  4.71731499e-02
  6.78277807e-03 -2.43883878e-02  5.07692732e-02 -2.58280453e-03
 -1.38274375e-02 -8.89322683e-02  1.65992193e-02  1.37737608e-02
 -5.51798642e-02  2.07585399e-03 -2.18987893e-02  1.69582013e-02
  4.36793864e-02  2.31218264e-02 -2.11397856e-02  3.88491936e-02
  1.58134736e-02  3.46939638e-02 -3.75782996e-02  8.61794408e-03
  9.73716285e-03 -1.98587421e-02  1.03840463e-01 -1.12218298e-02
 -1.58319715e-02 -3.40496823e-02 -2.23549604e-02  1.41302636e-02
  7.82379042e-03  1.63971037e-01 -5.62582724e-02  1.37052452e-02
 -3.96010689e-02  8.61379057e-02  5.11492379e-02  2.71478035e-02
  9.23979729e-02 -4.39778008e-02  3.83331962e-02 -5.51333316e-02
  4.73433770e-02  1.81950536e-02 -7.25001320e-02  4.58518863e-02
 -6.30538613e-02  4.01662141e-02 -2.59069521e-02  5.80063909e-02
 -1.76963490e-02  2.65840925e-02  7.02105239e-02  4.67136428e-02
  4.15773243e-02  3.37500982e-02  3.27002294e-02 -4.03999165e-02
  1.66696943e-02  1.26495793e-01 -1.39471903e-01 -8.82811006e-03
  1.87539626e-02  1.09546766e-01 -2.39293203e-02  3.03157440e-33
  7.99249765e-03 -4.69779223e-02  4.32779640e-03 -3.32047604e-02
 -8.52148514e-03  1.01563251e-02  3.11172977e-02 -6.93604425e-02
 -2.77697723e-02  9.49736238e-02 -6.24722876e-02 -1.97262634e-02
  1.18220020e-02  7.62008205e-02 -4.66224775e-02 -1.42036648e-02
  4.84999232e-02 -5.63986897e-02 -7.74243996e-02  1.15496963e-02
 -5.74884340e-02  1.75121780e-02  6.60116086e-03  8.23938251e-02
 -3.23414095e-02  5.56898713e-02 -3.54771838e-02 -1.10896416e-02
  2.96342690e-02  4.92870063e-03 -6.07780032e-02  6.13189477e-04
 -6.08477965e-02  5.40934280e-02  9.01343487e-03  5.21269441e-02
 -3.72042023e-02  1.21666500e-02  5.54722687e-03 -8.54507759e-02
  1.88773666e-02  7.66302971e-03 -3.70584428e-02  7.06451833e-02
 -3.46209630e-02 -7.81252384e-02 -2.55975127e-02 -5.59634045e-02
  2.25097574e-02  8.19602516e-03 -1.43660307e-01 -1.06281210e-02
 -1.98331494e-02 -2.51710471e-02 -1.04046511e-02  3.75229791e-02
 -2.83592269e-02 -3.31266597e-02 -2.03869902e-02  8.76461621e-04
 -2.94546061e-03  6.52451534e-03  4.32898514e-02  1.35216996e-01
 -5.05073555e-02  8.21156949e-02  2.05232296e-03 -4.84127924e-03
 -3.25504616e-02 -2.78466102e-02  7.40674958e-02  2.34073233e-02
 -9.91958976e-02 -1.26929814e-03 -6.47956207e-02  1.91413928e-02
 -4.65874560e-02 -1.80864129e-02 -5.00132963e-02 -3.18851657e-02
  7.12678805e-02 -4.25349474e-02 -2.31934562e-02  6.84241056e-02
 -8.67563784e-02 -2.45761182e-02  3.48460972e-02 -3.89659181e-02
 -2.88406760e-02 -2.84392964e-02 -2.77790669e-02 -4.36972976e-02
 -3.13530043e-02  6.44275844e-02  3.52072716e-02 -1.32608058e-08
 -6.48980141e-02 -1.84079667e-03  7.81557150e-03 -5.04966676e-02
  8.47453251e-02 -6.17784746e-02  2.30089598e-03 -2.81114951e-02
  4.68809642e-02  2.08206214e-02 -3.33189964e-02 -1.63991656e-02
 -2.53107958e-02  8.62218142e-02  1.66680440e-02 -3.28962393e-02
 -3.88004333e-02  2.49969885e-02 -1.13473563e-02 -2.34467606e-03
  2.86108125e-02  3.97447646e-02  6.35074601e-02  2.40002722e-02
  1.83731001e-02 -3.37460190e-02  5.59514537e-02  3.28439623e-02
  4.70445007e-02  6.07026890e-02 -1.99091453e-02  1.01896279e-01
 -4.12353948e-02 -2.00346299e-02 -3.71257327e-02 -6.18138015e-02
  4.28842157e-02  1.08730104e-02 -5.37170214e-04 -2.87461895e-02
 -3.63681093e-02  2.36362498e-02  9.31318197e-03 -4.73246968e-04
 -1.09373452e-02 -6.62066787e-02 -5.11141084e-02  4.85646799e-02
  5.15918480e-03 -7.87850618e-02  2.29243413e-02  2.54780501e-02
 -2.30995845e-03  4.79082167e-02 -1.47653148e-02 -8.25522393e-02
  1.80155914e-02 -2.07830761e-02 -1.05612949e-01  2.66898107e-02
  4.75812294e-02 -6.16994165e-02  8.25474262e-02  2.81125288e-02]"
500,Business Ethics,Governance,integrity,1,0.447,"[-5.77070899e-02  1.06726855e-01 -5.77834100e-02 -5.18107899e-02
 -5.13875065e-03 -2.89781354e-02  7.79186264e-02 -4.11809608e-02
  1.57267216e-03 -1.51972519e-03  3.62680256e-02  2.16185041e-02
  7.01725632e-02 -1.23803485e-02 -7.76784793e-02 -2.12995000e-02
  1.63397770e-02  6.27687648e-02 -7.53645822e-02  4.53526191e-02
 -1.03693105e-01 -2.78985202e-02  9.16365441e-03  1.95804294e-02
 -8.44116881e-02  1.13754505e-02 -1.48768313e-02  3.46748880e-03
  3.14296447e-02 -1.47365704e-01 -1.44030927e-02 -7.19466200e-03
  6.61534071e-02  4.72698212e-02 -4.53029126e-02  7.08983615e-02
  7.27162585e-02 -3.25573646e-02  8.79632030e-03 -7.46112838e-02
 -5.00025302e-02 -6.65660352e-02 -6.78546578e-02  2.64520254e-02
 -5.44695146e-02 -1.32470336e-02  6.47067875e-02 -1.40350463e-03
 -1.61571819e-02 -6.42152578e-02 -7.00969622e-02 -4.91321692e-03
 -6.72720447e-02  3.96679379e-02  2.54689585e-02 -3.32539417e-02
  1.77860707e-02  3.70652676e-02 -4.17869538e-02  3.57092102e-03
  8.59163478e-02  8.69525596e-02 -5.97968735e-02  5.15709259e-02
  9.23598707e-02  5.13550490e-02  6.31359871e-03  4.00734767e-02
 -4.66398373e-02  3.89834680e-02  1.66556332e-02 -9.04375464e-02
 -3.45977470e-02  5.05494792e-03 -2.87807565e-02  9.19525232e-03
 -5.24013601e-02 -6.60052225e-02  5.05257994e-02  9.57291108e-03
 -6.83017075e-02 -2.71465024e-03  5.10150008e-03  7.74636269e-02
  4.42360118e-02 -5.18633313e-02  6.05530385e-03 -8.85615721e-02
  4.08177115e-02 -7.96571374e-03  2.30759922e-02  2.19237041e-02
  1.17040507e-01 -3.15127261e-02 -7.41429068e-03  2.83011876e-04
 -4.98095006e-02 -5.20048440e-02 -1.87609792e-02  2.05477253e-01
 -3.79345827e-02  5.24546914e-02 -1.09385155e-01 -1.51248630e-02
  6.02327026e-02  4.81666951e-03  4.21159202e-03 -1.02648959e-02
 -1.21777859e-02  1.77701712e-02 -3.22349034e-02  4.29133251e-02
 -5.79999499e-02  1.51288956e-02  1.51691645e-01  6.81297034e-02
 -4.06916626e-02  6.85186833e-02  4.91593964e-03 -9.77123827e-02
  4.98659983e-02 -5.66992117e-03  5.25675528e-02  4.34233584e-02
 -5.75329885e-02 -1.47598058e-01  7.93236867e-03 -5.05161975e-33
 -1.97922271e-02  7.52009451e-02  4.51454930e-02  4.59010080e-02
 -7.14128464e-02  1.48000345e-02 -2.45016478e-02 -2.37811189e-02
 -8.45491141e-03  6.97966293e-02 -4.20386083e-02  3.22306491e-02
 -1.22215925e-02 -1.09407129e-02  8.38553682e-02  1.01236761e-01
 -1.02539875e-01  2.98134498e-02  5.59146516e-02  4.75380048e-02
  4.33645509e-02 -6.44495413e-02  5.76666519e-02 -2.34562010e-02
  1.42120915e-02 -1.90617088e-02  2.35450175e-02  3.30938995e-02
  5.05159097e-03  2.61296704e-02 -2.10028775e-02  6.73769554e-03
  8.50415602e-02  4.83122617e-02 -2.68483162e-02  5.97742647e-02
 -4.74921614e-02 -4.71186489e-02  2.63225641e-02 -5.23278825e-02
  3.84178758e-02 -1.89986348e-03  3.11023388e-02 -1.72067173e-02
  6.63345158e-02  6.49258718e-02  1.05067110e-02 -2.75033005e-02
 -1.22671127e-02  4.41639945e-02  7.17050303e-03  3.89697701e-02
  4.81966063e-02  9.44139261e-04 -1.07491009e-01  1.60807017e-02
  3.95069234e-02  1.63215064e-02 -3.58983353e-02  8.17143638e-03
  6.47415072e-02 -1.51972910e-02 -8.43511373e-02 -5.65437181e-03
 -9.65929125e-03  3.55575420e-02 -6.42776638e-02 -1.50837339e-02
  7.32218996e-02 -3.64301652e-02 -9.30003077e-02 -3.86173055e-02
 -2.73933318e-02  5.61288185e-02 -1.00733422e-01 -1.77978575e-02
 -6.64269179e-02 -2.25196611e-02  3.86252552e-02 -3.56240151e-03
 -7.21933693e-02  1.11350892e-02 -1.93919986e-02  4.58400557e-03
 -2.82641724e-02 -3.59510034e-02  4.45296392e-02 -2.87872553e-02
  2.72311699e-02  1.04922332e-01 -1.45519804e-02 -1.06788883e-02
  1.03743397e-01  1.93081293e-02 -4.09806930e-02  3.20646684e-33
  2.63619237e-03 -6.84634000e-02 -4.58072796e-02  1.38829410e-01
 -3.82575542e-02 -2.97386460e-02 -4.09369878e-02 -2.33221129e-02
  8.46858509e-03 -2.28382759e-02 -2.90215556e-02 -5.99179566e-02
  1.05285890e-01  3.13537270e-02  2.22214460e-02 -6.03940934e-02
  4.41517821e-03 -6.24585897e-02 -2.83799898e-02  5.91996908e-02
  9.64065120e-02  8.22992902e-03  1.35144703e-02  8.39118101e-03
 -1.60397086e-02  6.45085797e-02 -4.12961207e-02 -6.27052709e-02
  1.26479967e-02  4.72417548e-02  2.98542697e-02  1.11780260e-02
  3.93291563e-03 -2.44858884e-03  1.48530910e-03 -5.20794317e-02
  7.19560161e-02  7.84983039e-02 -3.88878100e-02 -3.68206576e-02
  4.82741669e-02  1.08535169e-02 -6.83833882e-02  1.60494074e-02
 -2.08603106e-02 -5.66509962e-02 -3.21653523e-02  5.06958291e-02
 -6.55657751e-03 -1.67491511e-02  1.41367530e-02 -5.96552715e-03
  3.08529902e-02 -4.39712487e-04  2.81519499e-02  9.44852903e-02
  1.14630004e-02  6.87450841e-02  6.57128990e-02  9.15037692e-02
 -5.03249168e-02  6.96107522e-02 -7.81019330e-02  2.73454599e-02
  3.61767784e-02  3.58661786e-02 -2.63317302e-02  1.35753062e-02
 -4.52847145e-02  1.89932482e-03  8.34474061e-03 -7.04296306e-02
 -5.52940406e-02  1.79605819e-02 -4.64803018e-02 -8.44148640e-03
 -8.68997946e-02 -7.71809965e-02 -3.95654440e-02 -1.77432247e-03
 -4.37131636e-02 -7.80306831e-02  1.01396851e-02  6.78716898e-02
 -5.01080118e-02 -4.37134206e-02  3.76979485e-02 -3.97824980e-02
 -6.52539032e-03 -2.73844562e-02 -1.40373241e-02 -1.28786694e-02
 -8.75966400e-02 -5.77815101e-02 -5.82591183e-02 -1.17863026e-08
 -2.91197281e-02  1.18883103e-02 -7.69422564e-04  3.22042331e-02
  4.39319387e-02 -6.28307387e-02 -3.77534814e-02 -7.81753957e-02
  2.91212066e-03  1.59335472e-02  5.52410521e-02  2.79963342e-03
 -5.05694598e-02  1.14429351e-02  4.09265310e-02 -5.78807667e-03
 -6.98092133e-02  5.32441288e-02 -8.43096524e-02  1.53420474e-02
  4.24378999e-02 -1.71934313e-03 -4.26785536e-02 -1.63307216e-03
  4.49308269e-02 -1.43158976e-02 -5.03735663e-03  7.88804963e-02
  2.80933250e-02  9.77311656e-02  8.11461881e-02 -3.66428262e-03
  9.13577974e-02  1.20107038e-02 -5.70232654e-03  5.49552999e-02
 -2.10390966e-02  1.19519681e-02  3.59926224e-02 -2.56297067e-02
 -1.10371895e-02  7.05752149e-02  1.04066329e-02 -3.62915103e-04
  4.89396229e-02 -1.52837457e-02 -5.08379191e-02  5.62199391e-02
 -4.40237112e-02  1.77404825e-02 -2.01937165e-02 -2.59089991e-02
 -2.28363983e-02  3.14339772e-02  1.02499994e-02 -2.57244110e-02
  4.92205247e-02  2.21632980e-02  3.91974580e-03 -2.76924693e-03
  1.36195704e-01 -5.84533997e-03  1.12044714e-01 -1.03496574e-01]"
501,Business Ethics,Governance,corporations,1,0.4319,"[-6.89752446e-03 -5.07804938e-02 -1.35544706e-02  2.19107103e-02
 -2.21600570e-02  1.96722010e-03  1.00632429e-01 -3.44851166e-02
  4.64639999e-02 -3.45944031e-03  3.14165093e-02  1.26700643e-02
 -5.17097786e-02 -1.63583290e-02 -4.02548313e-02 -1.43468808e-02
 -1.22916996e-02  5.26609011e-02 -3.19946446e-02 -4.96534705e-02
 -8.50959569e-02 -7.38069937e-02 -6.89963102e-02  7.33368099e-02
  2.00270545e-02  8.51892158e-02 -4.72087115e-02 -2.03710161e-02
 -2.55808774e-02 -8.83405209e-02 -8.54512900e-02  4.88444185e-03
  1.09665081e-01 -6.89423271e-03  1.04246056e-02  7.69331232e-02
 -1.68180466e-02  1.80881973e-02  6.54251734e-03 -5.31706177e-02
 -1.08167960e-03 -1.52737722e-02  7.33525399e-03 -2.58606542e-02
  5.43616991e-03 -3.52122704e-03  1.01535432e-02  3.91828977e-02
  5.85692283e-03  4.86070067e-02  2.03019623e-02 -4.49550264e-02
 -1.70917679e-02  1.94730032e-02 -3.35857458e-02 -6.85025901e-02
 -6.26024678e-02 -1.33582596e-02  9.70919058e-03 -2.63156965e-02
  6.65854290e-02 -7.24732205e-02 -3.05150938e-03  3.59606296e-02
  9.74282548e-02  5.38326539e-02  5.52765699e-03  7.40331933e-02
 -1.05682120e-01 -4.62159403e-02  8.09884742e-02 -5.40872402e-02
  6.30997471e-04  7.20437467e-02  2.96137817e-02 -2.68501900e-02
  3.61354352e-04  5.93046099e-02  8.56638253e-02 -8.93079564e-02
  6.07422404e-02  6.22253567e-02 -6.66791871e-02  8.15926790e-02
 -1.38075547e-02  3.26562449e-02  6.84801415e-02  2.55253464e-02
  1.71229765e-02  3.44019495e-02 -8.28551874e-02 -2.83792652e-02
  1.94800086e-02 -2.21444070e-02 -9.73889679e-02  8.39916337e-03
  2.12284587e-02 -9.15578380e-03  1.14534553e-02  2.02571541e-01
  1.80323655e-03  1.57620963e-02  4.45845490e-03 -8.44241213e-03
 -5.29158227e-02 -5.09760268e-02 -7.50020593e-02  2.46545859e-02
  7.76851028e-02  7.79328123e-02 -8.22674409e-02  5.79190552e-02
 -8.23148936e-02 -6.36248440e-02 -5.98878041e-02 -4.93854545e-02
  1.57137983e-03  5.10098971e-02  4.84624505e-02  2.21587776e-04
 -3.23658846e-02  7.36029521e-02 -3.72456573e-02  1.33355893e-02
 -5.76671138e-02 -3.20596173e-02 -1.09162979e-01 -3.89082165e-33
 -4.38779108e-02 -5.72954677e-03  2.06376892e-02  1.05781019e-01
 -2.76074540e-02  9.69206262e-03  3.42043750e-02  4.78372015e-02
 -4.10914011e-02  1.94855984e-02 -8.72518495e-02  6.15599751e-02
  4.36979532e-02  7.93336984e-03  1.15356579e-01 -4.96675959e-03
 -2.20664386e-02  2.00536964e-03  3.06674279e-02 -4.43191342e-02
 -5.13394140e-02  8.82363021e-02 -2.74871103e-02  6.19365089e-02
 -4.07258561e-03 -9.02756155e-02 -2.44288682e-03  9.73321870e-03
  3.03118434e-02  3.63134705e-02  1.04021147e-01  5.60144894e-02
  1.31416162e-02 -2.20911596e-02  4.33114022e-02  4.33031060e-02
 -3.54524446e-03 -6.21575527e-02  3.00137233e-03 -3.51236947e-03
 -6.51749149e-02  2.82455776e-02 -2.96936724e-02  1.21171484e-02
  2.67094802e-02 -7.85147492e-03  2.36031972e-03  2.79533124e-04
  4.98200394e-03  1.90090910e-02 -5.24971560e-02  3.71764675e-02
 -1.42064262e-02 -4.02134359e-02  8.39067400e-02 -4.91758287e-02
 -2.01635752e-02 -5.08333966e-02 -6.17540739e-02  3.24345753e-03
 -3.21903490e-02  9.99826789e-02 -5.38004041e-02  2.44821887e-02
 -3.97311077e-02  8.74610618e-02  2.96641383e-02 -1.79209802e-02
  6.50493279e-02 -2.65978891e-02  5.20870537e-02 -4.06201407e-02
  2.50668619e-02  4.71333927e-03 -9.72447321e-02  5.78823425e-02
 -3.71911637e-02  4.19300534e-02 -5.40315583e-02  2.58900989e-02
  1.70537792e-02  2.20648432e-03  8.52403864e-02  5.08738309e-02
  4.89970706e-02  2.48178411e-02  4.52024229e-02 -2.12709960e-02
  3.66643034e-02  7.01951981e-02 -1.48736954e-01 -1.41756227e-02
  2.23225690e-02  7.80295432e-02 -3.41052748e-02  2.78965968e-33
 -6.32523885e-03 -6.58885166e-02  2.02293834e-03 -1.90500412e-02
  2.83921752e-02 -1.49259123e-03  1.94583263e-03 -1.04830898e-01
  1.48908393e-02  6.32692352e-02 -7.58244917e-02 -5.53383343e-02
  3.00133415e-02  7.64173940e-02 -5.33156656e-02 -6.08005784e-02
  7.66175017e-02 -4.08870839e-02 -2.12072954e-02 -3.00687477e-02
 -3.32624018e-02 -7.98651297e-03  3.20145711e-02  5.83438724e-02
 -2.98087150e-02  5.82729280e-02 -5.04445992e-02 -6.54164478e-02
  3.26430090e-02 -3.29148653e-03 -3.86621021e-02  3.47739179e-03
 -7.63054937e-02  6.50480092e-02 -1.13151921e-02  4.54624519e-02
 -8.34260136e-02  5.46018742e-02  1.02318050e-02 -1.26569718e-01
  1.86663978e-02 -8.63528717e-03 -8.65223072e-03  5.81805408e-02
 -6.36517853e-02 -6.74323961e-02 -2.48877914e-03 -7.87887536e-03
  2.32431926e-02 -1.14480788e-02 -1.24271818e-01 -5.55910869e-03
 -6.04223926e-03 -8.19783565e-03 -5.19607700e-02  4.91438359e-02
  1.17743714e-02 -2.26817727e-02  2.44356412e-02  3.64204459e-02
  9.59398504e-03  1.34378579e-02  3.56411152e-02  1.43607795e-01
 -6.24607541e-02  4.78880964e-02  1.12794265e-02  2.14820337e-02
 -2.15492840e-03 -4.34885100e-02  8.36509988e-02  4.25070664e-03
 -1.07588239e-01  3.01079242e-03 -8.46190974e-02  3.64516526e-02
 -7.96077400e-02  5.25264852e-02 -4.40658368e-02 -2.50505842e-02
  1.35739401e-01 -7.01743513e-02  1.17666610e-02  6.55639917e-02
 -5.49090169e-02 -2.61280518e-02  7.73019344e-02 -5.20413481e-02
 -3.13188322e-03  1.92403533e-02 -4.04958166e-02 -4.49487902e-02
 -2.39766128e-02  8.05513710e-02  3.68610099e-02 -1.25989148e-08
 -4.10936438e-02 -1.33849150e-02 -1.28541049e-02 -2.16758065e-02
  6.39628172e-02 -5.61267920e-02  2.97496188e-03  5.40188402e-02
  2.02042479e-02  6.75499812e-02 -6.29077142e-04  7.39790080e-03
 -3.35101336e-02  6.49769008e-02  1.99788623e-02 -7.81322550e-03
 -4.02452499e-02  1.54011864e-02 -1.75951887e-02  7.46263983e-03
  2.83149490e-03  5.43224029e-02  3.90162989e-02  1.72946230e-03
  1.28332265e-02 -6.73172483e-03  6.78301230e-02  1.47007918e-02
 -1.75863609e-03  6.95908740e-02 -1.48954634e-02  4.43677083e-02
 -2.41908431e-02  1.24439597e-02 -2.00195052e-02 -4.16455418e-02
 -3.61984945e-03  9.29385144e-03  3.08955535e-02 -6.20002672e-02
 -3.83214727e-02  8.63534808e-02  4.98002907e-03 -1.63307060e-02
  7.05196708e-03 -9.99104977e-02 -6.42259717e-02  3.68485302e-02
  1.57656390e-02 -4.52639163e-02  8.88995640e-03  6.33896813e-02
  7.15350593e-03  1.32917119e-02 -4.58605262e-03 -1.15373395e-01
  5.82186431e-02  2.23824498e-03 -8.08819011e-02  2.33686510e-02
  3.31971608e-02 -7.69490376e-02  1.45305112e-01  4.13502976e-02]"
502,Business Ethics,Governance,firms,2,0.413,"[ 4.55427170e-02 -5.14474399e-02 -3.40151824e-02 -9.43096727e-03
 -4.15626019e-02  4.47876528e-02  6.03061393e-02  4.33390774e-03
  2.01840922e-02 -3.88038382e-02  3.06166727e-02  1.82030071e-02
 -6.06387705e-02  2.86878776e-02 -3.18709924e-03 -9.61131509e-03
 -4.67724390e-02  1.33355828e-02 -3.20002772e-02 -6.41568303e-02
 -6.87891096e-02 -1.06863007e-01 -6.15978017e-02  1.35635929e-02
  2.71833725e-02  2.21176259e-02 -2.53875721e-02  2.58393567e-02
 -1.66780315e-02 -1.16502255e-01 -5.99313453e-02  4.60610241e-02
  6.41061366e-02 -3.74410010e-04  1.86312466e-03  5.29763103e-02
 -4.40685265e-02  2.03403598e-03  2.75597237e-02  2.33062468e-02
 -2.26125252e-02 -3.46142054e-02 -3.47672552e-02 -1.82661712e-02
  1.09179160e-02 -2.89459266e-02  4.33661155e-02  6.30058572e-02
  8.77029542e-03  2.16288734e-02 -3.04527786e-02 -4.76652086e-02
 -7.58213922e-03  2.71017682e-02 -3.68350223e-02 -2.00231895e-02
 -3.48318666e-02 -8.15289561e-03 -1.08946743e-03 -5.75427413e-02
  5.88012077e-02 -3.90327945e-02 -2.43389811e-02  2.62936559e-02
  5.58584519e-02  1.90035179e-02 -5.00808470e-02  9.58415493e-02
 -1.36714175e-01 -3.70485969e-02  6.86904714e-02 -1.03487350e-01
 -4.48155478e-02  1.99236628e-02 -2.46917624e-02  4.02205018e-03
 -2.68966192e-03  6.00860380e-02  7.57404417e-02 -8.12004879e-02
  1.07327141e-02 -1.72388330e-02 -5.17235659e-02  2.62726452e-02
 -7.46765360e-02 -1.06444191e-02  4.69109677e-02  2.99845380e-03
  3.30180041e-02  5.08459844e-02 -5.93606010e-02 -2.09096577e-02
  8.31821095e-03  1.34381037e-02 -3.34463492e-02  6.32172748e-02
  4.70498856e-03 -1.95212439e-02  1.68671403e-02  2.29769811e-01
  1.99089348e-02  1.97528955e-02 -5.09265810e-02  5.47364689e-02
 -8.49010646e-02 -5.53447418e-02 -4.99398597e-02  4.01396826e-02
  8.20454210e-02  4.82567437e-02 -3.82714383e-02  7.69628361e-02
 -8.75141844e-02 -1.01342071e-02 -4.74271365e-02 -6.31937683e-02
 -4.16434519e-02  8.04717094e-02  7.48356208e-02 -3.44967209e-02
 -1.20806862e-02  1.11907534e-01 -7.69639537e-02 -4.72197868e-03
 -5.34469560e-02  7.93040358e-03 -8.92541930e-02 -5.22009050e-33
 -1.73799333e-03  1.16855754e-02  2.92795128e-03  7.31880739e-02
 -3.73716839e-02  2.27270331e-02 -9.09868535e-03  6.17220253e-02
 -6.00792319e-02  6.06682524e-02 -8.92991722e-02  3.00498866e-03
  4.16124538e-02 -4.36063111e-02  1.18855163e-01 -1.88476071e-02
  3.16899866e-02  2.40130667e-02  2.26543918e-02 -8.03738162e-02
 -9.40726995e-02  7.32695833e-02 -1.79301389e-02  6.77540526e-02
 -2.03620102e-02 -1.12969160e-01 -1.09761199e-02  1.19692795e-02
  2.58247908e-02  3.70976776e-02  8.55262727e-02  5.09210601e-02
  1.08178454e-02 -4.81521990e-03 -3.14412564e-02  4.46261056e-02
 -4.36119512e-02 -7.54537508e-02  2.78401189e-02  4.31316383e-02
 -4.42918204e-02  6.91412017e-04 -3.96299250e-02  2.08835155e-02
 -1.80608425e-02  5.00367656e-02 -2.91731339e-02  1.62233738e-03
  3.94768789e-02  1.05265360e-02 -4.63402942e-02  1.26570817e-02
 -1.84943285e-02 -5.69864064e-02  1.27205908e-01 -1.52173173e-02
 -3.08101419e-02 -3.47527005e-02  8.07651319e-03 -9.51236393e-03
 -1.35060465e-02  1.27658099e-01 -3.07066254e-02 -1.91218071e-02
 -6.59699664e-02  8.11195895e-02  6.91454560e-02  2.14748010e-02
  2.32779682e-02 -1.04592126e-02 -3.99722941e-02 -2.56377775e-02
  9.45202634e-02  1.17620630e-02 -4.17207591e-02  2.14338768e-02
 -5.39247170e-02  7.21156001e-02  5.38352458e-03  3.36622708e-02
  1.59518924e-02  2.50353329e-02 -1.34082732e-03  5.00747599e-02
  2.89316829e-02 -3.78625980e-03  7.45018125e-02 -7.03310519e-02
  2.92709973e-02  7.35925287e-02 -1.78506792e-01 -8.74868408e-03
 -7.67484482e-04  9.81435627e-02 -9.95948631e-03  3.39563914e-33
 -2.83696572e-03 -4.52760160e-02 -2.67290659e-02  2.41584890e-02
 -1.05569779e-03  1.16199162e-02  3.28144878e-02 -2.79623568e-02
  2.36465894e-02  6.48631155e-02 -9.22463611e-02 -3.86533961e-02
  4.59448658e-02  1.43250041e-02 -3.94890495e-02 -4.08756994e-02
  8.43398720e-02 -4.14283238e-02 -3.06444205e-02  6.94255903e-03
  5.48886042e-03 -5.45188896e-02  4.74500693e-02  5.23827560e-02
 -3.94843072e-02  6.04419969e-02 -3.90260071e-02 -4.50921990e-02
 -4.33083847e-02 -9.83737223e-03  9.31381248e-03 -1.70075707e-02
 -9.39343199e-02  1.01131693e-01 -5.49597219e-02  7.08925501e-02
 -2.24239696e-02  2.18746644e-02  2.09636497e-03 -6.80170357e-02
  3.40028107e-02 -5.24624959e-02  4.47245166e-02  1.14533700e-01
  8.68039206e-04 -5.69254160e-02  3.89965661e-02 -4.19518799e-02
  6.99397102e-02 -1.82337947e-02 -6.35879040e-02  7.57662132e-02
 -4.06671911e-02 -8.86590686e-03 -6.91974908e-02  3.73449288e-02
  1.58025175e-02 -3.00007015e-02 -3.29663157e-02  2.28386801e-02
  1.30321342e-03  6.76624700e-02  4.12401855e-02  1.12349711e-01
 -4.60155495e-02  5.89729063e-02  2.12330488e-03 -5.00058383e-03
  3.49787809e-02 -4.81280014e-02  8.80051926e-02 -2.36633047e-02
 -5.57372086e-02  3.70071307e-02 -3.63425873e-02  2.86801606e-02
 -6.54677376e-02 -5.49690165e-02 -4.52899896e-02  1.88354272e-02
  9.59330946e-02 -2.21462492e-02  9.49342642e-03  9.64148119e-02
 -6.91738576e-02  1.68696493e-02  6.42221943e-02 -5.43826744e-02
  1.38296392e-02 -5.67176845e-03 -1.56909153e-02 -2.57443488e-02
 -1.10849421e-02  3.78224142e-02  5.32321073e-02 -1.31556810e-08
 -3.96272168e-02 -2.67867278e-02  8.16089436e-02 -4.95273946e-03
  4.71192552e-03 -1.12963453e-01  8.10904894e-03  3.29167694e-02
  9.43497289e-03  4.45135236e-02 -5.39761037e-02 -3.07178944e-02
 -3.04075815e-02  8.47727060e-02 -4.03629895e-03  9.92445202e-05
 -6.12455979e-02  2.92764045e-02 -1.70905888e-02 -1.85605753e-02
  1.25050936e-02  7.80003443e-02  5.04293777e-02  1.26133496e-02
  2.08903756e-02 -3.16495337e-02  3.31244096e-02 -2.85800304e-02
  2.72897743e-02  8.39126185e-02  2.32564621e-02  6.11258745e-02
  4.51042354e-02 -5.57739399e-02 -3.56391110e-02 -4.95199412e-02
  6.22495152e-02 -2.18533422e-03 -2.66088918e-02 -7.98161924e-02
 -6.77721500e-02 -1.11135263e-02 -9.64735728e-03 -4.01376048e-03
  2.19813995e-02 -7.41492063e-02 -6.22253753e-02  4.35870364e-02
  3.98195162e-02 -6.36451542e-02  3.45861875e-02  2.96285246e-02
  3.18762958e-02  3.62924226e-02 -3.23327333e-02 -7.45469034e-02
  3.14335823e-02 -2.78825462e-02 -8.19126442e-02  6.34314911e-03
  3.69614139e-02 -9.48778167e-02  1.21575281e-01  4.23201993e-02]"
503,Business Ethics,Governance,company,13,0.4068,"[-6.74085766e-02  3.50529351e-03 -1.98562499e-02  2.58763358e-02
 -3.78055833e-02 -3.63134556e-02  1.26411751e-01 -2.46507879e-02
  2.79129799e-02 -6.21720143e-02  1.04135824e-02 -3.35304663e-02
 -1.60170551e-02 -2.35092230e-02 -5.19047119e-02 -4.93262075e-02
  7.77669111e-03  3.92466336e-02 -3.64370234e-02 -1.14635743e-01
 -1.06017798e-01 -6.79368302e-02 -9.45006404e-03  3.00844684e-02
  1.68870091e-02  7.99985453e-02 -1.77675262e-02  6.45647272e-02
 -7.86725432e-03 -1.34308904e-01 -3.74074280e-02  1.69461058e-03
  9.96356234e-02 -2.89474949e-02  8.41256697e-03  3.12410761e-02
 -3.77012827e-02 -3.31814848e-02  2.73936614e-02  1.42352860e-02
 -4.76003997e-02 -1.37665356e-02 -2.99208220e-02 -2.10799146e-02
  1.64007060e-02  1.71355195e-02  6.05065525e-02  3.06294188e-02
  3.61162312e-02  7.27321357e-02 -9.30364616e-03 -4.94584963e-02
  2.14676820e-02  2.09818278e-02 -1.51013359e-02  3.52096334e-02
 -7.85521716e-02 -2.93735228e-02 -1.33905523e-02 -8.85545909e-02
  9.32920352e-02 -5.67339808e-02 -5.94404107e-03  7.02704117e-02
  8.66493434e-02  2.80770138e-02  1.17319566e-03  6.96104392e-02
 -9.39785913e-02 -7.95573220e-02  7.33053461e-02 -3.64300497e-02
 -4.55855858e-03  8.25699419e-02 -1.50019508e-02  2.61347052e-02
  2.04247031e-02  3.55278072e-03  9.47254375e-02 -1.39349783e-02
  2.09484082e-02  2.35508084e-02 -3.93073335e-02  7.25218952e-02
 -6.70695230e-02  3.99599521e-04  7.78441131e-02  5.68152331e-02
  3.12359054e-02  3.49581577e-02 -3.72442752e-02 -1.94446370e-03
  4.28674370e-03  4.97219432e-03 -1.34196833e-01  1.15351635e-03
  1.58612393e-02 -1.23774996e-02 -1.47811268e-02  2.33095214e-01
  1.85610093e-02  1.87462028e-02 -3.22767086e-02 -3.19791660e-02
 -1.84974689e-02 -1.95097160e-02 -4.63492014e-02  9.05084014e-02
  3.36069316e-02  5.12731262e-02 -7.81217143e-02  7.30502903e-02
 -1.14303403e-01  8.82719550e-03 -2.45217755e-02 -3.76341231e-02
 -4.10661548e-02  5.55069111e-02  3.05425636e-02 -2.63750590e-02
  2.80020274e-02  9.34050158e-02 -1.49549227e-02  1.42009500e-02
 -7.18987808e-02 -5.21834120e-02 -2.45420057e-02 -5.11275648e-33
  2.58312747e-03  1.15578137e-02  2.62161456e-02  8.48540291e-02
  4.72988468e-03  3.64974327e-02  8.43493640e-03  8.83227512e-02
 -6.50666654e-02  5.37397861e-02 -8.38230550e-02 -2.27228682e-02
  5.27864061e-02 -4.48531359e-02  8.46634209e-02  3.11162835e-03
  2.44811065e-02 -2.00758725e-02 -1.39616663e-02 -5.28323948e-02
 -6.82140887e-02  7.25369677e-02 -6.71529248e-02  1.06637202e-01
 -8.90445709e-03 -7.25279450e-02 -1.09455893e-02 -2.32026838e-02
  3.75065431e-02  3.21654677e-02  1.03795551e-01  3.30567779e-03
  8.46579019e-03 -3.50836255e-02 -1.42997988e-02 -3.16563644e-03
 -3.74918841e-02 -1.09995499e-01  6.64741034e-03  1.82659086e-02
 -7.22237397e-03  7.01464852e-03 -2.31262594e-02  1.87964272e-02
 -1.21419067e-02  1.54175544e-02  9.81811341e-03  1.63063910e-02
  5.91737702e-02  4.53848094e-02 -6.48383945e-02 -6.99584791e-03
 -2.98201982e-02  7.14431424e-03  8.51183385e-02 -7.16995960e-03
 -1.98504739e-02 -2.06813980e-02  2.52250321e-02  3.92090995e-03
 -2.59398436e-03  1.36057958e-01 -6.63287714e-02  2.82079671e-02
 -3.08020655e-02  4.66480702e-02  6.74819052e-02 -5.54903736e-03
  7.22039863e-02 -1.14233783e-02 -1.72609687e-02 -4.46655825e-02
  8.35336670e-02  3.62060182e-02 -6.34520650e-02  4.82299142e-02
 -3.42883393e-02  3.16532217e-02 -5.74251898e-02  5.25015369e-02
 -4.34835115e-03  1.39097571e-02  5.64410836e-02  5.67031950e-02
  5.05416840e-02  1.14359297e-02  3.19930315e-02 -5.34407198e-02
  2.57675331e-02  1.07295446e-01 -1.27864882e-01  3.03390473e-02
  3.65056545e-02  9.31084454e-02 -2.32442319e-02  3.97031629e-33
  1.82462279e-02 -7.77420700e-02  1.34795819e-05 -1.47921192e-02
  1.77138392e-02 -1.85856242e-02  4.07958254e-02  1.29397856e-02
 -3.84048037e-02  1.14905573e-01 -4.16168794e-02 -5.88725358e-02
  3.97688039e-02  5.64122275e-02 -7.45485947e-02  5.38346693e-02
  8.61069262e-02 -5.67530766e-02 -5.01096025e-02  4.54378035e-03
 -8.76884311e-02 -3.47405188e-02 -3.58638279e-02  1.56606231e-02
 -1.84576269e-02  5.72110750e-02 -2.95715854e-02 -4.95679975e-02
  9.25883744e-03  1.77625660e-02 -9.34835151e-03 -1.74287483e-02
 -1.07342862e-01  8.53586569e-02 -2.82486738e-03  4.19078730e-02
 -5.12938015e-02  3.19653116e-02  2.89391424e-03 -5.03024720e-02
  2.68599056e-02  3.52991419e-03  1.91251049e-03  1.04739361e-01
 -5.05400263e-02 -5.06387316e-02 -9.59748495e-03 -7.65414387e-02
  3.83258611e-02  8.91150814e-03 -8.61630961e-02 -1.66742858e-02
  1.47005897e-02 -3.92470397e-02 -3.63165028e-02  2.80098077e-02
  5.06940484e-03 -1.43223349e-02 -4.26157564e-02  1.08791795e-02
 -2.26365980e-02  1.83241852e-02  2.81307604e-02  1.15282886e-01
 -1.31068220e-02  5.37926964e-02  1.37745973e-03 -2.17081662e-02
  2.04825830e-02 -6.93187043e-02  5.64847998e-02  7.41664902e-04
 -4.74466980e-02  4.35494035e-02 -7.04626814e-02 -5.35977259e-02
 -6.62695915e-02 -4.23877686e-02 -4.67160232e-02 -5.81073314e-02
  5.95884770e-02 -5.09733073e-02  7.66844768e-03  9.60063189e-02
 -9.75119546e-02  6.92445273e-03  2.71138903e-02 -2.63089649e-02
 -4.33604605e-02 -6.88279327e-03 -8.96611344e-03 -8.25645309e-03
 -5.99967465e-02  2.92432141e-02  5.55343293e-02 -1.33185996e-08
 -3.40195000e-02 -3.70826460e-02  5.36155216e-02 -4.14001979e-02
  9.34505686e-02 -6.98570833e-02  3.79581377e-02 -1.45101571e-03
  3.38766016e-02  5.33322766e-02 -2.32299808e-02 -7.75820902e-03
 -6.23201132e-02  9.47771966e-02  3.50464135e-02  5.62615786e-03
 -6.76792711e-02  3.42277214e-02 -1.72791518e-02 -1.87885165e-02
  9.60491877e-03  3.31435166e-02  7.24022016e-02 -5.14630647e-03
 -2.45443210e-02 -5.56932390e-03  3.44202258e-02  1.71719026e-02
  5.16673066e-02  3.77551690e-02  2.49250941e-02  1.09148055e-01
 -3.79518233e-02 -2.66134851e-02 -5.06231897e-02 -8.57776180e-02
  3.13105397e-02  5.12466708e-04  1.19341556e-02  9.21305176e-03
 -5.87856658e-02  7.82055855e-02  1.83511637e-02  9.45490599e-03
  5.58545487e-03 -4.81417626e-02 -2.72924602e-02  2.41007004e-02
  2.61286669e-03 -7.71619976e-02  1.65428314e-02  9.08712950e-03
  5.28852120e-02  5.02377748e-02 -3.58179919e-02 -8.18627104e-02
  4.37372457e-03 -3.52841392e-02 -7.18051791e-02  1.38198230e-02
  6.67012408e-02 -6.60016313e-02  8.99850205e-02  1.38131343e-02]"
504,Business Ethics,Governance,philosophy,1,0.3919,"[-1.55873597e-02  4.91780601e-02 -1.46606579e-01  7.62395049e-03
 -2.84909271e-02  1.70053896e-02  8.61740112e-02 -3.42627950e-02
  6.53679445e-02  1.40129486e-02  2.43849196e-02  5.77105023e-02
 -4.16636020e-02 -1.04309367e-02 -1.41240554e-02  1.79632679e-02
 -1.89318433e-02 -5.23283184e-02 -6.64143860e-02 -3.70320529e-02
 -1.16361402e-01  4.32728678e-02 -4.63860575e-03  3.05496771e-02
 -6.73802048e-02  4.34468128e-02  3.68054882e-02 -5.67587838e-02
  3.08724009e-02 -1.13538221e-01 -6.23620162e-03  9.47693661e-02
  1.51376240e-02 -6.56178594e-02 -2.73512080e-02  4.02115397e-02
  4.25843038e-02  4.31273282e-02  6.49092346e-02  5.02602663e-03
  6.77784439e-03 -5.18463813e-02 -3.95290107e-02 -2.05493905e-02
 -9.61106271e-03 -1.55212833e-02  7.13367667e-03  2.10908931e-02
  1.85824428e-02 -4.14085798e-02 -4.22388799e-02 -4.77142865e-03
 -1.28952995e-01  4.73836549e-02  3.34614590e-02  4.67758141e-02
 -4.35581058e-02  4.10898477e-02 -5.14912345e-02 -6.43942505e-02
  4.42926586e-02 -2.06080601e-02 -6.43845722e-02  1.25432998e-01
  7.87282735e-02  3.93690392e-02 -2.16181334e-02  4.13064323e-02
 -9.34157446e-02  3.42770154e-03  2.05020532e-02  7.54117093e-04
  1.62855294e-02 -1.72442198e-02  1.44266337e-02 -6.26842603e-02
  2.60898322e-02 -5.40655926e-02  4.26103622e-02 -1.24198189e-02
  9.25193913e-03 -1.47970906e-02 -3.95206101e-02 -1.47747239e-02
  3.43323946e-02  2.62585049e-03  1.33611504e-02 -8.21539946e-03
  5.18204793e-02  1.76120363e-02  6.88909972e-03  2.66196337e-02
 -1.21182837e-02  3.86995822e-02 -5.57829738e-02  7.46042728e-02
 -3.13643850e-02 -4.34298702e-02 -4.95227389e-02  2.26045862e-01
  6.82012141e-02  4.24436778e-02 -1.23583414e-02  5.18253185e-02
  7.11902007e-02 -4.11583297e-02 -8.52337386e-03 -4.00565416e-02
  6.82004243e-02  1.20062148e-03 -3.85699570e-02  1.46856783e-02
 -7.90944044e-03 -3.57038975e-02  8.10336843e-02  4.20202129e-03
  9.65891778e-02  4.49832603e-02 -1.29853627e-02 -1.26564860e-01
 -5.18283248e-02  6.37042942e-03 -1.01724071e-02 -4.07333262e-02
 -4.69847396e-02 -7.07246512e-02 -4.47020903e-02 -4.82325169e-33
  2.00910005e-03 -4.51965593e-02  2.02272758e-02 -7.16616539e-03
 -6.27624243e-02  7.90752918e-02  4.66358941e-03 -4.27537672e-02
  1.98649038e-02  2.80237217e-02  7.68803945e-03  3.18857394e-02
  5.62598221e-02  2.09081452e-02  6.59593046e-02  1.07945688e-02
 -2.06087306e-02 -1.10926878e-04 -7.03390967e-03 -3.10060359e-03
 -8.65286868e-03  5.31901494e-02 -5.54957837e-02 -1.99322570e-02
  4.39897403e-02  1.64561067e-02  5.68566993e-02 -3.70388366e-02
  1.17405383e-02  2.86178216e-02  4.17017844e-03  1.24930792e-01
 -7.49999583e-02  7.18907416e-02 -2.59275902e-02  2.94830929e-02
 -2.60162652e-02 -1.99889392e-02  6.75264746e-02 -9.11310092e-02
 -1.51723335e-02 -3.78881086e-04  3.94475460e-02 -7.34609589e-02
  5.81202134e-02  7.85144642e-02  7.27211758e-02 -3.03575527e-02
 -7.42791146e-02  2.80842539e-02  4.03396366e-03 -6.11635968e-02
  9.04270038e-02  2.77533047e-02 -3.70823685e-03 -1.54294558e-02
  2.99249357e-03  5.00355326e-02  6.03115931e-03 -1.01553358e-01
 -9.23077110e-03  2.13005822e-02 -3.23053934e-02  5.07601420e-04
  1.22985076e-02  2.95656566e-02 -1.20798148e-01 -7.91504756e-02
  3.21774967e-02 -1.85797680e-02  1.73785351e-02  1.50333419e-02
 -1.16831455e-02 -1.38082902e-03 -2.11261753e-02  7.47203536e-04
 -5.31814955e-02 -5.78057282e-02 -8.18218663e-02  1.02118492e-01
 -3.79709415e-02 -4.93956916e-02 -1.04231182e-02 -1.34235593e-02
  9.56595466e-02  7.75999203e-02  5.19483387e-02 -3.30455601e-02
  9.07099247e-02 -7.36014694e-02 -5.12037054e-02  1.00695351e-02
  9.21039656e-02 -3.99818607e-02 -2.08117776e-02  3.56809665e-33
  3.69915999e-02 -7.11988434e-02  5.10905497e-03  7.62825832e-02
  9.34254304e-02 -1.19168742e-03 -9.21757594e-02  2.08357908e-02
 -8.45517144e-02 -4.48487401e-02 -1.33721391e-02 -3.47204842e-02
  1.92156006e-02  3.54559422e-02 -1.46924043e-02 -9.11129918e-03
  2.62306165e-02 -8.62374306e-02 -3.55714932e-02  1.30271725e-02
 -3.23150679e-02  3.03572603e-02 -1.61885872e-01 -9.34240893e-02
  3.66293564e-02  4.54675332e-02  7.67911598e-02 -4.76289988e-02
  3.68904397e-02 -1.51439644e-02 -2.59039216e-02  1.25289047e-02
 -1.65313594e-02 -2.44583585e-03  1.92696170e-03  1.51805297e-01
  3.66593674e-02  5.09060249e-02 -2.08292361e-02 -4.16761152e-02
 -4.11008745e-02  1.23159317e-02 -1.79286599e-02  5.21930419e-02
 -2.14843526e-02 -6.05066493e-02 -2.87142154e-02  6.20026886e-02
 -4.39145789e-02  1.79147925e-02 -1.12401284e-02 -1.18619213e-02
  2.38518268e-02 -2.47511826e-02  4.55203690e-02 -8.86369590e-03
  6.11390406e-03 -8.71210825e-04  1.67732500e-02 -1.52695859e-02
  8.59127417e-02  5.93886152e-02 -6.13779835e-02  4.60991450e-02
 -4.19129580e-02  1.01728896e-02 -5.67335859e-02  7.89672285e-02
 -5.54948002e-02 -9.67898523e-04  1.55061875e-02  2.35906187e-02
 -6.06484003e-02  2.19095480e-02  3.28347757e-02  4.67084758e-02
 -2.60879882e-02 -3.12351203e-03 -3.85129172e-03  1.21257044e-02
  1.11176576e-02 -1.25030041e-01  5.30614480e-02  7.06186965e-02
 -3.21362764e-02 -5.70027009e-02 -2.96992064e-02  8.41520540e-03
  6.96194172e-03 -6.15626611e-02 -5.83065534e-03  1.20065846e-02
 -4.03110236e-02  4.37616780e-02 -7.27255642e-02 -1.17452768e-08
  2.95757744e-02 -2.97393482e-02  2.01126654e-02 -3.85400769e-03
  4.93734181e-02  3.82385701e-02  8.84316713e-02 -7.81518817e-02
 -4.19413000e-02  7.60847926e-02 -6.50076494e-02  4.93592285e-02
 -4.40483689e-02  1.21475995e-01 -1.95631888e-02 -4.76257913e-02
  3.27704437e-02 -2.31211595e-02 -1.11522907e-02 -1.72469635e-02
  1.21248774e-01  6.48604557e-02 -5.14104380e-04 -3.50836292e-02
 -2.53192079e-03  2.81570945e-02  1.43415965e-02 -1.03724953e-02
 -1.17718903e-02  3.45269125e-03  4.47716080e-02  6.99610114e-02
 -1.89179741e-02 -3.29924636e-02  2.16862168e-02 -5.44093549e-03
  3.93209280e-03  1.77967269e-02  3.35250869e-02 -3.08735985e-02
 -6.41161576e-03  8.76123158e-05  2.62514986e-02  4.33366094e-03
 -8.08671489e-03 -7.58653954e-02  1.60920937e-02  3.45458537e-02
 -4.41639610e-02  1.88774280e-02 -4.90006479e-03  3.36001739e-02
  6.73662722e-02 -6.96505234e-02  2.19708439e-02 -1.21186618e-02
  1.58992652e-02  7.07240552e-02 -1.69460088e-01  2.92584039e-02
  1.30203217e-01  3.01336832e-02  5.86227030e-02 -6.81793764e-02]"
505,Business Ethics,Governance,responsibility,5,0.387,"[-6.18788935e-02  9.33703631e-02 -1.38944518e-02 -2.19534859e-02
 -8.63631349e-03  1.48277348e-02  7.11837858e-02  2.85979435e-02
  8.66889767e-03  1.81844365e-02  4.68250439e-02 -3.32650505e-02
  7.72749307e-03 -1.02621783e-02 -4.11106981e-02 -1.75342225e-02
 -4.23266217e-02 -3.65943201e-02 -1.42011717e-01 -6.86027249e-03
 -3.57966498e-02 -7.67466379e-04  5.40565848e-02  3.29964198e-02
 -1.26581013e-01  4.58707511e-02  4.65333840e-04 -5.39566483e-03
  4.67927381e-02 -9.02076662e-02  4.46730442e-02 -4.00636680e-02
  6.36041388e-02 -2.10727435e-02 -1.04850955e-01  8.50612223e-02
  8.96262191e-03 -3.39838192e-02  1.73976794e-02 -4.11719754e-02
  5.02189510e-02 -4.18673232e-02 -7.24819452e-02 -5.91981784e-02
  3.14723998e-02  6.02511084e-03  1.01914734e-01 -4.81297029e-03
 -3.70333903e-02 -5.00208652e-03 -2.81668194e-02  1.61607862e-02
 -3.41241509e-02  2.54373383e-02 -3.36885527e-02 -4.59551066e-02
  1.57379676e-02 -6.08524345e-02  5.28666452e-02 -2.59286296e-02
  2.37332359e-02  2.94288062e-02 -7.62487054e-02  3.67735103e-02
  5.24454378e-02  1.44569222e-02  3.04895807e-02  2.70803571e-02
 -1.30369766e-02  8.61484651e-03  1.74460281e-02  2.59860288e-02
  1.89670417e-02  3.02563794e-02  4.74532507e-02 -5.92489615e-02
 -1.77085754e-02 -1.45631060e-02  6.68018162e-02  1.32365385e-02
  7.59290233e-02  3.20103392e-02 -8.24978342e-05  6.33264780e-02
  9.34031443e-04 -4.19705808e-02  2.26984210e-02  9.60841216e-03
  3.47703584e-02  1.70819703e-02 -7.77838901e-02 -9.84904468e-02
  1.29198521e-01  5.13741747e-03 -1.16526827e-01  3.76992486e-02
 -4.04940881e-02 -2.49295551e-02 -7.66130984e-02  2.03133300e-01
  1.61934253e-02  1.91101879e-02 -5.17004319e-02 -1.22140693e-02
 -5.82044758e-02 -1.93446595e-02 -3.24157514e-02  3.61247137e-02
 -4.05471139e-02  2.52348874e-02  2.77600391e-03 -1.43869093e-03
 -1.03259586e-01  6.75741062e-02  1.04627587e-01  2.44782399e-02
 -4.61174957e-02  1.83690041e-02  3.04792430e-02 -1.16515443e-01
  2.98079476e-03  8.87777805e-02  3.64503488e-02 -1.24464661e-03
 -7.30391741e-02 -8.32440630e-02  5.59606962e-03 -7.00737750e-33
  8.15879740e-03  1.90599672e-02  1.14541035e-02 -1.03019420e-02
  1.67643409e-02  5.00897244e-02 -1.39388936e-02  4.45914827e-03
  1.38538629e-02  7.62012228e-02  4.30292748e-02 -6.97264001e-02
 -1.14846136e-02 -3.50863487e-02  2.33789422e-02  5.86001649e-02
 -6.86072409e-02  6.48910105e-02 -4.62469971e-03  2.73243748e-02
 -2.71945652e-02  4.90732752e-02  1.67755522e-02 -5.23679284e-03
  5.17441891e-03  9.39243357e-04  1.90576743e-02 -9.24732350e-03
 -3.48983333e-02 -9.49419045e-04  5.19670732e-02 -1.09900460e-02
 -2.10864320e-02 -3.10991034e-02  1.78973731e-02 -4.81404848e-02
 -8.30947086e-02 -4.94877771e-02 -3.22096348e-02 -3.52987051e-02
  5.94213125e-05  2.78428253e-02 -2.50221957e-02  8.05182979e-02
  2.55862530e-02 -4.61102761e-02  1.03354007e-02 -2.23204065e-02
 -6.16164245e-02  8.31736550e-02  1.80241605e-03  8.81070178e-03
 -5.13702957e-03 -8.87682363e-02 -1.72847006e-02 -1.34286107e-02
  7.88136572e-02 -8.20452441e-03 -6.56858906e-02 -4.78972755e-02
  9.06590894e-02 -9.75409448e-02 -1.21135309e-01  1.09667242e-01
  4.39189970e-02  1.13569032e-02  1.43451365e-02 -4.78270045e-03
  4.12829705e-02 -4.41399105e-02 -5.59622943e-02 -2.36790348e-02
  5.61568998e-02  1.53187905e-02 -6.01392314e-02  6.10657446e-02
 -6.51346967e-02 -7.01276958e-02 -1.31655056e-02  3.42032462e-02
 -6.49637729e-02  1.56187974e-02 -9.61185154e-03  4.18979190e-02
  2.27993969e-02  1.99941993e-02  8.07084981e-03  5.42222196e-03
  6.27219230e-02  6.68941438e-02 -2.11163890e-02  3.82471411e-03
 -9.19109397e-03  1.42750358e-02 -2.77055278e-02  5.15054311e-33
 -1.61343124e-02 -1.29219247e-02 -1.87584199e-02  3.43717784e-02
  5.97746558e-02  7.65086710e-03 -3.39035154e-03 -6.53530657e-02
  6.29486889e-02  8.33030045e-02 -1.20420001e-01 -2.09482592e-02
  4.01219651e-02  2.50771288e-02  8.73337965e-03 -5.83444610e-02
  6.56719431e-02 -1.53643750e-02 -4.19636630e-02 -1.74869541e-02
 -5.01620164e-03  3.15300538e-04 -9.86210164e-03  4.37423512e-02
 -8.52812901e-02  6.27581328e-02  6.16592243e-02 -1.86799616e-02
  5.45995571e-02 -2.41321418e-02 -9.35453398e-04 -4.19710428e-02
 -3.14347707e-02 -3.50543149e-02 -3.55482027e-02  1.57445595e-02
  3.03627644e-02  6.54217154e-02 -1.67472884e-02  1.04566002e-02
  3.84547301e-02  3.96199450e-02 -9.70972627e-02  9.41782445e-02
 -6.82137161e-02  1.40376603e-02  2.20654123e-02 -3.11848242e-04
  3.56603414e-02  1.87239666e-02 -1.08187817e-01 -3.04401331e-02
 -5.45946124e-04  1.48813678e-02  4.41244841e-02  3.81315276e-02
  2.54820287e-02 -1.64031126e-02  3.88731621e-02  2.31931563e-02
  2.24601366e-02  7.36061707e-02 -1.49060264e-02  6.57266974e-02
 -2.66889594e-02  3.57182249e-02 -7.75166899e-02 -2.90455930e-02
  5.48603460e-02  1.71322655e-02  1.26624376e-01 -2.55601574e-02
 -6.16271570e-02 -9.37138423e-02 -6.97197989e-02 -4.24274839e-02
 -1.08595602e-01  4.30367701e-02 -4.50345650e-02  1.09377550e-02
  3.96257117e-02 -1.23722345e-01  1.41246850e-02 -1.21031133e-02
 -3.55928130e-02 -1.17563931e-02  1.02097213e-01 -2.30382700e-02
  3.29661779e-02  1.03361784e-02  8.86945706e-03  7.82392621e-02
 -6.03940152e-02  5.84864542e-02 -6.35359203e-03 -1.31345965e-08
  1.33288661e-02  6.18795156e-02  2.25839624e-03  1.08397240e-03
  3.86981703e-02 -4.14886922e-02 -2.88170800e-02 -5.64491041e-02
 -5.97053254e-03  9.29914713e-02  3.25615406e-02 -5.23072667e-02
  7.33933151e-02  1.06317876e-02  6.80481717e-02 -3.68773118e-02
  4.72971387e-02  6.02456443e-02 -5.68409115e-02  3.01171523e-02
  7.98044428e-02 -1.00168502e-02 -2.67198719e-02  8.35480727e-03
  3.01267556e-03 -6.21964410e-02 -1.19142924e-02  1.27317652e-01
 -3.51173691e-02  7.23534003e-02  3.08639044e-03  5.59388585e-02
 -1.40570896e-02 -6.87164590e-02 -8.65393784e-03 -9.78737548e-02
  3.48880924e-02  6.75873784e-03  4.69238609e-02 -5.61340973e-02
 -4.27902341e-02  5.84175102e-02  6.06789775e-02  6.71690553e-02
  1.67364124e-02  4.56249528e-02 -6.34517968e-02  5.39165549e-02
  9.80252167e-04  1.40532898e-03 -1.21676631e-01  8.29042983e-04
  4.49849144e-02  1.19701356e-01  3.54034752e-02  2.11574230e-02
  2.63302345e-02 -5.37442006e-02 -9.54384431e-02  2.16222554e-03
  1.34700298e-01  5.82613423e-02  2.58718878e-02 -4.86367568e-02]"
506,Business Ethics,Governance,economic,1,0.3819,"[-1.84907019e-02  4.03515995e-02 -5.57376370e-02  3.74768600e-02
  3.57613228e-02  1.71791520e-02  7.43514225e-02  3.33851911e-02
  1.32678151e-02  2.10913233e-02  3.46853696e-02 -8.32620915e-03
 -3.74769606e-02 -1.62910875e-02 -8.04248918e-03 -3.58067565e-02
 -3.16170081e-02 -5.81312813e-02 -1.32174522e-01 -6.25408590e-02
 -2.64618546e-02 -4.21193391e-02 -5.56381652e-03 -3.36444303e-02
 -4.24906202e-02  3.27847674e-02  6.48439815e-03 -8.08577694e-04
  9.42964666e-03 -5.47783077e-02 -3.06601971e-02  5.96908294e-02
  9.90773216e-02 -2.66925767e-02 -1.98567379e-02  3.60538531e-03
  4.21464257e-02  3.06285135e-02  2.71219667e-02  8.59286357e-03
 -1.84379257e-02 -8.01891312e-02 -6.08820915e-02 -3.23358215e-02
 -6.03209855e-03 -3.77575085e-02  5.56150079e-02  2.96109710e-02
 -2.71561760e-02  2.47075371e-02 -2.13688314e-02  2.52979863e-02
 -4.89961617e-02  5.37452893e-03  5.69734760e-02 -8.52786284e-03
  3.52010550e-03 -7.70587027e-02  1.92625336e-02 -1.14835873e-02
  5.19302972e-02 -5.11159860e-02 -7.04939365e-02 -3.34351370e-03
  1.46496683e-01 -2.41455249e-02 -3.87202129e-02  5.14335185e-02
 -1.48260772e-01  1.40185989e-02  6.85420483e-02 -9.37570557e-02
 -7.78939649e-02 -3.60320583e-02  2.04190556e-02 -6.07955679e-02
  4.09969017e-02  4.10943516e-02  5.10433652e-02 -9.25809890e-03
  8.92448500e-02 -8.11047629e-02 -1.20262071e-01 -1.04587516e-02
 -3.20450403e-02  2.99245381e-04  5.76904276e-03 -4.71718088e-02
  1.00547716e-01  2.15782598e-02  3.23878205e-03 -2.26931144e-02
 -2.02813577e-02  1.47824502e-02 -2.93720253e-02  5.96481003e-02
 -2.13122610e-02 -5.65184206e-02  1.51419966e-02  2.71599561e-01
  2.29324978e-02 -8.48648325e-03  1.24764489e-02  1.47740133e-02
 -2.55192500e-02 -1.06928878e-01 -6.72318088e-03  8.38562027e-02
  1.78631358e-02 -8.77227169e-03 -3.34713049e-02 -1.73807014e-02
 -1.10432515e-02  2.29490809e-02 -2.25071944e-02 -2.71245241e-02
  5.72964884e-02 -3.49939652e-02  7.06694415e-03  5.84329665e-02
  1.76551230e-02  1.20395515e-02 -4.26465534e-02  3.93276364e-02
 -3.80150303e-02 -1.02114148e-01 -6.98655024e-02 -5.78292454e-33
 -4.78248969e-02 -7.40044042e-02 -1.74056031e-02 -5.06014153e-02
 -8.74383450e-02  6.06859848e-02 -5.82498275e-02 -5.11002094e-02
 -1.50655359e-02  1.54464617e-02 -4.99679483e-02  4.26982418e-02
  2.19832286e-02  9.50444639e-02  1.47576824e-01 -1.71836875e-02
 -8.80586803e-02  4.65494134e-02  7.03267455e-02  3.94839384e-02
  1.74492951e-02  2.77229678e-02  4.51039784e-02  7.33510964e-03
 -1.87690146e-02 -2.09020991e-02 -1.11981332e-02 -4.38982137e-02
  1.14075407e-01  1.74082778e-02  6.75405413e-02  6.70662746e-02
 -1.63113587e-02 -4.28521633e-02 -6.76149875e-02 -3.21072303e-02
  5.36150439e-03 -4.28715721e-02 -2.61551677e-03 -1.10603524e-02
 -7.61493519e-02  4.00721980e-03 -6.47189468e-02  6.48625791e-02
  2.37897169e-02  1.19029675e-02  9.97753069e-02  2.03980543e-02
  2.28668191e-02 -4.30877134e-03 -2.25000046e-02  2.15869788e-02
 -6.09466843e-02 -1.14566438e-01  3.40627099e-04 -1.64004359e-02
 -2.13584639e-02 -8.05944949e-03 -1.80057976e-02 -2.45122202e-02
  1.77837838e-03  4.60313782e-02 -1.75594054e-02 -4.37928783e-03
 -3.23317125e-02  7.49693140e-02  1.33990757e-02 -1.38813350e-02
  3.72573324e-02 -1.93854030e-02 -1.06194122e-02  2.70420182e-02
  7.72800520e-02  2.50386223e-02  3.56858410e-02  1.04318790e-01
  1.53244184e-02  2.44335439e-02 -1.97372679e-02  1.14835668e-02
 -8.64282921e-02  3.85518279e-03  8.47041700e-03  8.52008164e-03
  3.37149277e-02  1.88803095e-02 -5.85900212e-04 -2.20300984e-02
  6.93623871e-02  4.59741540e-02 -8.75928476e-02  2.48796847e-02
 -4.36151549e-02  4.41962220e-02  4.96569537e-02  2.65819993e-33
 -2.54137404e-02  2.69799531e-02 -3.69004011e-02  7.01316893e-02
  1.17602125e-02 -8.29937588e-03 -9.39255394e-03 -7.02900216e-02
  1.21594705e-02  4.03347239e-02 -1.00348473e-01  1.41766286e-02
  1.15127325e-01  8.48430693e-02 -2.52612550e-02 -5.78037761e-02
  3.61873880e-02 -2.23281775e-02 -4.73351218e-03 -1.90742016e-02
 -4.98852096e-02  2.63305916e-03  5.04928678e-02  1.40454927e-02
 -2.48503443e-02  4.72339317e-02 -9.75202620e-02 -3.95913348e-02
 -7.32891485e-02 -1.05179744e-02  9.88389365e-03 -4.30553872e-03
 -2.75716968e-02  4.76669446e-02 -4.03655246e-02  1.23366825e-01
 -3.12868059e-02 -5.91562167e-02 -1.67298503e-02 -1.89650210e-03
  3.73726860e-02 -2.61138957e-02 -5.89939486e-03  5.13787530e-02
 -1.48962848e-02 -4.02687602e-02  1.20702209e-02  3.34578305e-02
  8.13616216e-02 -2.77841445e-02  8.37464482e-02  1.07145645e-01
  9.22173820e-03 -4.92944196e-02 -6.02031723e-02  1.07506393e-02
 -5.21206902e-03 -8.73564649e-03 -6.99362308e-02  5.88896275e-02
 -7.44375540e-03  6.32614791e-02 -1.20347301e-02  1.21366814e-01
 -3.79934832e-02  3.86329740e-02  1.97778437e-02 -6.63822144e-02
  6.42857030e-02 -7.83191249e-02  5.21705374e-02  2.40928270e-02
 -9.87423658e-02  4.31873016e-02 -2.12181062e-02  1.23107277e-01
 -2.30751485e-02 -2.37190886e-03  3.08553968e-02  1.00000640e-02
 -9.69070122e-02 -4.53036688e-02  4.01989408e-02 -4.75996844e-02
 -1.13494322e-01 -3.64988036e-02  1.18206199e-02 -3.65413912e-02
 -5.75158335e-02 -6.65835515e-02 -9.36726853e-02 -2.57132817e-02
  3.93128284e-04  2.35431269e-02 -1.22178691e-02 -1.45273216e-08
  9.76420101e-03 -6.87959045e-02  8.75197500e-02  4.99607697e-02
 -4.88906316e-02 -5.64619899e-02  2.83867549e-02  3.11135184e-02
  4.43051830e-02  1.12369210e-01 -2.09324937e-02  4.01181579e-02
 -1.21987043e-02  1.24368779e-01 -2.05932856e-02  4.08311337e-02
 -1.44534484e-02 -4.19498794e-03 -2.88074594e-02 -2.93319505e-02
  7.48598203e-02  3.74243222e-02  2.27925405e-02  1.25436056e-02
 -9.96709429e-03  1.89921688e-02  5.87882996e-02  3.51734906e-02
 -2.04706155e-02  4.85704504e-02  3.67124309e-03  1.68502573e-02
  4.96073568e-04 -3.66041064e-02 -4.07832861e-03 -4.41342369e-02
 -1.01781040e-02  1.81444380e-02  5.74877374e-02 -4.70501855e-02
  7.78905256e-03 -3.40198465e-02  3.72810522e-03 -2.99083050e-02
  8.62095356e-02 -2.03751903e-02 -3.93980518e-02 -2.15753410e-02
  3.64494137e-02 -5.33286035e-02  5.31478738e-03  3.41062658e-02
  2.40126494e-02 -5.79727441e-02  2.93064341e-02 -5.23534305e-02
  1.52527429e-02 -3.87708074e-03 -1.04476921e-01  3.27531956e-02
  7.09271580e-02 -3.25226076e-02  5.41969314e-02 -3.61004509e-02]"
507,Business Ethics,Governance,corruption,1,0.3817,"[-3.60182263e-02  3.23504843e-02 -4.00171950e-02 -2.02133376e-02
 -8.63134954e-03 -5.07464856e-02  3.26778963e-02 -8.18697084e-03
 -2.00241785e-02  9.39085800e-03  3.77502069e-02  3.52955088e-02
  6.13694414e-02 -3.65922749e-02 -5.64983897e-02 -2.00805329e-02
 -3.99921127e-02 -4.49261107e-02 -3.35666873e-02 -5.31560695e-03
 -3.28578837e-02 -1.43737039e-02 -4.90832962e-02 -3.77371684e-02
 -1.64928697e-02  8.77505392e-02 -3.68081369e-02 -3.76146957e-02
  4.54389714e-02 -1.28208056e-01 -1.81716010e-02  2.61898749e-02
  5.82107455e-02 -3.70416977e-02  2.92346161e-02  3.59140337e-02
  8.08972567e-02  1.46096312e-02 -2.61014630e-03 -1.42981652e-02
  5.40561639e-02 -9.03434381e-02 -1.80676915e-02 -5.96564971e-02
 -3.85607071e-02 -3.83613911e-03  5.59945032e-02  4.50223647e-02
  8.06849450e-03 -4.00524922e-02 -3.92092988e-02  2.47924719e-02
 -1.26855718e-02  5.06925024e-02  3.81919406e-02 -1.23417467e-01
  1.01733999e-02  8.32134783e-02  4.14630510e-02 -2.03172751e-02
  1.13233455e-01  5.56959696e-02 -1.26301544e-02  2.17548609e-02
  7.11226910e-02  1.07341465e-02  2.81061046e-02  4.67063710e-02
 -5.41113503e-02 -1.01798109e-03  4.09249663e-02 -6.92943931e-02
  5.54667041e-03 -3.12824175e-02  2.10370552e-02 -2.75189653e-02
 -1.61661971e-02  1.84178427e-02  4.13112827e-02 -6.71321079e-02
  2.24807858e-02  2.75925957e-02 -3.72607261e-02  3.06966398e-02
  3.60605232e-02  3.74252838e-03  1.05048558e-02 -4.04931307e-02
  7.99478143e-02  3.07376944e-02 -2.91096959e-02  1.84135027e-02
  8.51137191e-02 -4.51352866e-03 -1.34260476e-01  3.58558148e-02
  5.66402860e-02  5.50707849e-03  1.13307796e-02  2.58409053e-01
 -3.95103171e-02  7.61662722e-02 -2.59459224e-02 -4.17620018e-02
  7.35299066e-02 -1.59734320e-02  7.92658702e-03  1.38970977e-02
 -7.49588013e-03 -2.05113795e-02 -8.20923299e-02  3.00099254e-02
 -4.16784137e-02 -1.48808332e-02  1.04349852e-01  2.86796652e-02
  3.22422013e-02 -3.39672039e-03 -1.30792320e-01  5.63094765e-03
  4.02309336e-02  3.55658717e-02 -6.42977357e-02  5.43737635e-02
 -3.71936671e-02 -9.27665979e-02 -8.39053467e-02 -4.46405073e-33
  1.28761586e-02 -1.38931104e-03 -2.90012197e-03  8.38786084e-03
 -3.58631052e-02 -1.46876909e-02 -3.91982682e-02 -4.30667587e-02
  1.84335876e-02  6.47050664e-02  4.69099656e-02  2.85016038e-02
 -4.43052910e-02 -3.68741378e-02  9.18238759e-02  6.74901828e-02
 -1.13241777e-01 -1.02368733e-02 -2.05931794e-02  4.89136539e-02
  3.95791642e-02  1.81056987e-02  6.48297146e-02  4.96600345e-02
  1.87498070e-02 -2.12967452e-02  1.89550370e-02 -2.01657973e-02
  4.93196696e-02  4.35372815e-02  5.07468395e-02  4.76664007e-02
  8.31540003e-02 -1.58670098e-02 -1.69795714e-02 -1.78630743e-02
 -1.43683609e-02 -5.28933927e-02 -2.42095198e-02  2.55353134e-02
 -3.59012075e-02 -1.63227245e-02  7.05088601e-02  1.01502344e-03
  4.76943478e-02  2.22374834e-02  8.93486962e-02 -4.96848822e-02
 -7.28024319e-02  2.96651907e-02  1.22785103e-02  1.62927411e-03
 -1.31878024e-02  1.65701360e-02 -3.65919508e-02  2.16683047e-03
 -1.18954899e-02 -2.40872875e-02 -8.29240773e-03  7.46905105e-03
  5.83730377e-02 -1.28936255e-02 -4.93930727e-02  4.60996963e-02
 -8.84535685e-02 -5.64476755e-03  7.95067102e-03  8.58437922e-03
  4.86773811e-02 -8.14803615e-02 -1.16477776e-02  2.18796246e-02
 -1.01545945e-01  8.06996301e-02 -9.70324352e-02 -5.08117676e-03
  1.16827814e-02  1.12496857e-02 -4.94176932e-02  4.65542357e-03
 -6.74837753e-02 -4.69867103e-02  5.00077084e-02 -1.60006899e-02
 -1.05196610e-02  8.99966881e-02  1.16789630e-02 -5.96075431e-02
  3.38272527e-02  8.50306824e-02 -6.74731582e-02 -2.07925942e-02
  6.25255778e-02 -6.19362947e-03 -4.33757016e-03  4.08686582e-33
 -6.51351642e-03 -7.34349564e-02 -2.90368474e-03  7.53034204e-02
  1.72725264e-02  3.37704760e-03 -1.03480108e-02  5.83604816e-03
  6.43734336e-02  1.76135078e-02 -1.19784556e-01 -8.30519497e-02
  1.02025948e-01  6.51649684e-02 -7.86020653e-04 -3.53906527e-02
  1.01781189e-01 -7.07390625e-03 -1.68030225e-02 -4.96480567e-03
  1.49692753e-02  2.95117144e-02 -4.39219270e-03 -3.35061140e-02
 -8.91075209e-02  1.22595564e-01 -6.09890781e-02 -8.66013765e-02
 -1.95268691e-02  5.36893085e-02  6.76424336e-03  8.21732283e-02
 -4.70498614e-02  6.58937618e-02 -6.15084916e-02  3.94018833e-03
 -4.62486967e-03 -5.61487041e-02 -4.88548912e-02 -7.02772066e-02
  5.79930432e-02  2.29685921e-02  2.75482517e-03  7.96110779e-02
 -3.05608492e-02  1.93396676e-03 -3.74070108e-02  7.25081190e-02
  4.54737470e-02 -2.68061329e-02  4.43871878e-02  3.04591563e-02
 -8.63297749e-03  5.35604171e-02  3.11840768e-03  7.63374045e-02
 -1.21165542e-02  6.31502569e-02  4.13759314e-02  7.34721571e-02
 -1.08154109e-02  8.12675282e-02 -1.22626819e-01  5.30060288e-03
 -1.54746207e-03 -1.99214322e-03  5.73010137e-03  4.71728854e-02
  6.48523346e-02 -5.39162941e-03  8.76308829e-02 -7.65182823e-02
 -1.22318134e-01  2.91374465e-03 -5.55015355e-02  1.13941334e-01
 -1.42522216e-01  3.16109136e-02  8.16305354e-03  6.35566749e-03
 -3.61315580e-03 -4.77344282e-02  1.24368323e-02 -1.59408824e-04
 -5.48668504e-02  2.69590430e-02  1.04830950e-01 -3.14526148e-02
  3.76989655e-02 -8.19801465e-02 -4.52644154e-02 -3.48578207e-02
 -1.86372250e-02  7.15103140e-03  3.62571888e-02 -1.20283357e-08
  4.34173620e-04 -7.66342273e-03 -3.30493338e-02  3.28672640e-02
  3.38711031e-03 -6.99560940e-02 -1.96644068e-02  9.97481588e-03
  2.54568029e-02  3.98486992e-03  4.90602618e-03 -7.23587768e-03
 -2.44352850e-03 -7.46384710e-02  1.39420554e-02 -8.22994299e-03
 -4.76793535e-02  1.71613749e-02 -5.28694615e-02 -1.47239622e-02
  1.65419485e-02  9.90287028e-03 -2.73893196e-02  7.91691523e-03
 -6.39897480e-04 -4.92071509e-02 -9.06997826e-03  8.61989111e-02
 -2.10476350e-02  3.57708335e-02  1.75710348e-03  1.58506613e-02
  3.04570999e-02 -1.42363179e-02 -2.02675406e-02  6.07896596e-02
 -4.23127459e-03 -3.97838429e-02  3.24081965e-02 -1.00168541e-01
  1.38366995e-02  2.70821806e-02  6.86907098e-02 -8.42345655e-02
 -8.53860900e-02 -4.93559279e-02 -5.80043383e-02  8.11596364e-02
  4.24424820e-02 -1.12273648e-01 -1.84800923e-02 -1.59534998e-02
  1.62031641e-03  1.23198312e-02  7.40638897e-02 -8.77181813e-02
  4.09497954e-02  5.88626117e-02 -3.91554385e-02 -3.87533121e-02
  1.05144896e-01  5.60376234e-03  6.92440644e-02  4.47842525e-03]"
508,Business Ethics,Governance,companies,2,0.3816,"[-2.03612521e-02 -4.42707241e-02 -1.29433488e-02  2.65077278e-02
 -1.44679341e-02  9.76651721e-03  9.91378576e-02 -1.35648036e-02
  3.37382704e-02 -4.06673625e-02  7.95346496e-05 -1.41519522e-02
 -2.14964747e-02 -4.66716988e-03 -3.50056365e-02 -2.31896527e-02
  1.66448988e-02  5.29827699e-02 -3.59843932e-02 -1.39236033e-01
 -9.42101777e-02 -7.58561268e-02 -8.95326212e-03  1.25846937e-02
  3.05147357e-02  7.69203752e-02 -2.56711524e-02  1.09539796e-02
 -5.10377157e-03 -1.20657548e-01 -5.60698584e-02  9.80972312e-04
  7.94725567e-02 -4.71066087e-02 -6.37502410e-03  5.16060330e-02
 -5.03490381e-02 -7.58025190e-03  1.78330839e-02 -2.76695564e-02
 -2.17387956e-02  1.83994230e-02 -2.78052385e-03 -1.17354458e-02
  5.33953076e-03 -4.67254370e-02  5.38081415e-02  3.07208151e-02
  1.20322441e-03  6.75129145e-02  3.54579720e-03 -6.27371371e-02
 -8.55722872e-04  2.20543686e-02 -4.10947762e-02 -2.41647847e-02
 -7.17105642e-02 -1.33085428e-02 -1.48700494e-02 -4.97572087e-02
  8.02152678e-02 -5.38635552e-02 -2.18934547e-02  3.59002054e-02
  8.45931992e-02  2.44109072e-02 -3.38346548e-02  9.95847285e-02
 -1.21151164e-01 -6.21654727e-02  6.01216517e-02 -5.86311407e-02
 -3.42482366e-02  5.79870008e-02  1.77201908e-02  1.40943192e-02
  2.67702285e-02  2.35539749e-02  8.91076475e-02 -7.79073685e-02
  5.19130612e-03  2.29898430e-02 -7.04375282e-02  6.09105639e-02
 -3.64705212e-02 -5.29609993e-03  2.73469742e-02  3.54094058e-02
  1.38248354e-02  3.86772193e-02 -3.90200317e-02 -5.52293323e-02
  9.18045361e-03  1.36832716e-02 -9.26525891e-02  3.66142876e-02
  2.69943662e-02 -1.33015234e-02  7.54324719e-03  2.00014234e-01
  1.28611242e-02  5.72345592e-03 -1.50513574e-02  2.61993073e-02
 -6.68739602e-02 -4.31813709e-02 -6.38597384e-02  6.17845654e-02
  7.94318095e-02  8.23530778e-02 -7.49025047e-02  7.60862529e-02
 -8.94062296e-02 -8.78547505e-03 -5.12741655e-02 -6.49552941e-02
 -3.08194049e-02  6.57622069e-02  5.09895161e-02 -1.81325618e-02
  2.68956553e-03  8.84855688e-02 -1.96701065e-02  1.90110989e-02
 -9.67347175e-02 -3.61494534e-02 -7.55613893e-02 -4.33017442e-33
  5.53558441e-03  7.97964726e-03  3.91266346e-02  9.19258893e-02
 -2.25643571e-02  3.32419053e-02  3.59124839e-02  5.35481907e-02
 -3.24352682e-02  4.45391797e-02 -1.24941498e-01  1.77951530e-02
  3.35873514e-02 -8.24897457e-03  1.21217936e-01 -5.92314638e-03
  7.23395869e-03  4.78410017e-04 -2.68488517e-03 -6.77718446e-02
 -7.52683058e-02  7.09864423e-02 -3.65419127e-02  7.57169873e-02
 -1.31799001e-02 -9.94643569e-02  5.71189402e-03 -3.44706955e-03
  2.85616927e-02  4.28126268e-02  7.23809823e-02  4.41934504e-02
 -6.59606839e-03 -3.65044922e-02  6.30513765e-04  5.49353473e-02
 -1.24472110e-02 -9.63225141e-02  2.04335544e-02  3.79523560e-02
 -3.23917195e-02  3.72517034e-02 -4.71087880e-02  9.77874268e-03
  1.17654689e-02  3.71032790e-03 -1.10509545e-02  3.90088707e-02
  2.90331412e-02  4.00963090e-02 -8.63573998e-02  2.87444703e-02
 -1.66044496e-02 -2.16706339e-02  1.04396202e-01  1.90219318e-03
 -1.28742196e-02 -1.34105636e-02  1.97210498e-02  1.93453543e-02
 -2.23376863e-02  9.95716676e-02 -6.12550676e-02  5.09023294e-03
 -4.86932062e-02  9.06934217e-02  4.80472259e-02 -8.66838824e-03
  4.23884764e-02  5.78099117e-03 -1.66271664e-02 -4.28735055e-02
  6.85836151e-02  2.73476914e-02 -6.77657053e-02  4.33191769e-02
 -3.99724096e-02  5.24988361e-02 -4.40475382e-02  5.68321012e-02
  2.42989324e-02  2.53640525e-02  1.27938399e-02  6.78420439e-02
  5.27071543e-02 -3.87632172e-03  4.40394729e-02 -4.91188504e-02
  2.94542275e-02  6.86497688e-02 -1.53531522e-01  1.84440762e-02
  3.82663086e-02  9.37792212e-02 -4.49387729e-02  2.89307068e-33
 -3.90001498e-02 -6.01188950e-02 -7.87327904e-03  9.61352512e-03
  9.53623932e-03 -1.64294578e-02  2.62381062e-02 -4.55118120e-02
  3.08160000e-02  1.12247512e-01 -5.78075200e-02 -2.61797253e-02
  3.32547836e-02  5.51536568e-02 -5.87209687e-02 -1.51802348e-02
  7.47548565e-02 -5.52233979e-02 -4.45997231e-02 -1.41760716e-02
 -3.86510007e-02 -1.16783855e-02 -5.15376776e-03  2.78220847e-02
 -1.51238879e-02  5.63873500e-02 -8.59022141e-02 -6.13853075e-02
 -1.46517446e-02  1.10731581e-02 -2.53924951e-02 -2.22061388e-02
 -1.18243307e-01  1.34720623e-01 -2.27824748e-02  3.73410508e-02
 -4.74533252e-02  6.50157705e-02  2.81412192e-02 -6.05121739e-02
  5.50109893e-02 -1.66205689e-02  2.44008433e-02  9.30927917e-02
 -6.86275065e-02 -5.78344986e-02 -2.51686051e-02 -3.01067997e-02
  4.46348153e-02 -1.66080054e-02 -1.13181181e-01  1.24892592e-02
 -4.25485196e-03 -1.40722720e-02 -4.65282016e-02  3.60682234e-02
  1.39269372e-02 -1.06684091e-02 -4.99701453e-03  6.27456559e-03
 -4.29331176e-02  2.93783564e-02  3.84066477e-02  1.19483963e-01
 -2.06016004e-02  4.12026197e-02  1.21601708e-02 -3.36089954e-02
  1.19346781e-02 -7.58823827e-02  9.28703025e-02  1.81875657e-02
 -5.66990450e-02  3.71774510e-02 -9.02946442e-02 -2.40829717e-02
 -7.94753432e-02 -1.01025226e-02 -3.51020731e-02 -5.46695106e-02
  1.14770316e-01 -5.77985570e-02  5.42162871e-03  5.87784611e-02
 -6.15635999e-02 -9.70915519e-03  3.03049944e-02 -5.55495769e-02
 -2.81649269e-02 -1.56845991e-02 -4.66694981e-02 -4.00260389e-02
 -9.94445011e-03  7.31259882e-02  6.09655827e-02 -1.28743025e-08
 -3.45176347e-02 -4.06608097e-02  4.66740504e-02 -2.09240466e-02
  5.73288985e-02 -6.07169233e-02  1.75564308e-02  5.92003353e-02
  1.48123913e-02  4.84125167e-02 -1.27758030e-02 -2.49297153e-02
 -3.84103768e-02  8.64597335e-02  2.02420019e-02  1.38002811e-02
 -5.71096018e-02  5.17833494e-02 -1.07533084e-02 -3.12272627e-02
  8.75165965e-03  7.94690475e-02  6.20422401e-02  2.10493635e-02
  1.34514514e-02 -2.81579997e-02  5.17816469e-02  4.88247164e-03
  5.06228022e-02  6.71783835e-02  3.33510456e-03  5.24748974e-02
  3.00131813e-02 -4.92787845e-02 -1.07343923e-02 -5.59663996e-02
  2.68503372e-02 -1.80013664e-02  2.07671821e-02 -3.00981458e-02
 -7.83697888e-02  4.03238907e-02  1.24089550e-02 -1.95847005e-02
  1.78679693e-02 -8.64299685e-02 -5.31325527e-02  3.48694175e-02
  9.53720510e-03 -4.82466556e-02  1.72714354e-03  4.69894037e-02
  3.58928181e-02  5.16040158e-03 -3.98555771e-02 -8.15123692e-02
  3.72981355e-02 -5.19924536e-02 -4.83565331e-02  3.39571238e-02
  5.03028110e-02 -8.39736462e-02  1.46012753e-01  4.12635803e-02]"
509,Business Ethics,Governance,customers,4,0.3809,"[-6.59203902e-02  3.12766689e-03  9.41267330e-03 -2.46390551e-02
 -8.75265971e-02 -1.19773904e-02  1.58399835e-01 -1.16685005e-02
  3.20763215e-02 -6.68866560e-02  8.34070146e-02  1.50712403e-02
  1.83222964e-02 -1.29730823e-02  3.34732533e-02 -3.98447886e-02
  4.10473719e-02 -2.30352092e-03 -4.42625955e-02 -2.28488613e-02
 -1.46660790e-01 -3.37005742e-02 -7.87534416e-02  1.37548847e-02
 -4.91207615e-02  3.81494723e-02 -7.67294958e-04  5.68841659e-02
 -2.96176746e-02 -7.12711886e-02  4.02666954e-03  2.88355723e-02
  1.32891759e-01 -5.11209437e-05  2.34600566e-02  2.75689121e-02
 -4.32844684e-02 -1.53212110e-02  2.99984124e-02  1.08069349e-02
 -1.18952589e-02 -6.20268956e-02 -8.97834450e-02  5.47089102e-03
  7.90256709e-02 -3.02649494e-02  5.25776818e-02  9.01009068e-02
  6.00898154e-02  6.39852434e-02 -4.99101505e-02 -2.28416380e-02
 -3.38262431e-02 -6.72757253e-03  2.77485070e-03 -3.71438749e-02
  2.41021756e-02 -3.85351069e-02  1.55780679e-02  1.67122744e-02
  3.12648388e-03 -6.60125315e-02 -1.68532282e-02  6.76580966e-02
  3.05473451e-02  1.95624549e-02 -1.11501738e-01  2.35431250e-02
 -6.43937886e-02 -3.39563750e-02  3.27141676e-03 -1.52061209e-02
 -1.63303670e-02  3.46590169e-02  5.15143573e-03 -7.19959615e-04
  4.84485552e-02 -5.18500395e-02  6.90168515e-02 -2.40320880e-02
 -1.55471666e-02 -8.58711004e-02 -2.40895860e-02  2.36656237e-02
 -6.91623017e-02 -2.97019463e-02  6.08119480e-02 -2.41655912e-02
 -2.19123159e-02 -3.63397710e-02  1.00323036e-02  6.07008226e-02
  1.66927632e-02 -3.79007272e-02 -7.23895431e-02  1.83047762e-03
  5.92207653e-04 -6.73618317e-02 -1.85594056e-02  2.31291503e-01
  1.59498453e-02  6.64146468e-02  4.37983125e-02 -7.47979805e-03
 -9.27353874e-02 -4.20641154e-02 -2.58755777e-02  7.93745741e-02
  7.24828942e-03  2.18154714e-02 -7.59136975e-02 -1.54810364e-03
 -8.61221477e-02 -5.39522897e-03  3.26145664e-02 -8.27945098e-02
  3.28229857e-03  4.88089658e-02 -9.17824265e-03  4.26561497e-02
 -1.36713153e-02  8.88686329e-02 -2.63950825e-02 -1.83423217e-02
 -5.13102636e-02 -1.01024685e-02  4.23628651e-02 -6.43918026e-33
 -8.25774148e-02  3.69750224e-02  3.94548774e-02 -1.96624128e-03
  3.49100232e-02  2.46369746e-02 -4.25545452e-03  3.23048346e-02
 -2.08954513e-02  6.68521821e-02 -2.89936457e-03 -2.16285745e-03
  2.08303984e-02  3.43188494e-02  5.91342337e-02  3.36884782e-02
 -3.01707778e-02 -3.53475381e-03 -2.41851285e-02 -2.44548563e-02
 -3.43665667e-02  3.62508222e-02  6.18901383e-03  8.43188614e-02
 -2.23647822e-02 -7.41719455e-02  2.43246816e-02  2.91625205e-02
  1.14188194e-01  2.30532978e-03  1.45185113e-01  6.39521377e-03
  3.81631665e-02  2.94427332e-02 -6.36761189e-02  4.81904000e-02
 -7.14299688e-03 -1.00167766e-01  2.20792387e-02 -2.20346730e-02
 -6.25964180e-02  3.20789628e-02  5.10682985e-02 -1.41962094e-03
 -8.65792856e-02  3.94918844e-02  1.95412468e-02 -9.85532347e-03
 -8.79057646e-02  7.53706917e-02 -4.17478010e-02  2.05029510e-02
 -4.07325290e-02  1.12524547e-01  2.35961434e-02 -4.82180761e-03
  5.85589297e-02 -7.43886977e-02 -1.47821391e-02 -3.71668488e-02
  5.13574779e-02  4.66988198e-02 -1.45547390e-02 -2.81088636e-03
 -2.43950151e-02 -1.13456789e-02  3.27042565e-02 -5.30001447e-02
  8.82573202e-02  8.82996339e-03 -3.43078561e-03  4.04617973e-02
  5.25813401e-02  1.67330410e-02 -7.09541738e-02  9.73344781e-03
 -1.06517017e-01  5.88511340e-02  5.30970581e-02  2.08040830e-02
  2.45619491e-02 -2.93250289e-02  7.30163679e-02  3.40062194e-02
  2.21678037e-02  3.27740088e-02  3.54152173e-02 -7.81866312e-02
  7.91398436e-03  4.50288318e-02 -6.68156743e-02  6.10705055e-02
  2.79301498e-02  1.20417126e-01  2.57732812e-02  5.06448700e-33
 -3.62197794e-02  5.26173636e-02 -6.84893653e-02  7.33424574e-02
  1.27519555e-02 -2.03165002e-02 -3.73860002e-02 -5.92460819e-02
 -3.16894650e-02  7.53906742e-02 -8.94165114e-02 -2.36655623e-02
  2.31982246e-02 -9.82544292e-03 -2.91988011e-02  4.80476394e-02
  1.14546396e-01 -2.84366980e-02  2.07958743e-02 -6.67306269e-03
 -2.02704519e-02 -3.49262618e-02 -5.47939166e-02  1.90421753e-02
 -1.47513086e-02  3.95072028e-02 -4.94119572e-03 -5.63689657e-02
 -9.02127400e-02 -6.23360462e-02 -4.87325154e-02 -3.46224420e-02
  2.31232634e-03  1.18360985e-02 -1.47125721e-02  2.22202893e-02
 -2.15240829e-02  8.49621147e-02 -1.65856220e-02  7.64413252e-02
  1.08977601e-01 -5.40244728e-02  3.10684107e-02  4.63607572e-02
 -3.32285278e-02 -4.56583947e-02  5.73577508e-02 -8.30155015e-02
  4.61508073e-02  2.28899438e-02 -1.18979394e-01 -1.86770968e-02
 -2.16228291e-02  1.73923504e-02 -7.62379244e-02  4.61114906e-02
  6.74420595e-02 -1.98305305e-02  5.50664961e-02  4.36568931e-02
  5.87714985e-02  1.71362367e-02  1.98520832e-02  7.18566701e-02
  2.60694120e-02 -5.26824333e-02  3.47043872e-02 -3.87792103e-02
  3.06862630e-02 -6.96925595e-02  9.77804046e-03 -1.61288604e-02
 -4.52464744e-02 -3.63671151e-03 -8.87714922e-02 -2.38186214e-02
 -1.20926417e-01 -5.33490367e-02 -1.35885170e-02 -6.39837608e-02
  1.18036680e-02 -7.18229562e-02  2.20498536e-02  8.46105814e-02
 -1.99248865e-02 -9.01714489e-02  1.29798755e-01 -1.46452067e-02
 -4.46041115e-02 -4.33187224e-02 -1.84534378e-02  5.32298014e-02
 -3.92070077e-02 -3.94950472e-02 -2.32435465e-02 -1.25103927e-08
 -4.06558886e-02 -2.46716496e-02  3.18576954e-02  2.08770838e-02
  9.10025761e-02 -5.32968789e-02  1.64831076e-02  6.74500391e-02
 -2.12967419e-03  6.86397776e-02 -1.54023226e-02 -2.68292939e-03
 -4.82013710e-02  7.42808208e-02  1.08614951e-01  5.33975661e-02
 -2.03947313e-02 -2.07472872e-02 -4.97335382e-02 -1.28133707e-02
  1.94928106e-02  7.47070536e-02  3.57691087e-02 -2.64346544e-02
  3.48390229e-02  3.12467646e-02 -1.66002400e-02  7.69244656e-02
  5.93893602e-02 -2.96583548e-02 -3.63723338e-02  1.10574206e-02
  2.83790589e-03 -7.46785030e-02  1.17687173e-02 -1.49399498e-02
 -2.21103895e-02 -2.01721489e-02 -2.45253611e-02 -4.20276485e-02
 -7.21824989e-02  2.40237499e-03 -1.05896378e-02 -1.41111342e-03
  1.07622072e-01  3.15288752e-02 -3.83388847e-02  2.90773343e-02
 -3.37802642e-03  1.83849242e-02 -3.87744196e-02 -2.01450326e-02
  1.01813823e-01  1.21370638e-02 -2.13048495e-02 -9.46327001e-02
  3.04589961e-02  2.90520932e-03 -1.25237415e-02  4.54594120e-02
  1.51584279e-02  4.08833697e-02  5.14394278e-03 -1.46818990e-02]"
510,Tax Transparency,Governance,tax,1,0.6704,"[-2.65830345e-02  5.31028882e-02  1.64878350e-02 -3.14331725e-02
 -1.13280639e-02  2.13683471e-02  1.65031374e-01  6.83981320e-03
 -5.16773062e-03  1.11850388e-02  8.81680548e-02 -8.68074317e-03
 -1.45113468e-01 -3.98998074e-02 -4.49814089e-02  5.87420259e-03
 -2.82342415e-02  3.95239778e-02 -2.87321601e-02  4.17357422e-02
  9.37224701e-02  2.92970240e-02 -4.01105769e-02  3.36097814e-02
  1.31924972e-01  3.63055035e-04 -4.93757464e-02  8.42920132e-03
  7.70415878e-03 -7.09263533e-02  2.47299131e-02 -9.34521109e-03
 -8.44849646e-02  5.66813280e-04 -1.75957233e-02 -4.13265824e-02
  2.79645640e-02  2.18079835e-02 -1.97287928e-03  1.15176858e-02
 -1.02342863e-03 -4.30355966e-02 -6.72496408e-02  1.00189457e-02
 -1.85194463e-02 -3.02352458e-02  5.47407009e-02  3.82207483e-02
  6.02395572e-02  1.38148680e-01  2.16127057e-02  5.57884835e-02
 -7.07445806e-03  3.18758339e-02  7.06984997e-02 -1.42416432e-01
 -2.33190991e-02  5.18892743e-02  2.38834582e-02 -1.24369450e-01
 -5.80223724e-02 -8.09382200e-02  2.22870652e-02  4.05239873e-03
  8.25388506e-02 -1.28514450e-02 -1.35533614e-02 -5.74513115e-02
 -8.61612931e-02 -1.27719223e-01 -7.49693885e-02 -2.70454120e-02
  1.53978020e-02 -7.79498694e-03 -8.56141653e-03 -9.36177894e-02
  5.31838164e-02  6.91542998e-02  1.08710909e-02 -5.99250682e-02
  1.98482778e-02  5.54401651e-02 -2.30276249e-02 -1.61880199e-02
  5.51590249e-02 -1.77950244e-02  4.82849292e-02  5.27066253e-02
  5.82296774e-02  5.71225956e-02  4.38165152e-03 -2.53285449e-02
  5.45110144e-02  9.37925652e-03 -1.09869331e-01  2.17069425e-02
  7.36973435e-02 -5.06409705e-02  1.29968021e-02  2.21684203e-01
  5.51460907e-02  3.84989753e-02 -6.98764920e-02 -3.02141067e-02
  6.69818697e-03  7.44190114e-03 -6.29882747e-03  9.00929347e-02
  1.99473202e-02 -3.84904109e-02 -3.73792648e-02  1.79814938e-02
 -7.30070248e-02 -1.11680769e-03 -1.85289998e-02  4.17668074e-02
 -1.05067976e-02 -3.65734957e-02  7.66874626e-02 -1.19177200e-01
  6.97410852e-03 -1.44220591e-02 -5.20105883e-02 -5.82514144e-03
 -8.41852874e-02 -1.10886306e-01  2.95359418e-02 -5.70357536e-33
  1.09080635e-02 -3.91364517e-03  2.54428331e-02 -4.97228205e-02
  2.60593742e-02  1.31763397e-02  5.76809309e-02  4.64465357e-02
 -5.15532866e-02  1.20095648e-02 -8.19745287e-02 -2.86308993e-02
  6.94506988e-03 -1.26465280e-02  6.52736723e-02  6.14632703e-02
 -5.88213690e-02  2.24526338e-02  7.53941536e-02  2.10609101e-02
  4.69946600e-02  7.94683862e-03  5.44057228e-02  2.96236612e-02
 -4.36159708e-02  5.09268381e-02 -3.92615162e-02 -7.62377009e-02
 -2.98625417e-02  4.52598818e-02  2.13415790e-02  8.25435892e-02
  8.55370983e-02 -6.29366189e-02 -3.78055200e-02  3.12741101e-02
  3.97837348e-02  4.10452345e-03  8.31434038e-03 -5.68760075e-02
 -2.39789896e-02 -3.56992111e-02  8.02397579e-02 -1.37758872e-03
 -1.03764549e-01 -1.16808340e-02  8.92437696e-02  4.60580960e-02
 -1.28766745e-02  2.10744366e-02 -1.95066668e-02 -4.12898399e-02
 -2.24113725e-02 -5.84244765e-02  1.15715628e-02 -2.38830056e-02
  3.28883231e-02 -2.78070755e-02 -2.47260556e-02 -2.28063669e-02
  6.12603873e-02 -2.82300748e-02 -1.77403595e-02  5.54901995e-02
 -9.88288745e-02 -7.14547113e-02  1.41478926e-02 -4.07831073e-02
  8.99223983e-02 -1.46836042e-02 -4.02323641e-02  3.97746032e-03
  7.04771057e-02 -1.14072673e-02  3.86622548e-02  7.43394867e-02
 -2.48790327e-02 -3.05251405e-02  1.40696596e-02  3.80651914e-02
 -4.34099175e-02 -2.90713888e-02 -9.25662369e-02 -7.37158060e-02
  4.12153378e-02  8.32787603e-02  3.42388935e-02  2.78233383e-02
  2.51412466e-02 -3.32882814e-03 -4.51678261e-02 -8.87709484e-03
  4.02010940e-02 -2.83760671e-02  5.23841903e-02  3.06826066e-33
 -3.20759453e-02  2.79013924e-02  6.78838184e-03  1.06247077e-02
 -2.56289635e-02 -1.11146597e-02  5.14421463e-02 -7.04571083e-02
 -7.80037045e-02  1.06333122e-01 -5.17355986e-02 -2.38700639e-02
  7.13785086e-03  7.09126666e-02  6.62447233e-03 -2.91696172e-02
  1.70012377e-02 -4.92315590e-02  3.20131257e-02 -5.96977770e-02
 -5.23840711e-02  7.68290535e-02  3.73270065e-02  8.02825689e-02
 -5.48648089e-02  1.14804413e-02 -5.23044132e-02  2.97798533e-02
  1.09931026e-02  1.48586212e-02  3.27457190e-02  4.70607318e-02
 -3.36567797e-02 -1.66371614e-02 -2.21196795e-03  1.81605089e-02
 -2.02667245e-04 -2.70215925e-02  3.69728543e-02  3.34984576e-03
  7.64957583e-03 -3.65580544e-02  3.00891250e-02  7.96590820e-02
  3.43447216e-02 -2.81579327e-02 -7.86966458e-02  3.55445258e-02
  2.00335812e-02  1.40512204e-02 -2.09947992e-02 -7.78978411e-03
  8.57354887e-03  2.59078965e-02 -7.15118051e-02  8.19864720e-02
 -6.11011945e-02 -2.65587633e-03 -2.74003707e-02  1.42792175e-02
  4.14975211e-02  1.81752797e-02 -3.13197412e-02  7.08829463e-02
 -6.52073622e-02 -3.36633995e-02  5.39983958e-02 -7.58754984e-02
  1.21138550e-01 -3.52698117e-02 -2.03799382e-02 -7.15607852e-02
 -8.75766426e-02 -2.51984317e-02 -1.50163602e-02  5.50952032e-02
  5.13154417e-02  3.74485739e-02  5.95697537e-02 -4.03928058e-03
  1.41627330e-03 -5.68640009e-02  4.74577071e-03  1.14646116e-02
 -5.44871874e-02 -9.20431539e-02  3.52878794e-02 -2.86980160e-02
  4.00052313e-03 -1.13199204e-02 -3.75632830e-02  5.56695051e-02
  1.14581864e-02  4.26336192e-03 -2.28014234e-02 -1.30581199e-08
  5.74346352e-03  1.07319020e-02  7.50405481e-03  6.14100806e-02
 -7.71349110e-03 -3.95662151e-02  1.75426621e-02  6.05184585e-02
 -1.53669193e-02  1.81923120e-03  6.77847862e-02 -3.67365638e-03
 -1.44435018e-02  3.23842326e-03 -2.63279676e-02  5.03877625e-02
 -1.39163025e-02  2.62059867e-02 -1.52259506e-02  6.43235072e-02
  2.62564272e-02 -1.90072674e-02 -5.40232845e-02  6.72705248e-02
 -1.57312062e-02 -5.89405699e-03  8.08247328e-02  1.22270711e-01
  4.23436165e-02  1.78221967e-02  3.08080744e-02  5.64247109e-02
 -5.30327037e-02  2.51761060e-02 -9.87679437e-02 -5.18398173e-02
 -5.76387905e-02  8.74785148e-03  3.77174467e-02  2.78271511e-02
  2.61799037e-03 -5.49681596e-02  1.33602098e-02 -4.26565558e-02
 -5.58645278e-02  2.98746047e-03 -1.08088866e-01 -1.10117063e-01
 -7.28777424e-02 -7.45077804e-02  1.90339312e-02  2.56309751e-02
  2.79428475e-02 -3.25539671e-02 -2.90492550e-02 -1.38080399e-02
 -1.19431885e-02  5.71139157e-03 -6.70623034e-02  2.29716511e-03
  1.13890417e-01 -5.24898432e-02  5.92209734e-02 -1.65187810e-02]"
511,Tax Transparency,Governance,revenue,3,0.435,"[-3.13075632e-02  4.89958860e-02 -4.46763299e-02 -3.08605824e-02
 -4.47585359e-02  3.41253448e-03  1.18407920e-01  6.47953600e-02
  4.37495187e-02  2.41042479e-04  3.32451542e-03  5.59107214e-03
 -3.45297046e-02 -2.70389542e-02 -2.21273005e-02 -1.46799432e-02
  1.71803646e-02 -4.07389086e-03 -4.52270657e-02  1.06504047e-02
  6.17126711e-02  2.84328498e-03 -4.62942151e-03  2.34340448e-02
  5.08709215e-02  1.28210289e-02 -4.82911877e-02  5.31579331e-02
  2.85910666e-02 -7.26693124e-02 -2.29922272e-02  8.02187528e-03
  5.08515015e-02 -1.85822821e-04 -2.72046085e-02  1.26535781e-02
  2.81591289e-04  3.47090932e-03 -2.71308329e-02  3.52029204e-02
  4.20206599e-03 -5.81907295e-02 -9.01900828e-02 -3.02240960e-02
  8.34621023e-03 -4.61239368e-02  2.64766719e-02  7.05038756e-02
  3.27152088e-02  1.35221153e-01 -8.98646470e-03  3.81942354e-02
 -1.89159010e-02  5.11562601e-02  7.68642873e-02 -5.06167337e-02
  1.75511520e-02 -1.56340227e-02  1.53962318e-02 -6.34020716e-02
 -5.54833896e-02 -6.13055788e-02 -7.89563823e-03  3.15492563e-02
  6.46534562e-02 -6.81089312e-02 -4.47517745e-02  5.13238497e-02
 -1.10093847e-01 -6.17086589e-02  1.24302162e-02 -2.59584077e-02
 -3.27335969e-02 -7.27949515e-02  3.24232411e-03 -3.73879299e-02
  7.97866508e-02  4.62725572e-02  9.73682757e-03 -4.08779979e-02
  5.84141724e-02  1.55056398e-02 -8.07415321e-02  2.95863207e-02
  7.46195810e-03 -1.53167024e-02  9.50188935e-02  3.14905047e-02
  5.89889996e-02  5.25998734e-02 -3.29911597e-02 -2.56570522e-02
  5.02159111e-02 -3.90703492e-02 -9.95714590e-02  4.57200110e-02
 -3.37151834e-03 -1.29391119e-01  9.20093134e-02  2.44363949e-01
  2.25206632e-02  5.65496348e-02  1.28814140e-02 -7.07663223e-02
 -5.67132011e-02 -6.82185888e-02  1.30362725e-02  1.26674786e-01
  5.64354705e-04 -7.07929768e-03 -5.92721403e-02  6.53405394e-03
 -7.17173740e-02 -1.18641593e-02  1.22860810e-02  2.34217122e-02
 -7.11580813e-02  1.35179050e-02  4.10921946e-02 -5.55952862e-02
  2.74864826e-02  1.53583176e-02  5.71010343e-04  8.72726087e-03
 -1.04082115e-01 -4.66957055e-02 -3.17949094e-02 -4.67563862e-33
 -2.45159212e-02 -4.82900329e-02  3.49392816e-02 -5.17454781e-02
 -3.87706910e-03  2.58744229e-02 -1.31522464e-02  2.21538059e-02
 -3.04215923e-02  3.78786251e-02 -5.06131537e-02  3.63394134e-02
  3.34854834e-02  3.61575633e-02  1.06938869e-01  1.96740944e-02
 -8.63716900e-02  9.42509323e-02  5.10185994e-02  2.76195109e-02
 -9.16902348e-03 -2.98784319e-02  5.43529093e-02  1.27169728e-01
 -3.07735405e-03 -5.08088013e-03 -3.17925662e-02 -4.11670171e-02
  6.97748223e-03  2.63661854e-02  2.76084337e-02  4.31171916e-02
  9.51319039e-02 -2.03086827e-02 -4.26782668e-02 -9.12331790e-03
  3.22449319e-02 -5.95004149e-02  3.71548496e-02 -1.44715607e-02
 -5.99236675e-02 -3.69140208e-02  7.69994035e-03 -5.33085549e-03
 -1.49443433e-01  3.71412896e-02  6.22239150e-02  1.37566840e-02
 -2.71596219e-02  2.39902008e-02 -3.63714360e-02  1.06810732e-02
 -6.31150529e-02 -4.37746570e-02  3.53236236e-02 -2.56310636e-03
 -2.86887307e-02 -3.85255329e-02 -2.52903551e-02 -8.85857642e-03
  8.41817707e-02  3.64025384e-02  2.44517643e-02  4.29918244e-02
 -6.69308528e-02  6.07718108e-03  5.92330396e-02 -1.59377344e-02
  8.37760642e-02 -3.75142023e-02 -5.20001054e-02 -4.55541648e-02
  3.30384485e-02 -1.27224121e-02  6.31500082e-03 -5.84094971e-03
  2.63179857e-02 -7.60055147e-03  3.04560624e-02  1.23977117e-01
 -1.89214461e-02 -2.46585794e-02  1.55472225e-02 -3.38719338e-02
  4.09513935e-02  6.34943396e-02  1.72399189e-02 -3.14103961e-02
  1.23343384e-02  5.83061092e-02 -5.27495481e-02  1.11481221e-03
 -3.74414995e-02  3.12644616e-02  7.24599883e-03  2.66412736e-33
 -4.65896819e-03  1.11046568e-01 -1.29004503e-02  4.41524163e-02
 -5.49265556e-02  4.28009443e-02  3.54181305e-02 -2.13130638e-02
 -2.58663148e-02  3.08400057e-02 -1.22592390e-01  4.76042069e-02
 -4.05778550e-02  6.85191825e-02 -3.27993371e-02 -5.37728779e-02
  1.22195363e-01 -3.82104144e-02 -1.23929316e-02 -3.51679064e-02
 -2.21164599e-02  7.60750324e-02 -2.36600824e-02 -1.83546846e-03
 -4.41731289e-02  4.02477235e-02 -9.66930091e-02  3.17873657e-02
 -5.30128814e-02  3.11709382e-02  7.60506913e-02 -2.89325770e-02
 -1.08734056e-01  6.39541599e-04 -6.44990131e-02  3.30456123e-02
  1.51292114e-02  1.96526535e-02 -3.88590130e-03 -8.00024252e-03
  6.13809377e-02 -2.77749300e-02  2.03536507e-02  6.42605573e-02
 -7.07655959e-03 -2.89228391e-02 -4.09982540e-02  1.74841564e-02
  7.56227747e-02 -1.70940459e-02 -5.06054424e-02 -9.74600948e-03
 -5.04215397e-02  2.68308185e-02 -1.18366182e-01  4.15397994e-02
 -3.11752856e-02 -1.59687456e-02  1.50539130e-02  2.28981674e-03
  3.65015939e-02  3.57642993e-02 -2.29880437e-02  1.28432333e-01
 -1.09037325e-01 -2.19513681e-02  3.95031348e-02 -5.26282452e-02
  2.31604297e-02 -5.64648733e-02  2.11148374e-02  6.32226747e-03
 -1.30567662e-02 -2.65818890e-02 -9.21025053e-02  1.60078928e-01
 -7.14636967e-02  5.78255998e-03  2.51623280e-02 -4.60828468e-02
 -1.02117006e-03 -3.61821204e-02  5.74153429e-03 -5.35444990e-02
 -1.04723983e-01 -5.42275943e-02  5.90155087e-02 -5.45502938e-02
 -2.25192104e-02 -1.99403614e-02 -5.91292158e-02 -1.08791376e-02
 -3.52056473e-02  2.85699352e-04  1.12977531e-02 -1.27328521e-08
  2.60048993e-02  1.64583512e-02  4.40252982e-02  4.35103215e-02
  4.93554585e-03 -5.46889342e-02  3.87342796e-02  1.07935719e-01
  6.30311146e-02  2.40045376e-02  3.90708894e-02 -4.38020602e-02
 -3.39620784e-02  4.41589355e-02  1.72067359e-02  6.06733598e-02
 -5.88337630e-02  4.68495712e-02 -2.44832821e-02 -3.59472297e-02
 -4.56824091e-05  1.34658869e-02  1.17209246e-02 -5.32808900e-02
 -1.36128149e-03 -4.26343679e-02  6.66412935e-02  7.25263879e-02
  2.12665703e-02 -1.98131036e-02  1.54750962e-02  7.05317557e-02
 -2.40300093e-02 -1.37139568e-02  3.56697972e-04 -6.96545616e-02
 -6.38970956e-02  2.10172404e-02  3.61476317e-02 -4.46995012e-02
 -1.76317319e-02 -1.20287994e-02  5.72415031e-02 -4.00542133e-02
 -4.93057594e-02  5.45242010e-03 -1.04221627e-01  2.43702289e-02
 -8.94241408e-03 -1.01753935e-01  5.82728013e-02  4.39285710e-02
  4.28737402e-02 -3.29468362e-02  4.45445739e-02 -7.19086826e-02
 -9.13693663e-03  7.92210735e-03 -5.16056754e-02  2.00684834e-02
  8.32253247e-02 -6.07363544e-02  1.01564944e-01 -6.81293458e-02]"
512,Tax Transparency,Governance,income,3,0.3799,"[-1.66089907e-02  3.39689068e-02  3.09168798e-04  4.50641289e-02
 -4.49000709e-02 -1.69536956e-02  9.86164063e-02  1.83076337e-02
 -5.97190158e-03 -3.92351747e-02  3.22295167e-02 -8.98902863e-02
 -7.51173943e-02 -1.43963506e-03 -5.41411042e-02 -9.88860338e-05
  1.94014702e-02  1.38272587e-02 -1.05683217e-02 -2.40024924e-02
  4.24391031e-02 -8.72176979e-03 -3.26983593e-02 -6.50993511e-02
  1.20256782e-01  2.28157631e-04  6.72817277e-03  5.59499525e-02
  4.70610410e-02 -3.01732961e-02  4.97279279e-02  6.63686991e-02
  9.18282270e-02 -4.06611059e-03 -2.84782387e-02 -1.12063661e-02
  7.48328120e-02  2.72210427e-02 -8.14792328e-03  3.22464965e-02
  1.58959266e-03 -7.53773823e-02 -1.23146828e-02 -7.04913437e-02
  7.39801582e-03 -5.81175722e-02  1.04589693e-01  6.70900866e-02
  1.70239192e-02  1.29393712e-01 -2.56312452e-02  6.28975704e-02
  2.20477842e-02  3.18581834e-02  2.98165977e-02 -1.95550397e-02
  2.33074985e-02  8.09988566e-03  1.73974894e-02 -3.72579731e-02
 -1.08074360e-02  1.43026384e-02 -8.76987062e-04  1.73684023e-02
  1.16887949e-01 -3.61011252e-02 -5.08233532e-02 -3.20792431e-03
 -1.51380628e-01 -3.70844565e-02 -3.04332972e-02 -7.09349960e-02
 -6.56948239e-02 -4.54428084e-02  5.39521128e-02 -7.70629495e-02
  6.32249042e-02  1.44818854e-02 -2.06149518e-02 -5.31440340e-02
  7.16158329e-03  1.56863369e-02 -8.91513601e-02  4.27784175e-02
 -9.66116879e-03  1.62569415e-02  5.86685613e-02  4.88653854e-02
  7.38478750e-02  3.45357321e-02  2.56352425e-02 -5.25944540e-03
  4.39574271e-02 -9.21411254e-03 -3.67449000e-02  1.66791622e-02
  2.98813195e-03 -1.05621457e-01 -5.79236913e-03  2.03113347e-01
  8.23903177e-03 -8.08997359e-03  9.75411199e-03 -4.88683172e-02
 -2.67248005e-02 -3.43268402e-02  3.77999209e-02  1.27405673e-01
 -4.33884002e-02  2.39796937e-02 -2.41110101e-02  4.24829405e-03
 -9.02605057e-02 -1.40669402e-02  1.99360261e-03 -6.93053082e-02
 -6.20345771e-02 -1.72464293e-04  1.92618892e-02  3.97576652e-02
  8.87923092e-02  4.84946780e-02 -4.33216766e-02  4.05337662e-02
 -4.71024476e-02 -1.11084960e-01 -9.74342402e-04 -5.22250173e-33
  5.03663942e-02 -1.28592066e-02  5.51819950e-02 -2.64975913e-02
 -2.39714067e-02  4.50691693e-02  3.27603407e-02  3.05816140e-02
 -2.46221945e-02  3.31480131e-02 -2.70804297e-02  6.99288175e-02
  1.51871918e-02  1.66875403e-02  8.02097619e-02  5.74875548e-02
 -3.37505937e-02  2.80530136e-02  2.60292180e-02  4.79341447e-02
  3.87354642e-02 -1.94679517e-02  4.29884046e-02  8.07578191e-02
  3.05643231e-02  2.77534928e-02 -6.19589426e-02 -2.51132939e-02
  6.24104254e-02 -2.74775922e-03  9.08477046e-03  2.43717805e-02
  5.98229878e-02 -1.34390280e-01 -4.67307307e-02  2.31193248e-02
 -1.24315936e-02 -3.82729769e-02  2.43758056e-02 -4.58289124e-02
 -4.55560721e-02 -6.08659647e-02  6.33116290e-02  1.90287512e-02
 -9.39525291e-02  5.82015179e-02  9.93160680e-02  7.63742700e-02
 -3.64551209e-02  9.98353213e-02 -9.95796453e-03  2.78992113e-03
 -9.07792225e-02 -8.70480463e-02 -6.07745126e-02 -2.24717539e-02
  2.17713304e-02  5.94222173e-03 -1.39134992e-02 -6.29654750e-02
  1.20688369e-02 -4.73140776e-02 -1.57868359e-02 -8.87429435e-03
 -4.03133221e-02  4.89534438e-02  4.17526476e-02  8.67263041e-03
  7.99259990e-02 -1.04623707e-02 -6.45513609e-02  2.89658271e-02
  7.33988211e-02  1.01468735e-03 -1.32086016e-02  4.13409211e-02
 -1.62052419e-02 -1.49026327e-02  2.47986205e-02  9.00832266e-02
 -1.94406379e-02  3.78712304e-02 -1.10041229e-02 -3.53224911e-02
  9.58841741e-02  1.04271226e-01 -1.04136663e-02 -2.13984656e-03
  3.98873724e-02  2.05124468e-02  3.26271605e-04 -4.03845794e-02
 -2.78880466e-02 -3.47940028e-02  1.45767471e-02  2.62075676e-33
 -8.35944489e-02  4.28940319e-02 -6.72588274e-02  5.32062948e-02
 -1.38197150e-02  4.50995332e-03  7.66755566e-02 -2.32175216e-02
 -4.15976951e-03  9.78875607e-02 -7.53218010e-02 -1.93160512e-02
  6.64541721e-02  5.58257997e-02 -7.29287788e-02 -4.51309308e-02
  1.17368679e-02 -2.87267286e-02  3.90636474e-02 -1.35356076e-02
 -3.54762599e-02  5.85725531e-02  5.86518534e-02  6.83710426e-02
  3.66547774e-03  4.84071709e-02 -8.77647325e-02  5.99095188e-02
 -8.57877508e-02  1.67867839e-02  6.12851493e-02 -4.33050375e-03
 -4.83639613e-02 -5.30845560e-02 -2.93237790e-02  4.75645624e-02
 -6.50030449e-02 -1.16644101e-02  7.01695168e-03  2.92474474e-03
  5.19376621e-02 -4.55015227e-02 -2.01098304e-02  3.68850268e-02
 -1.60224531e-02 -5.93953393e-02  4.80348244e-03 -8.35906249e-03
  8.59183744e-02 -1.97468791e-02  2.60566305e-02  7.81481806e-03
  4.76185940e-02  5.14945202e-02 -6.27433807e-02  6.13539889e-02
 -3.04683931e-02 -4.53302823e-02 -1.52417338e-02 -3.88229564e-02
  1.94593295e-02  2.69619860e-02 -4.12931554e-02  1.54845640e-01
 -3.14624794e-02 -5.40374517e-02  2.13916954e-02 -8.12464431e-02
  2.76549924e-02 -7.09067136e-02  3.97268906e-02 -4.92287092e-02
  7.78817907e-02 -9.18423980e-02 -3.09765898e-02  1.05045632e-01
 -1.90345850e-02  3.14098038e-02  5.71939796e-02  1.85457654e-02
 -4.68574017e-02 -6.99920952e-02  4.25457247e-02 -1.42599072e-03
 -7.89004713e-02 -8.13498199e-02 -3.84561755e-02 -3.98010500e-02
 -1.77716818e-02  9.57926456e-03 -9.25997421e-02  5.94084002e-02
 -2.25062314e-02  3.01788673e-02 -3.42041929e-03 -1.24634658e-08
  4.46072854e-02  2.24944931e-02 -4.88904826e-02 -1.03223948e-02
  9.22118407e-03 -6.51905462e-02  3.20389718e-02  1.40156291e-04
  4.36045639e-02  8.43356848e-02  2.48838170e-03 -4.05837782e-02
 -1.56026557e-02 -1.96672063e-02  7.09959911e-03  4.14790697e-02
  3.62551659e-02 -2.72128042e-02 -2.53245737e-02 -1.40057495e-02
  9.63745564e-02 -1.62845105e-02 -1.60664134e-02  3.18517610e-02
 -1.18373716e-02 -6.02545170e-03  2.23541353e-02  7.77272657e-02
 -1.22147826e-02  3.28991376e-02 -6.51157508e-03 -5.26874792e-03
 -4.10341732e-02 -3.03884633e-02  1.02242855e-02 -6.12844341e-02
 -5.76401176e-03  3.65436822e-02  2.01425087e-02 -3.22215110e-02
  2.91550271e-02 -4.71884198e-02 -6.14447817e-02 -7.18749091e-02
 -5.26615754e-02  1.40148010e-02 -1.56989545e-01 -4.46106717e-02
  3.18049715e-04 -1.21852748e-01  9.14095622e-03  2.08626781e-02
 -1.62241552e-02 -5.64600378e-02 -2.47502550e-02 -7.05685765e-02
  3.14836241e-02  1.55418701e-02 -7.83189386e-02 -2.36676969e-02
  7.49432445e-02 -9.93043706e-02  2.65384950e-02 -6.31218702e-02]"
513,Tax Transparency,Governance,expense,1,0.3589,"[-1.63565744e-02  1.22137539e-01 -2.57996563e-02  3.27599235e-02
  6.83242306e-02  1.40004624e-02  1.66929260e-01  7.60759460e-04
  2.43970901e-02  3.34730409e-02  4.63297591e-02 -5.17470390e-02
 -5.08533008e-02  1.05642397e-02 -9.97797549e-02 -7.50976577e-02
  3.29526626e-02 -1.19980704e-03 -7.73569420e-02  4.89019752e-02
 -1.59396175e-02 -1.36765861e-03  2.27577947e-02  4.96757068e-02
  2.71918550e-02  2.70599965e-02  1.46996500e-02  6.13175472e-03
  7.20709702e-03 -7.57102221e-02  2.06321813e-02 -4.27430943e-02
  1.42624564e-02 -4.23899032e-02  4.78102230e-02  4.64664288e-02
 -5.71578089e-03  2.42416412e-02  5.97849395e-03  2.25499924e-02
 -7.64634013e-02 -2.54862290e-02 -2.32539140e-02 -1.34546617e-02
  5.91235841e-03 -2.69560460e-02 -1.85616850e-03  2.02831738e-02
  1.25986533e-02  9.10045579e-02  6.37499318e-02 -4.78063943e-03
 -1.75113212e-02 -3.37936394e-02  1.79736875e-02 -3.10974903e-02
  2.50115357e-02 -4.80035096e-02 -3.43269184e-02 -4.56890762e-02
 -4.87143435e-02  1.90160461e-02 -4.99953665e-02  3.73783000e-02
  6.97859749e-02  4.70597483e-03  3.69818462e-03  4.24409546e-02
 -1.32664770e-01  1.60668492e-02 -5.36833704e-02 -1.48961898e-02
 -4.59607914e-02 -3.28484038e-03  4.21848111e-02  1.58316223e-03
  1.23638295e-01  4.52016965e-02  1.96552183e-02 -1.93706118e-02
  4.20274436e-02  3.36726382e-02 -1.93612352e-02  1.57692283e-02
  5.33955880e-02  8.54628440e-03  1.03627564e-02  6.62570354e-03
  1.98306795e-02 -1.75112411e-02  3.39863673e-02 -6.92313984e-02
  3.87494862e-02 -2.94147376e-02  1.68389063e-02  1.80219002e-02
  4.83108778e-03  1.94627605e-02 -8.06125998e-03  1.98196709e-01
  2.67550573e-02  3.62094380e-02  7.45547786e-02  1.26445084e-03
 -2.52007544e-02 -2.99397483e-02  5.35278283e-02  5.80843836e-02
  4.70068492e-02  1.10540800e-02 -3.19636837e-02 -3.84777300e-02
 -4.01170552e-02 -8.05440079e-03  5.39653264e-02  4.43705022e-02
 -6.22379370e-02 -1.50913897e-03  1.00429356e-01 -2.37406678e-02
  5.37673570e-03  1.94806512e-02 -8.19076225e-03 -8.18897411e-03
 -1.40974283e-01 -1.45608738e-01 -3.25344391e-02 -4.58602591e-33
 -2.56209541e-02 -2.07224861e-02 -1.28076319e-02 -3.59212942e-02
 -6.07440099e-02 -2.95109209e-02 -1.83222874e-03  1.37613937e-02
 -5.94907291e-02  2.28315704e-02  8.05824436e-03  1.00406803e-01
 -2.92734113e-02 -3.13319708e-03  9.25004482e-02  2.37428863e-02
  1.61549449e-02  1.50664866e-01  7.20424056e-02 -3.29120792e-02
 -2.79599484e-02 -3.71849686e-02  5.61105981e-02  1.59463584e-02
  1.43072475e-02 -3.47601995e-02  2.01945640e-02 -7.19791427e-02
  4.18083221e-02 -4.64510609e-04  3.01564392e-02  3.29763666e-02
  6.51572794e-02 -1.90885067e-02 -5.70510980e-03  1.47756916e-02
 -3.30419652e-02 -8.46527424e-03  2.12832410e-02 -4.02331613e-02
 -3.07414215e-02 -3.74483392e-02  6.73258351e-03 -4.03363141e-04
 -5.72063550e-02 -4.83943382e-03  1.39663965e-01 -1.64686388e-03
 -8.32640305e-02  2.63123307e-02 -4.88888547e-02 -4.10292782e-02
 -6.79416060e-02 -2.32733916e-02 -3.77232470e-02 -8.45339224e-02
  4.98535447e-02 -3.04846019e-02  2.54601259e-02 -7.09829181e-02
  3.19979750e-02  6.22442784e-03 -5.07050706e-03 -6.28247531e-03
 -4.62354794e-02 -4.69665565e-02  8.69558100e-03 -1.03714662e-02
  4.67853062e-02 -2.92222835e-02 -9.35008228e-02 -3.29899602e-02
  7.16703162e-02  3.46073247e-02  1.88855436e-02  7.09749386e-02
 -2.26736385e-02 -2.99675297e-02 -6.53950172e-03  3.87309231e-02
 -7.47596920e-02 -5.53179942e-02  1.05524752e-02  4.31521684e-02
  1.91366095e-02  1.78157929e-02  2.93569528e-02 -2.26296503e-02
 -2.24195775e-02  2.41286270e-02  1.67030829e-03  5.09674521e-03
 -4.21557091e-02 -5.60809523e-02  5.63131943e-02  3.09865968e-33
  2.54482329e-02  3.72876227e-02  4.10644114e-02 -8.73378292e-03
 -1.73228011e-02  8.45905673e-03 -2.20703594e-02 -6.42618835e-02
  1.45401922e-04  6.98277131e-02 -1.52567521e-01  1.72348600e-02
 -4.07529809e-02  1.07117267e-02  3.87516171e-02 -6.31802157e-02
  6.12586290e-02 -5.03634773e-02 -1.81386690e-03 -5.75728975e-02
 -4.78130504e-02  9.23388004e-02  9.47149694e-02 -7.19401166e-02
 -7.58740157e-02  6.27736002e-02 -3.36614884e-02 -7.84296915e-03
 -4.84051332e-02  3.55000794e-02 -2.47250721e-02 -1.87673848e-02
 -2.02075616e-02  4.96611968e-02 -6.25531524e-02  2.15245672e-02
 -2.23159995e-02  1.06947944e-01 -4.07849159e-03 -2.17887498e-02
  3.85074057e-02 -2.88848188e-02  5.31292297e-02  5.56307957e-02
  4.44942415e-02 -8.34125504e-02 -9.12485868e-02 -8.48962069e-02
  1.05040178e-01 -4.66191657e-02  7.53259228e-04 -2.52553690e-02
  6.12343429e-03  4.00832901e-03 -1.20761685e-01  8.35846588e-02
  1.59626398e-02 -4.00771312e-02  3.24736312e-02 -1.44320242e-02
  1.07626142e-02  7.65349716e-02 -1.07929194e-02  5.44561148e-02
 -9.19575915e-02  9.35977232e-03  4.72733229e-02 -8.37110654e-02
  2.45724581e-02  1.04822377e-02 -2.63196845e-02  4.48610354e-03
 -7.43426830e-02 -9.99499299e-03 -8.25341418e-03  8.78227577e-02
 -4.38300456e-04  1.81830097e-02  3.52115147e-02 -4.53571742e-03
  3.86100188e-02 -4.36400101e-02  5.37416199e-04 -3.64524536e-02
 -7.32007697e-02 -1.07413799e-01  1.01969540e-02 -3.10715437e-02
 -4.83687557e-02  1.83014050e-02 -2.81118173e-02  4.25008824e-03
 -3.49301449e-03  9.26390141e-02 -1.93841029e-02 -1.21413830e-08
 -5.70780365e-03  2.92445868e-02  8.53143632e-02  1.93981901e-02
 -7.51081016e-03 -1.28185093e-01  3.39011066e-02  1.39226839e-01
  1.66194662e-02  1.11576900e-01  2.11559236e-02 -2.97672488e-02
  1.25690801e-02  7.01404437e-02 -5.00777364e-02  2.27498058e-02
 -6.93194009e-03 -2.62068156e-02 -4.89056632e-02  1.85109396e-02
 -3.45810986e-05  8.91911145e-03 -1.20909242e-02  6.08715303e-02
  2.89238291e-03 -5.83644733e-02  1.96797755e-02  1.30579025e-01
  1.64106041e-02 -1.55909834e-02  5.30366674e-02  6.83815926e-02
  2.46365797e-02 -2.73051877e-02 -7.35626668e-02 -1.04315706e-01
 -8.12849328e-02  1.01146484e-02  1.34786181e-02  8.58510062e-02
  2.05497677e-03  3.46397806e-04  4.56634685e-02  1.14546455e-02
  3.14598419e-02  1.04331216e-02 -1.60954252e-01 -3.93029824e-02
 -7.70105422e-02 -3.06337755e-02 -8.84746946e-03  2.03623325e-02
  6.17743470e-02  2.82977838e-02 -1.12683754e-02  3.76186194e-03
  6.69868514e-02  3.57781909e-02 -5.97681552e-02  3.78981568e-02
  8.83718207e-02 -6.61034882e-02  2.66110338e-02 -5.52146211e-02]"
514,Tax Transparency,Governance,bribery,1,0.3385,"[-7.08259046e-02  7.66195804e-02 -4.90360484e-02 -3.56479734e-02
  5.97010017e-04 -6.97659748e-03  9.60060433e-02 -3.54087241e-02
  6.33980939e-03  4.31969911e-02  3.39104980e-02  7.07944902e-03
  3.50387990e-02  2.34804414e-02 -2.60340683e-02 -3.19400360e-03
 -1.08491443e-02 -4.55950713e-03 -6.01436570e-02 -2.87224818e-02
 -4.88516055e-02 -8.38306621e-02  4.60043317e-03  9.47304303e-04
  1.98674984e-02  5.30846929e-03 -2.66724024e-02 -2.09896490e-02
  4.24692445e-02 -8.98203924e-02 -1.71261840e-02  2.44110990e-02
  1.26066163e-01  1.99174527e-02 -6.67155012e-02  3.83094624e-02
  4.02802322e-03  1.51664512e-02 -4.21879217e-02  5.36296032e-02
  2.61619557e-02 -7.76935294e-02  3.33888158e-02  3.80192045e-03
 -3.93047631e-02  4.54330025e-03  8.06376413e-02  2.72652600e-02
 -4.86681461e-02 -4.97002271e-04 -3.11512109e-02 -1.74236484e-02
 -1.67725664e-02  4.41700257e-02  3.28472443e-02 -6.99980631e-02
  7.35778585e-02  3.13277207e-02 -1.12850661e-03  2.95400876e-03
  4.90058288e-02  2.32972950e-02 -9.06530954e-03  7.38102617e-03
  1.79924835e-02  9.42255312e-04 -1.86130553e-02  4.31644078e-03
 -5.67714386e-02 -1.65950973e-02  9.37044621e-02 -5.39696142e-02
  4.04404942e-03 -8.67282301e-02  7.65226483e-02 -5.87646849e-03
 -1.16221514e-03  3.67325395e-02  5.99722192e-02 -7.89317861e-02
 -9.49845165e-02  9.55451746e-03  3.52282164e-04 -1.50371008e-02
  4.39383574e-02 -3.38518918e-02 -8.99445917e-03 -5.08084148e-02
  1.03615575e-01  6.69825375e-02  1.31589621e-02 -2.65280902e-02
 -2.88717391e-04  4.98487195e-03 -1.34522930e-01  5.73879369e-02
  4.76553524e-03 -3.68644530e-03  9.12012346e-03  2.43689761e-01
 -2.23142207e-02  9.89473760e-02 -9.46767107e-02 -5.78928329e-02
  8.09044689e-02 -3.39699015e-02  6.03496656e-03 -3.22800837e-02
  3.91113982e-02  1.40667977e-02 -6.86352924e-02  6.31928742e-02
  2.36611441e-02  5.51957451e-02  1.21876486e-02  9.49680284e-02
  3.33682895e-02  7.11009875e-02 -6.62821755e-02  2.41762056e-04
  6.85184821e-02  1.00840796e-02 -4.57875058e-03  2.26502940e-02
 -4.66854982e-02 -8.26123655e-02 -9.78268534e-02 -4.97472846e-33
 -3.43468748e-02 -3.10076419e-02 -8.21362715e-04  4.76483628e-02
  1.85061917e-02 -2.39296854e-02 -2.09808350e-03 -6.16287638e-04
 -5.52259269e-04  6.12251498e-02 -1.47005757e-02  1.07506268e-01
  6.34104609e-02  2.53558345e-02  7.39786923e-02  1.46587528e-02
 -9.85952690e-02 -1.64610408e-02  1.84240583e-02  6.39032712e-03
  4.27110158e-02 -4.21203487e-02  6.49567470e-02  3.50699686e-02
  3.76542658e-02 -3.35669182e-02 -2.23711394e-02 -2.22251881e-02
  1.04224354e-01  2.29146872e-02  1.90625768e-02  2.17120163e-02
  6.20415956e-02 -5.61059117e-02 -4.63008173e-02 -1.31887104e-02
 -1.68468561e-02 -5.37478328e-02  7.15233502e-04  3.19261439e-02
 -4.09189276e-02 -4.52480838e-02  5.71576320e-02  9.93598904e-03
  2.05730306e-04  8.43990520e-02  8.01113844e-02 -1.04433358e-01
 -4.48746309e-02  4.30213809e-02  9.66349326e-04 -6.74919179e-03
  6.74809441e-02 -3.39127406e-02  3.13100917e-03  4.67752386e-03
 -1.14125181e-02  3.21256295e-02 -5.91524467e-02 -2.40942538e-02
  5.45626916e-02  3.51764187e-02  1.87785327e-02  6.87552467e-02
 -1.58191681e-01 -4.21110280e-02  1.82139445e-02 -1.35136303e-02
  4.29041423e-02 -6.95387349e-02  2.29148287e-02  6.05220534e-02
 -1.16149299e-01  1.59517396e-02 -1.12842992e-01  1.17429486e-02
  4.71539237e-02  1.44682871e-02  8.23228136e-02 -8.83944780e-02
 -3.68094295e-02 -3.76965553e-02  6.98592812e-02 -4.59474549e-02
  7.44086283e-04  3.13523300e-02 -9.23297275e-03 -4.99079861e-02
  5.36518469e-02  7.42134452e-02 -1.01683855e-01  3.80175910e-03
  1.59273893e-02 -1.45421140e-02  1.72856487e-02  3.21280459e-33
 -1.06972851e-01 -2.27120947e-02 -2.12457366e-02 -4.65726247e-03
  2.50338912e-02 -3.22928024e-03 -2.42407769e-02 -6.67779818e-02
  1.10690236e-01  4.85440642e-02 -9.47208777e-02 -6.83328658e-02
  9.73346010e-02  4.39219624e-02  9.47755203e-03 -8.24742615e-02
  1.33772539e-02  3.29896323e-02  3.85604091e-02 -1.54034942e-02
  2.67878845e-02  1.16805419e-01 -2.90282629e-02 -4.61574979e-02
 -7.24442750e-02  8.48818049e-02 -6.75037429e-02 -2.52204482e-02
 -2.20091678e-02  7.22973123e-02 -3.56870927e-02  3.34009086e-03
 -6.07371479e-02  8.62573460e-03 -5.75016402e-02  5.15361410e-03
  1.32734822e-02 -1.37986364e-02 -4.97620292e-02 -6.03430234e-02
  4.74010892e-02 -1.64702125e-02  4.15873453e-02  2.47136056e-02
 -1.54119758e-02 -5.38312718e-02 -5.89025170e-02 -6.67402614e-03
  1.05599955e-01 -8.39008670e-03 -3.53427529e-02  3.68090458e-02
  1.12428805e-02  5.71991727e-02 -8.55075717e-02  3.47701460e-02
 -2.56958585e-02  3.52121778e-02  9.07954946e-02  5.60461134e-02
 -1.65272970e-02  5.13054547e-04 -6.23548478e-02  6.17294665e-03
 -6.39156327e-02  1.42692765e-02  2.03113575e-02 -6.68581389e-03
  6.32422566e-02 -7.31288455e-03  1.18869394e-01  7.12614087e-03
 -8.87624994e-02  2.78885812e-02 -4.82619107e-02  1.54764682e-01
 -4.14119102e-02  4.11900505e-02 -6.56234846e-03 -5.71869723e-02
  1.06030283e-02 -4.35570031e-02  2.98553258e-02 -7.54493475e-03
 -5.51856644e-02 -6.41497830e-03  1.58136472e-01 -2.60805450e-02
  1.87504292e-02 -7.62728229e-02 -1.31343985e-02 -2.95413509e-02
  7.35863149e-02  1.78971291e-02  7.24259578e-03 -1.16419914e-08
  2.82952953e-02 -9.49254911e-03 -5.25436038e-03  2.42268350e-02
 -8.01986270e-03 -4.43106107e-02 -8.62893984e-02 -5.55077530e-02
 -5.24953008e-02  6.41983526e-04  4.06205505e-02  6.12703636e-02
 -8.25801212e-03 -1.15420911e-02  4.62337509e-02  5.88926207e-03
 -2.25280114e-02  2.28328686e-02 -6.39014170e-02 -2.37742974e-03
  2.86691301e-02  1.45231821e-02 -5.07613569e-02  1.33342715e-02
 -1.69653073e-02 -4.11846712e-02  2.09415983e-02  8.54062513e-02
 -1.77207366e-02 -2.10914649e-02 -2.58368198e-02  8.09106044e-03
 -2.15165946e-03  9.61312465e-03  2.49884631e-02  2.67139208e-02
 -5.12670353e-02 -4.74688411e-02  2.38831937e-02  1.92887820e-02
 -3.73466238e-02 -4.84449342e-02  2.01632380e-02 -6.74892738e-02
 -6.04713820e-02 -1.67935118e-02 -8.29251111e-02  6.15445673e-02
  7.48520391e-03 -1.79894064e-02  1.48371961e-02 -2.25245953e-02
  7.86880311e-03 -5.59988692e-02  5.26728816e-02 -3.35610099e-02
  3.84212025e-02  5.18519953e-02 -6.38119280e-02  7.76510453e-03
  5.18082827e-02  6.01723674e-04  5.57592399e-02 -3.30004059e-02]"
515,Tax Transparency,Governance,earnings,1,0.3383,"[ 6.02241140e-04  1.02761276e-01 -2.40628812e-02  4.83977981e-02
 -4.97361273e-02 -4.64047818e-03  9.21857953e-02  6.14578975e-03
  5.39921001e-02 -2.29924684e-03  2.46901717e-02 -1.93941891e-02
 -4.38347571e-02 -7.53181241e-03 -8.85474980e-02 -4.51482693e-03
  1.91090722e-02  1.28402011e-02 -9.19795595e-03 -2.04787636e-03
 -4.96970750e-02 -3.60682979e-02  1.61994360e-02 -3.58103998e-02
  1.56470358e-01 -2.61422228e-02  3.46406107e-03  1.01632290e-01
  3.67169604e-02 -5.88401370e-02 -8.55289251e-02 -5.12389317e-02
  1.29839957e-01  1.95470476e-03 -4.55173887e-02 -5.64967468e-02
 -8.25420301e-03  2.98956297e-02 -3.43188364e-03  4.63006198e-02
 -2.39083543e-02 -5.09684086e-02 -3.13201062e-02 -8.09339583e-02
 -7.81446174e-02 -4.51851413e-02  4.94755544e-02  1.12055369e-01
  1.53374346e-02  1.38369709e-01  1.61753986e-02  5.91050647e-03
  2.46339329e-02  4.07425035e-03  3.01271621e-02 -3.39420256e-03
 -6.76500658e-03 -3.25454473e-02  2.82842610e-02 -4.73930920e-03
 -4.21724021e-02  3.41574550e-02 -6.06031455e-02  9.27955210e-02
  1.50311321e-01 -5.15905768e-02 -2.29438879e-02  5.27583733e-02
 -1.10957332e-01 -4.35698703e-02  1.33582596e-02 -6.14458881e-02
 -5.95289394e-02 -4.17824760e-02 -3.20929848e-03 -2.82140970e-02
  3.10764518e-02 -9.29353293e-03 -2.47915424e-02 -1.83765553e-02
 -1.17764913e-03 -3.77887189e-02 -5.97121008e-02  1.37526989e-02
  1.85605790e-02 -1.32711381e-02  1.05346948e-01  7.19525740e-02
  4.00074869e-02  2.36834195e-02 -1.01129692e-02 -2.82913279e-02
  5.60555086e-02 -3.21530811e-02 -4.84780557e-02  9.10598040e-03
 -5.21363765e-02 -7.57156163e-02  2.19590347e-02  1.86363935e-01
  2.63861008e-02  1.72430314e-02 -3.31273116e-02 -3.85572538e-02
 -3.90547961e-02 -5.45734242e-02  5.66950925e-02  4.80419695e-02
 -3.06483060e-02 -7.53893331e-03  6.13821158e-03  1.48988562e-02
 -5.27669117e-02 -3.68518122e-02 -8.51651561e-03 -1.21835396e-02
 -6.15889579e-02  6.07215874e-02  5.21225519e-02 -3.46713625e-02
  7.74984211e-02  3.55860479e-02 -4.29418497e-02  2.28175279e-02
 -9.06615406e-02 -5.84083758e-02 -4.30208892e-02 -5.29500292e-33
  4.06726785e-02 -2.71220002e-02  3.30126956e-02 -1.24119327e-03
 -8.96796491e-03  7.73428380e-03 -1.63433962e-02 -2.54449621e-02
  2.90099457e-02  1.53411767e-02 -5.83014451e-02  3.17888334e-02
  4.97038290e-02 -4.69421409e-02  5.07040136e-02  5.05076014e-02
  2.45041456e-02  6.50708526e-02  4.26813066e-02  6.00814074e-02
  4.29406669e-03 -7.08044991e-02  3.51983905e-02  5.67823835e-02
  7.36674145e-02  2.48954948e-02 -8.48715827e-02 -2.38633286e-02
 -6.41549155e-02  8.29888694e-03  6.71876371e-02  9.12735332e-03
  6.49834797e-02 -5.08511104e-02 -5.33170402e-02 -4.58048582e-02
 -4.22991160e-03  3.19147436e-03  9.76562798e-02  2.02166419e-02
 -4.72289249e-02 -5.60890548e-02 -2.81571858e-02 -8.13724399e-02
 -9.72956792e-02  8.98429155e-02  6.21327981e-02  3.68057117e-02
  1.54851675e-02  6.20699078e-02 -7.33459042e-03  8.95219296e-03
 -6.59216493e-02 -5.34485579e-02  3.89680155e-02 -1.59654282e-02
  4.38940478e-03 -1.88526195e-02 -4.20814892e-03 -3.61772925e-02
  1.70235205e-02  1.28751904e-01  5.14701530e-02 -3.71768326e-02
 -1.22962922e-01  8.87002498e-02  2.75626536e-02  4.14953269e-02
  6.30505458e-02  3.98042277e-02 -1.16127156e-01 -1.70494206e-02
  5.70462085e-02  2.14182120e-03  3.20900977e-02  5.94224036e-03
 -7.64322048e-03 -3.86425108e-02  1.20017715e-01  1.04287632e-01
 -1.54337002e-04  4.64116484e-02  2.26289220e-02 -2.80710105e-02
  7.46363327e-02  9.72554460e-02 -8.91243108e-03  4.90910038e-02
  8.36697146e-02  6.23085499e-02  1.18592009e-02 -5.87814227e-02
 -1.65932551e-02  2.38201227e-02 -4.57122065e-02  2.92279452e-33
 -5.54651991e-02  6.73860535e-02 -3.85976210e-02 -4.48025875e-02
 -9.89639089e-02 -1.41479084e-02  8.25164542e-02  1.91399008e-02
  1.77560449e-02  1.03383012e-01 -2.09832960e-03  3.95006537e-02
 -2.72872467e-02  1.39378812e-02 -1.98938381e-02 -5.51447868e-02
  8.26774538e-02 -5.59469052e-02  2.83105648e-03 -2.60125902e-02
  2.48360317e-02  4.91396077e-02  7.63722062e-02  2.91937590e-02
  4.25522961e-02  8.13313574e-03  8.41275416e-03  6.40964694e-03
 -2.84362268e-02  9.25896876e-03  4.30902615e-02 -5.15789054e-02
  1.49587747e-02  3.94176133e-02 -7.43719924e-04 -2.06655581e-02
  3.10797170e-02 -4.88205180e-02  2.65840348e-02 -5.89956455e-02
  6.78554550e-02 -6.29001036e-02  1.85585786e-02  7.43223652e-02
  2.43737996e-02 -4.86311130e-02  9.53095593e-03  2.56045107e-02
  7.25258291e-02 -2.29523499e-02 -4.20800596e-02 -1.33143859e-02
 -1.56811171e-03  5.68069555e-02 -1.02017961e-01  4.83316109e-02
 -3.65051553e-02 -3.35493684e-02 -1.72230247e-02  7.63277570e-03
 -4.71730419e-02  4.66363616e-02  2.73882225e-02  1.49682730e-01
 -5.07912524e-02 -2.17274274e-03  1.29558155e-02 -3.31865549e-02
  2.42494456e-02 -7.67734274e-02  5.79653122e-02 -4.09451984e-02
  2.00712290e-02 -7.46045336e-02 -1.68556608e-02  1.27492428e-01
  8.05009273e-04 -5.12847714e-02  8.55133054e-04  3.36118639e-02
 -3.85327600e-02  1.27532147e-02  1.18486108e-02  1.02032367e-02
 -5.42423576e-02  1.75805371e-02 -2.21883074e-05 -2.20933245e-04
  1.38953468e-02 -3.57709154e-02 -6.51145726e-02 -6.70899544e-03
 -4.48643193e-02 -9.61235818e-03  1.09888874e-02 -1.22343842e-08
 -7.75734242e-03 -1.34470668e-02  4.13710587e-02 -4.96544652e-02
  4.37510498e-02 -7.86691681e-02  1.63854957e-02 -5.91409504e-02
  1.82350911e-02  4.66188453e-02 -3.27589549e-02 -1.72431730e-02
 -9.97758806e-02 -1.37253869e-02 -4.05924357e-02 -3.41602811e-03
 -5.25772572e-02  4.18553054e-02 -2.11929474e-02 -9.38241109e-02
  6.59234151e-02 -1.14084093e-03  3.12678851e-02  3.36768129e-03
 -3.70647237e-02 -3.33634056e-02 -2.74324678e-02  3.30494046e-02
 -4.71199583e-03 -3.78722139e-02  1.99231170e-02  1.92060135e-02
 -7.30231591e-03  1.25022614e-02  2.62737144e-02 -5.10177873e-02
  5.48630282e-02  2.61450820e-02  2.71579716e-02 -1.75352804e-02
 -1.47206578e-02 -6.09038286e-02  2.47330554e-02 -2.72741797e-03
 -6.93858787e-02  6.28933031e-03 -7.34974965e-02 -1.81200150e-02
 -3.40805501e-02 -1.41508460e-01  5.85985072e-02 -2.05341820e-03
  3.19356024e-02 -1.90904941e-02  9.91857424e-03 -3.41498405e-02
 -3.19876894e-02 -1.71077941e-02 -9.85768363e-02 -4.88822199e-02
  8.13417435e-02 -1.18404225e-01  2.62189619e-02 -4.31752317e-02]"
516,Tax Transparency,Governance,public,1,0.3355,"[ 7.82179609e-02  5.46859950e-03 -8.90123099e-02  3.55602540e-02
  2.12864876e-02  3.77696082e-02  6.23924732e-02 -3.13121602e-02
  2.42464077e-02  3.01202293e-02  7.65355080e-02  3.62620614e-02
 -2.27498710e-02 -7.34821409e-02  6.67156950e-02 -6.96664974e-02
  7.47197354e-03 -4.26445752e-02  2.01476761e-03  4.17188257e-02
 -4.56002634e-03  1.74701661e-02 -4.50701686e-03  2.44999994e-02
 -3.34297791e-02 -2.40739919e-02  2.19637286e-02 -7.08735257e-04
 -1.52932275e-02 -8.86665061e-02  4.45947908e-02 -2.82779709e-02
  9.30776149e-02 -1.19130621e-02 -1.06961066e-02  2.58769244e-02
  6.34205937e-02 -7.95942843e-02  2.65662111e-05 -4.11315443e-04
  2.28744876e-02 -6.69243112e-02  2.49350606e-03 -4.07685665e-03
  2.09906604e-02  1.74939018e-02  1.15447022e-01  3.26515995e-02
 -2.69152522e-02 -5.00834286e-02  5.08281328e-02 -5.27593121e-02
 -1.50766280e-02  2.77989991e-02  2.98846373e-03 -1.27446085e-01
 -2.66223606e-02 -2.30641384e-02 -2.21095700e-02 -2.45583858e-02
  5.77770174e-02 -5.92571944e-02 -1.00556962e-01  1.27236666e-02
  6.88565895e-02  1.70647781e-02  6.75683841e-02  2.16802955e-02
  8.28397796e-02 -1.40671447e-01  8.11693743e-02  4.65898439e-02
  6.62275255e-02 -9.85542126e-03  6.15928434e-02 -8.65273550e-02
  1.23670548e-02  4.14204272e-03  7.23081380e-02 -5.13919182e-02
  4.15122919e-02 -6.96595088e-02  4.52889651e-02 -1.03886123e-03
 -5.20083494e-02  4.82611265e-03 -1.19453873e-02  1.24872448e-02
  2.33176607e-03  1.32722044e-02 -8.94766226e-02  1.88173763e-02
  6.27375096e-02  1.34024285e-02 -1.01125628e-01 -4.76386696e-02
  2.88687311e-02 -5.78980055e-03  1.23494305e-02  2.65863717e-01
 -6.69927597e-02  1.08676739e-01  4.52855192e-02  5.80172502e-02
 -9.74772405e-03  2.99629718e-02  2.05749255e-02  1.96455978e-02
 -1.19210314e-02  9.01741534e-02 -4.49633738e-03 -3.25017087e-02
 -2.78442204e-02  1.95534378e-02  4.81110737e-02  1.30031386e-03
 -2.33594216e-02 -3.97228785e-02  3.36253867e-02 -8.91656652e-02
  1.37020461e-02  6.67303801e-02  6.83237938e-03 -6.32508239e-03
 -9.67299659e-03 -6.22105151e-02 -1.68728065e-02 -5.61813493e-33
  4.94856164e-02  6.56067161e-03  8.84611011e-02  6.96570277e-02
 -1.70159545e-02  4.08558585e-02 -1.32084480e-02 -4.61471975e-02
  1.28252874e-03  3.52335759e-02  7.51895756e-02  3.79843637e-02
  3.06613501e-02  2.68451194e-03  1.16292797e-01 -3.33309337e-03
 -1.07784187e-02  8.72550905e-02  2.05106549e-02  8.37674085e-03
  6.15854224e-04  3.59782763e-02 -4.50536124e-02  3.48509252e-02
 -8.82511772e-03 -4.19307724e-02  3.80937234e-02 -1.19475812e-01
  7.06832409e-02  2.45525073e-02  7.14684427e-02  5.19249961e-02
  8.24987367e-02  4.07601101e-03  9.39393491e-02 -3.95977907e-02
 -2.91268472e-02 -8.73557851e-02  4.75263521e-02 -1.64113776e-03
  1.76254213e-02 -5.47369346e-02  2.38330420e-02  7.10878521e-02
 -1.97631773e-02  7.06079677e-02 -7.51494020e-02  4.06611618e-03
 -8.07035416e-02  3.72543670e-02  1.25305522e-02  6.96572810e-02
 -1.44825771e-01 -1.75789446e-02 -3.70758995e-02 -6.18405081e-03
  3.32317241e-02 -1.88117977e-02 -5.38810296e-03 -5.36019616e-02
  3.60733680e-02  1.61513433e-01 -1.08830091e-02  3.80996838e-02
 -7.11421072e-02 -4.18304428e-02 -3.89574207e-02 -7.88626522e-02
  7.22530559e-02 -2.69809086e-02 -2.21618861e-02 -2.84125679e-03
 -6.20288923e-02 -5.82968723e-03  1.13960048e-02 -1.37327295e-02
 -1.54952789e-02  2.81156898e-02  5.38357086e-02  3.08421534e-02
 -2.28815805e-02 -4.83668223e-02 -1.42397387e-02  9.30915475e-02
  3.10715102e-02  2.22462155e-02 -4.33150344e-02  1.05651170e-02
 -5.16619114e-03  8.66676942e-02 -9.22945887e-02  3.48553248e-02
 -1.36899231e-02  1.71428248e-02 -6.70352504e-02  4.13253892e-33
 -4.89592962e-02  2.06261612e-02 -4.89466414e-02  1.47737432e-02
 -1.49986902e-02  1.18138613e-02 -7.46171735e-03 -5.52239902e-02
  6.62292019e-02  9.34255719e-02 -1.14001423e-01 -2.31729746e-02
  7.29098991e-02  2.82690916e-02  5.13843708e-02 -3.32204327e-02
  3.48580778e-02  1.62707791e-02 -9.74137262e-02  3.29728909e-02
 -8.60773921e-02 -5.91949522e-02 -1.22660836e-02  3.44830728e-03
 -1.85585674e-02 -4.89666946e-02 -6.63968623e-02 -2.19124127e-02
 -2.38203406e-02 -2.82964315e-02 -4.11765315e-02 -3.07860114e-02
 -3.46056633e-02  2.55126562e-02 -8.17027688e-02  7.50132203e-02
  4.90564341e-03  8.28579068e-03 -2.12667156e-02 -5.31411655e-02
 -2.99431663e-02  1.94540294e-03 -5.39827049e-02  3.77427451e-02
 -2.66972240e-02  4.61668260e-02 -8.49448517e-02 -5.59633784e-03
 -3.66235450e-02  3.89589556e-02 -1.02574877e-01  3.25886384e-02
  4.16165963e-03 -6.82049468e-02 -4.88195457e-02  3.77201736e-02
 -5.44888973e-02 -1.75487828e-02 -1.28913447e-02  1.85657945e-02
  6.64638057e-02  6.11764342e-02 -9.36059207e-02  1.00966185e-01
  4.22828048e-02 -8.57678875e-02 -3.68276983e-02  7.33439298e-03
 -3.08699906e-02 -2.80778063e-03  1.01688539e-03 -4.73484397e-02
 -1.20964851e-02  1.62618253e-02 -4.71407771e-02  6.76959455e-02
 -5.53544872e-02  3.85634452e-02  4.01171446e-02  3.35950814e-02
 -8.87195207e-03 -3.20662372e-02 -3.40255946e-02 -4.84442562e-02
  3.89360227e-02 -2.79949568e-02  1.58266723e-01 -5.90073615e-02
 -6.22800104e-02  2.11690385e-02 -2.11779214e-02 -1.33176269e-02
  3.45372665e-03 -3.08574550e-02  2.33578421e-02 -1.27602444e-08
  1.00093009e-03  3.95745086e-03  5.21076880e-02  6.69987733e-03
  4.58465964e-02  4.34127776e-03  3.15657211e-03 -5.82647324e-02
 -2.00217869e-02  2.29335595e-02 -2.64296234e-02  2.59739254e-02
  1.46983927e-02  7.64873326e-02  5.58908936e-03 -1.77117530e-02
 -4.90565486e-02 -5.94797619e-02 -9.71666574e-02 -2.28945389e-02
 -4.61655296e-02 -1.38235278e-02  1.56451594e-02  5.53380400e-02
  9.24115255e-03 -1.63283236e-02  2.99671646e-02  3.90691645e-02
 -1.88869797e-02  8.00242424e-02  2.96836440e-02  1.27889616e-02
 -2.23895237e-02  9.70399997e-04 -6.76277466e-03  2.01351177e-02
 -1.15372092e-02  4.47230451e-02  4.30338942e-02  6.47627264e-02
 -3.02573796e-02 -3.59586142e-02  4.87993620e-02  1.97741296e-02
  3.31598260e-02  4.85203080e-02 -8.47049151e-03 -4.72310893e-02
 -6.48654252e-02 -8.76629278e-02 -4.07486074e-02 -5.59517816e-02
  5.48032112e-02  1.86124314e-02  1.07581052e-03  5.67156300e-02
 -1.12913025e-03  5.86123057e-02 -4.11826149e-02  2.66038831e-02
  7.29541108e-02  3.51241864e-02 -1.39880897e-02  6.67456761e-02]"
517,Tax Transparency,Governance,expenditures,3,0.3302,"[ 9.85795632e-03  3.28268521e-02 -2.95742881e-02  2.80028936e-02
  1.18415300e-02 -1.19080348e-02  9.60832909e-02 -1.02200443e-02
 -5.97354444e-03  8.80892277e-02  4.83609475e-02 -5.40471189e-02
 -1.66154895e-02 -1.94049459e-02 -5.24271317e-02 -5.38582057e-02
  4.18945774e-02 -5.03324978e-02 -6.91086706e-03  1.27186282e-02
  5.50823919e-02 -3.68857570e-02  1.13523956e-02  2.53601559e-02
  6.78067748e-03  3.62775065e-02 -6.07219618e-03 -3.95283438e-02
  3.47461924e-02 -2.00169850e-02  2.56124157e-02  6.67448938e-02
  5.73365092e-02 -5.32593206e-02  3.98949906e-02 -5.86659275e-03
  3.83595899e-02  2.99381241e-02 -3.12582329e-02  4.88237888e-02
 -4.27977517e-02 -3.73580493e-02 -3.95656712e-02  1.89140961e-02
  1.56091973e-02 -3.27735990e-02 -1.07228346e-02  4.27167714e-02
 -1.00575835e-02  8.43380168e-02  5.31141758e-02 -2.91997939e-03
  7.77865993e-03 -3.28267738e-02  6.48432374e-02 -5.76399565e-02
  4.79730777e-02 -1.94427427e-02  8.63349158e-03  8.36841669e-03
 -6.22292347e-02  2.17761081e-02 -2.54385453e-02  4.45976816e-02
  7.32688382e-02  2.30064783e-02 -9.89948772e-03  5.15319854e-02
 -1.11889742e-01  4.86224927e-02  3.63465701e-03  1.28916679e-02
 -3.46947424e-02 -6.44462183e-02  1.14098918e-02 -5.16721122e-02
  1.27903506e-01  8.68755579e-02  5.24674244e-02 -5.12210205e-02
  7.44940937e-02 -5.18966606e-03 -6.95879534e-02 -4.98758908e-03
  4.08470854e-02  1.88597031e-02  4.28315345e-03 -3.47349234e-02
  2.59918384e-02 -2.20366307e-02  3.70382816e-02  5.39739523e-03
  7.84424786e-03 -2.69169323e-02 -5.74195236e-02  1.29789887e-02
 -1.86865255e-02 -3.07658501e-02 -6.47206418e-03  1.83064044e-01
 -5.66116208e-03 -1.15486083e-03  9.06393379e-02 -3.18950182e-03
 -5.79765253e-02 -5.05619422e-02  1.23372069e-02  7.38502741e-02
  2.94840392e-02  5.72333895e-02 -9.06007597e-04 -3.98683399e-02
 -2.35432002e-04  1.10446494e-02  3.38443704e-02 -1.20466594e-02
  2.84415372e-02 -4.74839322e-02  6.41971752e-02  4.77162860e-02
  2.54380424e-02  9.03834403e-03 -6.11212961e-02 -1.23482980e-02
 -1.01493783e-01 -1.13752604e-01 -6.62005916e-02 -5.76845898e-33
 -4.18725945e-02 -4.64336760e-02  2.85351295e-02 -2.18113847e-02
 -1.15166090e-01 -1.73818544e-02  1.88320000e-02  2.60607023e-02
  4.59588878e-03 -5.25346734e-02 -8.88028927e-03  8.77191797e-02
 -2.67466195e-02  7.05521926e-02  1.30074412e-01 -2.05298252e-02
 -9.71047580e-03  1.50803015e-01  3.10254786e-02 -6.54956209e-04
 -4.81322370e-02 -3.97173576e-02  6.27964810e-02  1.89708080e-03
  4.35624793e-02 -4.65727411e-02  2.95411851e-02 -3.66285890e-02
  6.41197562e-02  1.94234811e-02  9.82647315e-02  3.75848934e-02
  2.55537201e-02 -3.22166607e-02 -1.30924210e-02 -1.28140626e-02
  7.11820181e-03  4.04982790e-02 -1.73751377e-02 -4.76136617e-02
 -4.41419072e-02 -2.22317614e-02  6.33731931e-02  4.50080186e-02
 -7.94270113e-02  9.58858058e-03  8.01177025e-02  6.65671017e-04
 -5.94283566e-02  2.62850635e-02 -4.59406003e-02 -3.13967504e-02
 -1.03202462e-01 -2.73886044e-02 -5.61910160e-02 -4.98490930e-02
  1.16384169e-02 -2.47558746e-02 -2.48584663e-03 -3.30602303e-02
 -3.02660279e-02 -7.42927194e-02 -8.29668529e-03  4.43981141e-02
 -8.22054688e-03  5.63351959e-02  3.28861699e-02  1.52806821e-03
  3.53889540e-02  6.00802654e-04 -7.54302219e-02 -3.81928124e-02
  4.17021252e-02  4.02111970e-02  1.80626120e-02  4.58733849e-02
  4.18197513e-02  1.88721009e-02 -7.10905492e-02  4.98866960e-02
 -1.03263624e-01 -4.19797301e-02  2.67890245e-02 -4.47232611e-02
  4.63125780e-02  1.34371882e-02  3.85331474e-02  1.90969309e-04
  7.06570037e-03  3.28697031e-03  8.67910124e-03  1.00641986e-02
 -5.38763590e-02 -4.40838560e-02  3.75293754e-02  3.34383841e-33
 -1.21705728e-02  1.19898424e-01  3.86834815e-02 -1.94175579e-02
 -4.41757205e-04  9.56179760e-03 -3.45652178e-02 -5.01258112e-02
  1.98585913e-02  2.59631220e-02 -1.25846580e-01  2.22603325e-03
 -9.73333139e-03  8.49972442e-02 -1.84520446e-02 -4.89709936e-02
  1.11271620e-01 -2.39984132e-02  1.38800023e-02 -5.03062271e-02
 -7.99955428e-02 -8.42334330e-03  7.63731748e-02 -7.88422972e-02
 -5.74688427e-02  7.06041902e-02 -1.21748887e-01 -3.49684479e-03
  1.36131002e-02  2.93225609e-03 -2.12979242e-02 -3.91326882e-02
 -8.71796981e-02  3.30839418e-02 -1.02727436e-01  4.35126089e-02
 -4.65709629e-04  8.90744179e-02 -1.24624958e-02 -1.33754490e-02
  4.74392138e-02 -4.20640074e-02 -3.79267358e-03  6.87591285e-02
  1.48260742e-02 -7.62498453e-02 -9.82410461e-02 -2.76253112e-02
  6.94483668e-02 -8.36322010e-02  1.36283357e-02 -6.64596073e-03
 -2.59837862e-02  1.75732858e-02 -7.99033940e-02  6.82004988e-02
  4.77882065e-02 -7.31041702e-03  3.01640406e-02 -2.32562907e-02
 -3.98556888e-02  5.56756556e-02 -8.89396369e-02  3.39397304e-02
 -8.41998383e-02 -5.31910453e-03  4.05329689e-02 -1.08819418e-01
  6.35409206e-02 -4.42776866e-02 -6.68775197e-03  6.18419237e-02
 -4.35632169e-02 -6.42940924e-02 -4.27416414e-02  1.03978008e-01
 -6.21332321e-03  4.41883579e-02  6.44936934e-02  5.85211627e-03
  3.38307619e-02 -1.39257563e-02  4.18283939e-02 -8.31344873e-02
 -1.11497179e-01 -7.20306635e-02  5.86513244e-02 -7.66580552e-02
 -9.40971971e-02  4.66760248e-02 -7.21699223e-02  4.86251861e-02
  1.04974946e-02  1.02373250e-02  1.09603144e-02 -1.17485017e-08
  2.66190562e-02  1.15911048e-02  3.39460224e-02  3.27599235e-02
  3.80527899e-02 -1.20571084e-01  2.80908253e-02  1.01934321e-01
 -2.73035113e-02  1.05105534e-01 -1.78012380e-03  1.24447914e-02
  7.84928575e-02  4.19122986e-02 -6.26685992e-02  3.77343521e-02
 -6.03504479e-02 -1.84225831e-02 -6.23842776e-02 -3.51103917e-02
  3.59853283e-02  1.70494039e-02 -2.89054103e-02  4.71006595e-02
  1.23077957e-02  1.87065601e-02  1.00602461e-02  2.94898041e-02
 -1.02568427e-02  3.28099765e-02  5.45460954e-02  2.76584253e-02
 -2.53206957e-02 -7.62922242e-02 -3.35513838e-02 -1.25674784e-01
 -6.00993522e-02  4.27366188e-03  4.96362150e-02 -3.69093614e-03
  4.77927411e-03 -3.85139929e-03  1.46218427e-02 -4.03930619e-03
  1.14761703e-01 -8.89729522e-03 -1.43341646e-01 -3.15231867e-02
 -3.44743989e-02 -1.15025304e-01  6.33109873e-03  3.16353403e-02
  2.94799171e-02  1.94880459e-02  1.28983632e-02 -2.19481792e-02
  6.30342364e-02  8.22948385e-03 -6.11255839e-02  1.73262060e-02
  4.21375148e-02 -5.10391667e-02  8.02907124e-02 -7.62022194e-03]"
518,Tax Transparency,Governance,audit,7,0.3288,"[-4.51628231e-02  9.63124782e-02 -3.97269875e-02 -2.80739344e-03
  3.21632884e-02  1.91590078e-02  1.25424892e-01 -7.79845864e-02
  2.18324102e-02  3.28767821e-02  5.46317883e-02 -3.97676528e-02
 -3.39375553e-03 -8.51455424e-03 -1.42589033e-01 -6.27120957e-02
  2.61112135e-02  2.60004979e-02  1.92952268e-02  3.50395427e-03
 -6.52056932e-02 -1.74824409e-02 -6.93531567e-03 -1.45399841e-02
 -2.23073773e-02 -1.65771544e-02 -3.22122537e-02  3.60481218e-02
 -2.65022181e-02 -1.12082139e-01 -1.46446712e-02 -6.23083003e-02
  6.91290991e-03  1.89595409e-02  1.64505909e-03 -2.70797797e-02
  4.46845107e-02  1.51460571e-02  2.92135254e-02  3.25717876e-04
 -7.59699568e-02 -8.95572752e-02  6.39012223e-03 -1.79019161e-02
 -6.81216046e-02 -1.25927152e-02 -5.43008791e-03 -3.54126692e-02
  1.27810100e-03  5.28094359e-02 -7.40129948e-02 -3.20398621e-02
  1.34164924e-02 -3.69915329e-02  1.40026594e-02 -4.35926765e-02
  4.72957175e-03  5.70542528e-04 -1.44187827e-02 -6.35044873e-02
  3.69360000e-02  4.53912392e-02 -8.14509317e-02  5.73694296e-02
  2.44506877e-02  6.57333508e-02 -1.58217549e-02  3.09031513e-02
  1.28591610e-02 -7.62284845e-02 -1.10715246e-02 -8.36131722e-02
 -2.58587748e-02 -2.67575346e-02  1.90385245e-02 -3.06059774e-02
  3.70379537e-02  7.36149075e-03 -1.68601051e-02 -7.48731270e-02
 -2.20674369e-02  3.00495066e-02 -7.73672527e-03  7.15646073e-02
  2.42642909e-02 -9.30747762e-03  3.81517373e-02 -1.15663828e-02
  4.07314999e-03  1.48873255e-02  4.10428792e-02  2.69219652e-03
  3.82875241e-02 -5.38467765e-02  6.53257594e-02 -2.57380381e-02
 -2.38438025e-02  5.36773801e-02  9.52672958e-02  2.19761714e-01
  3.64056304e-02  9.12422538e-02 -9.50152948e-02 -3.34738828e-02
  3.14277457e-03 -1.00671425e-02  1.02233971e-02 -2.42778081e-02
  4.39912230e-02  2.77399272e-02  4.56909090e-03  7.07754716e-02
 -8.85063689e-03 -1.84327345e-02  1.24848917e-01  5.84875941e-02
 -2.16060523e-02  5.19437753e-02 -2.86170691e-02  2.98183393e-02
  3.84658799e-02  5.10816984e-02  4.63497126e-03 -4.51783426e-02
 -5.38412035e-02 -7.05044121e-02  8.52651671e-02 -5.91659110e-33
  2.02028323e-02  5.65500967e-02 -2.68122572e-02 -1.56239988e-02
  1.10947508e-02  6.11932874e-02 -2.26974655e-02  6.61317036e-02
 -5.00007644e-02  8.15133229e-02 -1.47587005e-02  1.00090861e-01
 -2.18906794e-02 -5.13749085e-02  6.61550537e-02  1.14094906e-01
 -1.70989223e-02  1.23628929e-01 -1.91285717e-03 -5.86665655e-03
 -4.18207096e-03 -1.31403625e-01  6.32077307e-02  2.37135906e-02
  7.50446245e-02 -4.64397818e-02  1.54608730e-02 -1.83111615e-02
  9.33149015e-04  3.83024029e-02 -6.21439773e-04  2.81441752e-02
  4.74569835e-02 -8.42304528e-03  2.61970120e-03 -1.29354643e-02
 -2.94633135e-02 -1.26992501e-02  1.95971373e-02 -7.44198784e-02
  4.76181880e-03 -2.89115738e-02 -4.60711634e-03 -5.00433631e-02
 -7.40044862e-02  5.38677461e-02  1.69797409e-02  4.30423953e-02
  1.47289429e-02  2.34343149e-02  2.42525581e-02  4.16870136e-03
 -3.57896946e-02  3.83812860e-02  1.02683753e-02  4.38172147e-02
  6.65837154e-02  2.09530815e-02  3.23543362e-02  2.45644394e-02
  8.82869735e-02  9.88764390e-02 -2.96308845e-02  1.67731158e-02
 -1.04577705e-01 -4.57519405e-02  2.35312842e-02 -4.24756259e-02
  1.16032578e-01 -1.51955085e-02 -1.17649250e-01 -3.65868323e-02
 -1.99998450e-02  2.24650446e-02 -6.82200352e-03  9.98479221e-03
 -1.61192305e-02  3.47895175e-02  2.10899301e-02  2.87997089e-02
 -7.71970227e-02 -8.09109360e-02  6.36038482e-02 -3.53999101e-02
 -1.33077288e-02  5.26650771e-02 -3.60572375e-02 -5.14239632e-03
 -1.85646582e-02  3.50181386e-02 -5.23825325e-02 -2.79182456e-02
  5.37517220e-02  3.59146595e-02  2.15787347e-02  3.36600346e-33
 -6.93352371e-02 -3.09863091e-02  1.31437154e-02 -2.67240312e-02
 -5.69764152e-02 -3.34126092e-02 -1.84873119e-02 -2.10971460e-02
  4.66831354e-03  9.20595750e-02 -6.64085373e-02 -4.63550687e-02
  7.75431097e-02  4.35380265e-02 -3.90212238e-03 -3.32829691e-02
  4.71883267e-02 -5.01449518e-02 -1.55692082e-02  2.62607764e-02
  4.48686853e-02  7.50080869e-02  1.19459420e-01 -7.28671858e-03
 -9.01073497e-03  6.82978109e-02  3.31989452e-02 -2.86840759e-02
 -3.45339440e-02  2.00594142e-02  4.30745073e-03 -1.21452361e-02
 -1.44536961e-02  1.17673419e-01 -1.74819250e-02 -8.34126845e-02
  7.74736628e-02 -3.21547277e-02 -6.21237466e-03 -3.41815548e-03
  6.47201911e-02  7.05966428e-02  6.65662289e-02  6.16884651e-03
 -1.96344070e-02 -3.13998237e-02 -5.16928583e-02  7.64122531e-02
  4.91227992e-02 -2.47669462e-02 -6.66727424e-02 -1.31586529e-02
  4.54426110e-02  2.94222869e-02 -1.07963756e-01  5.23130409e-02
  2.69881357e-02 -4.50395606e-02 -1.31820804e-02  9.43211913e-02
 -7.84128532e-03  7.28323162e-02 -2.00327300e-02  6.48895726e-02
 -1.67775583e-02  2.18761992e-03  5.16004264e-02  1.27092386e-02
  2.35585459e-02 -7.90611282e-03  1.27000697e-02 -5.22158444e-02
 -8.70746449e-02  2.40398142e-02 -1.81470867e-02  4.52764519e-02
 -5.63793816e-02 -9.35645774e-02 -7.28895068e-02 -2.46191826e-02
  1.14290138e-04 -3.89425196e-02  1.18469698e-02 -3.37754451e-02
 -1.43012600e-02 -9.36497748e-02  5.20003401e-02 -7.91444704e-02
  4.19988856e-02  1.53660662e-02 -5.80339096e-02 -3.74982469e-02
 -5.42460717e-02 -8.67096260e-02  1.18338233e-02 -1.22936026e-08
  4.38187690e-03 -9.72516893e-04  1.12568937e-01  2.07253974e-02
  2.40202323e-02 -1.19162217e-01 -6.60809204e-02  5.28923012e-02
 -3.56508344e-02 -5.82785942e-02  8.56464729e-03 -7.03152595e-03
 -5.48371077e-02 -1.65897161e-02  1.59861241e-02 -1.19495049e-01
  3.31347296e-03  5.28020561e-02 -4.56581004e-02  1.26752835e-02
  1.66301094e-02  2.02321615e-02 -1.16398828e-02  3.46050598e-02
 -3.96208540e-02 -9.87390503e-02  5.85202407e-03  8.64206702e-02
  1.23609779e-02 -7.14107044e-03 -6.03618240e-03  8.37805048e-02
  6.17623329e-02 -1.76996198e-02 -1.32449508e-01 -1.63732190e-02
  3.17983096e-03 -3.70327942e-02 -4.92979016e-04 -2.37330608e-02
 -2.40967404e-02 -3.53495777e-02  5.22288121e-02 -2.55502015e-03
 -1.25865147e-01 -6.70974255e-02 -5.79296798e-02 -4.98402491e-02
  2.19009351e-02 -4.75865304e-02  2.38755271e-02 -4.93732430e-02
  5.88833801e-02  6.53556660e-02  2.40279771e-02  8.37097690e-03
  4.43947874e-02  1.26031116e-02 -2.64967438e-02 -1.64078921e-02
  1.22619905e-01 -2.14847233e-02  9.03997347e-02 -3.56430151e-02]"
519,Tax Transparency,Governance,corruption,1,0.3248,"[-3.60182263e-02  3.23504843e-02 -4.00171950e-02 -2.02133376e-02
 -8.63134954e-03 -5.07464856e-02  3.26778963e-02 -8.18697084e-03
 -2.00241785e-02  9.39085800e-03  3.77502069e-02  3.52955088e-02
  6.13694414e-02 -3.65922749e-02 -5.64983897e-02 -2.00805329e-02
 -3.99921127e-02 -4.49261107e-02 -3.35666873e-02 -5.31560695e-03
 -3.28578837e-02 -1.43737039e-02 -4.90832962e-02 -3.77371684e-02
 -1.64928697e-02  8.77505392e-02 -3.68081369e-02 -3.76146957e-02
  4.54389714e-02 -1.28208056e-01 -1.81716010e-02  2.61898749e-02
  5.82107455e-02 -3.70416977e-02  2.92346161e-02  3.59140337e-02
  8.08972567e-02  1.46096312e-02 -2.61014630e-03 -1.42981652e-02
  5.40561639e-02 -9.03434381e-02 -1.80676915e-02 -5.96564971e-02
 -3.85607071e-02 -3.83613911e-03  5.59945032e-02  4.50223647e-02
  8.06849450e-03 -4.00524922e-02 -3.92092988e-02  2.47924719e-02
 -1.26855718e-02  5.06925024e-02  3.81919406e-02 -1.23417467e-01
  1.01733999e-02  8.32134783e-02  4.14630510e-02 -2.03172751e-02
  1.13233455e-01  5.56959696e-02 -1.26301544e-02  2.17548609e-02
  7.11226910e-02  1.07341465e-02  2.81061046e-02  4.67063710e-02
 -5.41113503e-02 -1.01798109e-03  4.09249663e-02 -6.92943931e-02
  5.54667041e-03 -3.12824175e-02  2.10370552e-02 -2.75189653e-02
 -1.61661971e-02  1.84178427e-02  4.13112827e-02 -6.71321079e-02
  2.24807858e-02  2.75925957e-02 -3.72607261e-02  3.06966398e-02
  3.60605232e-02  3.74252838e-03  1.05048558e-02 -4.04931307e-02
  7.99478143e-02  3.07376944e-02 -2.91096959e-02  1.84135027e-02
  8.51137191e-02 -4.51352866e-03 -1.34260476e-01  3.58558148e-02
  5.66402860e-02  5.50707849e-03  1.13307796e-02  2.58409053e-01
 -3.95103171e-02  7.61662722e-02 -2.59459224e-02 -4.17620018e-02
  7.35299066e-02 -1.59734320e-02  7.92658702e-03  1.38970977e-02
 -7.49588013e-03 -2.05113795e-02 -8.20923299e-02  3.00099254e-02
 -4.16784137e-02 -1.48808332e-02  1.04349852e-01  2.86796652e-02
  3.22422013e-02 -3.39672039e-03 -1.30792320e-01  5.63094765e-03
  4.02309336e-02  3.55658717e-02 -6.42977357e-02  5.43737635e-02
 -3.71936671e-02 -9.27665979e-02 -8.39053467e-02 -4.46405073e-33
  1.28761586e-02 -1.38931104e-03 -2.90012197e-03  8.38786084e-03
 -3.58631052e-02 -1.46876909e-02 -3.91982682e-02 -4.30667587e-02
  1.84335876e-02  6.47050664e-02  4.69099656e-02  2.85016038e-02
 -4.43052910e-02 -3.68741378e-02  9.18238759e-02  6.74901828e-02
 -1.13241777e-01 -1.02368733e-02 -2.05931794e-02  4.89136539e-02
  3.95791642e-02  1.81056987e-02  6.48297146e-02  4.96600345e-02
  1.87498070e-02 -2.12967452e-02  1.89550370e-02 -2.01657973e-02
  4.93196696e-02  4.35372815e-02  5.07468395e-02  4.76664007e-02
  8.31540003e-02 -1.58670098e-02 -1.69795714e-02 -1.78630743e-02
 -1.43683609e-02 -5.28933927e-02 -2.42095198e-02  2.55353134e-02
 -3.59012075e-02 -1.63227245e-02  7.05088601e-02  1.01502344e-03
  4.76943478e-02  2.22374834e-02  8.93486962e-02 -4.96848822e-02
 -7.28024319e-02  2.96651907e-02  1.22785103e-02  1.62927411e-03
 -1.31878024e-02  1.65701360e-02 -3.65919508e-02  2.16683047e-03
 -1.18954899e-02 -2.40872875e-02 -8.29240773e-03  7.46905105e-03
  5.83730377e-02 -1.28936255e-02 -4.93930727e-02  4.60996963e-02
 -8.84535685e-02 -5.64476755e-03  7.95067102e-03  8.58437922e-03
  4.86773811e-02 -8.14803615e-02 -1.16477776e-02  2.18796246e-02
 -1.01545945e-01  8.06996301e-02 -9.70324352e-02 -5.08117676e-03
  1.16827814e-02  1.12496857e-02 -4.94176932e-02  4.65542357e-03
 -6.74837753e-02 -4.69867103e-02  5.00077084e-02 -1.60006899e-02
 -1.05196610e-02  8.99966881e-02  1.16789630e-02 -5.96075431e-02
  3.38272527e-02  8.50306824e-02 -6.74731582e-02 -2.07925942e-02
  6.25255778e-02 -6.19362947e-03 -4.33757016e-03  4.08686582e-33
 -6.51351642e-03 -7.34349564e-02 -2.90368474e-03  7.53034204e-02
  1.72725264e-02  3.37704760e-03 -1.03480108e-02  5.83604816e-03
  6.43734336e-02  1.76135078e-02 -1.19784556e-01 -8.30519497e-02
  1.02025948e-01  6.51649684e-02 -7.86020653e-04 -3.53906527e-02
  1.01781189e-01 -7.07390625e-03 -1.68030225e-02 -4.96480567e-03
  1.49692753e-02  2.95117144e-02 -4.39219270e-03 -3.35061140e-02
 -8.91075209e-02  1.22595564e-01 -6.09890781e-02 -8.66013765e-02
 -1.95268691e-02  5.36893085e-02  6.76424336e-03  8.21732283e-02
 -4.70498614e-02  6.58937618e-02 -6.15084916e-02  3.94018833e-03
 -4.62486967e-03 -5.61487041e-02 -4.88548912e-02 -7.02772066e-02
  5.79930432e-02  2.29685921e-02  2.75482517e-03  7.96110779e-02
 -3.05608492e-02  1.93396676e-03 -3.74070108e-02  7.25081190e-02
  4.54737470e-02 -2.68061329e-02  4.43871878e-02  3.04591563e-02
 -8.63297749e-03  5.35604171e-02  3.11840768e-03  7.63374045e-02
 -1.21165542e-02  6.31502569e-02  4.13759314e-02  7.34721571e-02
 -1.08154109e-02  8.12675282e-02 -1.22626819e-01  5.30060288e-03
 -1.54746207e-03 -1.99214322e-03  5.73010137e-03  4.71728854e-02
  6.48523346e-02 -5.39162941e-03  8.76308829e-02 -7.65182823e-02
 -1.22318134e-01  2.91374465e-03 -5.55015355e-02  1.13941334e-01
 -1.42522216e-01  3.16109136e-02  8.16305354e-03  6.35566749e-03
 -3.61315580e-03 -4.77344282e-02  1.24368323e-02 -1.59408824e-04
 -5.48668504e-02  2.69590430e-02  1.04830950e-01 -3.14526148e-02
  3.76989655e-02 -8.19801465e-02 -4.52644154e-02 -3.48578207e-02
 -1.86372250e-02  7.15103140e-03  3.62571888e-02 -1.20283357e-08
  4.34173620e-04 -7.66342273e-03 -3.30493338e-02  3.28672640e-02
  3.38711031e-03 -6.99560940e-02 -1.96644068e-02  9.97481588e-03
  2.54568029e-02  3.98486992e-03  4.90602618e-03 -7.23587768e-03
 -2.44352850e-03 -7.46384710e-02  1.39420554e-02 -8.22994299e-03
 -4.76793535e-02  1.71613749e-02 -5.28694615e-02 -1.47239622e-02
  1.65419485e-02  9.90287028e-03 -2.73893196e-02  7.91691523e-03
 -6.39897480e-04 -4.92071509e-02 -9.06997826e-03  8.61989111e-02
 -2.10476350e-02  3.57708335e-02  1.75710348e-03  1.58506613e-02
  3.04570999e-02 -1.42363179e-02 -2.02675406e-02  6.07896596e-02
 -4.23127459e-03 -3.97838429e-02  3.24081965e-02 -1.00168541e-01
  1.38366995e-02  2.70821806e-02  6.86907098e-02 -8.42345655e-02
 -8.53860900e-02 -4.93559279e-02 -5.80043383e-02  8.11596364e-02
  4.24424820e-02 -1.12273648e-01 -1.84800923e-02 -1.59534998e-02
  1.62031641e-03  1.23198312e-02  7.40638897e-02 -8.77181813e-02
  4.09497954e-02  5.88626117e-02 -3.91554385e-02 -3.87533121e-02
  1.05144896e-01  5.60376234e-03  6.92440644e-02  4.47842525e-03]"
520,Tax Transparency,Governance,government,2,0.3121,"[-6.13600612e-02  4.28662822e-02  9.10554174e-03  2.59222332e-02
 -2.10717553e-03  8.81484617e-03  1.12785205e-01 -1.46455830e-02
 -4.69325902e-03  4.08969335e-02  2.17023445e-03 -2.53378712e-02
 -2.03485298e-03 -5.67556508e-02 -4.41358797e-03 -2.89094262e-02
 -2.93950327e-02 -3.12214866e-02 -1.18998639e-01 -9.48588829e-03
  1.06737148e-02  4.55833934e-02 -6.26836345e-02  3.69099677e-02
 -4.35665622e-02  8.46977532e-02 -1.00133404e-01 -2.86527779e-02
  1.31435003e-02 -9.68651399e-02  1.21832974e-02 -9.04270168e-03
  4.79965694e-02 -1.07429065e-02 -3.29216942e-02  2.02881675e-02
  8.32627788e-02 -5.79833016e-02  2.21059341e-02 -4.44728509e-02
  2.19484139e-02 -6.20857179e-02  5.27312234e-03 -3.39289419e-02
  6.90263649e-03  7.61127705e-03  7.75106102e-02  2.20651887e-02
 -7.24882726e-03 -3.77230570e-02  3.65363136e-02  6.81934133e-03
 -1.28264753e-02  3.77634168e-02  2.08932664e-02 -9.17973816e-02
 -1.26041090e-02 -6.61998056e-03 -2.27005053e-02 -9.04071182e-02
  1.13848625e-02 -2.97246575e-02 -4.08174209e-02  7.51318410e-04
  9.84737873e-02  1.62126049e-02 -2.97784526e-02  8.10345821e-03
 -1.75250974e-02 -1.22783974e-01  1.88357886e-02 -5.93771636e-02
  8.48698523e-03  3.61490250e-02  1.86750889e-02 -1.32746279e-01
  2.77963420e-03  5.66703416e-02  1.18403584e-01 -5.87367117e-02
  1.03210405e-01  1.22951670e-02 -4.10259143e-02  1.00585923e-01
  9.59141180e-03 -5.81246316e-02 -2.54483353e-02  7.34970998e-03
 -2.22418234e-02  1.06926654e-02 -4.60060388e-02 -4.54994179e-02
  9.03670490e-02  2.69106794e-02 -8.90835971e-02  6.76667690e-02
  4.50852215e-02 -5.02370819e-02 -7.69725116e-03  2.86060154e-01
 -3.80088985e-02  9.35151242e-03 -4.88328689e-04  3.35404389e-02
  1.81032568e-02 -1.92848016e-02 -5.76199070e-02  2.09509376e-02
  2.43300106e-02 -8.02177470e-04 -4.75674793e-02  1.39160017e-02
 -2.02215631e-02 -2.38717024e-04  3.32781374e-02 -4.50407751e-02
  8.65289103e-03  4.46819551e-02  6.75738230e-03 -2.70212367e-02
 -3.18078399e-02  1.04676047e-03 -2.72444300e-02 -8.48348252e-03
 -3.05468012e-02  1.36528455e-03 -1.01548349e-02 -5.51967038e-33
 -2.83398088e-02 -4.36108187e-02  4.82764877e-02  3.40163074e-02
 -4.75207530e-02  8.84476863e-03 -2.14633662e-02 -6.92129834e-03
 -3.74904834e-02  9.84916165e-02  2.63381880e-02  1.16941333e-02
  2.94097438e-02  2.63486169e-02  1.30244553e-01  1.50410160e-02
 -8.27508122e-02  1.05824098e-02  3.84190213e-03  4.97343726e-02
 -1.48216700e-02  8.74306783e-02  2.23995112e-02 -1.08635603e-02
  6.21430464e-02 -2.33348645e-02 -8.39341991e-03 -2.98710186e-02
  5.61572909e-02  2.71855816e-02  7.06937239e-02  1.00156941e-01
  3.08445543e-02 -3.71909402e-02  1.81004207e-03 -4.80803214e-02
  2.14766823e-02 -6.85963854e-02  2.37132069e-02 -7.74726123e-02
 -3.82563360e-02 -2.12097391e-02  3.35253254e-02  4.83475626e-02
  3.45596261e-02  1.22811263e-02  4.50047925e-02  2.04612594e-02
 -1.22095784e-02  4.40444276e-02  1.40247233e-02  2.67133676e-02
 -5.81367500e-02 -4.50967215e-02  3.54461148e-02 -4.78897393e-02
  2.99613248e-03  2.71552913e-02 -1.65830292e-02 -1.41085563e-02
  5.76168597e-02  3.88485286e-03 -1.65045820e-02  7.75763839e-02
  3.81440669e-02  5.07070730e-03 -1.15936762e-02 -2.46876031e-02
  7.20836222e-02 -3.39226164e-02 -5.80132604e-02  1.79299358e-02
  2.65089404e-02  6.18387125e-02  2.72393823e-02  3.63859944e-02
  3.78187262e-02  8.82421993e-03 -1.14078395e-01  8.45899805e-03
 -5.86016066e-02 -3.19201201e-02  4.96708825e-02  9.94223543e-03
  1.06924124e-01  5.60950711e-02 -2.54803617e-02 -4.29645330e-02
  8.44804123e-02  1.59643590e-03 -1.44993678e-01 -4.27922755e-02
  4.00807634e-02  5.20637929e-02 -1.40125572e-03  3.30876129e-33
 -1.06495561e-03 -5.84336370e-02 -6.16281554e-02  8.39095563e-03
  2.70358529e-02  3.02860867e-02 -3.80319655e-02 -1.11730546e-01
  6.96856230e-02  4.71078828e-02 -6.38324022e-02 -8.99358988e-02
  1.05720788e-01  7.11856708e-02  6.49154559e-02 -4.79292758e-02
  5.08112945e-02 -5.92996515e-02 -3.13224345e-02  1.32731469e-02
 -4.08960953e-02 -3.25522423e-02 -6.96884394e-02  1.74769219e-02
 -3.30094919e-02  5.68374246e-03 -1.15641348e-01 -7.56896660e-02
  8.46723467e-02 -1.99605133e-02 -1.54031236e-02 -3.56995873e-02
 -7.19889328e-02  3.50685045e-02 -9.46629271e-02  2.76834033e-02
  2.45997086e-02 -5.49881980e-02 -2.05007922e-02  1.46922446e-03
  2.24345792e-02 -6.47016466e-02  1.99591685e-02  1.11642569e-01
 -1.28086090e-01 -1.33312391e-02 -7.82118887e-02  7.30735362e-02
 -5.92534766e-02 -6.60868883e-02 -8.18984285e-02 -1.87321994e-02
 -3.63906771e-02 -4.95847315e-02 -2.21216455e-02 -2.40557734e-02
 -5.72155323e-03  3.62600759e-02  6.67568902e-03  3.70733514e-02
  2.34499970e-03  1.74883343e-02 -3.71424258e-02  7.23847002e-02
 -7.03975558e-02  5.43390587e-02 -2.34425105e-02 -2.63285246e-02
  8.64413232e-02 -9.33657400e-03  9.25478563e-02 -1.90118346e-02
 -1.36440456e-01  7.27527812e-02 -8.96327570e-03  3.82572263e-02
 -3.63392979e-02  4.44279388e-02  4.21222812e-03 -1.02203330e-02
  6.93522766e-02 -4.26350050e-02 -5.28844930e-02 -2.98518296e-02
 -3.10944561e-02  1.84595771e-02  9.47743505e-02 -5.12827896e-02
  1.28180506e-02 -3.71900760e-02 -4.64136377e-02 -1.14901261e-02
  3.86979105e-03  2.21096613e-02  2.45413128e-02 -1.28660691e-08
  5.58185950e-02  2.70854961e-02 -8.92975740e-03 -3.68969813e-02
  4.88302612e-04 -1.02961427e-02  3.19471322e-02  1.15637789e-02
 -4.76189964e-02  1.09172948e-02  3.23106423e-02  3.76528054e-02
  2.06118096e-02 -3.08801699e-02 -6.35837717e-03  1.81631986e-02
 -2.90184841e-02  5.86687699e-02 -4.68044309e-03  1.45393033e-02
 -1.00060729e-02 -9.06920526e-03 -6.30162051e-03 -8.43487959e-03
  3.44397649e-02  8.11621454e-03  8.06813687e-02  8.95966366e-02
  2.17857696e-02  1.17709123e-01  2.30247527e-02  2.55611315e-02
 -3.62805799e-02  1.86327230e-02 -3.64542231e-02 -2.18217317e-02
 -2.73629334e-02 -3.58126536e-02  8.80595148e-02 -1.05780602e-01
  4.43104655e-03  1.05664782e-01  4.28538658e-02 -2.75945887e-02
  2.31865235e-02  2.87403906e-04  3.30818072e-02 -3.95213366e-02
  4.94083986e-02 -9.29537490e-02 -3.95256951e-02  6.85337977e-03
  3.12488321e-02  6.61475956e-02  1.60019435e-02 -3.58024724e-02
 -7.57991103e-03  4.81939949e-02 -3.64650525e-02  2.96285581e-02
  7.14688003e-02 -5.02702640e-03  9.27540064e-02  1.40286414e-02]"
521,Tax Transparency,Governance,indirect,1,0.3081,"[-2.18630824e-02  4.94065471e-02  1.15064094e-02  5.65951690e-02
 -9.81511362e-03  3.74273583e-02  7.54199326e-02  4.27931212e-02
  7.24973306e-02 -7.53251975e-03  3.50528359e-02 -1.00856991e-02
  1.14503242e-02  2.39469819e-02  1.15379393e-02 -1.18672578e-02
  6.99181706e-02  5.31959087e-02 -6.90280050e-02 -3.48175503e-02
  3.30082588e-02  3.88681106e-02 -5.56660146e-02  4.09999974e-02
  2.41719298e-02 -1.20123383e-02  6.07292214e-03  5.62540293e-02
  1.26389608e-01 -1.13930078e-02 -3.88872102e-02  5.76068982e-02
 -1.58959255e-01 -3.23217437e-02 -4.51262593e-02  6.26375014e-03
 -6.59326613e-02  5.28102070e-02  3.04342364e-04 -1.88275855e-02
  2.95534395e-02 -2.52382215e-02  2.46270970e-02  2.89301132e-03
 -2.92008533e-03 -9.14168451e-03  6.55678362e-02  4.25691344e-02
 -8.15734491e-02 -3.77967283e-02 -9.68379378e-02 -2.58443523e-02
 -2.73063127e-02  1.59244742e-02  4.26883064e-02 -3.59959737e-03
  4.81347851e-02  1.97734660e-03 -6.76208001e-04  3.71572934e-02
  1.28123797e-02 -4.92824242e-02 -6.14684373e-02  1.91249065e-02
  1.06083915e-01  5.22217574e-03  2.43038591e-02  4.30561602e-02
 -5.75069040e-02  3.23801413e-02  4.74883914e-02 -2.73115728e-02
  1.74873807e-02 -4.13790382e-02  2.23592240e-02 -5.15665784e-02
  6.55205175e-02  3.95915359e-02  1.74957830e-02 -1.21960036e-01
  2.28159651e-02  4.97448258e-02  9.30944923e-03  1.45517029e-02
 -4.84036468e-02 -2.28403062e-02  6.67661875e-02 -2.73752585e-02
 -7.95481950e-02  3.18841673e-02  1.63176041e-02 -6.16849959e-02
  3.12056188e-02  8.53308663e-03 -3.61165293e-02 -4.47174720e-03
 -1.46709159e-02 -5.37612140e-02 -1.12691922e-02  1.81403518e-01
  1.28671611e-02  7.53116310e-02 -8.74025151e-02  7.14690145e-03
 -4.90467325e-02 -8.60366672e-02  1.41670899e-02 -7.15702167e-03
  2.08564121e-02  3.69414687e-02 -5.49555272e-02  3.29437410e-03
 -2.31641922e-02 -7.68712629e-03  1.62824560e-02 -1.86437890e-02
  3.08076572e-02 -5.39314486e-02  7.39827752e-02 -1.10260807e-01
 -3.68788769e-03  7.00941682e-02  2.60639470e-02  9.81544554e-02
 -4.04584073e-02 -1.66274622e-01 -2.49587335e-02 -5.02102237e-33
  3.59417684e-02  1.06861629e-02  1.41894668e-02  3.86404470e-02
 -2.65421402e-02 -4.04470526e-02 -6.43918989e-03 -1.00430353e-02
  1.56804118e-02  5.99308610e-02 -5.58507517e-02 -5.82021754e-03
 -2.88224593e-02  7.48368725e-02 -3.73723358e-02  2.29918417e-02
  2.33798958e-02  1.20530210e-01 -4.07992210e-03 -5.36037516e-03
  3.71994078e-02  1.15733124e-01 -2.96390262e-02 -8.16947669e-02
  1.16340201e-02 -1.50285484e-02 -2.54998412e-02 -6.51187971e-02
 -3.76368016e-02  3.36883217e-02  1.66174769e-02 -2.04156749e-02
  2.53965668e-02 -3.18748057e-02  5.79361543e-02 -4.22255434e-02
 -5.69072925e-02 -7.48711871e-03  3.81659903e-03  1.42352972e-02
  5.79311848e-02 -3.65610160e-02 -5.00076404e-03 -2.08248235e-02
  1.38020460e-02 -1.47862155e-02  2.89259874e-03 -7.41501513e-04
 -6.18526936e-02  3.43097784e-02 -1.72394533e-02  4.79409285e-02
  5.62745333e-03 -2.12468151e-02  7.21593574e-02  1.31633142e-02
 -6.83018044e-02  5.74714169e-02  2.36876328e-02  5.33770630e-03
  1.55128655e-03  2.25472674e-02 -1.19327597e-01  1.22411199e-01
 -6.09335825e-02  1.88352715e-03 -6.32247403e-02 -3.55109163e-02
  1.03861168e-01 -2.62916815e-02 -8.08669925e-02  5.26775867e-02
  8.22699070e-02  1.72898825e-02  2.53573768e-02 -5.01339808e-02
 -5.52833714e-02 -3.63229774e-02 -1.28299743e-02 -5.02245910e-02
 -9.85402614e-02  1.82202160e-02 -8.20910186e-02  6.63529336e-02
  2.30646990e-02  2.54329313e-02 -4.77389479e-03 -7.13495612e-02
 -3.35868336e-02  5.90292625e-02 -5.12895756e-04 -8.51868652e-03
 -5.04257344e-02  4.20755148e-02 -3.85674625e-03  3.25349690e-33
 -5.01392111e-02  3.73536572e-02 -6.85909344e-03 -4.23529185e-02
  2.76805460e-02 -2.88284738e-02  3.17481495e-02 -6.75848126e-02
  1.21495754e-01  8.34777132e-02 -9.69281346e-02 -5.36342636e-02
  3.83278094e-02  5.23199439e-02 -5.68726733e-02  3.25509757e-02
 -4.23878385e-03 -2.44744625e-02 -3.20242196e-02 -8.43435377e-02
 -1.57589316e-02 -1.19098369e-02  1.94356553e-02 -2.51685027e-02
 -1.65866334e-02  3.40091367e-03  9.54511762e-03  4.21226844e-02
 -9.22313035e-02  1.75364893e-02 -1.03414897e-02  3.56159080e-03
 -8.96521285e-02 -7.05922255e-03 -5.34458384e-02  6.24481682e-03
 -9.23131593e-03 -4.88764327e-03 -8.32915604e-02 -2.10369285e-02
  5.25935255e-02  2.41753701e-02 -2.15924941e-02  1.41756702e-02
 -6.28677662e-04 -2.61369888e-02 -3.98295745e-02 -1.11440346e-01
  1.24042906e-01  4.36377525e-02 -1.67313218e-02 -8.62588435e-02
 -6.29904389e-04 -1.79659724e-02 -5.03201410e-02 -7.34170228e-02
  7.01961890e-02 -4.91223950e-03  6.47176430e-02  2.62554772e-02
  3.20845172e-02 -4.39440347e-02 -3.83082628e-02  3.50955985e-02
 -1.61041692e-02 -2.66024526e-02 -1.13180513e-02 -1.40931131e-02
  1.03501990e-01  5.13528800e-03  1.76820699e-02  4.23977189e-02
 -4.62821946e-02 -1.58404410e-02  4.91432175e-02  2.87019778e-02
  1.36115933e-02 -6.28441125e-02 -4.81341965e-02 -7.37810135e-02
  3.54361385e-02 -3.77201065e-02  1.94303002e-02 -2.18188558e-02
 -2.98997741e-02 -1.59319863e-02  4.30363193e-02  5.06446585e-02
 -5.60566150e-02 -8.62814952e-03 -6.12471402e-02  8.81590601e-03
  4.56267968e-02 -1.08844019e-03 -6.87977150e-02 -1.22058452e-08
  9.97632369e-03  4.60948572e-02  4.92918082e-02  7.51863644e-02
 -3.50336097e-02 -3.53596592e-03  5.07702976e-02 -1.17161626e-03
 -4.03770618e-02  2.17317101e-02 -3.18978652e-02 -2.37133950e-02
  8.27370286e-02  4.50630188e-02  5.57020940e-02 -3.99298081e-03
  4.85372953e-02 -1.12236105e-01 -4.86686416e-02 -7.58050417e-04
  5.61667718e-02  3.09631098e-02 -7.11454749e-02  7.23736137e-02
 -9.97810741e-04  2.07120068e-02  1.41700646e-02  5.49052618e-02
  1.89637803e-02  7.25339353e-02  7.35468641e-02  1.11118250e-01
 -7.83191994e-02 -3.29252928e-02 -1.17249459e-01  5.74041158e-04
  4.89274524e-02  2.10585538e-02 -2.53587142e-02  5.08193523e-02
  1.12591346e-03 -3.98865752e-02 -5.23890331e-02 -1.22550922e-03
  1.32858470e-01 -7.85134640e-03 -5.21130040e-02 -5.11682928e-02
 -3.98577489e-02 -5.38699813e-02  3.81444879e-02 -1.46333314e-02
  5.55295795e-02  2.95737814e-02  1.05035678e-01 -3.87581959e-02
  2.39131786e-02  6.36077300e-02 -8.86191577e-02  4.41118553e-02
  1.05583146e-01  1.49246216e-01  4.09228653e-02 -1.68700460e-02]"
522,Tax Transparency,Governance,welfare,1,0.3072,"[-7.72912949e-02  8.39176327e-02 -2.17696819e-02  1.02610374e-02
  3.14722885e-03  7.87320584e-02  8.96833986e-02 -1.72327328e-02
 -5.54284900e-02  4.59120460e-02  8.00532773e-02  5.33020496e-02
  1.40673732e-02 -2.39847526e-02  3.94226685e-02 -4.98802448e-03
  7.92655274e-02 -1.73437949e-02 -7.71860033e-02 -1.14002079e-02
 -1.09309331e-01 -1.12529453e-02 -1.41975991e-02  6.57071779e-03
 -4.74621691e-02  3.62724252e-02 -4.26216684e-02 -3.11480239e-02
  5.92372492e-02 -2.51125563e-02  8.15103799e-02 -2.51793005e-02
  1.99946743e-02  5.10350103e-03 -5.22359982e-02  2.65770890e-02
  6.25941530e-02 -5.98153099e-02 -3.70085463e-02 -4.19217683e-02
 -3.05956136e-02 -7.96274692e-02 -9.40925926e-02  1.75835025e-02
  3.36910994e-03 -5.65667078e-03  5.35168722e-02  1.63284931e-02
  5.95096946e-02 -1.64184887e-02  7.27632493e-02  2.68255305e-02
  2.10835151e-02  6.48908988e-02  3.41563001e-02 -2.84131933e-02
  3.22472975e-02  8.05925205e-03 -3.65328938e-02  2.41525378e-02
  9.88686923e-03 -1.97675955e-02 -3.44632976e-02  8.19125772e-03
  1.32209182e-01  6.02377299e-03 -2.51602903e-02  4.20666039e-02
 -3.94247994e-02 -3.85915712e-02 -4.50630812e-03 -4.57256809e-02
  6.30246922e-02 -1.70470998e-02  4.76553030e-02 -7.68425167e-02
  4.23835926e-02  2.27975454e-02  4.48497646e-02 -7.82300010e-02
 -9.81088262e-03  1.04404008e-02 -6.91562444e-02  6.18881099e-02
  7.62576412e-04 -1.42217018e-02 -1.69698913e-02 -3.58921513e-02
  5.50959185e-02  6.49135420e-03 -2.16112472e-02  2.26101484e-02
  3.71062867e-02 -2.84023639e-02 -3.09519693e-02 -1.48215098e-02
  5.01365028e-03 -3.03616114e-02 -1.33688807e-01  2.45480597e-01
 -2.20666472e-02 -1.20441550e-02  5.78618161e-02  3.08010671e-02
 -8.73377267e-03 -8.03508088e-02 -9.64913592e-02  1.04626812e-01
 -1.27165625e-02  2.37242654e-02 -4.66499776e-02 -1.90242212e-02
 -4.40061502e-02  4.23999988e-02 -7.04554096e-02 -6.20791912e-02
  6.29417226e-02 -5.77971600e-02  1.91788692e-02 -4.54635583e-02
  3.75541039e-02  2.84252875e-02 -4.92059477e-02  5.20705506e-02
 -4.90502715e-02 -6.18571192e-02 -5.72572611e-02 -5.81600258e-33
  1.79710910e-02 -2.88421884e-02  3.55610773e-02 -7.42463991e-02
 -4.91310805e-02 -6.50458690e-03 -1.91946384e-02 -5.21459430e-03
 -3.17146555e-02  1.00720271e-01 -1.55186877e-02  3.09156738e-02
  5.03950007e-02  4.71031256e-02  5.24781533e-02 -2.10065804e-02
 -9.99620408e-02  4.61741611e-02 -7.63783697e-03  5.68281300e-02
  2.75929626e-02  8.55697840e-02  2.98994128e-02  3.16002406e-02
 -2.61442829e-02 -3.92037183e-02 -1.94959925e-04 -9.52181146e-02
  4.29706313e-02  8.78843758e-03  1.80277918e-02  6.83311075e-02
  2.68333182e-02 -7.62535036e-02  3.25441249e-02 -7.50377178e-02
  4.74651984e-04 -3.82912196e-02 -2.39003655e-02 -8.64444748e-02
  3.09397932e-03 -6.71491306e-03  1.26808554e-01  1.69742480e-02
  5.31749129e-02  3.12429275e-02  7.26248622e-02 -3.45080420e-02
 -7.00826719e-02  2.79413313e-02  2.43008286e-02  2.99325623e-02
 -7.77660236e-02 -7.27560297e-02 -3.75923105e-02 -8.00481439e-02
 -3.31530161e-02  5.35615673e-03 -4.71555963e-02 -8.38875622e-02
  3.56790200e-02 -1.21582948e-01  1.62611145e-03 -3.48549187e-02
 -3.63216065e-02  2.24160659e-03  1.37939360e-02 -6.46727951e-03
  1.25819193e-02  1.53525099e-02 -3.00391167e-02  6.14675246e-02
  7.06873089e-02  4.63116206e-02 -2.50365548e-02  1.30736351e-01
  4.86470871e-02  1.82607826e-02 -2.13775784e-02 -3.54944170e-02
  2.87902262e-02 -2.20953226e-02  1.36297597e-02  4.70174989e-03
  9.34137702e-02  1.22802489e-01 -6.91428557e-02 -3.56342643e-02
  4.56665903e-02 -4.22995202e-02 -5.75937368e-02  7.02372938e-03
 -8.68440885e-03 -7.54439319e-03  1.65079106e-02  3.80771053e-33
 -2.77774557e-02 -3.35388258e-02 -6.58994764e-02 -5.24511598e-02
  4.12597843e-02 -8.16377811e-03 -4.05568443e-03 -8.03346708e-02
 -1.18546337e-02  1.49740279e-01 -7.82440379e-02 -5.44820242e-02
  6.09699041e-02  8.33124444e-02 -7.57437497e-02 -3.00989002e-02
  2.48551387e-02  9.95754171e-03  3.51616330e-02 -1.94369815e-04
 -5.04737757e-02  1.25960216e-01  4.73764353e-02  1.03785478e-01
  2.57816128e-02  6.79452792e-02 -5.52400388e-02 -1.58019476e-02
  5.88441603e-02  6.60209684e-03 -1.34915216e-02 -2.93691419e-02
 -4.32046689e-02 -2.30531283e-02 -4.95719686e-02  8.61913487e-02
 -1.12642879e-02  5.18888421e-02 -4.05088365e-02 -1.82910415e-03
  6.19103797e-02 -5.14980331e-02 -1.99493971e-02  9.13405269e-02
 -1.02335596e-02  7.79585121e-03 -8.73354003e-02  4.42070626e-02
 -1.52490865e-02  4.90548508e-03 -9.97493553e-05  5.11450274e-03
  9.21325460e-02  3.21063139e-02 -2.41720807e-02 -2.87614707e-02
 -2.61984728e-02 -6.78504929e-02  2.03828570e-02 -2.86896508e-02
  8.82001780e-03  1.30181710e-04 -6.03814386e-02  8.05609897e-02
 -4.14695181e-02 -5.22041842e-02 -2.54838876e-02 -9.98554006e-02
  1.41983023e-02 -1.79861742e-03  8.77822787e-02 -1.00187324e-02
 -1.60532556e-02 -7.32909143e-02 -4.98557687e-02  1.10089809e-01
 -1.87519509e-02  3.37852091e-02 -4.47158851e-02  3.84276286e-02
  4.82024346e-03 -1.09527066e-01  3.75072211e-02 -4.64473180e-02
 -9.14821178e-02 -1.73350666e-02  6.24096990e-02  1.55729381e-02
 -2.25908076e-03 -6.49804622e-02 -6.93693236e-02  1.50157232e-02
 -5.69092669e-02  7.68321157e-02  1.97559148e-02 -1.22567050e-08
  1.11454010e-01  1.64566608e-03 -6.08154088e-02 -2.77828015e-02
 -1.96316540e-02  1.39221363e-02 -5.72493970e-02  4.04698998e-02
  3.34303454e-02  5.93294837e-02 -2.54338104e-02  7.71900788e-02
 -6.46145782e-03 -7.45328027e-04 -3.36902984e-03  3.12801115e-02
 -3.88302095e-02  1.15179811e-02 -3.21298167e-02  2.85592303e-02
  4.39994857e-02  1.48846600e-02 -4.15638415e-03  2.49314476e-02
 -1.40798395e-03  1.56378001e-02  5.19840494e-02  2.02264991e-02
  2.13864986e-02 -3.08755739e-03  3.19880210e-02 -1.71140265e-02
 -4.01704833e-02 -1.39403734e-02 -7.24266190e-03  6.83740806e-03
 -3.37322280e-02  2.84332540e-02  4.57853004e-02 -5.64213134e-02
  1.52507182e-02  6.50205314e-02 -1.65396482e-02  2.82234550e-02
  6.16261642e-03 -1.04115522e-02 -1.06827885e-01 -1.16539199e-03
 -1.57951098e-02 -6.78845868e-02 -1.45028401e-02  2.53996085e-02
  3.16022825e-03 -1.39247207e-02  2.96912137e-02 -3.64529751e-02
  5.06486930e-02 -2.25774944e-02 -4.87399995e-02  4.68514301e-02
  1.00451864e-01  2.22007800e-02  8.99328515e-02  1.26759894e-02]"
523,Tax Transparency,Governance,economic,1,0.3035,"[-1.84907019e-02  4.03515995e-02 -5.57376370e-02  3.74768600e-02
  3.57613228e-02  1.71791520e-02  7.43514225e-02  3.33851911e-02
  1.32678151e-02  2.10913233e-02  3.46853696e-02 -8.32620915e-03
 -3.74769606e-02 -1.62910875e-02 -8.04248918e-03 -3.58067565e-02
 -3.16170081e-02 -5.81312813e-02 -1.32174522e-01 -6.25408590e-02
 -2.64618546e-02 -4.21193391e-02 -5.56381652e-03 -3.36444303e-02
 -4.24906202e-02  3.27847674e-02  6.48439815e-03 -8.08577694e-04
  9.42964666e-03 -5.47783077e-02 -3.06601971e-02  5.96908294e-02
  9.90773216e-02 -2.66925767e-02 -1.98567379e-02  3.60538531e-03
  4.21464257e-02  3.06285135e-02  2.71219667e-02  8.59286357e-03
 -1.84379257e-02 -8.01891312e-02 -6.08820915e-02 -3.23358215e-02
 -6.03209855e-03 -3.77575085e-02  5.56150079e-02  2.96109710e-02
 -2.71561760e-02  2.47075371e-02 -2.13688314e-02  2.52979863e-02
 -4.89961617e-02  5.37452893e-03  5.69734760e-02 -8.52786284e-03
  3.52010550e-03 -7.70587027e-02  1.92625336e-02 -1.14835873e-02
  5.19302972e-02 -5.11159860e-02 -7.04939365e-02 -3.34351370e-03
  1.46496683e-01 -2.41455249e-02 -3.87202129e-02  5.14335185e-02
 -1.48260772e-01  1.40185989e-02  6.85420483e-02 -9.37570557e-02
 -7.78939649e-02 -3.60320583e-02  2.04190556e-02 -6.07955679e-02
  4.09969017e-02  4.10943516e-02  5.10433652e-02 -9.25809890e-03
  8.92448500e-02 -8.11047629e-02 -1.20262071e-01 -1.04587516e-02
 -3.20450403e-02  2.99245381e-04  5.76904276e-03 -4.71718088e-02
  1.00547716e-01  2.15782598e-02  3.23878205e-03 -2.26931144e-02
 -2.02813577e-02  1.47824502e-02 -2.93720253e-02  5.96481003e-02
 -2.13122610e-02 -5.65184206e-02  1.51419966e-02  2.71599561e-01
  2.29324978e-02 -8.48648325e-03  1.24764489e-02  1.47740133e-02
 -2.55192500e-02 -1.06928878e-01 -6.72318088e-03  8.38562027e-02
  1.78631358e-02 -8.77227169e-03 -3.34713049e-02 -1.73807014e-02
 -1.10432515e-02  2.29490809e-02 -2.25071944e-02 -2.71245241e-02
  5.72964884e-02 -3.49939652e-02  7.06694415e-03  5.84329665e-02
  1.76551230e-02  1.20395515e-02 -4.26465534e-02  3.93276364e-02
 -3.80150303e-02 -1.02114148e-01 -6.98655024e-02 -5.78292454e-33
 -4.78248969e-02 -7.40044042e-02 -1.74056031e-02 -5.06014153e-02
 -8.74383450e-02  6.06859848e-02 -5.82498275e-02 -5.11002094e-02
 -1.50655359e-02  1.54464617e-02 -4.99679483e-02  4.26982418e-02
  2.19832286e-02  9.50444639e-02  1.47576824e-01 -1.71836875e-02
 -8.80586803e-02  4.65494134e-02  7.03267455e-02  3.94839384e-02
  1.74492951e-02  2.77229678e-02  4.51039784e-02  7.33510964e-03
 -1.87690146e-02 -2.09020991e-02 -1.11981332e-02 -4.38982137e-02
  1.14075407e-01  1.74082778e-02  6.75405413e-02  6.70662746e-02
 -1.63113587e-02 -4.28521633e-02 -6.76149875e-02 -3.21072303e-02
  5.36150439e-03 -4.28715721e-02 -2.61551677e-03 -1.10603524e-02
 -7.61493519e-02  4.00721980e-03 -6.47189468e-02  6.48625791e-02
  2.37897169e-02  1.19029675e-02  9.97753069e-02  2.03980543e-02
  2.28668191e-02 -4.30877134e-03 -2.25000046e-02  2.15869788e-02
 -6.09466843e-02 -1.14566438e-01  3.40627099e-04 -1.64004359e-02
 -2.13584639e-02 -8.05944949e-03 -1.80057976e-02 -2.45122202e-02
  1.77837838e-03  4.60313782e-02 -1.75594054e-02 -4.37928783e-03
 -3.23317125e-02  7.49693140e-02  1.33990757e-02 -1.38813350e-02
  3.72573324e-02 -1.93854030e-02 -1.06194122e-02  2.70420182e-02
  7.72800520e-02  2.50386223e-02  3.56858410e-02  1.04318790e-01
  1.53244184e-02  2.44335439e-02 -1.97372679e-02  1.14835668e-02
 -8.64282921e-02  3.85518279e-03  8.47041700e-03  8.52008164e-03
  3.37149277e-02  1.88803095e-02 -5.85900212e-04 -2.20300984e-02
  6.93623871e-02  4.59741540e-02 -8.75928476e-02  2.48796847e-02
 -4.36151549e-02  4.41962220e-02  4.96569537e-02  2.65819993e-33
 -2.54137404e-02  2.69799531e-02 -3.69004011e-02  7.01316893e-02
  1.17602125e-02 -8.29937588e-03 -9.39255394e-03 -7.02900216e-02
  1.21594705e-02  4.03347239e-02 -1.00348473e-01  1.41766286e-02
  1.15127325e-01  8.48430693e-02 -2.52612550e-02 -5.78037761e-02
  3.61873880e-02 -2.23281775e-02 -4.73351218e-03 -1.90742016e-02
 -4.98852096e-02  2.63305916e-03  5.04928678e-02  1.40454927e-02
 -2.48503443e-02  4.72339317e-02 -9.75202620e-02 -3.95913348e-02
 -7.32891485e-02 -1.05179744e-02  9.88389365e-03 -4.30553872e-03
 -2.75716968e-02  4.76669446e-02 -4.03655246e-02  1.23366825e-01
 -3.12868059e-02 -5.91562167e-02 -1.67298503e-02 -1.89650210e-03
  3.73726860e-02 -2.61138957e-02 -5.89939486e-03  5.13787530e-02
 -1.48962848e-02 -4.02687602e-02  1.20702209e-02  3.34578305e-02
  8.13616216e-02 -2.77841445e-02  8.37464482e-02  1.07145645e-01
  9.22173820e-03 -4.92944196e-02 -6.02031723e-02  1.07506393e-02
 -5.21206902e-03 -8.73564649e-03 -6.99362308e-02  5.88896275e-02
 -7.44375540e-03  6.32614791e-02 -1.20347301e-02  1.21366814e-01
 -3.79934832e-02  3.86329740e-02  1.97778437e-02 -6.63822144e-02
  6.42857030e-02 -7.83191249e-02  5.21705374e-02  2.40928270e-02
 -9.87423658e-02  4.31873016e-02 -2.12181062e-02  1.23107277e-01
 -2.30751485e-02 -2.37190886e-03  3.08553968e-02  1.00000640e-02
 -9.69070122e-02 -4.53036688e-02  4.01989408e-02 -4.75996844e-02
 -1.13494322e-01 -3.64988036e-02  1.18206199e-02 -3.65413912e-02
 -5.75158335e-02 -6.65835515e-02 -9.36726853e-02 -2.57132817e-02
  3.93128284e-04  2.35431269e-02 -1.22178691e-02 -1.45273216e-08
  9.76420101e-03 -6.87959045e-02  8.75197500e-02  4.99607697e-02
 -4.88906316e-02 -5.64619899e-02  2.83867549e-02  3.11135184e-02
  4.43051830e-02  1.12369210e-01 -2.09324937e-02  4.01181579e-02
 -1.21987043e-02  1.24368779e-01 -2.05932856e-02  4.08311337e-02
 -1.44534484e-02 -4.19498794e-03 -2.88074594e-02 -2.93319505e-02
  7.48598203e-02  3.74243222e-02  2.27925405e-02  1.25436056e-02
 -9.96709429e-03  1.89921688e-02  5.87882996e-02  3.51734906e-02
 -2.04706155e-02  4.85704504e-02  3.67124309e-03  1.68502573e-02
  4.96073568e-04 -3.66041064e-02 -4.07832861e-03 -4.41342369e-02
 -1.01781040e-02  1.81444380e-02  5.74877374e-02 -4.70501855e-02
  7.78905256e-03 -3.40198465e-02  3.72810522e-03 -2.99083050e-02
  8.62095356e-02 -2.03751903e-02 -3.93980518e-02 -2.15753410e-02
  3.64494137e-02 -5.33286035e-02  5.31478738e-03  3.41062658e-02
  2.40126494e-02 -5.79727441e-02  2.93064341e-02 -5.23534305e-02
  1.52527429e-02 -3.87708074e-03 -1.04476921e-01  3.27531956e-02
  7.09271580e-02 -3.25226076e-02  5.41969314e-02 -3.61004509e-02]"
524,Tax Transparency,Governance,audited,2,0.3017,"[-5.28267846e-02  8.69400576e-02 -2.53270082e-02  4.24418002e-02
  3.90928239e-02  4.92080953e-03  1.27937272e-01 -1.11713313e-01
 -1.03667965e-02  4.79129702e-02  6.21002465e-02 -3.03392280e-02
 -2.78142770e-03  1.69381890e-02 -1.48726419e-01 -6.68324381e-02
  3.18610705e-02  4.54372503e-02 -4.99967746e-02  3.82808782e-02
 -7.81316608e-02  2.26436350e-02  1.06912088e-02  1.62150618e-02
  5.91737553e-05  9.46228334e-04 -3.35513353e-02  2.94349436e-02
 -3.16492631e-03 -1.00974448e-01 -1.17284553e-02 -6.38880953e-02
  1.90830529e-02  2.21837014e-02 -8.84683430e-03 -1.65384188e-02
  6.39540255e-02 -9.20255389e-03  1.53773604e-02 -2.09089206e-03
 -3.73102836e-02 -1.25971913e-01  1.84883876e-03 -1.55736245e-02
 -8.70752633e-02 -1.24792242e-02 -3.27770622e-03 -5.14449812e-02
 -2.88252858e-03  6.48195595e-02 -6.87054768e-02 -3.48674133e-02
  1.81808062e-02 -2.74257604e-02 -5.11930371e-03 -1.57855544e-02
  4.59615849e-02  2.11768970e-02  2.90495064e-02 -6.72234595e-02
  5.10246269e-02  5.19144349e-02 -9.08780321e-02  7.70437345e-02
  7.99180847e-03  4.29842286e-02 -1.73425805e-02 -2.95039583e-02
  2.83307079e-02 -9.94668826e-02  7.07343966e-02 -4.13570851e-02
 -2.43797395e-02 -2.47097816e-02  3.81382219e-02  2.03600572e-03
  3.63243707e-02 -1.60494577e-02 -2.06506974e-03 -1.07349321e-01
 -2.47695800e-02 -1.08543932e-02  6.21044217e-03  1.86106786e-02
  9.48228221e-03  2.21752282e-03  9.15549230e-03 -2.64979787e-02
  2.59806141e-02  2.38358434e-02  2.57940460e-02  1.03515098e-02
  2.65763942e-02 -3.99884470e-02  1.60727166e-02 -6.17664233e-02
 -1.84429623e-02  7.90358931e-02  6.12911098e-02  1.77865908e-01
 -1.34238172e-02  1.33596033e-01 -1.07904747e-01 -1.15087479e-02
 -4.83442377e-03 -1.30131915e-02  1.11290766e-02  1.49578676e-02
  2.79164501e-02  2.51791682e-02 -2.50213966e-02  6.06289506e-02
  3.30217928e-02  3.55629846e-02  1.18547000e-01  8.20327327e-02
 -2.36550942e-02  6.67666122e-02 -2.34216843e-02  6.29368518e-03
  4.19288203e-02  4.18654196e-02  5.02317622e-02 -2.77606826e-02
 -5.94209358e-02 -5.71664907e-02  9.57638398e-02 -4.86092077e-33
  5.58547005e-02  5.23105860e-02 -3.66428867e-02 -2.10935567e-02
  2.72949040e-02  5.99352904e-02 -3.94265167e-02  2.34858282e-02
 -5.88544495e-02  2.85776500e-02  5.55736618e-03  9.00517479e-02
 -2.35205032e-02 -2.46205349e-02  7.33066648e-02  8.11561346e-02
 -1.70938522e-02  1.03688248e-01 -3.24695446e-02 -8.31048563e-03
  2.18840800e-02 -6.37484565e-02  6.64805844e-02  8.20993911e-03
  1.05667450e-02 -6.80836737e-02  1.84136350e-02 -1.73008274e-02
  3.09859701e-02  4.04019207e-02 -2.52867714e-02  5.65196648e-02
  6.08308427e-02  1.97929479e-02 -7.04229297e-03  1.20873395e-02
 -1.45037929e-02 -3.04220077e-02  5.52075263e-03 -5.71657829e-02
  6.89060688e-02 -4.59295176e-02 -2.45016115e-03 -6.09408319e-02
 -7.99164325e-02  3.39639783e-02 -1.54933669e-02  2.46331040e-02
  4.24536131e-02  3.77026573e-02  4.20067087e-02  2.32893974e-02
 -6.36144355e-02  2.21366119e-02  5.03596244e-03  5.37210889e-02
  6.12586625e-02  2.00444870e-02  3.87500525e-02  2.80575268e-02
  9.97238904e-02  1.15514643e-01 -9.10523441e-03 -4.94613312e-03
 -1.20469943e-01 -9.11685899e-02  2.74865534e-02 -4.48289700e-02
  8.64597037e-02 -6.69586938e-03 -1.37038752e-01 -4.28217985e-02
  2.25202106e-02  6.29034415e-02  9.18531884e-03 -3.28083523e-02
 -5.60097173e-02  2.85050273e-02 -2.77991779e-03  2.05320045e-02
 -3.25392298e-02 -6.57321364e-02  4.45402265e-02  1.32406726e-02
 -3.99764953e-03  3.40432972e-02 -5.79081625e-02 -3.41672159e-04
 -4.06307494e-03  5.89915626e-02 -5.72475716e-02 -1.34032927e-02
  6.45439178e-02  1.15798907e-02 -1.80377923e-02  2.15471017e-33
 -1.05601683e-01 -6.86832052e-03 -9.68561321e-03  3.55871767e-03
 -8.50619897e-02 -5.37499152e-02 -4.52476814e-02 -1.21762194e-02
  1.20759066e-02  5.03359288e-02 -3.47479060e-02 -4.44689393e-02
  6.54391572e-02  5.75123578e-02  1.07226763e-02 -2.72274707e-02
  8.06745887e-02 -2.77646575e-02 -1.21157318e-02  2.06814166e-02
  2.41612792e-02  2.57209651e-02  1.16915867e-01  2.46832613e-02
  2.65734177e-02  4.79495786e-02  4.39724177e-02 -1.89682953e-02
 -2.58590169e-02  2.73634978e-02  3.86470109e-02  2.10018400e-02
 -6.69149831e-02  1.27602071e-01 -4.69855554e-02 -5.17850667e-02
  7.13614821e-02  1.21015832e-02 -1.68518052e-02  4.40804986e-04
  6.70065954e-02  8.10892209e-02  2.19903309e-02  6.93198964e-02
  2.23203301e-02 -1.85665041e-02 -9.27014351e-02  2.78810561e-02
  6.66359067e-02 -1.93189632e-03 -7.60462880e-02 -9.60019510e-03
  5.99094667e-02  4.85376716e-02 -9.56419632e-02  1.72708649e-02
  6.77651539e-02 -2.08714008e-02  1.21292127e-02  3.05096805e-02
 -1.65315103e-02  8.11388940e-02 -2.45234128e-02  2.76256166e-02
  1.43833533e-02 -1.05016278e-02  3.05878296e-02 -1.13228643e-02
  5.99435866e-02 -6.22771913e-03  2.66737246e-04 -6.39931709e-02
 -8.29652175e-02  1.63755380e-02  8.68321303e-03  4.26302068e-02
 -8.66287425e-02 -5.76364212e-02 -6.23106584e-02 -5.71440198e-02
 -1.13455765e-02 -4.36394028e-02  1.49205122e-02 -8.04885551e-02
 -2.32292432e-02 -1.18279696e-01  8.69744644e-02 -7.93500021e-02
  3.32663544e-02 -1.78274661e-02 -3.82895581e-02 -6.36611134e-02
 -4.48458679e-02 -5.88928275e-02  2.09612139e-02 -1.26256134e-08
  8.46869126e-03  1.76814049e-02  9.90363732e-02  3.63768414e-02
  3.58478166e-02 -1.04812883e-01 -4.99316119e-02  5.44605665e-02
 -1.87792759e-02 -8.95454809e-02 -1.81501731e-02 -7.05331424e-03
 -3.68515961e-02  1.93475019e-02  2.40246300e-02 -1.24523729e-01
 -4.18576710e-02  6.99859709e-02 -6.65090978e-02  4.45539579e-02
 -1.05910879e-02  2.02895328e-02 -3.05763651e-02  4.01944574e-03
 -4.72037420e-02 -9.69956741e-02 -4.48091561e-03  8.19502324e-02
 -8.69960152e-03  2.65660733e-02 -1.45709245e-02  8.02149102e-02
  2.84694526e-02 -3.44843082e-02 -1.02358051e-01 -4.48903814e-02
 -2.25875508e-02 -4.53459956e-02 -6.98564108e-03 -5.68893179e-02
 -4.76204650e-03 -9.57592111e-03  4.61854674e-02 -7.86192250e-03
 -6.42465577e-02 -5.11297174e-02 -5.97066507e-02 -2.93444954e-02
  1.54798208e-02 -6.55339062e-02  3.29898596e-02 -4.19752374e-02
  7.35675097e-02  4.40341681e-02 -5.26902359e-03 -2.41422467e-03
  3.22832912e-02  1.01289628e-02 -2.87078824e-02 -2.39763223e-02
  6.70673475e-02 -5.27752489e-02  6.61308989e-02 -1.80826690e-02]"
